2.410191017866696317e+00,7.307243005540022818e-01,2.965261807173549258e-01,1.831396688670462236e+00,4.128420061903717020e+00,5.198192785631531310e-01,8.604064169789652494e-01,3.833917655160919424e-01,1.026624805936531049e+00,9.708767236752849916e-01
2.410191017866696317e+00,2.962298782317605017e-01,2.965261807173549258e-01,1.831396688670462236e+00,3.558142105561851398e+00,5.198192785631531310e-01,7.034783500647311394e-01,2.138984513793362463e-01,1.026624805936531049e+00,9.708767236752849916e-01
2.410191017866696317e+00,-3.711100000246811970e-01,2.965261807173549258e-01,1.170882359248089699e+00,2.622901446354060973e+00,5.198192785631531310e-01,7.034783500647311394e-01,2.138984513793362463e-01,8.746059518088820095e-01,9.708767236752849916e-01
2.410191017866696317e+00,-3.711100000246811970e-01,2.965261807173549258e-01,1.170882359248089699e+00,1.696572600854622692e+00,-8.691271995334368672e-01,7.034783500647311394e-01,1.939249790228521897e-01,8.746059518088820095e-01,9.708767236752849916e-01
2.254495939703316409e+00,-3.711100000246811970e-01,1.677434761381647321e-01,1.170882359248089699e+00,1.604829865707235959e+00,-8.691271995334368672e-01,7.034783500647311394e-01,-9.311397504452455509e-01,8.746059518088820095e-01,9.708767236752849916e-01
2.254495939703316409e+00,-3.711100000246811970e-01,9.911292791834723503e-02,1.170882359248089699e+00,1.215992985273217641e+00,-8.691271995334368672e-01,6.789152006578224041e-01,-1.763458793588254858e+00,8.746059518088820095e-01,9.708767236752849916e-01
5.298593760338240477e-01,-3.711100000246811970e-01,-9.843606021959531160e-01,1.170882359248089699e+00,1.215992985273217641e+00,-8.691271995334368672e-01,6.789152006578224041e-01,-1.833366222126870948e+00,8.376968596473389761e-01,9.708767236752849916e-01
5.298593760338240477e-01,-3.711100000246811970e-01,-9.843606021959531160e-01,1.170882359248089699e+00,6.631638923571118172e-01,-8.691271995334368672e-01,4.877129432460156622e-01,-1.833366222126870948e+00,5.803281099622297212e-01,9.708767236752849916e-01
3.108293849969128719e-01,-3.711100000246811970e-01,-9.843606021959531160e-01,1.170882359248089699e+00,3.135933699735216629e-01,-8.691271995334368672e-01,-5.840983126764321964e-01,-1.833366222126870948e+00,5.803281099622297212e-01,9.708767236752849916e-01
3.108293849969128719e-01,-3.711100000246811970e-01,-9.843606021959531160e-01,1.170882359248089699e+00,1.865942684450071776e-01,-8.691271995334368672e-01,-5.840983126764321964e-01,-1.833366222126870948e+00,4.445097191734928566e-01,9.708767236752849916e-01
2.442786667781830009e-03,-4.175705815525078135e-01,-9.843606021959531160e-01,-4.076464405421652282e-02,1.865942684450071776e-01,-9.124836823513752249e-01,-5.840983126764321964e-01,-1.833366222126870948e+00,4.445097191734928566e-01,9.708767236752849916e-01
-5.133285260270941119e-01,-4.175705815525078135e-01,-9.843606021959531160e-01,-4.076464405421652282e-02,1.865942684450071776e-01,-9.124836823513752249e-01,-5.840983126764321964e-01,-1.833366222126870948e+00,4.445097191734928566e-01,9.708767236752849916e-01
-5.133285260270941119e-01,-4.175705815525078135e-01,-9.843606021959531160e-01,-4.076464405421652282e-02,1.865942684450071776e-01,-1.616163660369307919e+00,-7.956936359644469769e-01,-1.833366222126870948e+00,4.445097191734928566e-01,9.708767236752849916e-01
-5.133285260270941119e-01,-8.101983815043091175e-01,-1.079615164814772266e+00,-4.076464405421652282e-02,1.865942684450071776e-01,-1.616163660369307919e+00,-7.956936359644469769e-01,-1.833366222126870948e+00,4.445097191734928566e-01,9.708767236752849916e-01
-5.133285260270941119e-01,-8.101983815043091175e-01,-1.079615164814772266e+00,-4.076464405421652282e-02,-1.044003517010321097e-01,-1.616163660369307919e+00,-7.956936359644469769e-01,-1.833366222126870948e+00,4.445097191734928566e-01,-4.917318362945296006e-01
-5.133285260270941119e-01,-8.101983815043091175e-01,-1.079615164814772266e+00,-4.833114131967355953e-01,-4.414503101509881788e-01,-1.616163660369307919e+00,-7.956936359644469769e-01,-1.833366222126870948e+00,-1.334116688137492845e+00,-6.904972207362135572e-01
-5.133285260270941119e-01,-8.101983815043091175e-01,-1.079615164814772266e+00,-4.833114131967355953e-01,-4.414503101509881788e-01,-1.616163660369307919e+00,-7.956936359644469769e-01,-1.833366222126870948e+00,-1.334116688137492845e+00,-6.904972207362135572e-01
-5.133285260270941119e-01,-8.101983815043091175e-01,-1.079615164814772266e+00,-4.833114131967355953e-01,-4.414503101509881788e-01,-1.616163660369307919e+00,-7.956936359644469769e-01,-1.833366222126870948e+00,-1.334116688137492845e+00,-6.904972207362135572e-01
-5.133285260270941119e-01,-8.101983815043091175e-01,-1.079615164814772266e+00,-5.627790391857291352e-01,-4.414503101509881788e-01,-1.616163660369307919e+00,-7.956936359644469769e-01,-1.833366222126870948e+00,-1.334116688137492845e+00,-6.904972207362135572e-01
-5.133285260270941119e-01,-8.101983815043091175e-01,-1.079615164814772266e+00,-5.627790391857291352e-01,-4.414503101509881788e-01,-1.616163660369307919e+00,-7.956936359644469769e-01,-1.833366222126870948e+00,-1.334116688137492845e+00,-6.904972207362135572e-01
-5.133285260270941119e-01,-8.101983815043091175e-01,-1.079615164814772266e+00,-7.967772191453259545e-01,-4.414503101509881788e-01,-1.616163660369307919e+00,-7.956936359644469769e-01,-1.833366222126870948e+00,-1.334116688137492845e+00,-1.419628360904530373e+00
-5.133285260270941119e-01,-8.101983815043091175e-01,-1.079615164814772266e+00,-1.651344501257631325e+00,-4.414503101509881788e-01,-1.616163660369307919e+00,-8.238126762927819868e-01,-1.833366222126870948e+00,-1.334116688137492845e+00,-1.419628360904530373e+00
-5.133285260270941119e-01,-8.101983815043091175e-01,-1.079615164814772266e+00,-1.651344501257631325e+00,-4.414503101509881788e-01,-1.616163660369307919e+00,-8.238126762927819868e-01,-1.833366222126870948e+00,-1.334116688137492845e+00,-1.419628360904530373e+00
-5.133285260270941119e-01,-8.101983815043091175e-01,-1.079615164814772266e+00,-1.651344501257631325e+00,-4.414503101509881788e-01,-1.616163660369307919e+00,-8.238126762927819868e-01,-1.833366222126870948e+00,-1.334116688137492845e+00,-1.419628360904530373e+00
-5.133285260270941119e-01,-8.101983815043091175e-01,-1.079615164814772266e+00,-1.651344501257631325e+00,-4.414503101509881788e-01,-1.616163660369307919e+00,-8.238126762927819868e-01,-1.833366222126870948e+00,-1.334116688137492845e+00,-1.419628360904530373e+00
-5.133285260270941119e-01,-8.101983815043091175e-01,-1.079615164814772266e+00,-1.651344501257631325e+00,-4.414503101509881788e-01,-1.616163660369307919e+00,-8.238126762927819868e-01,-1.833366222126870948e+00,-1.334116688137492845e+00,-1.419628360904530373e+00
-5.133285260270941119e-01,-8.101983815043091175e-01,-1.079615164814772266e+00,-1.651344501257631325e+00,-4.414503101509881788e-01,-1.616163660369307919e+00,-8.238126762927819868e-01,-1.833366222126870948e+00,-1.334116688137492845e+00,-1.419628360904530373e+00
-5.133285260270941119e-01,-8.101983815043091175e-01,-1.079615164814772266e+00,-1.651344501257631325e+00,-4.414503101509881788e-01,-1.616163660369307919e+00,-8.238126762927819868e-01,-1.833366222126870948e+00,-1.334116688137492845e+00,-1.419628360904530373e+00
-5.133285260270941119e-01,-8.101983815043091175e-01,-1.116407642919573062e+00,-1.651344501257631325e+00,-5.434064292640211624e-01,-1.616163660369307919e+00,-8.238126762927819868e-01,-1.833366222126870948e+00,-1.334116688137492845e+00,-1.419628360904530373e+00
-5.133285260270941119e-01,-8.101983815043091175e-01,-1.116407642919573062e+00,-1.651344501257631325e+00,-5.434064292640211624e-01,-1.616163660369307919e+00,-8.238126762927819868e-01,-1.833366222126870948e+00,-1.334116688137492845e+00,-1.419628360904530373e+00
-5.133285260270941119e-01,-8.101983815043091175e-01,-1.116407642919573062e+00,-1.651344501257631325e+00,-5.434064292640211624e-01,-1.616163660369307919e+00,-8.238126762927819868e-01,-1.833366222126870948e+00,-1.334116688137492845e+00,-1.419628360904530373e+00
-5.133285260270941119e-01,-8.101983815043091175e-01,-1.116407642919573062e+00,-1.651344501257631325e+00,-5.434064292640211624e-01,-1.616163660369307919e+00,-8.238126762927819868e-01,-1.833366222126870948e+00,-1.334116688137492845e+00,-1.419628360904530373e+00
-9.497899204876529833e-01,-8.101983815043091175e-01,-1.116407642919573062e+00,-1.651344501257631325e+00,-5.434064292640211624e-01,-1.616163660369307919e+00,-8.238126762927819868e-01,-1.833366222126870948e+00,-1.334116688137492845e+00,-1.419628360904530373e+00
-9.497899204876529833e-01,-8.101983815043091175e-01,-1.116407642919573062e+00,-1.651344501257631325e+00,-5.434064292640211624e-01,-1.616163660369307919e+00,-8.238126762927819868e-01,-1.833366222126870948e+00,-1.334116688137492845e+00,-1.502140967860279286e+00
-9.497899204876529833e-01,-8.101983815043091175e-01,-1.116407642919573062e+00,-1.651344501257631325e+00,-5.434064292640211624e-01,-1.616163660369307919e+00,-8.238126762927819868e-01,-1.833366222126870948e+00,-1.334116688137492845e+00,-1.502140967860279286e+00
-9.497899204876529833e-01,-1.097148808316880775e+00,-1.116407642919573062e+00,-1.651344501257631325e+00,-5.434064292640211624e-01,-1.616163660369307919e+00,-9.573871928330305314e-01,-1.833366222126870948e+00,-1.334116688137492845e+00,-1.502140967860279286e+00
-1.240263975495161208e+00,-1.097148808316880775e+00,-1.116407642919573062e+00,-1.651344501257631325e+00,-5.434064292640211624e-01,-1.616163660369307919e+00,-9.573871928330305314e-01,-1.833366222126870948e+00,-1.334116688137492845e+00,-1.502140967860279286e+00
-1.240263975495161208e+00,-1.097148808316880775e+00,-1.116407642919573062e+00,-1.651344501257631325e+00,-5.434064292640211624e-01,-1.616163660369307919e+00,-9.573871928330305314e-01,-1.833366222126870948e+00,-1.334116688137492845e+00,-1.502140967860279286e+00
-1.775473207684834298e+00,-1.097148808316880775e+00,-1.116407642919573062e+00,-1.651344501257631325e+00,-5.434064292640211624e-01,-1.616163660369307919e+00,-9.573871928330305314e-01,-1.833366222126870948e+00,-1.334116688137492845e+00,-1.502140967860279286e+00
-1.775473207684834298e+00,-1.097148808316880775e+00,-1.116407642919573062e+00,-1.651344501257631325e+00,-5.434064292640211624e-01,-1.616163660369307919e+00,-9.573871928330305314e-01,-1.833366222126870948e+00,-1.334116688137492845e+00,-1.502140967860279286e+00
-1.775473207684834298e+00,-1.097148808316880775e+00,-1.331625570931856517e+00,-1.651344501257631325e+00,-5.434064292640211624e-01,-1.616163660369307919e+00,-9.573871928330305314e-01,-1.833366222126870948e+00,-1.334116688137492845e+00,-1.502140967860279286e+00
-1.775473207684834298e+00,-1.097148808316880775e+00,-1.331625570931856517e+00,-1.651344501257631325e+00,-5.434064292640211624e-01,-1.616163660369307919e+00,-1.207624295407646375e+00,-1.833366222126870948e+00,-1.334116688137492845e+00,-1.502140967860279286e+00
-1.775473207684834298e+00,-1.097148808316880775e+00,-1.331625570931856517e+00,-1.651344501257631325e+00,-5.434064292640211624e-01,-1.616163660369307919e+00,-1.207624295407646375e+00,-1.833366222126870948e+00,-1.334116688137492845e+00,-1.502140967860279286e+00
-1.775473207684834298e+00,-1.097148808316880775e+00,-1.331625570931856517e+00,-1.651344501257631325e+00,-5.434064292640211624e-01,-1.616163660369307919e+00,-1.207624295407646375e+00,-1.833366222126870948e+00,-1.334116688137492845e+00,-1.502140967860279286e+00
-1.775473207684834298e+00,-1.097148808316880775e+00,-1.331625570931856517e+00,-1.651344501257631325e+00,-5.434064292640211624e-01,-1.616163660369307919e+00,-1.207624295407646375e+00,-1.833366222126870948e+00,-1.334116688137492845e+00,-1.502140967860279286e+00
-1.775473207684834298e+00,-1.097148808316880775e+00,-1.331625570931856517e+00,-1.651344501257631325e+00,-5.434064292640211624e-01,-1.616163660369307919e+00,-1.207624295407646375e+00,-1.833366222126870948e+00,-1.334116688137492845e+00,-1.502140967860279286e+00
-1.775473207684834298e+00,-1.097148808316880775e+00,-1.331625570931856517e+00,-1.651344501257631325e+00,-5.434064292640211624e-01,-1.616163660369307919e+00,-1.207624295407646375e+00,-1.833366222126870948e+00,-1.334116688137492845e+00,-1.502140967860279286e+00
-1.775473207684834298e+00,-1.097148808316880775e+00,-1.331625570931856517e+00,-1.651344501257631325e+00,-5.434064292640211624e-01,-1.616163660369307919e+00,-1.207624295407646375e+00,-1.833366222126870948e+00,-1.334116688137492845e+00,-1.502140967860279286e+00
-1.775473207684834298e+00,-1.097148808316880775e+00,-1.331625570931856517e+00,-1.651344501257631325e+00,-5.434064292640211624e-01,-1.616163660369307919e+00,-1.207624295407646375e+00,-1.833366222126870948e+00,-1.334116688137492845e+00,-1.502140967860279286e+00
-1.775473207684834298e+00,-1.411925835111249583e+00,-1.331625570931856517e+00,-1.651344501257631325e+00,-5.434064292640211624e-01,-1.616163660369307919e+00,-1.207624295407646375e+00,-1.833366222126870948e+00,-1.334116688137492845e+00,-1.502140967860279286e+00
-1.775473207684834298e+00,-1.411925835111249583e+00,-1.331625570931856517e+00,-1.651344501257631325e+00,-5.434064292640211624e-01,-1.616163660369307919e+00,-1.207624295407646375e+00,-1.833366222126870948e+00,-1.334116688137492845e+00,-1.502140967860279286e+00
-1.775473207684834298e+00,-1.411925835111249583e+00,-1.331625570931856517e+00,-1.651344501257631325e+00,-1.094888096958368751e+00,-1.616163660369307919e+00,-1.207624295407646375e+00,-1.833366222126870948e+00,-1.334116688137492845e+00,-1.502140967860279286e+00
-1.775473207684834298e+00,-1.411925835111249583e+00,-1.331625570931856517e+00,-1.651344501257631325e+00,-1.094888096958368751e+00,-1.616163660369307919e+00,-1.207624295407646375e+00,-1.833366222126870948e+00,-1.334116688137492845e+00,-1.502140967860279286e+00
-1.775473207684834298e+00,-1.411925835111249583e+00,-1.331625570931856517e+00,-1.651344501257631325e+00,-1.094888096958368751e+00,-1.616163660369307919e+00,-1.207624295407646375e+00,-1.833366222126870948e+00,-1.334116688137492845e+00,-1.502140967860279286e+00
-1.775473207684834298e+00,-1.411925835111249583e+00,-1.331625570931856517e+00,-1.651344501257631325e+00,-1.094888096958368751e+00,-1.616163660369307919e+00,-1.207624295407646375e+00,-1.833366222126870948e+00,-1.334116688137492845e+00,-1.502140967860279286e+00
-1.775473207684834298e+00,-2.211044459577185428e+00,-1.331625570931856517e+00,-1.651344501257631325e+00,-1.094888096958368751e+00,-1.616163660369307919e+00,-1.207624295407646375e+00,-1.833366222126870948e+00,-1.334116688137492845e+00,-1.502140967860279286e+00
-2.311633196018894054e+00,-2.211044459577185428e+00,-1.331625570931856517e+00,-1.651344501257631325e+00,-1.094888096958368751e+00,-1.616163660369307919e+00,-1.475359095215178495e+00,-1.833366222126870948e+00,-1.334116688137492845e+00,-1.502140967860279286e+00
-2.311633196018894054e+00,-2.211044459577185428e+00,-1.331625570931856517e+00,-1.651344501257631325e+00,-1.094888096958368751e+00,-1.616163660369307919e+00,-1.475359095215178495e+00,-1.833366222126870948e+00,-1.334116688137492845e+00,-1.502140967860279286e+00
-2.311633196018894054e+00,-2.211044459577185428e+00,-1.331625570931856517e+00,-1.651344501257631325e+00,-1.094888096958368751e+00,-1.616163660369307919e+00,-1.475359095215178495e+00,-1.833366222126870948e+00,-1.334116688137492845e+00,-1.502140967860279286e+00
-2.311633196018894054e+00,-2.211044459577185428e+00,-1.331625570931856517e+00,-1.651344501257631325e+00,-1.094888096958368751e+00,-1.616163660369307919e+00,-1.475359095215178495e+00,-1.833366222126870948e+00,-1.334116688137492845e+00,-1.502140967860279286e+00
-2.346156441752221600e+00,-2.211044459577185428e+00,-1.331625570931856517e+00,-1.651344501257631325e+00,-1.094888096958368751e+00,-1.616163660369307919e+00,-1.475359095215178495e+00,-1.833366222126870948e+00,-1.334116688137492845e+00,-2.157749563951177230e+00
-2.346156441752221600e+00,-2.211044459577185428e+00,-1.331625570931856517e+00,-1.651344501257631325e+00,-1.094888096958368751e+00,-1.616163660369307919e+00,-1.475359095215178495e+00,-1.833366222126870948e+00,-1.334116688137492845e+00,-2.157749563951177230e+00
-2.346156441752221600e+00,-2.211044459577185428e+00,-1.331625570931856517e+00,-1.651344501257631325e+00,-1.094888096958368751e+00,-1.616163660369307919e+00,-1.475359095215178495e+00,-1.833366222126870948e+00,-1.334116688137492845e+00,-2.157749563951177230e+00
-2.346156441752221600e+00,-2.211044459577185428e+00,-1.331625570931856517e+00,-1.651344501257631325e+00,-1.094888096958368751e+00,-1.616163660369307919e+00,-1.475359095215178495e+00,-1.833366222126870948e+00,-1.334116688137492845e+00,-2.157749563951177230e+00
-2.346156441752221600e+00,-2.211044459577185428e+00,-1.331625570931856517e+00,-2.083953995801073766e+00,-1.094888096958368751e+00,-1.616163660369307919e+00,-1.475359095215178495e+00,-1.833366222126870948e+00,-1.334116688137492845e+00,-2.157749563951177230e+00
-2.346156441752221600e+00,-2.211044459577185428e+00,-1.331625570931856517e+00,-2.083953995801073766e+00,-1.094888096958368751e+00,-1.616163660369307919e+00,-1.475359095215178495e+00,-1.833366222126870948e+00,-1.334116688137492845e+00,-2.157749563951177230e+00
-2.346156441752221600e+00,-2.211044459577185428e+00,-1.331625570931856517e+00,-2.083953995801073766e+00,-1.094888096958368751e+00,-1.616163660369307919e+00,-1.475359095215178495e+00,-1.833366222126870948e+00,-1.334116688137492845e+00,-2.157749563951177230e+00
-2.346156441752221600e+00,-2.211044459577185428e+00,-1.331625570931856517e+00,-2.083953995801073766e+00,-2.306790567083952137e+00,-1.616163660369307919e+00,-1.475359095215178495e+00,-1.833366222126870948e+00,-1.334116688137492845e+00,-2.157749563951177230e+00
-2.346156441752221600e+00,-2.211044459577185428e+00,-1.331625570931856517e+00,-2.083953995801073766e+00,-2.306790567083952137e+00,-1.616163660369307919e+00,-1.475359095215178495e+00,-1.833366222126870948e+00,-1.334116688137492845e+00,-2.157749563951177230e+00
-2.346156441752221600e+00,-2.211044459577185428e+00,-1.331625570931856517e+00,-2.083953995801073766e+00,-2.306790567083952137e+00,-1.616163660369307919e+00,-1.475359095215178495e+00,-1.979724860128229347e+00,-1.334116688137492845e+00,-2.157749563951177230e+00
-2.352047485801533444e+00,-2.211044459577185428e+00,-1.331625570931856517e+00,-2.083953995801073766e+00,-2.306790567083952137e+00,-1.616163660369307919e+00,-1.475359095215178495e+00,-1.979724860128229347e+00,-1.334116688137492845e+00,-2.157749563951177230e+00
-2.352047485801533444e+00,-2.211044459577185428e+00,-1.331625570931856517e+00,-2.083953995801073766e+00,-2.306790567083952137e+00,-1.616163660369307919e+00,-1.475359095215178495e+00,-1.979724860128229347e+00,-1.334116688137492845e+00,-2.157749563951177230e+00
-2.352047485801533444e+00,-2.211044459577185428e+00,-1.331625570931856517e+00,-2.083953995801073766e+00,-2.306790567083952137e+00,-1.616163660369307919e+00,-1.475359095215178495e+00,-1.979724860128229347e+00,-1.334116688137492845e+00,-2.157749563951177230e+00
-2.352047485801533444e+00,-2.211044459577185428e+00,-1.331625570931856517e+00,-2.083953995801073766e+00,-2.306790567083952137e+00,-1.616163660369307919e+00,-1.475359095215178495e+00,-1.979724860128229347e+00,-1.334116688137492845e+00,-2.300270971237267759e+00
-2.352047485801533444e+00,-2.211044459577185428e+00,-1.331625570931856517e+00,-2.083953995801073766e+00,-2.306790567083952137e+00,-1.616163660369307919e+00,-1.475359095215178495e+00,-1.979724860128229347e+00,-1.334116688137492845e+00,-2.300270971237267759e+00
-2.352047485801533444e+00,-2.211044459577185428e+00,-1.331625570931856517e+00,-2.083953995801073766e+00,-2.306790567083952137e+00,-1.616163660369307919e+00,-1.475359095215178495e+00,-1.979724860128229347e+00,-1.334116688137492845e+00,-2.300270971237267759e+00
