9.940278056543839780e-01,5.984186256707557661e-01,4.793644149147382905e+00,2.564708937852182125e+00,1.945611186042526253e+00,-5.628607532871175989e-01,1.989381533487636800e+00,1.877093032295114261e+00,-6.489304442294857589e-01,-2.227118311643739024e-01
-3.355255233723986735e-02,3.755212852560566583e-01,2.487621922210973668e+00,1.645176217089687531e+00,1.945611186042526253e+00,-5.628607532871175989e-01,1.989381533487636800e+00,1.272794565215179974e+00,-6.783624377935146832e-01,-2.227118311643739024e-01
-3.355255233723986735e-02,2.518188651123889343e-01,4.967262245788039293e-02,1.645176217089687531e+00,9.650737830942813789e-01,-5.628607532871175989e-01,1.989381533487636800e+00,1.272794565215179974e+00,-6.783624377935146832e-01,-2.227118311643739024e-01
-3.355255233723986735e-02,2.518188651123889343e-01,4.967262245788039293e-02,1.645176217089687531e+00,9.650737830942813789e-01,-5.628607532871175989e-01,1.989381533487636800e+00,1.272794565215179974e+00,-1.866417146447092668e+00,-2.227118311643739024e-01
-3.355255233723986735e-02,2.518188651123889343e-01,4.967262245788039293e-02,1.645176217089687531e+00,9.650737830942813789e-01,-5.628607532871175989e-01,1.367125424220032137e+00,1.272794565215179974e+00,-1.866417146447092668e+00,-2.227118311643739024e-01
-3.355255233723986735e-02,2.518188651123889343e-01,4.967262245788039293e-02,-2.412739900251893999e-01,9.650737830942813789e-01,-5.628607532871175989e-01,1.367125424220032137e+00,1.272794565215179974e+00,-1.866417146447092668e+00,-2.227118311643739024e-01
-1.552328565017504769e-01,2.518188651123889343e-01,4.967262245788039293e-02,-2.412739900251893999e-01,9.650737830942813789e-01,-5.628607532871175989e-01,1.367125424220032137e+00,1.272794565215179974e+00,-1.866417146447092668e+00,-2.227118311643739024e-01
-1.552328565017504769e-01,-2.109997252830896064e-01,-7.605138188161625346e-01,-2.412739900251893999e-01,9.650737830942813789e-01,-5.628607532871175989e-01,4.000317824210367079e-01,1.235651261567180192e+00,-1.866417146447092668e+00,-2.227118311643739024e-01
-1.552328565017504769e-01,-8.508721390657640882e-01,-7.605138188161625346e-01,-2.412739900251893999e-01,8.690141979081644763e-01,-5.628607532871175989e-01,4.000317824210367079e-01,1.235651261567180192e+00,-1.866417146447092668e+00,-2.227118311643739024e-01
-1.552328565017504769e-01,-8.508721390657640882e-01,-7.605138188161625346e-01,-2.412739900251893999e-01,8.690141979081644763e-01,-5.628607532871175989e-01,4.000317824210367079e-01,1.235651261567180192e+00,-1.866417146447092668e+00,-2.227118311643739024e-01
-1.552328565017504769e-01,-8.508721390657640882e-01,-7.605138188161625346e-01,-2.412739900251893999e-01,-1.396808387742222157e+00,-5.628607532871175989e-01,4.000317824210367079e-01,2.414156844716000561e-01,-1.866417146447092668e+00,-2.227118311643739024e-01
-1.552328565017504769e-01,-1.086049673680136163e+00,-7.605138188161625346e-01,-2.412739900251893999e-01,-1.396808387742222157e+00,-5.628607532871175989e-01,1.843790387259185148e-01,2.414156844716000561e-01,-1.866417146447092668e+00,-2.227118311643739024e-01
-1.552328565017504769e-01,-1.086049673680136163e+00,-7.605138188161625346e-01,-2.412739900251893999e-01,-1.396808387742222157e+00,-5.628607532871175989e-01,1.843790387259185148e-01,2.414156844716000561e-01,-1.866417146447092668e+00,-2.522378495780394636e-01
-1.552328565017504769e-01,-1.086049673680136163e+00,-7.605138188161625346e-01,-2.412739900251893999e-01,-1.396808387742222157e+00,-5.628607532871175989e-01,1.843790387259185148e-01,2.414156844716000561e-01,-1.866417146447092668e+00,-5.361736656705347048e-01
-1.552328565017504769e-01,-1.086049673680136163e+00,-7.605138188161625346e-01,-2.412739900251893999e-01,-1.396808387742222157e+00,-1.666529795875158371e+00,1.843790387259185148e-01,2.414156844716000561e-01,-1.866417146447092668e+00,-5.361736656705347048e-01
-1.552328565017504769e-01,-1.086049673680136163e+00,-7.605138188161625346e-01,-2.412739900251893999e-01,-1.396808387742222157e+00,-1.666529795875158371e+00,-6.027320502296005245e-01,-6.115706197868830962e-01,-1.866417146447092668e+00,-5.361736656705347048e-01
-1.552328565017504769e-01,-1.086049673680136163e+00,-7.605138188161625346e-01,-2.412739900251893999e-01,-1.396808387742222157e+00,-1.673687416385792215e+00,-6.027320502296005245e-01,-6.115706197868830962e-01,-1.906141794308900295e+00,-5.361736656705347048e-01
-3.871727897065288526e-01,-1.086049673680136163e+00,-7.605138188161625346e-01,-2.412739900251893999e-01,-1.396808387742222157e+00,-2.085483790524233605e+00,-6.027320502296005245e-01,-6.115706197868830962e-01,-1.906141794308900295e+00,-5.361736656705347048e-01
-3.871727897065288526e-01,-1.086049673680136163e+00,-7.605138188161625346e-01,-2.412739900251893999e-01,-2.240497669866198915e+00,-2.085483790524233605e+00,-6.027320502296005245e-01,-6.115706197868830962e-01,-1.906141794308900295e+00,-5.361736656705347048e-01
-3.871727897065288526e-01,-1.086049673680136163e+00,-7.605138188161625346e-01,-2.412739900251893999e-01,-2.240497669866198915e+00,-2.085483790524233605e+00,-6.027320502296005245e-01,-6.115706197868830962e-01,-1.906141794308900295e+00,-5.361736656705347048e-01
-3.871727897065288526e-01,-1.086049673680136163e+00,-7.605138188161625346e-01,-2.412739900251893999e-01,-2.240497669866198915e+00,-2.085483790524233605e+00,-6.027320502296005245e-01,-6.115706197868830962e-01,-1.906141794308900295e+00,-7.478280330512360186e-01
-3.871727897065288526e-01,-1.086049673680136163e+00,-7.605138188161625346e-01,-2.412739900251893999e-01,-2.240497669866198915e+00,-2.085483790524233605e+00,-6.639776767219901510e-01,-6.115706197868830962e-01,-1.906141794308900295e+00,-7.478280330512360186e-01
-3.871727897065288526e-01,-1.086049673680136163e+00,-7.605138188161625346e-01,-2.412739900251893999e-01,-2.240497669866198915e+00,-2.085483790524233605e+00,-6.639776767219901510e-01,-6.115706197868830962e-01,-1.906141794308900295e+00,-7.553349901199404304e-01
-3.871727897065288526e-01,-1.086049673680136163e+00,-7.605138188161625346e-01,-2.412739900251893999e-01,-2.240497669866198915e+00,-2.085483790524233605e+00,-6.639776767219901510e-01,-1.492897318160544717e+00,-1.906141794308900295e+00,-7.553349901199404304e-01
-4.104396102184730277e-01,-1.086049673680136163e+00,-7.605138188161625346e-01,-2.412739900251893999e-01,-2.240497669866198915e+00,-2.085483790524233605e+00,-6.639776767219901510e-01,-1.492897318160544717e+00,-1.906141794308900295e+00,-7.553349901199404304e-01
-4.104396102184730277e-01,-1.086049673680136163e+00,-7.605138188161625346e-01,-2.412739900251893999e-01,-2.240497669866198915e+00,-2.085483790524233605e+00,-6.639776767219901510e-01,-1.492897318160544717e+00,-1.906141794308900295e+00,-7.553349901199404304e-01
-4.104396102184730277e-01,-1.086049673680136163e+00,-7.605138188161625346e-01,-2.412739900251893999e-01,-2.240497669866198915e+00,-2.085483790524233605e+00,-7.054786322329885673e-01,-1.492897318160544717e+00,-1.906141794308900295e+00,-7.553349901199404304e-01
-4.104396102184730277e-01,-1.086049673680136163e+00,-7.605138188161625346e-01,-2.412739900251893999e-01,-2.240497669866198915e+00,-2.085483790524233605e+00,-1.063774995160520875e+00,-1.492897318160544717e+00,-1.906141794308900295e+00,-7.553349901199404304e-01
-4.104396102184730277e-01,-1.086049673680136163e+00,-7.605138188161625346e-01,-2.412739900251893999e-01,-2.240497669866198915e+00,-2.085483790524233605e+00,-1.063774995160520875e+00,-1.492897318160544717e+00,-1.906141794308900295e+00,-7.553349901199404304e-01
-4.104396102184730277e-01,-1.086049673680136163e+00,-7.605138188161625346e-01,-2.412739900251893999e-01,-2.240497669866198915e+00,-2.085483790524233605e+00,-1.063774995160520875e+00,-1.492897318160544717e+00,-2.537356239783467693e+00,-7.553349901199404304e-01
-4.104396102184730277e-01,-1.086049673680136163e+00,-7.605138188161625346e-01,-2.412739900251893999e-01,-2.240497669866198915e+00,-2.085483790524233605e+00,-1.063774995160520875e+00,-1.492897318160544717e+00,-2.537356239783467693e+00,-7.553349901199404304e-01
-4.104396102184730277e-01,-1.086049673680136163e+00,-7.605138188161625346e-01,-2.412739900251893999e-01,-2.240497669866198915e+00,-2.085483790524233605e+00,-1.063774995160520875e+00,-1.492897318160544717e+00,-2.537356239783467693e+00,-7.553349901199404304e-01
-4.104396102184730277e-01,-1.086049673680136163e+00,-7.605138188161625346e-01,-2.412739900251893999e-01,-2.240497669866198915e+00,-2.085483790524233605e+00,-1.063774995160520875e+00,-1.492897318160544717e+00,-2.537356239783467693e+00,-7.553349901199404304e-01
-4.104396102184730277e-01,-1.086049673680136163e+00,-7.605138188161625346e-01,-2.412739900251893999e-01,-2.240497669866198915e+00,-2.085483790524233605e+00,-1.063774995160520875e+00,-1.492897318160544717e+00,-2.537356239783467693e+00,-7.553349901199404304e-01
-4.104396102184730277e-01,-1.086049673680136163e+00,-7.605138188161625346e-01,-2.412739900251893999e-01,-2.240497669866198915e+00,-2.085483790524233605e+00,-1.063774995160520875e+00,-1.492897318160544717e+00,-2.537356239783467693e+00,-7.553349901199404304e-01
-4.104396102184730277e-01,-1.086049673680136163e+00,-7.605138188161625346e-01,-2.412739900251893999e-01,-2.240497669866198915e+00,-2.085483790524233605e+00,-1.063774995160520875e+00,-1.492897318160544717e+00,-2.537356239783467693e+00,-7.553349901199404304e-01
-5.303864853861246509e-01,-1.086049673680136163e+00,-7.605138188161625346e-01,-2.412739900251893999e-01,-2.240497669866198915e+00,-2.085483790524233605e+00,-1.063774995160520875e+00,-1.492897318160544717e+00,-2.537356239783467693e+00,-1.235031415013834399e+00
-5.303864853861246509e-01,-1.086049673680136163e+00,-7.605138188161625346e-01,-2.412739900251893999e-01,-2.240497669866198915e+00,-2.085483790524233605e+00,-1.063774995160520875e+00,-2.732729593063637274e+00,-2.537356239783467693e+00,-1.235031415013834399e+00
-5.303864853861246509e-01,-1.086049673680136163e+00,-7.605138188161625346e-01,-2.412739900251893999e-01,-2.240497669866198915e+00,-2.085483790524233605e+00,-1.063774995160520875e+00,-2.732729593063637274e+00,-2.537356239783467693e+00,-1.235031415013834399e+00
-5.303864853861246509e-01,-1.086049673680136163e+00,-7.605138188161625346e-01,-2.412739900251893999e-01,-2.240497669866198915e+00,-2.085483790524233605e+00,-1.063774995160520875e+00,-2.732729593063637274e+00,-2.537356239783467693e+00,-1.568068489620762396e+00
-5.303864853861246509e-01,-1.086049673680136163e+00,-7.605138188161625346e-01,-2.412739900251893999e-01,-2.240497669866198915e+00,-2.085483790524233605e+00,-1.063774995160520875e+00,-2.732729593063637274e+00,-2.537356239783467693e+00,-1.568068489620762396e+00
-9.258979478601317981e-01,-1.086049673680136163e+00,-7.605138188161625346e-01,-2.412739900251893999e-01,-2.240497669866198915e+00,-2.085483790524233605e+00,-1.063774995160520875e+00,-2.912166483081511270e+00,-2.537356239783467693e+00,-1.568068489620762396e+00
-9.258979478601317981e-01,-1.086049673680136163e+00,-7.605138188161625346e-01,-2.412739900251893999e-01,-2.240497669866198915e+00,-2.085483790524233605e+00,-1.136826517288138882e+00,-2.912166483081511270e+00,-2.537356239783467693e+00,-1.568068489620762396e+00
-9.258979478601317981e-01,-1.086049673680136163e+00,-7.605138188161625346e-01,-2.412739900251893999e-01,-2.240497669866198915e+00,-2.085483790524233605e+00,-1.137630784945850237e+00,-2.912166483081511270e+00,-2.914505416578760055e+00,-1.568068489620762396e+00
-9.823388747411427868e-01,-1.086049673680136163e+00,-7.605138188161625346e-01,-2.412739900251893999e-01,-2.240497669866198915e+00,-2.085483790524233605e+00,-1.137630784945850237e+00,-2.912166483081511270e+00,-3.737318320145710082e+00,-1.568068489620762396e+00
-1.126298916605379397e+00,-1.086049673680136163e+00,-7.605138188161625346e-01,-2.412739900251893999e-01,-2.240497669866198915e+00,-2.085483790524233605e+00,-1.137630784945850237e+00,-2.912166483081511270e+00,-3.737318320145710082e+00,-1.568068489620762396e+00
-1.126298916605379397e+00,-1.086049673680136163e+00,-7.605138188161625346e-01,-2.412739900251893999e-01,-2.240497669866198915e+00,-2.085483790524233605e+00,-1.137630784945850237e+00,-2.912166483081511270e+00,-4.278049957634138423e+00,-1.568068489620762396e+00
-1.126298916605379397e+00,-1.086049673680136163e+00,-7.605138188161625346e-01,-2.412739900251893999e-01,-2.240497669866198915e+00,-3.209461145472250809e+00,-1.137630784945850237e+00,-2.912166483081511270e+00,-4.278049957634138423e+00,-1.568068489620762396e+00
-1.126298916605379397e+00,-1.086049673680136163e+00,-7.605138188161625346e-01,-2.412739900251893999e-01,-2.240497669866198915e+00,-3.209461145472250809e+00,-1.137630784945850237e+00,-2.912166483081511270e+00,-4.278049957634138423e+00,-1.568068489620762396e+00
-1.126298916605379397e+00,-1.086049673680136163e+00,-7.605138188161625346e-01,-2.412739900251893999e-01,-2.240497669866198915e+00,-3.209461145472250809e+00,-1.137630784945850237e+00,-2.912166483081511270e+00,-4.278049957634138423e+00,-1.568068489620762396e+00
-1.126298916605379397e+00,-1.086049673680136163e+00,-7.605138188161625346e-01,-2.412739900251893999e-01,-2.240497669866198915e+00,-3.248150067236941219e+00,-1.137630784945850237e+00,-2.912166483081511270e+00,-4.560463960957797269e+00,-1.568068489620762396e+00
-1.244620510502735033e+00,-1.086049673680136163e+00,-7.605138188161625346e-01,-2.412739900251893999e-01,-2.240497669866198915e+00,-3.248150067236941219e+00,-1.137630784945850237e+00,-2.912166483081511270e+00,-4.560463960957797269e+00,-1.568068489620762396e+00
-1.244620510502735033e+00,-1.086049673680136163e+00,-7.605138188161625346e-01,-2.412739900251893999e-01,-2.240497669866198915e+00,-3.468241600894783172e+00,-1.137630784945850237e+00,-2.912166483081511270e+00,-4.560463960957797269e+00,-1.568068489620762396e+00
-1.244620510502735033e+00,-1.086049673680136163e+00,-7.605138188161625346e-01,-2.412739900251893999e-01,-2.240497669866198915e+00,-3.468241600894783172e+00,-1.137630784945850237e+00,-2.912166483081511270e+00,-4.560463960957797269e+00,-1.568068489620762396e+00
-1.244620510502735033e+00,-1.086049673680136163e+00,-7.605138188161625346e-01,-2.412739900251893999e-01,-2.240497669866198915e+00,-3.468241600894783172e+00,-1.137630784945850237e+00,-2.912166483081511270e+00,-4.560463960957797269e+00,-1.568068489620762396e+00
-1.244620510502735033e+00,-1.086049673680136163e+00,-7.605138188161625346e-01,-2.412739900251893999e-01,-2.240497669866198915e+00,-5.127411015484527823e+00,-1.137630784945850237e+00,-2.912166483081511270e+00,-4.560463960957797269e+00,-1.568068489620762396e+00
-1.244620510502735033e+00,-1.086049673680136163e+00,-7.605138188161625346e-01,-2.412739900251893999e-01,-2.240497669866198915e+00,-5.127411015484527823e+00,-1.137630784945850237e+00,-2.912166483081511270e+00,-4.560463960957797269e+00,-1.568068489620762396e+00
-1.244620510502735033e+00,-1.086049673680136163e+00,-7.605138188161625346e-01,-2.412739900251893999e-01,-2.240497669866198915e+00,-5.127411015484527823e+00,-1.137630784945850237e+00,-2.912166483081511270e+00,-4.560463960957797269e+00,-1.568068489620762396e+00
-1.244620510502735033e+00,-1.086049673680136163e+00,-7.605138188161625346e-01,-2.412739900251893999e-01,-2.240497669866198915e+00,-5.127411015484527823e+00,-1.137630784945850237e+00,-2.912166483081511270e+00,-4.560463960957797269e+00,-1.568068489620762396e+00
-1.244620510502735033e+00,-1.086049673680136163e+00,-7.605138188161625346e-01,-2.412739900251893999e-01,-2.240497669866198915e+00,-5.127411015484527823e+00,-1.137630784945850237e+00,-2.912166483081511270e+00,-5.539617590679283055e+00,-1.568068489620762396e+00
-1.244620510502735033e+00,-1.086049673680136163e+00,-7.605138188161625346e-01,-2.412739900251893999e-01,-2.240497669866198915e+00,-5.127411015484527823e+00,-1.137630784945850237e+00,-2.912166483081511270e+00,-5.539617590679283055e+00,-1.568068489620762396e+00
-1.244620510502735033e+00,-1.086049673680136163e+00,-7.605138188161625346e-01,-2.412739900251893999e-01,-2.240497669866198915e+00,-5.127411015484527823e+00,-1.137630784945850237e+00,-2.912166483081511270e+00,-5.539617590679283055e+00,-1.568068489620762396e+00
-1.499836230546137461e+00,-1.086049673680136163e+00,-7.605138188161625346e-01,-2.412739900251893999e-01,-2.240497669866198915e+00,-5.127411015484527823e+00,-1.137630784945850237e+00,-2.912166483081511270e+00,-5.539617590679283055e+00,-1.568068489620762396e+00
-1.499836230546137461e+00,-1.086049673680136163e+00,-7.605138188161625346e-01,-2.412739900251893999e-01,-2.240497669866198915e+00,-5.127411015484527823e+00,-1.137630784945850237e+00,-2.912166483081511270e+00,-5.539617590679283055e+00,-1.568068489620762396e+00
-1.499836230546137461e+00,-1.086049673680136163e+00,-7.605138188161625346e-01,-2.412739900251893999e-01,-2.240497669866198915e+00,-5.127411015484527823e+00,-1.137630784945850237e+00,-2.912166483081511270e+00,-5.539617590679283055e+00,-1.568068489620762396e+00
-1.499836230546137461e+00,-1.086049673680136163e+00,-7.605138188161625346e-01,-2.412739900251893999e-01,-2.240497669866198915e+00,-5.127411015484527823e+00,-1.137630784945850237e+00,-2.912166483081511270e+00,-5.539617590679283055e+00,-1.568068489620762396e+00
-1.499836230546137461e+00,-1.112447565030556973e+00,-7.605138188161625346e-01,-2.412739900251893999e-01,-2.240497669866198915e+00,-5.127411015484527823e+00,-1.137630784945850237e+00,-2.912166483081511270e+00,-5.539617590679283055e+00,-1.568068489620762396e+00
-1.499836230546137461e+00,-1.112447565030556973e+00,-7.605138188161625346e-01,-2.412739900251893999e-01,-2.240497669866198915e+00,-5.127411015484527823e+00,-1.137630784945850237e+00,-2.912166483081511270e+00,-5.539617590679283055e+00,-1.568068489620762396e+00
-1.547070846855166826e+00,-1.112447565030556973e+00,-7.605138188161625346e-01,-2.412739900251893999e-01,-2.240497669866198915e+00,-5.127411015484527823e+00,-1.137630784945850237e+00,-2.912166483081511270e+00,-5.539617590679283055e+00,-1.568068489620762396e+00
-1.547070846855166826e+00,-1.347600131222767672e+00,-7.605138188161625346e-01,-2.412739900251893999e-01,-2.240497669866198915e+00,-5.127411015484527823e+00,-1.137630784945850237e+00,-2.912166483081511270e+00,-5.539617590679283055e+00,-1.568068489620762396e+00
-1.547070846855166826e+00,-1.347600131222767672e+00,-7.605138188161625346e-01,-2.671147154409271862e-01,-2.240497669866198915e+00,-5.127411015484527823e+00,-1.137630784945850237e+00,-2.912166483081511270e+00,-5.539617590679283055e+00,-1.568068489620762396e+00
-1.547070846855166826e+00,-1.347600131222767672e+00,-7.605138188161625346e-01,-2.671147154409271862e-01,-2.240497669866198915e+00,-5.127411015484527823e+00,-1.137630784945850237e+00,-2.912166483081511270e+00,-5.539617590679283055e+00,-1.568068489620762396e+00
-1.547070846855166826e+00,-1.943924179853236289e+00,-7.605138188161625346e-01,-2.671147154409271862e-01,-2.240497669866198915e+00,-5.127411015484527823e+00,-1.137630784945850237e+00,-2.912166483081511270e+00,-5.539617590679283055e+00,-1.568068489620762396e+00
-1.547070846855166826e+00,-1.943924179853236289e+00,-7.605138188161625346e-01,-2.671147154409271862e-01,-2.240497669866198915e+00,-5.127411015484527823e+00,-1.137630784945850237e+00,-2.912166483081511270e+00,-5.539617590679283055e+00,-1.568068489620762396e+00
-1.547070846855166826e+00,-1.943924179853236289e+00,-7.605138188161625346e-01,-2.671147154409271862e-01,-2.240497669866198915e+00,-5.127411015484527823e+00,-1.137630784945850237e+00,-2.912166483081511270e+00,-5.539617590679283055e+00,-1.568068489620762396e+00
-1.547070846855166826e+00,-1.943924179853236289e+00,-7.605138188161625346e-01,-2.671147154409271862e-01,-2.240497669866198915e+00,-5.127411015484527823e+00,-1.137630784945850237e+00,-2.912166483081511270e+00,-5.539617590679283055e+00,-1.568068489620762396e+00
