1.037702608263060933e+00,2.057541753709068555e+00,1.143677089571461636e+00,-3.516039974096826781e-02,-6.338529480487278267e-01,-3.013301777370341883e-01,1.159216041982985113e+00,1.257929286964057480e+00,8.215996941571365175e-01,6.480341354296193401e+00
1.037702608263060933e+00,8.236700509902445955e-01,1.143677089571461636e+00,-3.516039974096826781e-02,-6.338529480487278267e-01,-3.013301777370341883e-01,7.733176855786658699e-01,1.257929286964057480e+00,8.215996941571365175e-01,6.480341354296193401e+00
9.571410956904158329e-02,-6.355487103093104828e-01,1.143677089571461636e+00,-3.516039974096826781e-02,-1.692356744313477490e+00,-3.013301777370341883e-01,2.992408532671617105e-01,6.199036969153882692e-01,8.215996941571365175e-01,9.348494534489164565e-01
9.571410956904158329e-02,-6.355487103093104828e-01,1.143677089571461636e+00,-3.516039974096826781e-02,-1.692356744313477490e+00,-8.800105149192649634e-01,2.992408532671617105e-01,-1.485128883356532814e+00,4.933894520337366862e-01,9.268065157955500677e-01
-1.379742601354327913e-01,-6.355487103093104828e-01,1.143677089571461636e+00,-3.516039974096826781e-02,-1.692356744313477490e+00,-8.800105149192649634e-01,2.992408532671617105e-01,-1.485128883356532814e+00,4.883207570192682478e-01,9.268065157955500677e-01
-1.379742601354327913e-01,-6.355487103093104828e-01,1.395395502993336256e-01,-3.516039974096826781e-02,-1.692356744313477490e+00,-8.800105149192649634e-01,-3.479479318960289613e-01,-1.485128883356532814e+00,4.439821017858467944e-01,7.224720540660040102e-01
-6.115723026731199052e-01,-6.355487103093104828e-01,1.395395502993336256e-01,-3.516039974096826781e-02,-1.692356744313477490e+00,-8.800105149192649634e-01,-3.479479318960289613e-01,-1.485128883356532814e+00,4.439821017858467944e-01,7.224720540660040102e-01
-6.115723026731199052e-01,-6.355487103093104828e-01,1.395395502993336256e-01,-3.516039974096826781e-02,-1.692356744313477490e+00,-8.800105149192649634e-01,-3.479479318960289613e-01,-1.485128883356532814e+00,4.439821017858467944e-01,7.224720540660040102e-01
-7.240893696867072293e-01,-6.355487103093104828e-01,-1.482766448311427787e+00,-3.516039974096826781e-02,-1.692356744313477490e+00,-8.800105149192649634e-01,-6.071049764423258610e-01,-1.485128883356532814e+00,-8.990536991100107900e-02,7.224720540660040102e-01
-8.101455762335292299e-01,-6.929150403732886598e-01,-1.943524545485612043e+00,-3.516039974096826781e-02,-1.692356744313477490e+00,-8.800105149192649634e-01,-6.071049764423258610e-01,-1.485128883356532814e+00,-8.990536991100107900e-02,7.224720540660040102e-01
-8.101455762335292299e-01,-6.929150403732886598e-01,-1.943524545485612043e+00,-3.516039974096826781e-02,-1.692356744313477490e+00,-8.800105149192649634e-01,-6.071049764423258610e-01,-1.485128883356532814e+00,-2.051133921116812253e-01,7.224720540660040102e-01
-1.493048583922189421e+00,-6.929150403732886598e-01,-2.586793797925318827e+00,-3.516039974096826781e-02,-1.692356744313477490e+00,-8.800105149192649634e-01,-6.071049764423258610e-01,-1.485128883356532814e+00,-2.051133921116812253e-01,7.224720540660040102e-01
-1.493048583922189421e+00,-6.929150403732886598e-01,-2.586793797925318827e+00,-3.516039974096826781e-02,-1.692356744313477490e+00,-8.800105149192649634e-01,-1.392206773636867512e+00,-1.485128883356532814e+00,-2.051133921116812253e-01,-4.596073648342774653e+00
-1.493048583922189421e+00,-6.929150403732886598e-01,-2.586793797925318827e+00,-3.516039974096826781e-02,-1.692356744313477490e+00,-8.800105149192649634e-01,-1.392206773636867512e+00,-1.485128883356532814e+00,-2.051133921116812253e-01,-4.596073648342774653e+00
-1.493048583922189421e+00,-6.929150403732886598e-01,-2.586793797925318827e+00,-3.516039974096826781e-02,-1.692356744313477490e+00,-8.800105149192649634e-01,-1.529021123778109725e+00,-1.502723466572420286e+00,-2.051133921116812253e-01,-4.596073648342774653e+00
-1.493048583922189421e+00,-6.929150403732886598e-01,-2.586793797925318827e+00,-3.516039974096826781e-02,-1.692356744313477490e+00,-8.800105149192649634e-01,-1.529021123778109725e+00,-1.502723466572420286e+00,-2.051133921116812253e-01,-4.596073648342774653e+00
-1.734908093414956110e+00,-6.929150403732886598e-01,-2.586793797925318827e+00,-3.516039974096826781e-02,-1.692356744313477490e+00,-8.800105149192649634e-01,-1.529021123778109725e+00,-1.502723466572420286e+00,-2.051133921116812253e-01,-4.596073648342774653e+00
-1.734908093414956110e+00,-6.929150403732886598e-01,-2.586793797925318827e+00,-3.516039974096826781e-02,-1.692356744313477490e+00,-8.800105149192649634e-01,-1.529021123778109725e+00,-1.502723466572420286e+00,-2.051133921116812253e-01,-4.596073648342774653e+00
-1.734908093414956110e+00,-6.929150403732886598e-01,-2.586793797925318827e+00,-3.516039974096826781e-02,-1.692356744313477490e+00,-1.342126036468988870e+00,-1.529021123778109725e+00,-1.502723466572420286e+00,-2.051133921116812253e-01,-4.596073648342774653e+00
-1.734908093414956110e+00,-6.929150403732886598e-01,-2.586793797925318827e+00,-3.516039974096826781e-02,-1.692356744313477490e+00,-1.342126036468988870e+00,-1.529021123778109725e+00,-1.502723466572420286e+00,-2.051133921116812253e-01,-4.596073648342774653e+00
-1.734908093414956110e+00,-1.758571150635833691e+00,-2.586793797925318827e+00,-3.516039974096826781e-02,-1.692356744313477490e+00,-1.342126036468988870e+00,-1.529021123778109725e+00,-1.502723466572420286e+00,-2.051133921116812253e-01,-4.596073648342774653e+00
-1.734908093414956110e+00,-1.758571150635833691e+00,-2.586793797925318827e+00,-3.516039974096826781e-02,-1.692356744313477490e+00,-1.342126036468988870e+00,-1.529021123778109725e+00,-1.502723466572420286e+00,-2.051133921116812253e-01,-4.596073648342774653e+00
-1.734908093414956110e+00,-1.758571150635833691e+00,-2.586793797925318827e+00,-3.516039974096826781e-02,-1.692356744313477490e+00,-1.342126036468988870e+00,-1.529021123778109725e+00,-1.502723466572420286e+00,-2.051133921116812253e-01,-4.596073648342774653e+00
-1.734908093414956110e+00,-1.758571150635833691e+00,-2.586793797925318827e+00,-9.304284948273129352e-01,-1.692356744313477490e+00,-1.342126036468988870e+00,-1.764890138663351760e+00,-1.502723466572420286e+00,-2.051133921116812253e-01,-4.596073648342774653e+00
-1.734908093414956110e+00,-1.758571150635833691e+00,-2.586793797925318827e+00,-9.304284948273129352e-01,-1.692356744313477490e+00,-1.342126036468988870e+00,-1.764890138663351760e+00,-1.502723466572420286e+00,-4.849341388241180106e-01,-4.596073648342774653e+00
-1.734908093414956110e+00,-1.758571150635833691e+00,-3.463332488644790264e+00,-9.304284948273129352e-01,-1.692356744313477490e+00,-1.342126036468988870e+00,-1.764890138663351760e+00,-1.502723466572420286e+00,-4.849341388241180106e-01,-4.596073648342774653e+00
-1.734908093414956110e+00,-1.758571150635833691e+00,-3.463332488644790264e+00,-9.304284948273129352e-01,-1.692356744313477490e+00,-1.342126036468988870e+00,-2.258902586638616761e+00,-1.502723466572420286e+00,-4.849341388241180106e-01,-4.596073648342774653e+00
-1.734908093414956110e+00,-1.758571150635833691e+00,-3.463332488644790264e+00,-9.304284948273129352e-01,-1.780211424251862296e+00,-1.342126036468988870e+00,-2.258902586638616761e+00,-1.502723466572420286e+00,-6.139755735371973389e-01,-4.596073648342774653e+00
-1.734908093414956110e+00,-1.758571150635833691e+00,-3.463332488644790264e+00,-9.304284948273129352e-01,-1.780211424251862296e+00,-1.342126036468988870e+00,-2.258902586638616761e+00,-1.502723466572420286e+00,-6.139755735371973389e-01,-4.596073648342774653e+00
-1.734908093414956110e+00,-1.758571150635833691e+00,-3.463332488644790264e+00,-9.304284948273129352e-01,-1.780211424251862296e+00,-1.342126036468988870e+00,-2.258902586638616761e+00,-1.502723466572420286e+00,-6.139755735371973389e-01,-4.596073648342774653e+00
-1.734908093414956110e+00,-1.758571150635833691e+00,-3.463332488644790264e+00,-9.304284948273129352e-01,-1.780211424251862296e+00,-1.342126036468988870e+00,-2.258902586638616761e+00,-1.502723466572420286e+00,-8.261254773073493096e-01,-4.596073648342774653e+00
-1.734908093414956110e+00,-1.758571150635833691e+00,-3.463332488644790264e+00,-9.312056852010834884e-01,-1.974207105283997343e+00,-1.342126036468988870e+00,-2.258902586638616761e+00,-1.502723466572420286e+00,-1.353211096098306587e+00,-4.596073648342774653e+00
-1.734908093414956110e+00,-1.758571150635833691e+00,-3.519845953169070896e+00,-9.312056852010834884e-01,-1.974207105283997343e+00,-1.342126036468988870e+00,-2.258902586638616761e+00,-1.502723466572420286e+00,-1.353211096098306587e+00,-4.596073648342774653e+00
-1.813538796590212332e+00,-1.943278456783597674e+00,-3.519845953169070896e+00,-9.312056852010834884e-01,-1.974207105283997343e+00,-1.342126036468988870e+00,-2.258902586638616761e+00,-1.502723466572420286e+00,-1.353211096098306587e+00,-4.596073648342774653e+00
-1.813538796590212332e+00,-1.943278456783597674e+00,-3.519845953169070896e+00,-9.312056852010834884e-01,-2.160087879490676155e+00,-1.342126036468988870e+00,-2.258902586638616761e+00,-1.502723466572420286e+00,-1.353211096098306587e+00,-4.596073648342774653e+00
-1.813538796590212332e+00,-1.943278456783597674e+00,-3.519845953169070896e+00,-9.312056852010834884e-01,-2.160087879490676155e+00,-1.342126036468988870e+00,-2.361610591978342111e+00,-1.502723466572420286e+00,-1.353211096098306587e+00,-4.596073648342774653e+00
-1.813538796590212332e+00,-1.943278456783597674e+00,-3.519845953169070896e+00,-9.312056852010834884e-01,-2.160087879490676155e+00,-1.342126036468988870e+00,-2.361610591978342111e+00,-1.502723466572420286e+00,-1.523243883503856866e+00,-4.596073648342774653e+00
-1.813538796590212332e+00,-1.943278456783597674e+00,-3.519845953169070896e+00,-9.312056852010834884e-01,-2.160087879490676155e+00,-1.342126036468988870e+00,-2.361610591978342111e+00,-1.502723466572420286e+00,-1.523243883503856866e+00,-4.596073648342774653e+00
-1.813538796590212332e+00,-1.943278456783597674e+00,-3.519845953169070896e+00,-9.312056852010834884e-01,-2.160087879490676155e+00,-1.342126036468988870e+00,-2.361610591978342111e+00,-1.502723466572420286e+00,-1.523243883503856866e+00,-4.596073648342774653e+00
-1.813538796590212332e+00,-1.943278456783597674e+00,-3.519845953169070896e+00,-9.312056852010834884e-01,-2.160087879490676155e+00,-1.342126036468988870e+00,-2.361610591978342111e+00,-1.502723466572420286e+00,-1.523243883503856866e+00,-4.596073648342774653e+00
-1.813538796590212332e+00,-1.943278456783597674e+00,-3.519845953169070896e+00,-9.312056852010834884e-01,-2.160087879490676155e+00,-1.342126036468988870e+00,-2.361610591978342111e+00,-1.502723466572420286e+00,-1.523243883503856866e+00,-4.596073648342774653e+00
-1.813538796590212332e+00,-1.943278456783597674e+00,-3.519845953169070896e+00,-1.133599336360799681e+00,-2.160087879490676155e+00,-1.342126036468988870e+00,-2.361610591978342111e+00,-1.502723466572420286e+00,-1.523243883503856866e+00,-4.596073648342774653e+00
-1.813538796590212332e+00,-1.943278456783597674e+00,-3.519845953169070896e+00,-1.534146833820388078e+00,-2.160087879490676155e+00,-1.342126036468988870e+00,-2.361610591978342111e+00,-1.502723466572420286e+00,-1.523243883503856866e+00,-4.596073648342774653e+00
-1.813538796590212332e+00,-1.943278456783597674e+00,-3.519845953169070896e+00,-1.534146833820388078e+00,-2.160087879490676155e+00,-1.342126036468988870e+00,-2.361610591978342111e+00,-1.502723466572420286e+00,-1.523243883503856866e+00,-4.596073648342774653e+00
-1.813538796590212332e+00,-2.930498002053046669e+00,-3.519845953169070896e+00,-1.534146833820388078e+00,-2.160087879490676155e+00,-1.342126036468988870e+00,-2.415662130189957235e+00,-1.502723466572420286e+00,-1.523243883503856866e+00,-4.596073648342774653e+00
-1.813538796590212332e+00,-2.930498002053046669e+00,-3.519845953169070896e+00,-1.534146833820388078e+00,-2.160087879490676155e+00,-1.342126036468988870e+00,-2.712801794602980987e+00,-1.502723466572420286e+00,-1.523243883503856866e+00,-4.596073648342774653e+00
-1.813538796590212332e+00,-2.930498002053046669e+00,-3.519845953169070896e+00,-1.534146833820388078e+00,-2.160087879490676155e+00,-1.342126036468988870e+00,-2.712801794602980987e+00,-1.502723466572420286e+00,-1.523243883503856866e+00,-4.596073648342774653e+00
-1.813538796590212332e+00,-2.930498002053046669e+00,-4.341047440536513591e+00,-1.534146833820388078e+00,-2.160087879490676155e+00,-1.342126036468988870e+00,-2.712801794602980987e+00,-1.502723466572420286e+00,-1.523243883503856866e+00,-4.596073648342774653e+00
-1.813538796590212332e+00,-2.930498002053046669e+00,-4.341047440536513591e+00,-1.534146833820388078e+00,-2.160087879490676155e+00,-1.342126036468988870e+00,-2.712801794602980987e+00,-1.502723466572420286e+00,-1.523243883503856866e+00,-4.596073648342774653e+00
-1.813538796590212332e+00,-2.930498002053046669e+00,-4.341047440536513591e+00,-1.534146833820388078e+00,-2.160087879490676155e+00,-1.342126036468988870e+00,-2.712801794602980987e+00,-1.502723466572420286e+00,-1.523243883503856866e+00,-4.596073648342774653e+00
-1.813538796590212332e+00,-2.930498002053046669e+00,-4.341047440536513591e+00,-1.534146833820388078e+00,-2.160087879490676155e+00,-1.342126036468988870e+00,-2.712801794602980987e+00,-1.502723466572420286e+00,-1.523243883503856866e+00,-4.596073648342774653e+00
-1.813538796590212332e+00,-2.930498002053046669e+00,-4.341047440536513591e+00,-1.534146833820388078e+00,-2.160087879490676155e+00,-1.342126036468988870e+00,-2.712801794602980987e+00,-1.502723466572420286e+00,-1.523243883503856866e+00,-4.596073648342774653e+00
-1.813538796590212332e+00,-2.930498002053046669e+00,-4.341047440536513591e+00,-1.534146833820388078e+00,-2.417976859422392266e+00,-1.342126036468988870e+00,-2.712801794602980987e+00,-1.502723466572420286e+00,-1.523243883503856866e+00,-4.596073648342774653e+00
-1.813538796590212332e+00,-2.930498002053046669e+00,-4.341047440536513591e+00,-1.534146833820388078e+00,-2.417976859422392266e+00,-1.342126036468988870e+00,-2.712801794602980987e+00,-1.502723466572420286e+00,-1.600520076604998954e+00,-4.596073648342774653e+00
-1.813538796590212332e+00,-2.930498002053046669e+00,-4.341047440536513591e+00,-1.534146833820388078e+00,-2.417976859422392266e+00,-1.342126036468988870e+00,-2.712801794602980987e+00,-1.502723466572420286e+00,-1.740069706573633690e+00,-4.596073648342774653e+00
-1.813538796590212332e+00,-2.930498002053046669e+00,-4.341047440536513591e+00,-1.534146833820388078e+00,-2.417976859422392266e+00,-1.342126036468988870e+00,-2.712801794602980987e+00,-1.502723466572420286e+00,-1.740069706573633690e+00,-4.596073648342774653e+00
-1.813538796590212332e+00,-2.930498002053046669e+00,-4.341047440536513591e+00,-1.534146833820388078e+00,-2.417976859422392266e+00,-1.342126036468988870e+00,-2.712801794602980987e+00,-1.502723466572420286e+00,-1.740069706573633690e+00,-4.596073648342774653e+00
-1.813538796590212332e+00,-2.930498002053046669e+00,-4.341047440536513591e+00,-2.156335782577626148e+00,-2.417976859422392266e+00,-1.342126036468988870e+00,-2.712801794602980987e+00,-1.502723466572420286e+00,-1.740069706573633690e+00,-4.596073648342774653e+00
-1.813538796590212332e+00,-2.930498002053046669e+00,-4.341047440536513591e+00,-2.156335782577626148e+00,-2.417976859422392266e+00,-1.342126036468988870e+00,-2.712801794602980987e+00,-1.502723466572420286e+00,-1.740069706573633690e+00,-4.596073648342774653e+00
-1.813538796590212332e+00,-2.930498002053046669e+00,-4.341047440536513591e+00,-2.156335782577626148e+00,-2.417976859422392266e+00,-1.342126036468988870e+00,-2.712801794602980987e+00,-1.502723466572420286e+00,-1.740069706573633690e+00,-4.596073648342774653e+00
-1.813538796590212332e+00,-2.930498002053046669e+00,-4.341047440536513591e+00,-2.156335782577626148e+00,-2.417976859422392266e+00,-1.342126036468988870e+00,-2.712801794602980987e+00,-1.502723466572420286e+00,-2.418769200545995979e+00,-4.596073648342774653e+00
-1.813538796590212332e+00,-2.930498002053046669e+00,-4.341047440536513591e+00,-2.156335782577626148e+00,-2.417976859422392266e+00,-1.342126036468988870e+00,-2.712801794602980987e+00,-1.502723466572420286e+00,-2.418769200545995979e+00,-4.596073648342774653e+00
-1.980834439515252177e+00,-2.930498002053046669e+00,-4.341047440536513591e+00,-2.156335782577626148e+00,-2.417976859422392266e+00,-1.342126036468988870e+00,-4.731601685084899422e+00,-1.502723466572420286e+00,-2.418769200545995979e+00,-4.596073648342774653e+00
-1.980834439515252177e+00,-2.930498002053046669e+00,-4.341047440536513591e+00,-2.156335782577626148e+00,-2.417976859422392266e+00,-1.342126036468988870e+00,-4.731601685084899422e+00,-1.502723466572420286e+00,-2.418769200545995979e+00,-4.596073648342774653e+00
-1.980834439515252177e+00,-2.930498002053046669e+00,-4.341047440536513591e+00,-2.156335782577626148e+00,-2.417976859422392266e+00,-1.342126036468988870e+00,-4.731601685084899422e+00,-1.502723466572420286e+00,-2.418769200545995979e+00,-4.596073648342774653e+00
-1.980834439515252177e+00,-2.930498002053046669e+00,-4.341047440536513591e+00,-2.156335782577626148e+00,-2.417976859422392266e+00,-1.342126036468988870e+00,-4.731601685084899422e+00,-1.502723466572420286e+00,-2.418769200545995979e+00,-4.596073648342774653e+00
-1.980834439515252177e+00,-2.930498002053046669e+00,-4.341047440536513591e+00,-2.156335782577626148e+00,-2.417976859422392266e+00,-1.342126036468988870e+00,-4.731601685084899422e+00,-1.502723466572420286e+00,-2.418769200545995979e+00,-4.596073648342774653e+00
-1.980834439515252177e+00,-2.930498002053046669e+00,-4.341047440536513591e+00,-2.156335782577626148e+00,-2.417976859422392266e+00,-1.342126036468988870e+00,-4.731601685084899422e+00,-1.502723466572420286e+00,-2.418769200545995979e+00,-4.596073648342774653e+00
-1.980834439515252177e+00,-2.930498002053046669e+00,-4.341047440536513591e+00,-2.156335782577626148e+00,-2.417976859422392266e+00,-1.342126036468988870e+00,-4.731601685084899422e+00,-1.502723466572420286e+00,-2.418769200545995979e+00,-4.596073648342774653e+00
-1.980834439515252177e+00,-2.930498002053046669e+00,-4.341047440536513591e+00,-2.156335782577626148e+00,-2.417976859422392266e+00,-1.342126036468988870e+00,-4.731601685084899422e+00,-1.502723466572420286e+00,-2.418769200545995979e+00,-4.596073648342774653e+00
-1.980834439515252177e+00,-2.930498002053046669e+00,-4.341047440536513591e+00,-2.156335782577626148e+00,-2.417976859422392266e+00,-1.342126036468988870e+00,-4.731601685084899422e+00,-1.502723466572420286e+00,-2.418769200545995979e+00,-4.596073648342774653e+00
-1.980834439515252177e+00,-2.930498002053046669e+00,-4.341047440536513591e+00,-2.156335782577626148e+00,-2.417976859422392266e+00,-1.342126036468988870e+00,-4.731601685084899422e+00,-1.502723466572420286e+00,-2.418769200545995979e+00,-4.596073648342774653e+00
-1.980834439515252177e+00,-2.930498002053046669e+00,-4.341047440536513591e+00,-2.156335782577626148e+00,-2.417976859422392266e+00,-1.342126036468988870e+00,-4.731601685084899422e+00,-1.502723466572420286e+00,-2.418769200545995979e+00,-4.596073648342774653e+00
-1.980834439515252177e+00,-2.930498002053046669e+00,-4.341047440536513591e+00,-2.156335782577626148e+00,-2.417976859422392266e+00,-1.342126036468988870e+00,-4.731601685084899422e+00,-1.502723466572420286e+00,-2.418769200545995979e+00,-4.596073648342774653e+00
-1.980834439515252177e+00,-2.930498002053046669e+00,-4.341047440536513591e+00,-2.156335782577626148e+00,-2.417976859422392266e+00,-1.342126036468988870e+00,-4.731601685084899422e+00,-1.502723466572420286e+00,-2.418769200545995979e+00,-4.596073648342774653e+00
-1.980834439515252177e+00,-2.930498002053046669e+00,-4.341047440536513591e+00,-2.156335782577626148e+00,-2.417976859422392266e+00,-1.342126036468988870e+00,-4.731601685084899422e+00,-1.502723466572420286e+00,-2.418769200545995979e+00,-4.596073648342774653e+00
