2.016518138751854039e+00,-2.450869373648792704e-01,1.909863062849557647e+00,1.581453694643625729e+00,1.989510123605071179e+00,3.576750819993287589e+00,4.914352292732485639e-01,-6.235101292042913856e-01,8.903288370002099272e-01,-4.605941067704645286e-01
8.031737489498556037e-01,-2.667121941929457285e-01,1.141635905217158964e+00,1.581453694643625729e+00,9.212853282717269332e-01,3.378714826622133405e+00,3.542502737353543929e-01,-6.235101292042913856e-01,8.903288370002099272e-01,-4.605941067704645286e-01
8.031737489498556037e-01,-2.667121941929457285e-01,6.261101459119371437e-01,1.581453694643625729e+00,9.212853282717269332e-01,3.378714826622133405e+00,3.542502737353543929e-01,-6.235101292042913856e-01,2.241216323858868376e-01,-4.605941067704645286e-01
8.031737489498556037e-01,-1.121125637725659985e+00,6.261101459119371437e-01,1.581453694643625729e+00,9.212853282717269332e-01,3.261646591648897253e+00,3.542502737353543929e-01,-6.235101292042913856e-01,2.241216323858868376e-01,-4.605941067704645286e-01
8.031737489498556037e-01,-1.976703227802280693e+00,6.261101459119371437e-01,1.581453694643625729e+00,9.212853282717269332e-01,3.261646591648897253e+00,3.542502737353543929e-01,-6.235101292042913856e-01,2.241216323858868376e-01,-4.605941067704645286e-01
8.031737489498556037e-01,-1.976703227802280693e+00,-6.654126902174549441e-02,1.581453694643625729e+00,9.212853282717269332e-01,3.261646591648897253e+00,3.542502737353543929e-01,-9.571291649196981277e-01,2.241216323858868376e-01,-5.583204683042314320e-01
8.031737489498556037e-01,-2.643327901643070632e+00,-6.654126902174549441e-02,1.581453694643625729e+00,9.212853282717269332e-01,2.986777685271307270e+00,3.542502737353543929e-01,-9.571291649196981277e-01,2.241216323858868376e-01,-5.583204683042314320e-01
2.891495823978094126e-01,-2.643327901643070632e+00,-6.654126902174549441e-02,1.581453694643625729e+00,9.212853282717269332e-01,1.204737158452988233e+00,3.542502737353543929e-01,-9.571291649196981277e-01,2.241216323858868376e-01,-8.657509389142193923e-01
2.891495823978094126e-01,-2.643327901643070632e+00,-3.486382211846515422e-01,1.083611025722778010e+00,-1.586988761059017483e-02,1.204737158452988233e+00,3.542502737353543929e-01,-9.571291649196981277e-01,2.241216323858868376e-01,-1.466172342799445749e+00
2.891495823978094126e-01,-2.643327901643070632e+00,-3.486382211846515422e-01,1.083611025722778010e+00,-1.586988761059017483e-02,1.204737158452988233e+00,3.542502737353543929e-01,-9.571291649196981277e-01,2.241216323858868376e-01,-1.777226318860377408e+00
-7.686901903357639121e-01,-2.643327901643070632e+00,-3.486382211846515422e-01,1.083611025722778010e+00,-1.586988761059017483e-02,1.204737158452988233e+00,3.542502737353543929e-01,-9.571291649196981277e-01,2.241216323858868376e-01,-1.777226318860377408e+00
-7.686901903357639121e-01,-2.643327901643070632e+00,-1.293829710479377004e+00,1.083611025722778010e+00,-1.586988761059017483e-02,1.204737158452988233e+00,3.542502737353543929e-01,-9.571291649196981277e-01,-7.408918179890605638e-02,-1.806465495589320236e+00
-7.686901903357639121e-01,-2.643327901643070632e+00,-1.293829710479377004e+00,1.077666604195789857e+00,-1.586988761059017483e-02,1.584809295942823104e-01,3.542502737353543929e-01,-9.571291649196981277e-01,-7.408918179890605638e-02,-1.806465495589320236e+00
-7.686901903357639121e-01,-3.811527617384040667e+00,-1.293829710479377004e+00,1.077666604195789857e+00,-1.586988761059017483e-02,1.584809295942823104e-01,3.542502737353543929e-01,-9.571291649196981277e-01,-7.408918179890605638e-02,-1.806465495589320236e+00
-7.686901903357639121e-01,-3.811527617384040667e+00,-1.293829710479377004e+00,1.077666604195789857e+00,-1.586988761059017483e-02,1.584809295942823104e-01,3.542502737353543929e-01,-9.571291649196981277e-01,-7.408918179890605638e-02,-1.806465495589320236e+00
-7.686901903357639121e-01,-3.811527617384040667e+00,-1.293829710479377004e+00,5.708624235512852474e-01,-1.586988761059017483e-02,1.584809295942823104e-01,3.542502737353543929e-01,-9.571291649196981277e-01,-7.408918179890605638e-02,-1.806465495589320236e+00
-7.686901903357639121e-01,-3.811527617384040667e+00,-1.293829710479377004e+00,5.708624235512852474e-01,-1.586988761059017483e-02,1.584809295942823104e-01,3.542502737353543929e-01,-9.571291649196981277e-01,-7.408918179890605638e-02,-1.806465495589320236e+00
-7.686901903357639121e-01,-3.811527617384040667e+00,-1.293829710479377004e+00,5.708624235512852474e-01,-1.586988761059017483e-02,-1.417613373746508809e-01,3.542502737353543929e-01,-9.571291649196981277e-01,-7.408918179890605638e-02,-1.806465495589320236e+00
-7.686901903357639121e-01,-3.811527617384040667e+00,-2.547750628216219670e+00,5.708624235512852474e-01,-8.299567195620568549e-01,-2.087179730603490491e+00,3.542502737353543929e-01,-9.571291649196981277e-01,-7.408918179890605638e-02,-2.283517390480219955e+00
-7.686901903357639121e-01,-3.811527617384040667e+00,-2.547750628216219670e+00,5.708624235512852474e-01,-8.299567195620568549e-01,-2.087179730603490491e+00,3.542502737353543929e-01,-9.571291649196981277e-01,-7.408918179890605638e-02,-2.283517390480219955e+00
-7.686901903357639121e-01,-3.811527617384040667e+00,-2.547750628216219670e+00,5.708624235512852474e-01,-8.299567195620568549e-01,-2.087179730603490491e+00,2.095361005764330986e-01,-9.571291649196981277e-01,-7.408918179890605638e-02,-2.283517390480219955e+00
-7.686901903357639121e-01,-3.811527617384040667e+00,-2.547750628216219670e+00,5.708624235512852474e-01,-8.299567195620568549e-01,-2.087179730603490491e+00,2.095361005764330986e-01,-9.571291649196981277e-01,-7.408918179890605638e-02,-2.448398409584926938e+00
-7.686901903357639121e-01,-3.811527617384040667e+00,-2.547750628216219670e+00,5.708624235512852474e-01,-8.299567195620568549e-01,-2.087179730603490491e+00,2.095361005764330986e-01,-9.571291649196981277e-01,-7.408918179890605638e-02,-2.448398409584926938e+00
-7.686901903357639121e-01,-3.933381848473474829e+00,-2.547750628216219670e+00,5.708624235512852474e-01,-8.299567195620568549e-01,-2.087179730603490491e+00,2.095361005764330986e-01,-9.571291649196981277e-01,-7.408918179890605638e-02,-2.448398409584926938e+00
-7.686901903357639121e-01,-3.933381848473474829e+00,-2.547750628216219670e+00,5.708624235512852474e-01,-1.156812161096669289e+00,-2.087179730603490491e+00,2.095361005764330986e-01,-9.571291649196981277e-01,-5.512672494906792897e-01,-2.448398409584926938e+00
-1.357931794408515191e+00,-3.933381848473474829e+00,-2.547750628216219670e+00,5.708624235512852474e-01,-2.079197319375293063e+00,-2.087179730603490491e+00,2.095361005764330986e-01,-9.571291649196981277e-01,-7.798762478688215927e-01,-2.448398409584926938e+00
-1.357931794408515191e+00,-3.933381848473474829e+00,-2.547750628216219670e+00,5.708624235512852474e-01,-3.645000599434926603e+00,-2.087179730603490491e+00,2.095361005764330986e-01,-9.571291649196981277e-01,-7.798762478688215927e-01,-2.448398409584926938e+00
-1.357931794408515191e+00,-4.190255610661908214e+00,-2.547750628216219670e+00,5.708624235512852474e-01,-3.645000599434926603e+00,-2.087179730603490491e+00,2.095361005764330986e-01,-9.571291649196981277e-01,-7.798762478688215927e-01,-2.448398409584926938e+00
-1.357931794408515191e+00,-4.190255610661908214e+00,-2.547750628216219670e+00,5.708624235512852474e-01,-3.645000599434926603e+00,-2.087179730603490491e+00,2.095361005764330986e-01,-9.571291649196981277e-01,-7.798762478688215927e-01,-2.448398409584926938e+00
-1.357931794408515191e+00,-4.190255610661908214e+00,-2.547750628216219670e+00,2.561748319083146930e-01,-3.645000599434926603e+00,-2.087179730603490491e+00,2.095361005764330986e-01,-9.571291649196981277e-01,-7.798762478688215927e-01,-2.448398409584926938e+00
-1.357931794408515191e+00,-4.190255610661908214e+00,-2.547750628216219670e+00,2.561748319083146930e-01,-3.645000599434926603e+00,-2.087179730603490491e+00,1.799446243267897316e-01,-9.571291649196981277e-01,-7.798762478688215927e-01,-2.448398409584926938e+00
-1.357931794408515191e+00,-4.190255610661908214e+00,-2.547750628216219670e+00,2.561748319083146930e-01,-3.645000599434926603e+00,-2.087179730603490491e+00,1.799446243267897316e-01,-9.571291649196981277e-01,-7.798762478688215927e-01,-2.448398409584926938e+00
-1.357931794408515191e+00,-4.190255610661908214e+00,-2.547750628216219670e+00,2.561748319083146930e-01,-3.645000599434926603e+00,-2.087179730603490491e+00,1.799446243267897316e-01,-9.571291649196981277e-01,-7.798762478688215927e-01,-2.448398409584926938e+00
-1.357931794408515191e+00,-4.190255610661908214e+00,-2.547750628216219670e+00,2.561748319083146930e-01,-3.645000599434926603e+00,-2.087179730603490491e+00,1.799446243267897316e-01,-9.571291649196981277e-01,-7.798762478688215927e-01,-2.448398409584926938e+00
-1.357931794408515191e+00,-4.190255610661908214e+00,-2.547750628216219670e+00,2.561748319083146930e-01,-3.645000599434926603e+00,-2.087179730603490491e+00,1.799446243267897316e-01,-9.571291649196981277e-01,-7.798762478688215927e-01,-2.448398409584926938e+00
-1.357931794408515191e+00,-4.190255610661908214e+00,-2.547750628216219670e+00,2.561748319083146930e-01,-3.645000599434926603e+00,-2.087179730603490491e+00,1.799446243267897316e-01,-9.571291649196981277e-01,-7.798762478688215927e-01,-2.448398409584926938e+00
-1.357931794408515191e+00,-4.190255610661908214e+00,-2.547750628216219670e+00,2.561748319083146930e-01,-3.645000599434926603e+00,-2.087179730603490491e+00,1.799446243267897316e-01,-9.571291649196981277e-01,-7.798762478688215927e-01,-2.448398409584926938e+00
-1.357931794408515191e+00,-4.190255610661908214e+00,-2.547750628216219670e+00,2.561748319083146930e-01,-3.645000599434926603e+00,-2.087179730603490491e+00,1.799446243267897316e-01,-9.571291649196981277e-01,-7.798762478688215927e-01,-2.448398409584926938e+00
-1.357931794408515191e+00,-4.190255610661908214e+00,-2.547750628216219670e+00,-1.194388492476357727e-01,-3.645000599434926603e+00,-2.087179730603490491e+00,1.799446243267897316e-01,-9.571291649196981277e-01,-8.193415964519856765e-01,-2.448398409584926938e+00
-1.357931794408515191e+00,-4.190255610661908214e+00,-2.547750628216219670e+00,-1.194388492476357727e-01,-3.707799904125547830e+00,-2.087179730603490491e+00,1.799446243267897316e-01,-9.571291649196981277e-01,-8.193415964519856765e-01,-2.448398409584926938e+00
-1.806895982523235356e+00,-4.190255610661908214e+00,-2.547750628216219670e+00,-1.194388492476357727e-01,-3.707799904125547830e+00,-2.087179730603490491e+00,1.799446243267897316e-01,-9.571291649196981277e-01,-8.193415964519856765e-01,-2.448398409584926938e+00
-1.806895982523235356e+00,-4.190255610661908214e+00,-2.547750628216219670e+00,-1.194388492476357727e-01,-3.707799904125547830e+00,-2.087179730603490491e+00,1.799446243267897316e-01,-9.571291649196981277e-01,-8.193415964519856765e-01,-2.448398409584926938e+00
-1.806895982523235356e+00,-4.190255610661908214e+00,-2.547750628216219670e+00,-1.194388492476357727e-01,-3.707799904125547830e+00,-2.087179730603490491e+00,1.799446243267897316e-01,-9.571291649196981277e-01,-8.193415964519856765e-01,-2.448398409584926938e+00
-1.806895982523235356e+00,-4.190255610661908214e+00,-2.547750628216219670e+00,-1.194388492476357727e-01,-3.707799904125547830e+00,-2.087179730603490491e+00,1.799446243267897316e-01,-9.571291649196981277e-01,-8.193415964519856765e-01,-2.448398409584926938e+00
-1.806895982523235356e+00,-4.190255610661908214e+00,-2.547750628216219670e+00,-1.194388492476357727e-01,-3.707799904125547830e+00,-2.127705199685515414e+00,1.799446243267897316e-01,-9.571291649196981277e-01,-8.193415964519856765e-01,-3.078018687755074367e+00
-1.806895982523235356e+00,-4.190255610661908214e+00,-2.547750628216219670e+00,-1.194388492476357727e-01,-3.707799904125547830e+00,-2.127705199685515414e+00,-1.182154145128250233e+00,-9.571291649196981277e-01,-8.193415964519856765e-01,-3.078018687755074367e+00
-1.806895982523235356e+00,-4.190255610661908214e+00,-2.547750628216219670e+00,-5.278092633472294404e-01,-3.707799904125547830e+00,-2.127705199685515414e+00,-1.229327045871195789e+00,-9.571291649196981277e-01,-8.193415964519856765e-01,-3.078018687755074367e+00
-1.806895982523235356e+00,-4.190255610661908214e+00,-2.547750628216219670e+00,-5.278092633472294404e-01,-3.707799904125547830e+00,-2.501296647425510944e+00,-1.229327045871195789e+00,-9.571291649196981277e-01,-8.193415964519856765e-01,-3.394701870296255475e+00
-1.806895982523235356e+00,-4.190255610661908214e+00,-2.547750628216219670e+00,-5.278092633472294404e-01,-3.884320929904731212e+00,-2.501296647425510944e+00,-1.229327045871195789e+00,-9.571291649196981277e-01,-8.193415964519856765e-01,-3.468201642485896574e+00
-1.806895982523235356e+00,-4.190255610661908214e+00,-2.547750628216219670e+00,-5.278092633472294404e-01,-3.884320929904731212e+00,-2.501296647425510944e+00,-1.229327045871195789e+00,-9.571291649196981277e-01,-1.005967811471190965e+00,-4.055849772215093907e+00
-1.806895982523235356e+00,-4.190255610661908214e+00,-2.547750628216219670e+00,-5.278092633472294404e-01,-3.884320929904731212e+00,-2.501296647425510944e+00,-1.229327045871195789e+00,-9.571291649196981277e-01,-1.005967811471190965e+00,-4.055849772215093907e+00
-1.806895982523235356e+00,-4.190255610661908214e+00,-2.547750628216219670e+00,-5.278092633472294404e-01,-3.884320929904731212e+00,-2.501296647425510944e+00,-1.229327045871195789e+00,-9.571291649196981277e-01,-1.187738696097697222e+00,-4.055849772215093907e+00
-1.806895982523235356e+00,-4.190255610661908214e+00,-2.547750628216219670e+00,-5.278092633472294404e-01,-3.884320929904731212e+00,-2.501296647425510944e+00,-1.229327045871195789e+00,-9.571291649196981277e-01,-1.187738696097697222e+00,-4.055849772215093907e+00
-1.806895982523235356e+00,-4.190255610661908214e+00,-2.547750628216219670e+00,-5.278092633472294404e-01,-3.884320929904731212e+00,-2.846226559014783053e+00,-1.229327045871195789e+00,-9.571291649196981277e-01,-1.187738696097697222e+00,-4.489551262554833500e+00
-1.806895982523235356e+00,-4.190255610661908214e+00,-2.547750628216219670e+00,-5.278092633472294404e-01,-3.884320929904731212e+00,-2.846226559014783053e+00,-1.229327045871195789e+00,-9.571291649196981277e-01,-1.187738696097697222e+00,-4.489551262554833500e+00
-1.806895982523235356e+00,-4.190255610661908214e+00,-2.547750628216219670e+00,-5.278092633472294404e-01,-3.884320929904731212e+00,-2.846226559014783053e+00,-1.229327045871195789e+00,-9.571291649196981277e-01,-1.187738696097697222e+00,-4.489551262554833500e+00
-1.806895982523235356e+00,-4.190255610661908214e+00,-2.547750628216219670e+00,-5.278092633472294404e-01,-3.884320929904731212e+00,-2.846226559014783053e+00,-1.229327045871195789e+00,-9.571291649196981277e-01,-1.187738696097697222e+00,-4.489551262554833500e+00
-1.806895982523235356e+00,-4.190255610661908214e+00,-2.547750628216219670e+00,-5.278092633472294404e-01,-3.884320929904731212e+00,-2.846226559014783053e+00,-1.229327045871195789e+00,-9.571291649196981277e-01,-1.187738696097697222e+00,-4.489551262554833500e+00
-1.806895982523235356e+00,-4.190255610661908214e+00,-2.547750628216219670e+00,-5.278092633472294404e-01,-3.884320929904731212e+00,-3.196831264867292965e+00,-1.229327045871195789e+00,-2.222075734350276832e+00,-1.187738696097697222e+00,-4.489551262554833500e+00
-1.806895982523235356e+00,-4.190255610661908214e+00,-2.547750628216219670e+00,-5.278092633472294404e-01,-3.884320929904731212e+00,-3.196831264867292965e+00,-1.229327045871195789e+00,-2.222075734350276832e+00,-1.187738696097697222e+00,-4.489551262554833500e+00
-1.806895982523235356e+00,-4.190255610661908214e+00,-2.547750628216219670e+00,-5.278092633472294404e-01,-3.884320929904731212e+00,-3.196831264867292965e+00,-1.229327045871195789e+00,-2.222075734350276832e+00,-1.200019118646484140e+00,-4.489551262554833500e+00
-1.806895982523235356e+00,-4.190255610661908214e+00,-2.547750628216219670e+00,-5.278092633472294404e-01,-3.884320929904731212e+00,-3.196831264867292965e+00,-1.229535635099270774e+00,-2.222075734350276832e+00,-1.200019118646484140e+00,-4.489551262554833500e+00
-1.806895982523235356e+00,-4.190255610661908214e+00,-2.547750628216219670e+00,-5.278092633472294404e-01,-3.884320929904731212e+00,-3.196831264867292965e+00,-1.229535635099270774e+00,-2.222075734350276832e+00,-2.037830118277603297e+00,-5.352468292196844502e+00
-1.806895982523235356e+00,-4.190255610661908214e+00,-2.547750628216219670e+00,-5.278092633472294404e-01,-3.884320929904731212e+00,-3.196831264867292965e+00,-1.229535635099270774e+00,-2.222075734350276832e+00,-2.037830118277603297e+00,-5.352468292196844502e+00
-1.806895982523235356e+00,-4.190255610661908214e+00,-2.547750628216219670e+00,-5.278092633472294404e-01,-3.884320929904731212e+00,-3.196831264867292965e+00,-1.229535635099270774e+00,-2.222075734350276832e+00,-2.037830118277603297e+00,-5.352468292196844502e+00
-1.806895982523235356e+00,-4.190255610661908214e+00,-2.547750628216219670e+00,-5.278092633472294404e-01,-3.884320929904731212e+00,-3.196831264867292965e+00,-1.229535635099270774e+00,-2.222075734350276832e+00,-2.037830118277603297e+00,-5.352468292196844502e+00
-1.806895982523235356e+00,-4.190255610661908214e+00,-2.547750628216219670e+00,-5.278092633472294404e-01,-3.884320929904731212e+00,-3.196831264867292965e+00,-1.229535635099270774e+00,-2.222075734350276832e+00,-2.037830118277603297e+00,-5.352468292196844502e+00
-1.806895982523235356e+00,-4.190255610661908214e+00,-2.547750628216219670e+00,-5.278092633472294404e-01,-3.884320929904731212e+00,-3.196831264867292965e+00,-1.229535635099270774e+00,-2.222075734350276832e+00,-2.037830118277603297e+00,-5.352468292196844502e+00
-1.806895982523235356e+00,-4.190255610661908214e+00,-2.547750628216219670e+00,-5.278092633472294404e-01,-3.884320929904731212e+00,-3.196831264867292965e+00,-1.229535635099270774e+00,-2.222075734350276832e+00,-2.037830118277603297e+00,-5.352468292196844502e+00
-1.806895982523235356e+00,-4.190255610661908214e+00,-2.547750628216219670e+00,-5.278092633472294404e-01,-3.884320929904731212e+00,-3.196831264867292965e+00,-1.229535635099270774e+00,-2.222075734350276832e+00,-2.037830118277603297e+00,-5.352468292196844502e+00
-1.806895982523235356e+00,-4.190255610661908214e+00,-2.547750628216219670e+00,-5.278092633472294404e-01,-3.884320929904731212e+00,-3.196831264867292965e+00,-1.229535635099270774e+00,-2.222075734350276832e+00,-2.037830118277603297e+00,-5.352468292196844502e+00
-1.806895982523235356e+00,-4.190255610661908214e+00,-2.547750628216219670e+00,-8.287312075867337979e-01,-3.884320929904731212e+00,-3.196831264867292965e+00,-1.229535635099270774e+00,-2.222075734350276832e+00,-3.021217747971834733e+00,-5.352468292196844502e+00
-1.806895982523235356e+00,-4.190255610661908214e+00,-2.547750628216219670e+00,-8.287312075867337979e-01,-3.884320929904731212e+00,-3.196831264867292965e+00,-1.229535635099270774e+00,-2.222075734350276832e+00,-3.021217747971834733e+00,-5.352468292196844502e+00
-1.806895982523235356e+00,-4.190255610661908214e+00,-2.547750628216219670e+00,-8.287312075867337979e-01,-3.884320929904731212e+00,-3.196831264867292965e+00,-1.229535635099270774e+00,-2.222075734350276832e+00,-3.021217747971834733e+00,-5.352468292196844502e+00
-1.806895982523235356e+00,-4.190255610661908214e+00,-2.547750628216219670e+00,-8.287312075867337979e-01,-3.884320929904731212e+00,-3.196831264867292965e+00,-1.229535635099270774e+00,-2.222075734350276832e+00,-3.021217747971834733e+00,-5.352468292196844502e+00
-1.806895982523235356e+00,-4.190255610661908214e+00,-2.547750628216219670e+00,-8.287312075867337979e-01,-3.884320929904731212e+00,-3.196831264867292965e+00,-1.229535635099270774e+00,-2.222075734350276832e+00,-3.021217747971834733e+00,-5.352468292196844502e+00
