2.429031502938927278e-01,1.704160549958949611e+00,-1.148571337955453631e+00,1.015688267537472100e+00,3.117973087113705688e+00,3.324473063198147393e+00,1.399382447153678877e+00,2.706543747956343893e+00,1.116584760342889560e+00,2.007451216035259112e+00
2.429031502938927278e-01,1.179401766504036386e+00,-1.251369767661226762e+00,1.015688267537472100e+00,1.097844513934469246e+00,-9.815176386412780563e-01,4.337320759186600871e-01,2.213953176053065519e+00,1.116584760342889560e+00,2.007451216035259112e+00
2.429031502938927278e-01,1.179401766504036386e+00,-1.251369767661226762e+00,1.015688267537472100e+00,1.069026432482698130e+00,-9.815176386412780563e-01,4.337320759186600871e-01,2.105458257274947176e+00,6.734554607354729938e-02,5.398136274650301436e-01
2.429031502938927278e-01,5.071677851372216050e-01,-1.251369767661226762e+00,1.015688267537472100e+00,9.832432414898590878e-01,-9.815176386412780563e-01,-9.113686201859535485e-01,1.509257127809715326e+00,-3.890527164381639424e-02,-1.657270953735921204e-01
2.429031502938927278e-01,5.071677851372216050e-01,-1.251369767661226762e+00,1.015688267537472100e+00,9.832432414898590878e-01,-9.815176386412780563e-01,-2.841246642663020960e+00,1.509257127809715326e+00,-3.890527164381639424e-02,-1.657270953735921204e-01
2.429031502938927278e-01,5.071677851372216050e-01,-1.251369767661226762e+00,1.015688267537472100e+00,9.832432414898590878e-01,-9.815176386412780563e-01,-2.841246642663020960e+00,8.878317791441709961e-01,-3.890527164381639424e-02,-2.141910378302120055e+00
2.429031502938927278e-01,5.071677851372216050e-01,-1.251369767661226762e+00,1.015688267537472100e+00,6.284143364678735910e-01,-9.815176386412780563e-01,-2.841246642663020960e+00,8.878317791441709961e-01,-3.890527164381639424e-02,-2.141910378302120055e+00
2.429031502938927278e-01,5.071677851372216050e-01,-1.251369767661226762e+00,1.015688267537472100e+00,6.284143364678735910e-01,-9.815176386412780563e-01,-2.841246642663020960e+00,8.878317791441709961e-01,-8.777472358979175882e-01,-2.141910378302120055e+00
2.429031502938927278e-01,2.219481007760665814e-01,-1.251369767661226762e+00,1.015688267537472100e+00,6.284143364678735910e-01,-9.815176386412780563e-01,-2.841246642663020960e+00,8.878317791441709961e-01,-8.777472358979175882e-01,-2.141910378302120055e+00
2.205523274866896810e-01,2.219481007760665814e-01,-1.251369767661226762e+00,1.015688267537472100e+00,6.284143364678735910e-01,-9.815176386412780563e-01,-2.841246642663020960e+00,8.878317791441709961e-01,-8.777472358979175882e-01,-2.141910378302120055e+00
-8.883302090443876420e-01,2.219481007760665814e-01,-1.251369767661226762e+00,1.015688267537472100e+00,3.910590096663593140e-01,-9.815176386412780563e-01,-2.841246642663020960e+00,8.878317791441709961e-01,-8.777472358979175882e-01,-2.141910378302120055e+00
-8.883302090443876420e-01,2.219481007760665814e-01,-1.251369767661226762e+00,1.015688267537472100e+00,3.910590096663593140e-01,-9.815176386412780563e-01,-2.841246642663020960e+00,8.878317791441709961e-01,-8.777472358979175882e-01,-2.141910378302120055e+00
-8.883302090443876420e-01,2.219481007760665814e-01,-1.251369767661226762e+00,1.015688267537472100e+00,3.910590096663593140e-01,-9.815176386412780563e-01,-2.841246642663020960e+00,8.878317791441709961e-01,-8.777472358979175882e-01,-2.141910378302120055e+00
-8.883302090443876420e-01,2.219481007760665814e-01,-1.251369767661226762e+00,1.015688267537472100e+00,2.160589621641195446e-01,-1.645079404135871615e+00,-2.841246642663020960e+00,8.878317791441709961e-01,-8.777472358979175882e-01,-2.141910378302120055e+00
-8.883302090443876420e-01,2.219481007760665814e-01,-1.251369767661226762e+00,1.015688267537472100e+00,-9.724322338344090766e-02,-1.645079404135871615e+00,-2.841246642663020960e+00,8.878317791441709961e-01,-8.777472358979175882e-01,-2.141910378302120055e+00
-1.483959690903250639e+00,2.219481007760665814e-01,-1.251369767661226762e+00,1.015688267537472100e+00,-9.724322338344090766e-02,-1.645079404135871615e+00,-2.841246642663020960e+00,1.806274683986896709e-02,-1.924779723248829288e+00,-2.141910378302120055e+00
-1.483959690903250639e+00,2.219481007760665814e-01,-1.251369767661226762e+00,1.015688267537472100e+00,-1.282062551480574464e-01,-1.645079404135871615e+00,-2.841246642663020960e+00,-1.289427515626620502e-01,-1.924779723248829288e+00,-2.141910378302120055e+00
-1.483959690903250639e+00,2.219481007760665814e-01,-1.251369767661226762e+00,7.653308863648078386e-01,-1.282062551480574464e-01,-1.645079404135871615e+00,-2.841246642663020960e+00,-1.289427515626620502e-01,-1.924779723248829288e+00,-2.141910378302120055e+00
-1.483959690903250639e+00,-1.038615943435132305e+00,-1.251369767661226762e+00,7.653308863648078386e-01,-1.282062551480574464e-01,-2.039794861610382259e+00,-2.841246642663020960e+00,-1.289427515626620502e-01,-1.924779723248829288e+00,-2.141910378302120055e+00
-1.483959690903250639e+00,-1.038615943435132305e+00,-1.251369767661226762e+00,-4.578337851009680604e-01,-3.094068963018324903e-01,-2.039794861610382259e+00,-2.841246642663020960e+00,-1.289427515626620502e-01,-1.924779723248829288e+00,-2.141910378302120055e+00
-1.483959690903250639e+00,-1.038615943435132305e+00,-1.251369767661226762e+00,-4.578337851009680604e-01,-3.094068963018324903e-01,-2.039794861610382259e+00,-2.841246642663020960e+00,-1.289427515626620502e-01,-1.924779723248829288e+00,-2.141910378302120055e+00
-1.483959690903250639e+00,-1.038615943435132305e+00,-1.251369767661226762e+00,-4.578337851009680604e-01,-3.094068963018324903e-01,-2.165089324796857451e+00,-2.841246642663020960e+00,-1.289427515626620502e-01,-1.924779723248829288e+00,-2.141910378302120055e+00
-1.483959690903250639e+00,-1.038615943435132305e+00,-1.251369767661226762e+00,-4.578337851009680604e-01,-3.094068963018324903e-01,-2.165089324796857451e+00,-2.841246642663020960e+00,-1.289427515626620502e-01,-1.924779723248829288e+00,-2.141910378302120055e+00
-1.483959690903250639e+00,-1.038615943435132305e+00,-1.251369767661226762e+00,-4.578337851009680604e-01,-3.094068963018324903e-01,-2.165089324796857451e+00,-2.841246642663020960e+00,-1.289427515626620502e-01,-1.924779723248829288e+00,-2.141910378302120055e+00
-1.483959690903250639e+00,-1.038615943435132305e+00,-1.251369767661226762e+00,-4.578337851009680604e-01,-3.094068963018324903e-01,-2.165089324796857451e+00,-2.841246642663020960e+00,-1.289427515626620502e-01,-1.924779723248829288e+00,-2.141910378302120055e+00
-1.483959690903250639e+00,-1.392108442897882048e+00,-1.251369767661226762e+00,-4.578337851009680604e-01,-3.094068963018324903e-01,-2.165089324796857451e+00,-2.841246642663020960e+00,-3.269714856942194103e-01,-1.924779723248829288e+00,-2.141910378302120055e+00
-1.483959690903250639e+00,-1.392108442897882048e+00,-1.251369767661226762e+00,-4.578337851009680604e-01,-3.094068963018324903e-01,-2.165089324796857451e+00,-2.841246642663020960e+00,-3.269714856942194103e-01,-1.924779723248829288e+00,-2.141910378302120055e+00
-1.483959690903250639e+00,-1.392108442897882048e+00,-1.251369767661226762e+00,-4.578337851009680604e-01,-3.094068963018324903e-01,-2.165089324796857451e+00,-2.841246642663020960e+00,-3.269714856942194103e-01,-1.924779723248829288e+00,-2.141910378302120055e+00
-1.483959690903250639e+00,-1.392108442897882048e+00,-1.251369767661226762e+00,-4.578337851009680604e-01,-3.094068963018324903e-01,-2.165089324796857451e+00,-2.841246642663020960e+00,-3.269714856942194103e-01,-1.924779723248829288e+00,-2.141910378302120055e+00
-1.483959690903250639e+00,-1.392108442897882048e+00,-1.251369767661226762e+00,-4.578337851009680604e-01,-3.094068963018324903e-01,-2.165089324796857451e+00,-2.841246642663020960e+00,-3.269714856942194103e-01,-1.924779723248829288e+00,-2.141910378302120055e+00
-1.483959690903250639e+00,-1.392108442897882048e+00,-1.251369767661226762e+00,-4.578337851009680604e-01,-3.094068963018324903e-01,-2.165089324796857451e+00,-2.841246642663020960e+00,-3.269714856942194103e-01,-1.924779723248829288e+00,-2.141910378302120055e+00
-1.483959690903250639e+00,-1.625723394442723624e+00,-1.251369767661226762e+00,-4.578337851009680604e-01,-3.094068963018324903e-01,-2.165089324796857451e+00,-2.841246642663020960e+00,-3.269714856942194103e-01,-1.924779723248829288e+00,-2.141910378302120055e+00
-1.483959690903250639e+00,-1.625723394442723624e+00,-1.251369767661226762e+00,-4.578337851009680604e-01,-3.094068963018324903e-01,-2.165089324796857451e+00,-2.841246642663020960e+00,-3.269714856942194103e-01,-1.924779723248829288e+00,-2.141910378302120055e+00
-1.483959690903250639e+00,-1.625723394442723624e+00,-1.251369767661226762e+00,-4.578337851009680604e-01,-3.094068963018324903e-01,-2.165089324796857451e+00,-2.841246642663020960e+00,-3.269714856942194103e-01,-1.924779723248829288e+00,-2.141910378302120055e+00
-1.483959690903250639e+00,-1.625723394442723624e+00,-1.251369767661226762e+00,-7.898566256239182293e-01,-3.094068963018324903e-01,-2.165089324796857451e+00,-2.841246642663020960e+00,-3.269714856942194103e-01,-1.924779723248829288e+00,-2.141910378302120055e+00
-1.483959690903250639e+00,-1.625723394442723624e+00,-1.251369767661226762e+00,-7.898566256239182293e-01,-3.094068963018324903e-01,-2.165089324796857451e+00,-2.841246642663020960e+00,-3.269714856942194103e-01,-1.924779723248829288e+00,-2.141910378302120055e+00
-1.483959690903250639e+00,-1.625723394442723624e+00,-1.251369767661226762e+00,-7.898566256239182293e-01,-3.094068963018324903e-01,-2.165089324796857451e+00,-2.841246642663020960e+00,-3.269714856942194103e-01,-1.924779723248829288e+00,-2.141910378302120055e+00
-1.483959690903250639e+00,-1.625723394442723624e+00,-1.251369767661226762e+00,-7.898566256239182293e-01,-3.094068963018324903e-01,-2.165089324796857451e+00,-2.841246642663020960e+00,-3.269714856942194103e-01,-1.924779723248829288e+00,-2.141910378302120055e+00
-1.483959690903250639e+00,-1.625723394442723624e+00,-1.251369767661226762e+00,-8.636870071403439653e-01,-3.094068963018324903e-01,-2.165089324796857451e+00,-2.841246642663020960e+00,-3.269714856942194103e-01,-1.924779723248829288e+00,-2.141910378302120055e+00
-1.483959690903250639e+00,-1.625723394442723624e+00,-1.251369767661226762e+00,-8.636870071403439653e-01,-3.094068963018324903e-01,-2.165089324796857451e+00,-2.841246642663020960e+00,-3.269714856942194103e-01,-1.924779723248829288e+00,-2.141910378302120055e+00
-1.483959690903250639e+00,-1.625723394442723624e+00,-1.251369767661226762e+00,-8.636870071403439653e-01,-3.094068963018324903e-01,-2.165089324796857451e+00,-2.841246642663020960e+00,-3.269714856942194103e-01,-1.924779723248829288e+00,-2.141910378302120055e+00
-1.483959690903250639e+00,-1.625723394442723624e+00,-1.251369767661226762e+00,-8.636870071403439653e-01,-3.094068963018324903e-01,-2.165089324796857451e+00,-2.841246642663020960e+00,-3.269714856942194103e-01,-1.924779723248829288e+00,-2.141910378302120055e+00
-1.483959690903250639e+00,-1.625723394442723624e+00,-1.251369767661226762e+00,-8.636870071403439653e-01,-3.094068963018324903e-01,-2.165089324796857451e+00,-2.841246642663020960e+00,-3.269714856942194103e-01,-1.924779723248829288e+00,-2.141910378302120055e+00
-1.483959690903250639e+00,-1.625723394442723624e+00,-1.251369767661226762e+00,-8.636870071403439653e-01,-3.094068963018324903e-01,-2.165089324796857451e+00,-2.841246642663020960e+00,-3.269714856942194103e-01,-1.924779723248829288e+00,-2.141910378302120055e+00
-1.483959690903250639e+00,-1.625723394442723624e+00,-1.296324883252578886e+00,-8.636870071403439653e-01,-3.094068963018324903e-01,-2.864109219472442902e+00,-2.841246642663020960e+00,-3.269714856942194103e-01,-1.924779723248829288e+00,-2.141910378302120055e+00
-1.550000536987542255e+00,-2.628912760938621584e+00,-2.230478645999142806e+00,-8.636870071403439653e-01,-3.094068963018324903e-01,-2.864109219472442902e+00,-2.841246642663020960e+00,-3.269714856942194103e-01,-1.924779723248829288e+00,-2.141910378302120055e+00
-1.550000536987542255e+00,-2.628912760938621584e+00,-2.230478645999142806e+00,-8.636870071403439653e-01,-3.094068963018324903e-01,-2.864109219472442902e+00,-2.841246642663020960e+00,-3.269714856942194103e-01,-1.924779723248829288e+00,-2.141910378302120055e+00
-1.550000536987542255e+00,-2.628912760938621584e+00,-2.230478645999142806e+00,-8.636870071403439653e-01,-3.094068963018324903e-01,-2.864109219472442902e+00,-2.841246642663020960e+00,-3.269714856942194103e-01,-1.924779723248829288e+00,-2.141910378302120055e+00
-1.550000536987542255e+00,-2.628912760938621584e+00,-2.230478645999142806e+00,-8.636870071403439653e-01,-3.094068963018324903e-01,-2.864109219472442902e+00,-2.841246642663020960e+00,-3.269714856942194103e-01,-1.924779723248829288e+00,-2.141910378302120055e+00
-1.550000536987542255e+00,-2.628912760938621584e+00,-2.230478645999142806e+00,-8.636870071403439653e-01,-3.094068963018324903e-01,-2.864109219472442902e+00,-2.841246642663020960e+00,-3.269714856942194103e-01,-1.924779723248829288e+00,-2.141910378302120055e+00
-1.550000536987542255e+00,-2.628912760938621584e+00,-2.230478645999142806e+00,-8.636870071403439653e-01,-3.094068963018324903e-01,-2.864109219472442902e+00,-2.841246642663020960e+00,-3.269714856942194103e-01,-1.924779723248829288e+00,-2.141910378302120055e+00
-1.550000536987542255e+00,-2.628912760938621584e+00,-2.230478645999142806e+00,-8.636870071403439653e-01,-3.094068963018324903e-01,-2.864109219472442902e+00,-2.841246642663020960e+00,-3.269714856942194103e-01,-1.924779723248829288e+00,-2.141910378302120055e+00
-1.550000536987542255e+00,-2.628912760938621584e+00,-2.230478645999142806e+00,-8.636870071403439653e-01,-3.094068963018324903e-01,-3.242017262422892454e+00,-2.841246642663020960e+00,-3.269714856942194103e-01,-1.924779723248829288e+00,-2.141910378302120055e+00
-1.550000536987542255e+00,-2.628912760938621584e+00,-2.230478645999142806e+00,-8.636870071403439653e-01,-3.094068963018324903e-01,-3.242017262422892454e+00,-2.841246642663020960e+00,-3.269714856942194103e-01,-1.924779723248829288e+00,-2.141910378302120055e+00
-1.550000536987542255e+00,-2.628912760938621584e+00,-2.230478645999142806e+00,-8.636870071403439653e-01,-3.094068963018324903e-01,-3.242017262422892454e+00,-2.841246642663020960e+00,-3.269714856942194103e-01,-1.924779723248829288e+00,-2.141910378302120055e+00
-1.550000536987542255e+00,-2.628912760938621584e+00,-2.230478645999142806e+00,-8.636870071403439653e-01,-3.094068963018324903e-01,-3.242017262422892454e+00,-2.841246642663020960e+00,-3.269714856942194103e-01,-1.924779723248829288e+00,-2.141910378302120055e+00
-1.550000536987542255e+00,-2.628912760938621584e+00,-2.230478645999142806e+00,-8.636870071403439653e-01,-3.094068963018324903e-01,-3.242017262422892454e+00,-2.841246642663020960e+00,-6.657542244831585743e-01,-1.924779723248829288e+00,-2.141910378302120055e+00
-1.550000536987542255e+00,-2.628912760938621584e+00,-2.230478645999142806e+00,-8.636870071403439653e-01,-3.094068963018324903e-01,-3.242017262422892454e+00,-2.841246642663020960e+00,-6.657542244831585743e-01,-1.924779723248829288e+00,-2.141910378302120055e+00
-1.550000536987542255e+00,-2.628912760938621584e+00,-2.230478645999142806e+00,-8.636870071403439653e-01,-3.094068963018324903e-01,-3.242017262422892454e+00,-2.841246642663020960e+00,-6.657542244831585743e-01,-1.924779723248829288e+00,-2.141910378302120055e+00
-1.550000536987542255e+00,-2.628912760938621584e+00,-2.230478645999142806e+00,-8.636870071403439653e-01,-3.094068963018324903e-01,-3.242017262422892454e+00,-2.841246642663020960e+00,-6.657542244831585743e-01,-1.924779723248829288e+00,-2.211857722828391548e+00
-1.550000536987542255e+00,-2.628912760938621584e+00,-2.230478645999142806e+00,-1.675515688351839172e+00,-3.094068963018324903e-01,-3.242017262422892454e+00,-2.841246642663020960e+00,-6.657542244831585743e-01,-1.924779723248829288e+00,-2.211857722828391548e+00
-1.550000536987542255e+00,-2.628912760938621584e+00,-2.230478645999142806e+00,-1.675515688351839172e+00,-3.094068963018324903e-01,-3.242017262422892454e+00,-2.841246642663020960e+00,-6.657542244831585743e-01,-1.924779723248829288e+00,-2.211857722828391548e+00
-1.550000536987542255e+00,-2.628912760938621584e+00,-2.230478645999142806e+00,-1.675515688351839172e+00,-3.094068963018324903e-01,-3.242017262422892454e+00,-2.841246642663020960e+00,-6.657542244831585743e-01,-1.924779723248829288e+00,-2.211857722828391548e+00
-1.550000536987542255e+00,-2.628912760938621584e+00,-2.230478645999142806e+00,-1.675515688351839172e+00,-3.094068963018324903e-01,-3.242017262422892454e+00,-2.841246642663020960e+00,-6.657542244831585743e-01,-1.924779723248829288e+00,-2.211857722828391548e+00
-1.550000536987542255e+00,-2.628912760938621584e+00,-2.230478645999142806e+00,-1.675515688351839172e+00,-4.120066266024175472e-01,-3.242017262422892454e+00,-2.841246642663020960e+00,-6.657542244831585743e-01,-1.924779723248829288e+00,-2.211857722828391548e+00
-1.550000536987542255e+00,-2.628912760938621584e+00,-2.230478645999142806e+00,-1.675515688351839172e+00,-4.120066266024175472e-01,-3.242017262422892454e+00,-2.841246642663020960e+00,-6.657542244831585743e-01,-1.924779723248829288e+00,-2.211857722828391548e+00
-1.550000536987542255e+00,-2.628912760938621584e+00,-2.230478645999142806e+00,-1.675515688351839172e+00,-4.120066266024175472e-01,-3.242017262422892454e+00,-2.841246642663020960e+00,-6.657542244831585743e-01,-1.924779723248829288e+00,-2.211857722828391548e+00
-1.550000536987542255e+00,-2.628912760938621584e+00,-2.230478645999142806e+00,-1.675515688351839172e+00,-4.120066266024175472e-01,-3.242017262422892454e+00,-2.841246642663020960e+00,-6.657542244831585743e-01,-1.924779723248829288e+00,-2.211857722828391548e+00
-1.550000536987542255e+00,-2.628912760938621584e+00,-2.230478645999142806e+00,-1.675515688351839172e+00,-4.120066266024175472e-01,-3.242017262422892454e+00,-2.841246642663020960e+00,-6.657542244831585743e-01,-1.924779723248829288e+00,-2.211857722828391548e+00
-1.550000536987542255e+00,-2.628912760938621584e+00,-2.230478645999142806e+00,-1.675515688351839172e+00,-4.120066266024175472e-01,-3.242017262422892454e+00,-2.841246642663020960e+00,-6.657542244831585743e-01,-1.924779723248829288e+00,-2.211857722828391548e+00
-1.550000536987542255e+00,-2.628912760938621584e+00,-2.230478645999142806e+00,-1.675515688351839172e+00,-4.120066266024175472e-01,-3.242017262422892454e+00,-2.841246642663020960e+00,-6.657542244831585743e-01,-1.924779723248829288e+00,-2.211857722828391548e+00
-1.550000536987542255e+00,-2.628912760938621584e+00,-2.230478645999142806e+00,-1.675515688351839172e+00,-4.120066266024175472e-01,-3.242017262422892454e+00,-2.841246642663020960e+00,-6.657542244831585743e-01,-1.924779723248829288e+00,-2.211857722828391548e+00
-1.550000536987542255e+00,-2.628912760938621584e+00,-2.230478645999142806e+00,-1.675515688351839172e+00,-4.120066266024175472e-01,-3.242017262422892454e+00,-2.841246642663020960e+00,-6.657542244831585743e-01,-1.924779723248829288e+00,-2.211857722828391548e+00
-1.550000536987542255e+00,-2.628912760938621584e+00,-2.230478645999142806e+00,-1.675515688351839172e+00,-4.120066266024175472e-01,-3.242017262422892454e+00,-2.841246642663020960e+00,-6.657542244831585743e-01,-1.924779723248829288e+00,-2.211857722828391548e+00
-1.550000536987542255e+00,-2.628912760938621584e+00,-2.230478645999142806e+00,-1.675515688351839172e+00,-4.120066266024175472e-01,-3.242017262422892454e+00,-2.841246642663020960e+00,-6.657542244831585743e-01,-1.924779723248829288e+00,-2.211857722828391548e+00
-1.550000536987542255e+00,-2.628912760938621584e+00,-2.230478645999142806e+00,-1.675515688351839172e+00,-4.673794558128041010e-01,-3.242017262422892454e+00,-2.841246642663020960e+00,-6.657542244831585743e-01,-1.924779723248829288e+00,-2.211857722828391548e+00
