4.719186070675942979e+00,9.207302070765506219e-01,-3.264239793418644703e-02,3.299049706089411504e+00,-2.237856060733091623e-01,4.811356552578618939e-01,4.412033887472482263e+00,3.744524497083728809e-01,2.649417387927309520e+00,5.526144340456918158e+00
2.848580676977245041e+00,-3.386562807302175848e-01,-3.264239793418644703e-02,1.876475613514459129e+00,-2.237856060733091623e-01,4.167072230454350046e-01,4.412033887472482263e+00,3.744524497083728809e-01,1.095350969832963095e+00,3.497288501556193197e+00
2.848580676977245041e+00,-3.386562807302175848e-01,-3.264239793418644703e-02,9.352465955068112180e-01,-2.237856060733091623e-01,4.167072230454350046e-01,1.146730238434896521e+00,3.744524497083728809e-01,1.095350969832963095e+00,3.497288501556193197e+00
2.346601597883487766e+00,-3.386562807302175848e-01,-3.264239793418644703e-02,9.352465955068112180e-01,-7.681002486970666121e-01,4.167072230454350046e-01,1.074243409239730163e+00,-2.367778159121464387e+00,1.095350969832963095e+00,1.648128769636580060e+00
2.346601597883487766e+00,-3.386562807302175848e-01,-3.264239793418644703e-02,9.352465955068112180e-01,-7.681002486970666121e-01,2.431772632818045288e-02,1.074243409239730163e+00,-2.367778159121464387e+00,1.095350969832963095e+00,1.648128769636580060e+00
9.739693682790957485e-01,-3.386562807302175848e-01,-3.264239793418644703e-02,9.352465955068112180e-01,-7.681002486970666121e-01,2.431772632818045288e-02,1.074243409239730163e+00,-2.367778159121464387e+00,1.095350969832963095e+00,1.648128769636580060e+00
9.739693682790957485e-01,-3.386562807302175848e-01,-6.274408169570165894e-01,9.352465955068112180e-01,-7.681002486970666121e-01,-1.708721916016598952e-01,1.074243409239730163e+00,-2.367778159121464387e+00,1.095350969832963095e+00,1.648128769636580060e+00
9.739693682790957485e-01,-1.165017818478933709e+00,-6.274408169570165894e-01,9.352465955068112180e-01,-7.681002486970666121e-01,-1.708721916016598952e-01,1.074243409239730163e+00,-2.367778159121464387e+00,1.095350969832963095e+00,1.648128769636580060e+00
9.739693682790957485e-01,-1.165017818478933709e+00,-6.274408169570165894e-01,9.352465955068112180e-01,-1.363753571234084028e+00,-1.708721916016598952e-01,1.074243409239730163e+00,-2.367778159121464387e+00,1.095350969832963095e+00,1.648128769636580060e+00
9.739693682790957485e-01,-1.165017818478933709e+00,-6.274408169570165894e-01,8.108979951479415582e-02,-1.363753571234084028e+00,-3.129352121969372624e-01,1.074243409239730163e+00,-2.367778159121464387e+00,1.095350969832963095e+00,1.648128769636580060e+00
9.739693682790957485e-01,-1.165017818478933709e+00,-6.274408169570165894e-01,8.108979951479415582e-02,-1.363753571234084028e+00,-3.143357112837326106e-01,9.590338946166288014e-01,-2.367778159121464387e+00,4.624928059946672998e-01,1.648128769636580060e+00
9.739693682790957485e-01,-1.309313052487275364e+00,-6.274408169570165894e-01,-9.819526206294583170e-01,-1.363753571234084028e+00,-8.656675084817323507e-01,9.590338946166288014e-01,-2.367778159121464387e+00,4.624928059946672998e-01,1.648128769636580060e+00
9.739693682790957485e-01,-1.309313052487275364e+00,-6.274408169570165894e-01,-9.819526206294583170e-01,-1.363753571234084028e+00,-3.121981644378571286e+00,9.590338946166288014e-01,-2.367778159121464387e+00,4.624928059946672998e-01,1.648128769636580060e+00
9.739693682790957485e-01,-1.309313052487275364e+00,-6.274408169570165894e-01,-9.819526206294583170e-01,-1.363753571234084028e+00,-3.121981644378571286e+00,9.590338946166288014e-01,-2.367778159121464387e+00,4.624928059946672998e-01,1.648128769636580060e+00
4.842721753703568832e-01,-1.309313052487275364e+00,-6.274408169570165894e-01,-9.819526206294583170e-01,-1.363753571234084028e+00,-3.121981644378571286e+00,5.728412606536799068e-01,-2.367778159121464387e+00,4.624928059946672998e-01,1.648128769636580060e+00
4.842721753703568832e-01,-1.309313052487275364e+00,-6.852114014432437727e-01,-9.819526206294583170e-01,-1.363753571234084028e+00,-3.121981644378571286e+00,5.728412606536799068e-01,-2.367778159121464387e+00,4.624928059946672998e-01,1.648128769636580060e+00
4.842721753703568832e-01,-1.309313052487275364e+00,-6.852114014432437727e-01,-9.819526206294583170e-01,-1.363753571234084028e+00,-3.121981644378571286e+00,5.728412606536799068e-01,-2.367778159121464387e+00,4.624928059946672998e-01,1.648128769636580060e+00
4.842721753703568832e-01,-1.309313052487275364e+00,-6.852114014432437727e-01,-9.819526206294583170e-01,-1.363753571234084028e+00,-3.121981644378571286e+00,5.728412606536799068e-01,-2.367778159121464387e+00,4.624928059946672998e-01,1.648128769636580060e+00
4.842721753703568832e-01,-1.309313052487275364e+00,-6.852114014432437727e-01,-9.819526206294583170e-01,-1.363753571234084028e+00,-3.121981644378571286e+00,5.728412606536799068e-01,-2.367778159121464387e+00,4.624928059946672998e-01,1.240197094512417664e+00
4.842721753703568832e-01,-1.309313052487275364e+00,-6.852114014432437727e-01,-9.819526206294583170e-01,-1.363753571234084028e+00,-3.121981644378571286e+00,5.728412606536799068e-01,-2.367778159121464387e+00,4.624928059946672998e-01,8.201529988769372670e-01
4.842721753703568832e-01,-1.309313052487275364e+00,-6.852114014432437727e-01,-9.819526206294583170e-01,-1.363753571234084028e+00,-3.121981644378571286e+00,5.728412606536799068e-01,-2.367778159121464387e+00,4.624928059946672998e-01,8.201529988769372670e-01
4.842721753703568832e-01,-1.309313052487275364e+00,-6.852114014432437727e-01,-9.819526206294583170e-01,-1.363753571234084028e+00,-3.121981644378571286e+00,5.728412606536799068e-01,-2.367778159121464387e+00,4.624928059946672998e-01,8.201529988769372670e-01
4.842721753703568832e-01,-1.309313052487275364e+00,-6.852114014432437727e-01,-9.819526206294583170e-01,-1.363753571234084028e+00,-3.121981644378571286e+00,5.728412606536799068e-01,-2.367778159121464387e+00,4.624928059946672998e-01,8.201529988769372670e-01
4.842721753703568832e-01,-1.309313052487275364e+00,-6.852114014432437727e-01,-9.819526206294583170e-01,-1.363753571234084028e+00,-3.121981644378571286e+00,5.728412606536799068e-01,-2.367778159121464387e+00,4.624928059946672998e-01,8.201529988769372670e-01
4.842721753703568832e-01,-1.309313052487275364e+00,-6.852114014432437727e-01,-9.819526206294583170e-01,-1.363753571234084028e+00,-3.121981644378571286e+00,3.937547197933122592e-04,-2.367778159121464387e+00,4.624928059946672998e-01,8.201529988769372670e-01
4.842721753703568832e-01,-1.309313052487275364e+00,-6.852114014432437727e-01,-9.819526206294583170e-01,-1.363753571234084028e+00,-3.121981644378571286e+00,3.937547197933122592e-04,-2.367778159121464387e+00,4.624928059946672998e-01,8.201529988769372670e-01
2.893741625306618381e-01,-1.309313052487275364e+00,-6.852114014432437727e-01,-9.819526206294583170e-01,-1.363753571234084028e+00,-3.272042316672833184e+00,3.937547197933122592e-04,-2.367778159121464387e+00,4.624928059946672998e-01,8.201529988769372670e-01
2.893741625306618381e-01,-1.309313052487275364e+00,-6.852114014432437727e-01,-9.819526206294583170e-01,-1.363753571234084028e+00,-3.272042316672833184e+00,3.937547197933122592e-04,-2.367778159121464387e+00,4.624928059946672998e-01,8.201529988769372670e-01
2.893741625306618381e-01,-1.309313052487275364e+00,-6.852114014432437727e-01,-9.819526206294583170e-01,-1.363753571234084028e+00,-3.272042316672833184e+00,3.937547197933122592e-04,-2.367778159121464387e+00,4.624928059946672998e-01,8.201529988769372670e-01
2.893741625306618381e-01,-1.309313052487275364e+00,-6.852114014432437727e-01,-9.819526206294583170e-01,-1.363753571234084028e+00,-3.272042316672833184e+00,-3.940705050338955129e-01,-2.367778159121464387e+00,4.624928059946672998e-01,8.201529988769372670e-01
2.893741625306618381e-01,-1.309313052487275364e+00,-6.852114014432437727e-01,-9.819526206294583170e-01,-1.363753571234084028e+00,-3.272042316672833184e+00,-1.102389606184266402e+00,-2.367778159121464387e+00,4.624928059946672998e-01,8.201529988769372670e-01
2.893741625306618381e-01,-1.309313052487275364e+00,-6.852114014432437727e-01,-9.819526206294583170e-01,-1.363753571234084028e+00,-3.272042316672833184e+00,-1.102389606184266402e+00,-2.367778159121464387e+00,4.624928059946672998e-01,6.640031167898939879e-01
2.893741625306618381e-01,-1.309313052487275364e+00,-6.852114014432437727e-01,-9.819526206294583170e-01,-1.363753571234084028e+00,-3.272042316672833184e+00,-1.102389606184266402e+00,-2.367778159121464387e+00,4.624928059946672998e-01,6.640031167898939879e-01
2.893741625306618381e-01,-1.309313052487275364e+00,-6.852114014432437727e-01,-2.043246109843528391e+00,-1.363753571234084028e+00,-3.272042316672833184e+00,-1.417870340332149537e+00,-2.367778159121464387e+00,4.624928059946672998e-01,6.640031167898939879e-01
2.893741625306618381e-01,-1.309313052487275364e+00,-6.852114014432437727e-01,-2.043246109843528391e+00,-1.450849909247546865e+00,-3.272042316672833184e+00,-2.309872299008006280e+00,-2.367778159121464387e+00,4.624928059946672998e-01,6.640031167898939879e-01
2.893741625306618381e-01,-1.309313052487275364e+00,-6.852114014432437727e-01,-2.043246109843528391e+00,-1.450849909247546865e+00,-3.272042316672833184e+00,-2.309872299008006280e+00,-2.367778159121464387e+00,4.624928059946672998e-01,6.640031167898939879e-01
2.893741625306618381e-01,-1.309313052487275364e+00,-6.852114014432437727e-01,-2.043246109843528391e+00,-1.450849909247546865e+00,-3.272042316672833184e+00,-2.309872299008006280e+00,-2.367778159121464387e+00,-2.056466578486194630e-01,6.640031167898939879e-01
2.893741625306618381e-01,-1.309313052487275364e+00,-6.852114014432437727e-01,-2.043246109843528391e+00,-1.450849909247546865e+00,-3.272042316672833184e+00,-2.309872299008006280e+00,-2.367778159121464387e+00,-2.056466578486194630e-01,6.640031167898939879e-01
2.893741625306618381e-01,-1.309313052487275364e+00,-1.217697940689500324e+00,-2.043246109843528391e+00,-1.450849909247546865e+00,-3.272042316672833184e+00,-2.309872299008006280e+00,-2.367778159121464387e+00,-2.056466578486194630e-01,6.640031167898939879e-01
2.893741625306618381e-01,-1.309313052487275364e+00,-1.217697940689500324e+00,-2.043246109843528391e+00,-1.450849909247546865e+00,-3.272042316672833184e+00,-2.309872299008006280e+00,-2.367778159121464387e+00,-2.056466578486194630e-01,6.640031167898939879e-01
-9.870872877609572493e-02,-1.309313052487275364e+00,-1.217697940689500324e+00,-2.043246109843528391e+00,-1.450849909247546865e+00,-3.272042316672833184e+00,-2.309872299008006280e+00,-2.367778159121464387e+00,-2.056466578486194630e-01,6.640031167898939879e-01
-9.870872877609572493e-02,-1.309313052487275364e+00,-1.217697940689500324e+00,-2.043246109843528391e+00,-1.450849909247546865e+00,-3.272042316672833184e+00,-2.309872299008006280e+00,-2.367778159121464387e+00,-2.056466578486194630e-01,6.640031167898939879e-01
-9.870872877609572493e-02,-1.309313052487275364e+00,-1.217697940689500324e+00,-2.043246109843528391e+00,-1.450849909247546865e+00,-4.089668457918532063e+00,-2.309872299008006280e+00,-2.367778159121464387e+00,-2.056466578486194630e-01,6.640031167898939879e-01
-9.870872877609572493e-02,-1.309313052487275364e+00,-1.217697940689500324e+00,-2.043246109843528391e+00,-1.450849909247546865e+00,-4.089668457918532063e+00,-2.309872299008006280e+00,-2.367778159121464387e+00,-2.056466578486194630e-01,6.640031167898939879e-01
-9.870872877609572493e-02,-1.309313052487275364e+00,-1.217697940689500324e+00,-2.043246109843528391e+00,-1.450849909247546865e+00,-4.089668457918532063e+00,-2.309872299008006280e+00,-2.367778159121464387e+00,-2.056466578486194630e-01,6.640031167898939879e-01
-9.870872877609572493e-02,-1.309313052487275364e+00,-1.217697940689500324e+00,-2.052582697504851339e+00,-1.450849909247546865e+00,-4.089668457918532063e+00,-2.309872299008006280e+00,-2.367778159121464387e+00,-2.056466578486194630e-01,6.640031167898939879e-01
-1.186829373527676784e-01,-1.309313052487275364e+00,-1.217697940689500324e+00,-2.052582697504851339e+00,-1.450849909247546865e+00,-4.089668457918532063e+00,-2.309872299008006280e+00,-2.367778159121464387e+00,-2.056466578486194630e-01,6.640031167898939879e-01
-9.612554645679224352e-01,-1.309313052487275364e+00,-1.217697940689500324e+00,-2.052582697504851339e+00,-1.450849909247546865e+00,-4.089668457918532063e+00,-2.309872299008006280e+00,-2.367778159121464387e+00,-2.056466578486194630e-01,6.640031167898939879e-01
-9.612554645679224352e-01,-1.309313052487275364e+00,-1.217697940689500324e+00,-2.052582697504851339e+00,-1.450849909247546865e+00,-4.089668457918532063e+00,-2.923348353036292480e+00,-2.367778159121464387e+00,-2.056466578486194630e-01,6.640031167898939879e-01
-9.612554645679224352e-01,-1.309313052487275364e+00,-1.217697940689500324e+00,-2.052582697504851339e+00,-1.450849909247546865e+00,-4.089668457918532063e+00,-2.923348353036292480e+00,-2.367778159121464387e+00,-3.283930457806117920e-01,6.640031167898939879e-01
-9.612554645679224352e-01,-1.309313052487275364e+00,-1.217697940689500324e+00,-2.052582697504851339e+00,-1.450849909247546865e+00,-4.089668457918532063e+00,-2.923348353036292480e+00,-2.367778159121464387e+00,-3.283930457806117920e-01,6.640031167898939879e-01
-9.612554645679224352e-01,-1.309313052487275364e+00,-1.217697940689500324e+00,-2.052582697504851339e+00,-1.450849909247546865e+00,-4.089668457918532063e+00,-2.923348353036292480e+00,-2.367778159121464387e+00,-3.283930457806117920e-01,6.640031167898939879e-01
-9.612554645679224352e-01,-1.309313052487275364e+00,-1.217697940689500324e+00,-2.052582697504851339e+00,-1.450849909247546865e+00,-4.089668457918532063e+00,-2.923348353036292480e+00,-2.367778159121464387e+00,-9.064780232638320889e-01,6.640031167898939879e-01
-9.612554645679224352e-01,-1.309313052487275364e+00,-1.217697940689500324e+00,-2.052582697504851339e+00,-1.450849909247546865e+00,-4.089668457918532063e+00,-2.923348353036292480e+00,-2.367778159121464387e+00,-9.064780232638320889e-01,6.640031167898939879e-01
-9.612554645679224352e-01,-1.309313052487275364e+00,-1.217697940689500324e+00,-2.052582697504851339e+00,-1.450849909247546865e+00,-4.089668457918532063e+00,-2.923348353036292480e+00,-2.367778159121464387e+00,-9.064780232638320889e-01,6.640031167898939879e-01
-9.612554645679224352e-01,-1.309313052487275364e+00,-1.217697940689500324e+00,-2.052582697504851339e+00,-1.450849909247546865e+00,-6.103812280384876665e+00,-2.923348353036292480e+00,-2.367778159121464387e+00,-9.064780232638320889e-01,6.640031167898939879e-01
-9.612554645679224352e-01,-1.309313052487275364e+00,-1.217697940689500324e+00,-2.052582697504851339e+00,-1.450849909247546865e+00,-6.103812280384876665e+00,-2.923348353036292480e+00,-2.367778159121464387e+00,-9.064780232638320889e-01,6.640031167898939879e-01
-9.612554645679224352e-01,-1.309313052487275364e+00,-1.217697940689500324e+00,-2.052582697504851339e+00,-1.450849909247546865e+00,-6.103812280384876665e+00,-2.923348353036292480e+00,-2.367778159121464387e+00,-9.064780232638320889e-01,6.640031167898939879e-01
-9.612554645679224352e-01,-1.309313052487275364e+00,-1.217697940689500324e+00,-2.052582697504851339e+00,-1.450849909247546865e+00,-6.103812280384876665e+00,-2.923348353036292480e+00,-2.367778159121464387e+00,-1.134772659646314796e+00,6.640031167898939879e-01
-9.612554645679224352e-01,-1.309313052487275364e+00,-1.217697940689500324e+00,-2.052582697504851339e+00,-1.450849909247546865e+00,-6.103812280384876665e+00,-2.923348353036292480e+00,-2.367778159121464387e+00,-1.562017771036218194e+00,6.640031167898939879e-01
-9.612554645679224352e-01,-1.309313052487275364e+00,-1.217697940689500324e+00,-2.052582697504851339e+00,-1.450849909247546865e+00,-6.103812280384876665e+00,-4.215137161854977776e+00,-2.367778159121464387e+00,-1.805026152556623353e+00,6.640031167898939879e-01
-9.612554645679224352e-01,-1.309313052487275364e+00,-1.217697940689500324e+00,-2.052582697504851339e+00,-1.760355382807249347e+00,-6.103812280384876665e+00,-4.215137161854977776e+00,-2.367778159121464387e+00,-2.604005140495345483e+00,4.212832457433314248e-01
-9.612554645679224352e-01,-1.309313052487275364e+00,-1.217697940689500324e+00,-2.052582697504851339e+00,-1.760355382807249347e+00,-6.103812280384876665e+00,-4.215137161854977776e+00,-2.367778159121464387e+00,-2.604005140495345483e+00,-8.161015773889362945e-01
-9.612554645679224352e-01,-1.309313052487275364e+00,-1.217697940689500324e+00,-2.052582697504851339e+00,-1.760355382807249347e+00,-6.103812280384876665e+00,-4.215137161854977776e+00,-2.367778159121464387e+00,-2.604005140495345483e+00,-8.161015773889362945e-01
-9.612554645679224352e-01,-1.309313052487275364e+00,-1.217697940689500324e+00,-2.052582697504851339e+00,-1.760355382807249347e+00,-6.103812280384876665e+00,-4.215137161854977776e+00,-2.367778159121464387e+00,-2.604005140495345483e+00,-8.161015773889362945e-01
-9.612554645679224352e-01,-1.309313052487275364e+00,-1.217697940689500324e+00,-2.090746171334577408e+00,-1.760355382807249347e+00,-6.103812280384876665e+00,-4.215137161854977776e+00,-2.367778159121464387e+00,-2.604005140495345483e+00,-8.161015773889362945e-01
-9.612554645679224352e-01,-1.309313052487275364e+00,-1.217697940689500324e+00,-2.090746171334577408e+00,-1.760355382807249347e+00,-6.103812280384876665e+00,-4.215137161854977776e+00,-2.367778159121464387e+00,-2.604005140495345483e+00,-8.161015773889362945e-01
-9.612554645679224352e-01,-1.309313052487275364e+00,-1.217697940689500324e+00,-2.090746171334577408e+00,-1.760355382807249347e+00,-6.103812280384876665e+00,-4.215137161854977776e+00,-2.367778159121464387e+00,-2.604005140495345483e+00,-8.161015773889362945e-01
-9.612554645679224352e-01,-1.309313052487275364e+00,-1.217697940689500324e+00,-2.090746171334577408e+00,-1.760355382807249347e+00,-6.103812280384876665e+00,-4.215137161854977776e+00,-2.367778159121464387e+00,-2.604005140495345483e+00,-8.161015773889362945e-01
-9.612554645679224352e-01,-1.309313052487275364e+00,-1.217697940689500324e+00,-2.879448169023729243e+00,-1.760355382807249347e+00,-6.103812280384876665e+00,-4.215137161854977776e+00,-2.367778159121464387e+00,-2.604005140495345483e+00,-8.161015773889362945e-01
-9.612554645679224352e-01,-1.309313052487275364e+00,-1.217697940689500324e+00,-2.879448169023729243e+00,-1.760355382807249347e+00,-6.103812280384876665e+00,-4.215137161854977776e+00,-2.367778159121464387e+00,-2.604005140495345483e+00,-8.161015773889362945e-01
-9.612554645679224352e-01,-1.309313052487275364e+00,-1.217697940689500324e+00,-2.879448169023729243e+00,-1.760355382807249347e+00,-6.103812280384876665e+00,-4.215137161854977776e+00,-2.367778159121464387e+00,-2.604005140495345483e+00,-8.161015773889362945e-01
-9.612554645679224352e-01,-1.309313052487275364e+00,-1.217697940689500324e+00,-2.879448169023729243e+00,-1.760355382807249347e+00,-6.103812280384876665e+00,-4.215137161854977776e+00,-2.367778159121464387e+00,-2.604005140495345483e+00,-8.161015773889362945e-01
-9.612554645679224352e-01,-1.652683344165895907e+00,-1.217697940689500324e+00,-2.879448169023729243e+00,-1.760355382807249347e+00,-6.103812280384876665e+00,-4.215137161854977776e+00,-2.367778159121464387e+00,-2.604005140495345483e+00,-8.161015773889362945e-01
-1.086385600627470582e+00,-1.652683344165895907e+00,-1.217697940689500324e+00,-2.879448169023729243e+00,-1.760355382807249347e+00,-6.103812280384876665e+00,-4.215137161854977776e+00,-2.367778159121464387e+00,-2.604005140495345483e+00,-4.203676329937577449e+00
-1.086385600627470582e+00,-1.652683344165895907e+00,-1.217697940689500324e+00,-2.879448169023729243e+00,-1.760355382807249347e+00,-6.103812280384876665e+00,-4.215137161854977776e+00,-2.367778159121464387e+00,-2.604005140495345483e+00,-4.203676329937577449e+00
