-8.667083909260581143e-01,4.505166785086089476e+00,5.766068126159014540e+00,1.740510860292232342e+00,8.064652555084285135e-01,1.190425693643776706e+00,1.145160103992577616e+00,9.199898586711428017e-01,1.518374506342208941e+00,-5.407430020758486472e-03
-8.667083909260581143e-01,1.340710418411880100e+00,5.027268242490930739e+00,1.740510860292232342e+00,8.064652555084285135e-01,5.888500011813593282e-01,6.362345330557918066e-01,8.473508946956833654e-01,1.518374506342208941e+00,-5.407430020758486472e-03
-8.667083909260581143e-01,6.919642088484758702e-01,1.779119196451239837e+00,2.465817401068864934e-01,8.064652555084285135e-01,5.888500011813593282e-01,6.362345330557918066e-01,7.757631624299837769e-01,1.518374506342208941e+00,-5.407430020758486472e-03
-8.667083909260581143e-01,6.919642088484758702e-01,1.426405710566210683e+00,2.465817401068864934e-01,8.064652555084285135e-01,5.888500011813593282e-01,6.362345330557918066e-01,7.757631624299837769e-01,1.518374506342208941e+00,-5.407430020758486472e-03
-8.667083909260581143e-01,6.919642088484758702e-01,1.426405710566210683e+00,2.465817401068864934e-01,8.064652555084285135e-01,5.888500011813593282e-01,6.362345330557918066e-01,7.757631624299837769e-01,1.518374506342208941e+00,-5.407430020758486472e-03
-8.667083909260581143e-01,6.919642088484758702e-01,1.426405710566210683e+00,2.465817401068864934e-01,-3.001997743469982452e-02,5.888500011813593282e-01,6.362345330557918066e-01,7.757631624299837769e-01,1.102854930149535617e+00,-5.407430020758486472e-03
-8.667083909260581143e-01,6.919642088484758702e-01,1.426405710566210683e+00,2.465817401068864934e-01,-1.269282640583769273e-01,5.888500011813593282e-01,6.362345330557918066e-01,-6.077829265846893536e-01,1.102854930149535617e+00,-5.407430020758486472e-03
-8.667083909260581143e-01,6.919642088484758702e-01,1.426405710566210683e+00,2.465817401068864934e-01,-1.731433312724256712e+00,5.888500011813593282e-01,6.362345330557918066e-01,-6.637394225257782221e-01,1.102854930149535617e+00,-8.907240419031185741e-02
-8.667083909260581143e-01,6.919642088484758702e-01,1.426405710566210683e+00,2.465817401068864934e-01,-1.731433312724256712e+00,-2.021229646089377219e-01,6.112579645687858942e-01,-8.274576172608678615e-01,1.102854930149535617e+00,-8.907240419031185741e-02
-8.667083909260581143e-01,6.919642088484758702e-01,1.426405710566210683e+00,2.465817401068864934e-01,-1.731433312724256712e+00,-2.021229646089377219e-01,5.926721458822165056e-01,-8.274576172608678615e-01,4.485294008078347106e-01,-9.026352328983555662e-02
-8.667083909260581143e-01,6.919642088484758702e-01,1.426405710566210683e+00,2.465817401068864934e-01,-1.731433312724256712e+00,-2.021229646089377219e-01,5.926721458822165056e-01,-8.274576172608678615e-01,3.998483026426953857e-01,-9.026352328983555662e-02
-8.667083909260581143e-01,6.919642088484758702e-01,1.426405710566210683e+00,2.465817401068864934e-01,-1.731433312724256712e+00,-2.021229646089377219e-01,5.926721458822165056e-01,-8.274576172608678615e-01,3.998483026426953857e-01,-9.026352328983555662e-02
-8.667083909260581143e-01,6.919642088484758702e-01,1.426405710566210683e+00,2.465817401068864934e-01,-1.731433312724256712e+00,-1.200398624430528693e+00,5.926721458822165056e-01,-1.062026605579685201e+00,3.998483026426953857e-01,-9.026352328983555662e-02
-8.667083909260581143e-01,6.137794936032787696e-01,1.426405710566210683e+00,2.465817401068864934e-01,-1.731433312724256712e+00,-1.200398624430528693e+00,-1.124020362449388077e+00,-1.062026605579685201e+00,3.998483026426953857e-01,-6.990384190046921020e-01
-1.364340918753685461e+00,6.137794936032787696e-01,1.426405710566210683e+00,2.465817401068864934e-01,-1.731433312724256712e+00,-1.200398624430528693e+00,-1.124020362449388077e+00,-1.062026605579685201e+00,3.035673007544271162e-01,-6.990384190046921020e-01
-1.364340918753685461e+00,6.137794936032787696e-01,1.426405710566210683e+00,2.465817401068864934e-01,-1.731433312724256712e+00,-1.200398624430528693e+00,-1.124020362449388077e+00,-1.062026605579685201e+00,-4.999513261202405412e-02,-6.990384190046921020e-01
-1.364340918753685461e+00,6.137794936032787696e-01,1.426405710566210683e+00,2.465817401068864934e-01,-1.731433312724256712e+00,-1.397122398850145553e+00,-1.124020362449388077e+00,-1.062026605579685201e+00,-4.999513261202405412e-02,-6.990384190046921020e-01
-1.364340918753685461e+00,6.137794936032787696e-01,1.426405710566210683e+00,2.465817401068864934e-01,-1.731433312724256712e+00,-1.397122398850145553e+00,-1.544220640193878502e+00,-1.062026605579685201e+00,-4.999513261202405412e-02,-6.990384190046921020e-01
-1.364340918753685461e+00,-9.652246162738289600e-03,1.426405710566210683e+00,2.465817401068864934e-01,-1.731433312724256712e+00,-1.397122398850145553e+00,-1.740987622959088377e+00,-1.062026605579685201e+00,-1.030857670137396154e+00,-6.990384190046921020e-01
-1.364340918753685461e+00,-9.652246162738289600e-03,1.426405710566210683e+00,2.465817401068864934e-01,-1.731433312724256712e+00,-1.397122398850145553e+00,-2.286148755309077352e+00,-1.062026605579685201e+00,-1.030857670137396154e+00,-6.990384190046921020e-01
-1.364340918753685461e+00,-9.652246162738289600e-03,1.426405710566210683e+00,2.465817401068864934e-01,-1.731433312724256712e+00,-1.397122398850145553e+00,-2.286148755309077352e+00,-1.062026605579685201e+00,-1.030857670137396154e+00,-6.990384190046921020e-01
-1.364340918753685461e+00,-9.652246162738289600e-03,1.369375521017182962e+00,2.465817401068864934e-01,-1.731433312724256712e+00,-1.397122398850145553e+00,-3.457515071680729690e+00,-1.062026605579685201e+00,-1.030857670137396154e+00,-6.990384190046921020e-01
-1.364340918753685461e+00,-9.677148698471229604e-01,1.369375521017182962e+00,2.465817401068864934e-01,-1.731433312724256712e+00,-1.397122398850145553e+00,-3.457515071680729690e+00,-1.103526335672886605e+00,-1.030857670137396154e+00,-6.990384190046921020e-01
-1.364340918753685461e+00,-9.677148698471229604e-01,1.369375521017182962e+00,2.465817401068864934e-01,-1.731433312724256712e+00,-1.397122398850145553e+00,-3.457515071680729690e+00,-1.103526335672886605e+00,-1.030857670137396154e+00,-6.990384190046921020e-01
-1.364340918753685461e+00,-9.677148698471229604e-01,1.369375521017182962e+00,2.465817401068864934e-01,-1.731433312724256712e+00,-1.397122398850145553e+00,-3.457515071680729690e+00,-1.103526335672886605e+00,-1.030857670137396154e+00,-6.990384190046921020e-01
-1.364340918753685461e+00,-9.677148698471229604e-01,1.369375521017182962e+00,-2.275303834913122991e-01,-1.731433312724256712e+00,-1.397122398850145553e+00,-3.457515071680729690e+00,-1.103526335672886605e+00,-1.030857670137396154e+00,-6.990384190046921020e-01
-1.377651443656264574e+00,-9.677148698471229604e-01,1.369375521017182962e+00,-2.275303834913122991e-01,-1.731433312724256712e+00,-1.397122398850145553e+00,-3.457515071680729690e+00,-1.653258742056979758e+00,-1.755470109460630646e+00,-6.990384190046921020e-01
-1.377651443656264574e+00,-9.677148698471229604e-01,1.369375521017182962e+00,-2.275303834913122991e-01,-1.731433312724256712e+00,-1.397122398850145553e+00,-3.457515071680729690e+00,-1.653258742056979758e+00,-1.755470109460630646e+00,-6.990384190046921020e-01
-1.377651443656264574e+00,-9.677148698471229604e-01,1.369375521017182962e+00,-2.275303834913122991e-01,-1.731433312724256712e+00,-1.397122398850145553e+00,-3.457515071680729690e+00,-1.653258742056979758e+00,-1.755470109460630646e+00,-6.990384190046921020e-01
-1.377651443656264574e+00,-9.677148698471229604e-01,1.369375521017182962e+00,-2.275303834913122991e-01,-1.731433312724256712e+00,-1.397122398850145553e+00,-3.457515071680729690e+00,-1.653258742056979758e+00,-1.755470109460630646e+00,-6.990384190046921020e-01
-1.377651443656264574e+00,-9.677148698471229604e-01,1.369375521017182962e+00,-2.275303834913122991e-01,-1.731433312724256712e+00,-1.397122398850145553e+00,-3.660650701654524664e+00,-1.653258742056979758e+00,-3.058476482270270136e+00,-6.990384190046921020e-01
-1.548164922783120678e+00,-9.677148698471229604e-01,1.369375521017182962e+00,-2.275303834913122991e-01,-1.731433312724256712e+00,-1.397122398850145553e+00,-3.660650701654524664e+00,-1.653258742056979758e+00,-3.058476482270270136e+00,-6.990384190046921020e-01
-1.548164922783120678e+00,-9.677148698471229604e-01,1.369375521017182962e+00,-2.275303834913122991e-01,-1.731433312724256712e+00,-1.397122398850145553e+00,-3.660650701654524664e+00,-1.653258742056979758e+00,-3.058476482270270136e+00,-6.990384190046921020e-01
-1.548164922783120678e+00,-9.677148698471229604e-01,1.369375521017182962e+00,-2.275303834913122991e-01,-1.731433312724256712e+00,-1.806048145280688244e+00,-3.660650701654524664e+00,-1.653258742056979758e+00,-3.058476482270270136e+00,-6.990384190046921020e-01
-1.548164922783120678e+00,-9.677148698471229604e-01,-2.405456073094766611e-03,-2.275303834913122991e-01,-1.731433312724256712e+00,-1.806048145280688244e+00,-3.660650701654524664e+00,-1.653258742056979758e+00,-3.058476482270270136e+00,-6.990384190046921020e-01
-1.548164922783120678e+00,-9.677148698471229604e-01,-2.405456073094766611e-03,-2.275303834913122991e-01,-1.731433312724256712e+00,-1.806048145280688244e+00,-3.660650701654524664e+00,-1.653258742056979758e+00,-3.058476482270270136e+00,-6.990384190046921020e-01
-1.548164922783120678e+00,-9.677148698471229604e-01,-2.405456073094766611e-03,-2.275303834913122991e-01,-1.731433312724256712e+00,-1.806048145280688244e+00,-3.660650701654524664e+00,-1.653258742056979758e+00,-3.058476482270270136e+00,-6.990384190046921020e-01
-1.548164922783120678e+00,-9.677148698471229604e-01,-2.405456073094766611e-03,-2.275303834913122991e-01,-1.910818717476272077e+00,-1.973664583464290079e+00,-3.660650701654524664e+00,-1.653258742056979758e+00,-3.058476482270270136e+00,-6.990384190046921020e-01
-1.548164922783120678e+00,-9.677148698471229604e-01,-2.405456073094766611e-03,-9.736311587542337831e-01,-1.910818717476272077e+00,-1.973664583464290079e+00,-3.660650701654524664e+00,-1.653258742056979758e+00,-3.170086512394258538e+00,-6.990384190046921020e-01
-1.548164922783120678e+00,-9.677148698471229604e-01,-2.405456073094766611e-03,-9.736311587542337831e-01,-1.910818717476272077e+00,-2.374271325074237105e+00,-3.660650701654524664e+00,-1.653258742056979758e+00,-3.170086512394258538e+00,-6.990384190046921020e-01
-1.548164922783120678e+00,-9.677148698471229604e-01,-2.405456073094766611e-03,-9.736311587542337831e-01,-1.910818717476272077e+00,-2.398935342983651520e+00,-3.660650701654524664e+00,-1.653258742056979758e+00,-3.170086512394258538e+00,-6.990384190046921020e-01
-1.548164922783120678e+00,-9.677148698471229604e-01,-2.405456073094766611e-03,-9.736311587542337831e-01,-1.910818717476272077e+00,-2.398935342983651520e+00,-3.660650701654524664e+00,-1.653258742056979758e+00,-3.170086512394258538e+00,-6.990384190046921020e-01
-1.548164922783120678e+00,-9.677148698471229604e-01,-1.200159018562956925e+00,-9.736311587542337831e-01,-1.910818717476272077e+00,-2.398935342983651520e+00,-3.660650701654524664e+00,-1.653258742056979758e+00,-3.170086512394258538e+00,-6.990384190046921020e-01
-1.800448373524300871e+00,-9.677148698471229604e-01,-1.200159018562956925e+00,-9.736311587542337831e-01,-1.910818717476272077e+00,-2.398935342983651520e+00,-3.660650701654524664e+00,-1.653258742056979758e+00,-3.170086512394258538e+00,-6.990384190046921020e-01
-1.800448373524300871e+00,-9.677148698471229604e-01,-1.200159018562956925e+00,-9.736311587542337831e-01,-1.910818717476272077e+00,-2.398935342983651520e+00,-4.194761514424337534e+00,-1.653258742056979758e+00,-3.170086512394258538e+00,-6.990384190046921020e-01
-1.800448373524300871e+00,-9.677148698471229604e-01,-1.200159018562956925e+00,-9.736311587542337831e-01,-1.910818717476272077e+00,-2.398935342983651520e+00,-4.194761514424337534e+00,-1.653258742056979758e+00,-3.170086512394258538e+00,-6.990384190046921020e-01
-1.800448373524300871e+00,-9.677148698471229604e-01,-1.200159018562956925e+00,-9.736311587542337831e-01,-1.910818717476272077e+00,-2.398935342983651520e+00,-4.194761514424337534e+00,-1.653258742056979758e+00,-3.170086512394258538e+00,-6.990384190046921020e-01
-3.961032748861789354e+00,-9.677148698471229604e-01,-1.200159018562956925e+00,-9.736311587542337831e-01,-1.910818717476272077e+00,-2.398935342983651520e+00,-4.194761514424337534e+00,-1.653258742056979758e+00,-3.170086512394258538e+00,-6.990384190046921020e-01
-3.961032748861789354e+00,-9.677148698471229604e-01,-1.200159018562956925e+00,-9.736311587542337831e-01,-1.910818717476272077e+00,-2.398935342983651520e+00,-4.194761514424337534e+00,-1.653258742056979758e+00,-3.170086512394258538e+00,-6.990384190046921020e-01
-3.961032748861789354e+00,-9.677148698471229604e-01,-1.200159018562956925e+00,-9.736311587542337831e-01,-3.031783332259135655e+00,-2.398935342983651520e+00,-4.194761514424337534e+00,-1.653258742056979758e+00,-3.170086512394258538e+00,-6.990384190046921020e-01
-3.961032748861789354e+00,-9.677148698471229604e-01,-1.200159018562956925e+00,-9.736311587542337831e-01,-3.031783332259135655e+00,-3.183184374177489673e+00,-4.194761514424337534e+00,-1.653258742056979758e+00,-3.170086512394258538e+00,-8.921457461954276358e-01
-3.961032748861789354e+00,-9.677148698471229604e-01,-1.200159018562956925e+00,-9.736311587542337831e-01,-3.031783332259135655e+00,-3.183184374177489673e+00,-4.194761514424337534e+00,-1.653258742056979758e+00,-3.170086512394258538e+00,-8.921457461954276358e-01
-3.961032748861789354e+00,-9.677148698471229604e-01,-1.200159018562956925e+00,-9.736311587542337831e-01,-3.031783332259135655e+00,-3.183184374177489673e+00,-4.194761514424337534e+00,-1.653258742056979758e+00,-3.170086512394258538e+00,-8.921457461954276358e-01
-3.961032748861789354e+00,-9.677148698471229604e-01,-1.200159018562956925e+00,-9.736311587542337831e-01,-3.031783332259135655e+00,-3.183184374177489673e+00,-4.194761514424337534e+00,-1.653258742056979758e+00,-3.170086512394258538e+00,-8.921457461954276358e-01
-3.961032748861789354e+00,-9.677148698471229604e-01,-1.226545396747503958e+00,-9.736311587542337831e-01,-3.031783332259135655e+00,-3.183184374177489673e+00,-4.194761514424337534e+00,-1.653258742056979758e+00,-3.170086512394258538e+00,-8.921457461954276358e-01
-3.961032748861789354e+00,-9.677148698471229604e-01,-1.226545396747503958e+00,-9.736311587542337831e-01,-3.031783332259135655e+00,-4.485754379737950437e+00,-4.194761514424337534e+00,-1.653258742056979758e+00,-3.170086512394258538e+00,-8.921457461954276358e-01
-3.961032748861789354e+00,-9.677148698471229604e-01,-1.226545396747503958e+00,-9.736311587542337831e-01,-3.031783332259135655e+00,-4.485754379737950437e+00,-4.194761514424337534e+00,-1.653258742056979758e+00,-3.170086512394258538e+00,-8.921457461954276358e-01
-3.961032748861789354e+00,-9.677148698471229604e-01,-1.226545396747503958e+00,-9.736311587542337831e-01,-3.031783332259135655e+00,-4.485754379737950437e+00,-4.382438044160798185e+00,-1.653258742056979758e+00,-3.170086512394258538e+00,-8.921457461954276358e-01
-3.961032748861789354e+00,-9.677148698471229604e-01,-1.226545396747503958e+00,-9.736311587542337831e-01,-3.031783332259135655e+00,-4.485754379737950437e+00,-4.382438044160798185e+00,-1.653258742056979758e+00,-3.170086512394258538e+00,-8.921457461954276358e-01
-3.961032748861789354e+00,-9.677148698471229604e-01,-1.948542460695725786e+00,-9.736311587542337831e-01,-3.031783332259135655e+00,-4.485754379737950437e+00,-4.382438044160798185e+00,-1.653258742056979758e+00,-3.170086512394258538e+00,-8.921457461954276358e-01
-3.961032748861789354e+00,-9.677148698471229604e-01,-1.948542460695725786e+00,-9.736311587542337831e-01,-3.031783332259135655e+00,-4.485754379737950437e+00,-6.591794744989469379e+00,-1.653258742056979758e+00,-3.170086512394258538e+00,-8.921457461954276358e-01
-3.961032748861789354e+00,-9.677148698471229604e-01,-1.948542460695725786e+00,-9.736311587542337831e-01,-3.031783332259135655e+00,-4.485754379737950437e+00,-6.591794744989469379e+00,-1.653258742056979758e+00,-3.170086512394258538e+00,-8.921457461954276358e-01
-3.961032748861789354e+00,-9.677148698471229604e-01,-2.169021309399652875e+00,-9.736311587542337831e-01,-3.031783332259135655e+00,-4.485754379737950437e+00,-6.591794744989469379e+00,-1.653258742056979758e+00,-3.170086512394258538e+00,-8.921457461954276358e-01
-3.961032748861789354e+00,-9.677148698471229604e-01,-2.464042913670104085e+00,-9.736311587542337831e-01,-3.031783332259135655e+00,-4.485754379737950437e+00,-6.741315017419975852e+00,-1.653258742056979758e+00,-3.170086512394258538e+00,-8.921457461954276358e-01
-3.961032748861789354e+00,-9.677148698471229604e-01,-2.464042913670104085e+00,-9.736311587542337831e-01,-3.031783332259135655e+00,-4.485754379737950437e+00,-6.741315017419975852e+00,-1.653258742056979758e+00,-3.170086512394258538e+00,-8.921457461954276358e-01
-3.961032748861789354e+00,-9.677148698471229604e-01,-2.464042913670104085e+00,-9.736311587542337831e-01,-3.031783332259135655e+00,-4.485754379737950437e+00,-6.741315017419975852e+00,-1.653258742056979758e+00,-3.170086512394258538e+00,-8.921457461954276358e-01
-3.961032748861789354e+00,-9.677148698471229604e-01,-2.464042913670104085e+00,-9.736311587542337831e-01,-3.031783332259135655e+00,-4.485754379737950437e+00,-6.741315017419975852e+00,-1.653258742056979758e+00,-3.170086512394258538e+00,-8.921457461954276358e-01
-3.961032748861789354e+00,-9.677148698471229604e-01,-2.464042913670104085e+00,-9.736311587542337831e-01,-3.031783332259135655e+00,-4.485754379737950437e+00,-6.741315017419975852e+00,-1.766166646102102389e+00,-3.170086512394258538e+00,-8.921457461954276358e-01
-3.961032748861789354e+00,-9.677148698471229604e-01,-2.464042913670104085e+00,-9.736311587542337831e-01,-3.031783332259135655e+00,-4.485754379737950437e+00,-6.741315017419975852e+00,-1.766166646102102389e+00,-3.170086512394258538e+00,-8.921457461954276358e-01
-3.961032748861789354e+00,-9.677148698471229604e-01,-2.464042913670104085e+00,-9.736311587542337831e-01,-3.031783332259135655e+00,-4.485754379737950437e+00,-6.741315017419975852e+00,-1.766166646102102389e+00,-3.170086512394258538e+00,-8.921457461954276358e-01
-3.961032748861789354e+00,-9.677148698471229604e-01,-2.464042913670104085e+00,-9.736311587542337831e-01,-3.031783332259135655e+00,-4.485754379737950437e+00,-6.741315017419975852e+00,-1.766166646102102389e+00,-3.170086512394258538e+00,-8.921457461954276358e-01
-3.961032748861789354e+00,-9.677148698471229604e-01,-2.464042913670104085e+00,-9.736311587542337831e-01,-3.031783332259135655e+00,-4.485754379737950437e+00,-6.741315017419975852e+00,-1.766166646102102389e+00,-3.170086512394258538e+00,-8.921457461954276358e-01
-3.961032748861789354e+00,-9.677148698471229604e-01,-2.464042913670104085e+00,-9.736311587542337831e-01,-3.031783332259135655e+00,-4.485754379737950437e+00,-7.073991517558927633e+00,-1.766166646102102389e+00,-3.170086512394258538e+00,-8.921457461954276358e-01
-3.961032748861789354e+00,-9.677148698471229604e-01,-2.464042913670104085e+00,-9.736311587542337831e-01,-3.031783332259135655e+00,-4.485754379737950437e+00,-7.073991517558927633e+00,-1.766166646102102389e+00,-3.170086512394258538e+00,-8.921457461954276358e-01
-3.961032748861789354e+00,-9.677148698471229604e-01,-2.464042913670104085e+00,-9.736311587542337831e-01,-3.031783332259135655e+00,-4.485754379737950437e+00,-7.073991517558927633e+00,-1.766166646102102389e+00,-3.170086512394258538e+00,-8.921457461954276358e-01
-3.961032748861789354e+00,-9.677148698471229604e-01,-2.464042913670104085e+00,-9.736311587542337831e-01,-3.031783332259135655e+00,-4.485754379737950437e+00,-7.073991517558927633e+00,-1.766166646102102389e+00,-3.170086512394258538e+00,-8.921457461954276358e-01
