2.452621986551503097e-01,1.898953462202990494e-01,4.224234252449563520e+00,9.914938194076421407e-01,7.780034180265562593e-01,9.941702606744072801e-01,3.023073799175612475e+00,2.415622018227413736e+00,6.541285507392766707e-01,1.296829969271891647e+00
2.452621986551503097e-01,-1.096999387367997292e+00,3.128720594823628520e+00,9.914938194076421407e-01,7.780034180265562593e-01,9.941702606744072801e-01,3.023073799175612475e+00,-5.348946835778745079e-01,6.509969562788771036e-01,4.385326970566483240e-01
2.452621986551503097e-01,-1.096999387367997292e+00,3.128720594823628520e+00,9.914938194076421407e-01,7.780034180265562593e-01,-8.783146516313840302e-02,2.598952858169114144e+00,-5.348946835778745079e-01,4.962311782295709683e-01,-1.902848056743042249e-01
1.228432847040362985e-01,-2.054701875036551773e+00,2.199210799555755713e+00,8.348400963016424647e-01,7.780034180265562593e-01,-2.664019988357797519e-01,2.598952858169114144e+00,-5.348946835778745079e-01,4.962311782295709683e-01,-1.902848056743042249e-01
1.228432847040362985e-01,-2.054701875036551773e+00,2.199210799555755713e+00,8.348400963016424647e-01,1.268583904970187470e-01,-2.664019988357797519e-01,2.598952858169114144e+00,-5.348946835778745079e-01,4.962311782295709683e-01,-1.902848056743042249e-01
-6.017367375647605238e-02,-2.054701875036551773e+00,2.199210799555755713e+00,-4.136311491694158460e-02,-4.053286444285460477e-01,-2.664019988357797519e-01,6.941020555257841895e-01,-5.348946835778745079e-01,4.962311782295709683e-01,-1.981509581327862479e+00
-6.017367375647605238e-02,-2.054701875036551773e+00,2.199210799555755713e+00,-4.136311491694158460e-02,-4.053286444285460477e-01,-5.690697883654378675e-01,6.941020555257841895e-01,-5.348946835778745079e-01,4.962311782295709683e-01,-3.400455793207954880e+00
-6.017367375647605238e-02,-2.054701875036551773e+00,2.199210799555755713e+00,-4.136311491694158460e-02,-4.053286444285460477e-01,-5.690697883654378675e-01,6.941020555257841895e-01,-5.348946835778745079e-01,2.516413336659391597e-01,-3.400455793207954880e+00
-6.017367375647605238e-02,-2.054701875036551773e+00,2.199210799555755713e+00,-4.136311491694158460e-02,-4.053286444285460477e-01,-5.690697883654378675e-01,6.941020555257841895e-01,-5.348946835778745079e-01,1.552511242603991926e-01,-3.400455793207954880e+00
-6.017367375647605238e-02,-2.054701875036551773e+00,1.551853749596494580e+00,-4.136311491694158460e-02,-1.125995487148285124e+00,-6.170038579412761015e-01,6.941020555257841895e-01,-5.348946835778745079e-01,1.552511242603991926e-01,-3.400455793207954880e+00
-6.017367375647605238e-02,-2.054701875036551773e+00,1.551853749596494580e+00,-4.136311491694158460e-02,-1.125995487148285124e+00,-2.619590153456925030e+00,6.941020555257841895e-01,-5.348946835778745079e-01,-1.255172967363036296e-01,-3.400455793207954880e+00
-6.017367375647605238e-02,-2.054701875036551773e+00,1.551853749596494580e+00,-4.136311491694158460e-02,-1.125995487148285124e+00,-2.968911716325352224e+00,6.941020555257841895e-01,-5.348946835778745079e-01,-1.255172967363036296e-01,-3.400455793207954880e+00
-6.017367375647605238e-02,-2.054701875036551773e+00,1.551853749596494580e+00,-4.136311491694158460e-02,-1.125995487148285124e+00,-2.968911716325352224e+00,3.165093759621798730e-01,-5.348946835778745079e-01,-1.160610406325123023e+00,-3.400455793207954880e+00
-6.017367375647605238e-02,-2.054701875036551773e+00,1.551853749596494580e+00,-4.136311491694158460e-02,-1.177638288413958456e+00,-2.968911716325352224e+00,3.165093759621798730e-01,-5.348946835778745079e-01,-1.160610406325123023e+00,-3.400455793207954880e+00
-6.017367375647605238e-02,-2.054701875036551773e+00,1.551853749596494580e+00,-4.136311491694158460e-02,-1.177638288413958456e+00,-2.968911716325352224e+00,3.165093759621798730e-01,-5.348946835778745079e-01,-1.160610406325123023e+00,-3.400455793207954880e+00
-6.017367375647605238e-02,-2.054701875036551773e+00,1.551853749596494580e+00,-4.136311491694158460e-02,-1.177638288413958456e+00,-2.968911716325352224e+00,3.165093759621798730e-01,-5.348946835778745079e-01,-1.160610406325123023e+00,-3.400455793207954880e+00
-7.361237916104198531e-01,-2.054701875036551773e+00,1.551853749596494580e+00,-4.136311491694158460e-02,-1.177638288413958456e+00,-2.968911716325352224e+00,3.165093759621798730e-01,-5.348946835778745079e-01,-1.160610406325123023e+00,-3.400455793207954880e+00
-7.361237916104198531e-01,-2.054701875036551773e+00,1.551853749596494580e+00,-4.136311491694158460e-02,-1.177638288413958456e+00,-2.968911716325352224e+00,3.165093759621798730e-01,-5.348946835778745079e-01,-1.160610406325123023e+00,-3.400455793207954880e+00
-7.361237916104198531e-01,-2.054701875036551773e+00,1.198998436195588990e+00,-4.136311491694158460e-02,-1.177638288413958456e+00,-2.968911716325352224e+00,3.165093759621798730e-01,-5.348946835778745079e-01,-1.160610406325123023e+00,-3.400455793207954880e+00
-7.361237916104198531e-01,-2.054701875036551773e+00,1.198998436195588990e+00,-4.136311491694158460e-02,-1.177638288413958456e+00,-2.968911716325352224e+00,-4.088807494734519876e-02,-5.348946835778745079e-01,-1.160610406325123023e+00,-3.813443684966053127e+00
-7.361237916104198531e-01,-2.054701875036551773e+00,1.176080028295920066e+00,-4.136311491694158460e-02,-1.177638288413958456e+00,-2.968911716325352224e+00,-4.088807494734519876e-02,-5.348946835778745079e-01,-1.160610406325123023e+00,-3.813443684966053127e+00
-7.361237916104198531e-01,-2.054701875036551773e+00,1.176080028295920066e+00,-4.136311491694158460e-02,-1.177638288413958456e+00,-2.968911716325352224e+00,-4.088807494734519876e-02,-5.348946835778745079e-01,-1.160610406325123023e+00,-3.813443684966053127e+00
-7.361237916104198531e-01,-2.054701875036551773e+00,1.176080028295920066e+00,-4.136311491694158460e-02,-1.341254825273472839e+00,-2.968911716325352224e+00,-4.088807494734519876e-02,-5.348946835778745079e-01,-1.160610406325123023e+00,-3.813443684966053127e+00
-7.361237916104198531e-01,-2.054701875036551773e+00,1.176080028295920066e+00,-5.141281652733653562e-02,-1.341254825273472839e+00,-2.968911716325352224e+00,-4.088807494734519876e-02,-5.348946835778745079e-01,-1.183394293401368147e+00,-3.813443684966053127e+00
-7.361237916104198531e-01,-2.054701875036551773e+00,1.176080028295920066e+00,-5.141281652733653562e-02,-1.341254825273472839e+00,-2.968911716325352224e+00,-4.088807494734519876e-02,-5.348946835778745079e-01,-1.183394293401368147e+00,-3.813443684966053127e+00
-7.361237916104198531e-01,-2.054701875036551773e+00,1.176080028295920066e+00,-5.141281652733653562e-02,-1.341254825273472839e+00,-2.968911716325352224e+00,-4.088807494734519876e-02,-5.348946835778745079e-01,-1.183394293401368147e+00,-3.813443684966053127e+00
-7.361237916104198531e-01,-2.054701875036551773e+00,1.176080028295920066e+00,-5.141281652733653562e-02,-1.341254825273472839e+00,-2.968911716325352224e+00,-4.088807494734519876e-02,-5.348946835778745079e-01,-1.183394293401368147e+00,-3.813443684966053127e+00
-7.361237916104198531e-01,-2.054701875036551773e+00,1.176080028295920066e+00,-5.141281652733653562e-02,-1.341254825273472839e+00,-2.968911716325352224e+00,-9.849169575638512530e-02,-5.348946835778745079e-01,-1.183394293401368147e+00,-3.813443684966053127e+00
-7.361237916104198531e-01,-2.054701875036551773e+00,1.176080028295920066e+00,-5.141281652733653562e-02,-1.341254825273472839e+00,-2.968911716325352224e+00,-9.849169575638512530e-02,-5.348946835778745079e-01,-1.183394293401368147e+00,-3.813443684966053127e+00
-7.361237916104198531e-01,-2.054701875036551773e+00,1.176080028295920066e+00,-5.141281652733653562e-02,-1.341254825273472839e+00,-4.142690252521413541e+00,-9.849169575638512530e-02,-5.348946835778745079e-01,-1.518185203712393072e+00,-3.813443684966053127e+00
-1.233935137223640233e+00,-2.054701875036551773e+00,1.176080028295920066e+00,-5.141281652733653562e-02,-1.341254825273472839e+00,-4.142690252521413541e+00,-9.849169575638512530e-02,-5.348946835778745079e-01,-1.518185203712393072e+00,-3.813443684966053127e+00
-1.233935137223640233e+00,-2.054701875036551773e+00,1.176080028295920066e+00,-5.141281652733653562e-02,-1.341254825273472839e+00,-4.142690252521413541e+00,-9.849169575638512530e-02,-5.348946835778745079e-01,-1.518185203712393072e+00,-3.813443684966053127e+00
-2.215195982872441238e+00,-2.054701875036551773e+00,7.332199186023105053e-01,-5.141281652733653562e-02,-1.341254825273472839e+00,-4.142690252521413541e+00,-9.849169575638512530e-02,-5.348946835778745079e-01,-1.518185203712393072e+00,-3.813443684966053127e+00
-2.215195982872441238e+00,-2.054701875036551773e+00,7.332199186023105053e-01,-5.141281652733653562e-02,-1.341254825273472839e+00,-4.142690252521413541e+00,-9.849169575638512530e-02,-5.348946835778745079e-01,-1.518185203712393072e+00,-3.813443684966053127e+00
-2.215195982872441238e+00,-2.054701875036551773e+00,7.332199186023105053e-01,-5.141281652733653562e-02,-1.341254825273472839e+00,-4.142690252521413541e+00,-9.849169575638512530e-02,-5.348946835778745079e-01,-1.518185203712393072e+00,-3.813443684966053127e+00
-2.215195982872441238e+00,-2.054701875036551773e+00,7.332199186023105053e-01,-3.917225197108650248e-01,-1.341254825273472839e+00,-4.142690252521413541e+00,-9.849169575638512530e-02,-5.348946835778745079e-01,-1.518185203712393072e+00,-3.813443684966053127e+00
-2.215195982872441238e+00,-2.054701875036551773e+00,7.332199186023105053e-01,-3.917225197108650248e-01,-1.341254825273472839e+00,-4.142690252521413541e+00,-9.849169575638512530e-02,-5.348946835778745079e-01,-1.518185203712393072e+00,-3.813443684966053127e+00
-2.215195982872441238e+00,-2.054701875036551773e+00,7.332199186023105053e-01,-3.917225197108650248e-01,-1.341254825273472839e+00,-4.142690252521413541e+00,-9.849169575638512530e-02,-5.348946835778745079e-01,-1.518185203712393072e+00,-4.468126101505814241e+00
-2.215195982872441238e+00,-2.054701875036551773e+00,7.332199186023105053e-01,-3.917225197108650248e-01,-1.341254825273472839e+00,-4.142690252521413541e+00,-5.430711360742616067e-01,-5.348946835778745079e-01,-1.518185203712393072e+00,-4.468126101505814241e+00
-2.215195982872441238e+00,-2.054701875036551773e+00,7.332199186023105053e-01,-3.917225197108650248e-01,-1.341254825273472839e+00,-4.142690252521413541e+00,-5.430711360742616067e-01,-5.348946835778745079e-01,-1.518185203712393072e+00,-4.468126101505814241e+00
-2.215195982872441238e+00,-2.054701875036551773e+00,7.332199186023105053e-01,-1.932920745901806070e+00,-1.341254825273472839e+00,-4.142690252521413541e+00,-5.430711360742616067e-01,-5.348946835778745079e-01,-1.518185203712393072e+00,-4.468126101505814241e+00
-2.215195982872441238e+00,-2.054701875036551773e+00,7.332199186023105053e-01,-1.932920745901806070e+00,-1.341254825273472839e+00,-4.142690252521413541e+00,-5.430711360742616067e-01,-5.348946835778745079e-01,-1.518185203712393072e+00,-4.468126101505814241e+00
-2.215195982872441238e+00,-2.054701875036551773e+00,7.332199186023105053e-01,-1.932920745901806070e+00,-1.341254825273472839e+00,-4.142690252521413541e+00,-5.430711360742616067e-01,-5.348946835778745079e-01,-1.518185203712393072e+00,-4.468126101505814241e+00
-2.215195982872441238e+00,-2.054701875036551773e+00,7.332199186023105053e-01,-1.932920745901806070e+00,-1.341254825273472839e+00,-4.142690252521413541e+00,-5.430711360742616067e-01,-5.348946835778745079e-01,-1.518185203712393072e+00,-4.468126101505814241e+00
-2.215195982872441238e+00,-2.054701875036551773e+00,7.332199186023105053e-01,-2.373282412647493622e+00,-1.341254825273472839e+00,-4.142690252521413541e+00,-5.430711360742616067e-01,-5.348946835778745079e-01,-1.518185203712393072e+00,-4.468126101505814241e+00
-2.215195982872441238e+00,-2.054701875036551773e+00,7.332199186023105053e-01,-3.450536736374290481e+00,-1.341254825273472839e+00,-4.142690252521413541e+00,-5.430711360742616067e-01,-5.348946835778745079e-01,-1.518185203712393072e+00,-4.468126101505814241e+00
-2.215195982872441238e+00,-2.238798356407432966e+00,7.332199186023105053e-01,-3.450536736374290481e+00,-1.341254825273472839e+00,-4.224660419789513455e+00,-5.430711360742616067e-01,-5.348946835778745079e-01,-1.518185203712393072e+00,-4.468126101505814241e+00
-2.215195982872441238e+00,-2.238798356407432966e+00,7.332199186023105053e-01,-3.450536736374290481e+00,-1.341254825273472839e+00,-4.224660419789513455e+00,-5.430711360742616067e-01,-5.348946835778745079e-01,-1.518185203712393072e+00,-4.468126101505814241e+00
-2.215195982872441238e+00,-2.238798356407432966e+00,7.332199186023105053e-01,-3.450536736374290481e+00,-1.341254825273472839e+00,-4.224660419789513455e+00,-5.430711360742616067e-01,-5.348946835778745079e-01,-1.518185203712393072e+00,-4.468126101505814241e+00
-2.215195982872441238e+00,-2.238798356407432966e+00,7.332199186023105053e-01,-3.450536736374290481e+00,-1.341254825273472839e+00,-4.224660419789513455e+00,-1.020271841200315110e+00,-5.348946835778745079e-01,-1.518185203712393072e+00,-4.468126101505814241e+00
-2.215195982872441238e+00,-2.238798356407432966e+00,7.332199186023105053e-01,-3.450536736374290481e+00,-1.341254825273472839e+00,-4.224660419789513455e+00,-1.020271841200315110e+00,-5.348946835778745079e-01,-1.518185203712393072e+00,-4.468126101505814241e+00
-2.215195982872441238e+00,-2.238798356407432966e+00,7.332199186023105053e-01,-3.450536736374290481e+00,-1.341254825273472839e+00,-4.224660419789513455e+00,-1.020271841200315110e+00,-5.348946835778745079e-01,-1.518185203712393072e+00,-4.468126101505814241e+00
-2.215195982872441238e+00,-2.238798356407432966e+00,7.332199186023105053e-01,-3.490525001275366357e+00,-1.341254825273472839e+00,-4.224660419789513455e+00,-1.020271841200315110e+00,-5.348946835778745079e-01,-1.518185203712393072e+00,-4.468126101505814241e+00
-2.215195982872441238e+00,-2.681170769486180383e+00,7.332199186023105053e-01,-3.490525001275366357e+00,-1.689936108738294696e+00,-4.224660419789513455e+00,-1.020271841200315110e+00,-6.160760453821529925e-01,-1.518185203712393072e+00,-4.468126101505814241e+00
-2.215195982872441238e+00,-2.681170769486180383e+00,7.332199186023105053e-01,-4.039021985858284758e+00,-1.689936108738294696e+00,-4.224660419789513455e+00,-1.020271841200315110e+00,-6.160760453821529925e-01,-1.518185203712393072e+00,-4.468126101505814241e+00
-2.215195982872441238e+00,-2.681170769486180383e+00,7.332199186023105053e-01,-4.039021985858284758e+00,-1.864943474552110736e+00,-4.224660419789513455e+00,-1.020271841200315110e+00,-6.160760453821529925e-01,-1.518185203712393072e+00,-4.468126101505814241e+00
-2.215195982872441238e+00,-2.681170769486180383e+00,7.332199186023105053e-01,-4.039021985858284758e+00,-1.871550527303039502e+00,-4.224660419789513455e+00,-1.020271841200315110e+00,-6.160760453821529925e-01,-1.518185203712393072e+00,-4.468126101505814241e+00
-2.215195982872441238e+00,-2.681170769486180383e+00,7.332199186023105053e-01,-4.039021985858284758e+00,-1.871550527303039502e+00,-4.224660419789513455e+00,-1.020271841200315110e+00,-6.160760453821529925e-01,-1.518185203712393072e+00,-4.468126101505814241e+00
-2.215195982872441238e+00,-2.681170769486180383e+00,7.332199186023105053e-01,-4.039021985858284758e+00,-1.871550527303039502e+00,-4.224660419789513455e+00,-1.020271841200315110e+00,-6.160760453821529925e-01,-1.518185203712393072e+00,-4.468126101505814241e+00
-2.215195982872441238e+00,-2.681170769486180383e+00,7.332199186023105053e-01,-4.039021985858284758e+00,-1.871550527303039502e+00,-4.224660419789513455e+00,-1.020271841200315110e+00,-8.978677690495644459e-01,-1.518185203712393072e+00,-4.468126101505814241e+00
-2.215195982872441238e+00,-2.681170769486180383e+00,7.332199186023105053e-01,-4.039021985858284758e+00,-1.871550527303039502e+00,-4.224660419789513455e+00,-1.020271841200315110e+00,-8.978677690495644459e-01,-1.518185203712393072e+00,-4.468126101505814241e+00
-2.215195982872441238e+00,-2.681170769486180383e+00,7.332199186023105053e-01,-4.039021985858284758e+00,-1.871550527303039502e+00,-4.224660419789513455e+00,-1.020271841200315110e+00,-8.978677690495644459e-01,-1.518185203712393072e+00,-4.468126101505814241e+00
-2.215195982872441238e+00,-2.681170769486180383e+00,7.332199186023105053e-01,-4.039021985858284758e+00,-1.871550527303039502e+00,-4.224660419789513455e+00,-1.047438333304523850e+00,-8.978677690495644459e-01,-1.518185203712393072e+00,-4.468126101505814241e+00
-2.215195982872441238e+00,-2.681170769486180383e+00,7.332199186023105053e-01,-4.039021985858284758e+00,-1.871550527303039502e+00,-4.224660419789513455e+00,-1.047438333304523850e+00,-8.978677690495644459e-01,-1.518185203712393072e+00,-4.468126101505814241e+00
-2.215195982872441238e+00,-2.681170769486180383e+00,7.332199186023105053e-01,-4.039021985858284758e+00,-1.871550527303039502e+00,-4.224660419789513455e+00,-1.047438333304523850e+00,-8.978677690495644459e-01,-1.518185203712393072e+00,-4.468126101505814241e+00
-2.215195982872441238e+00,-2.681170769486180383e+00,7.332199186023105053e-01,-4.039021985858284758e+00,-1.871550527303039502e+00,-4.224660419789513455e+00,-1.047438333304523850e+00,-8.978677690495644459e-01,-1.518185203712393072e+00,-4.468126101505814241e+00
-2.215195982872441238e+00,-2.681170769486180383e+00,7.332199186023105053e-01,-4.039021985858284758e+00,-1.871550527303039502e+00,-4.224660419789513455e+00,-1.047438333304523850e+00,-8.978677690495644459e-01,-1.518185203712393072e+00,-4.468126101505814241e+00
-2.215195982872441238e+00,-2.681170769486180383e+00,7.332199186023105053e-01,-4.039021985858284758e+00,-1.871550527303039502e+00,-4.224660419789513455e+00,-1.047438333304523850e+00,-8.978677690495644459e-01,-1.518185203712393072e+00,-4.468126101505814241e+00
-3.233650617164783192e+00,-2.681170769486180383e+00,7.332199186023105053e-01,-4.039021985858284758e+00,-1.871550527303039502e+00,-4.224660419789513455e+00,-1.047438333304523850e+00,-8.978677690495644459e-01,-1.518185203712393072e+00,-4.468126101505814241e+00
-3.233650617164783192e+00,-2.780157505425551623e+00,7.332199186023105053e-01,-4.039021985858284758e+00,-2.239170938080481399e+00,-4.224660419789513455e+00,-1.047438333304523850e+00,-8.978677690495644459e-01,-1.518185203712393072e+00,-4.468126101505814241e+00
-3.546344141846223152e+00,-4.407571435163589513e+00,7.332199186023105053e-01,-4.039021985858284758e+00,-2.239170938080481399e+00,-4.224660419789513455e+00,-1.368955922312450113e+00,-8.978677690495644459e-01,-1.518185203712393072e+00,-4.468126101505814241e+00
-3.546344141846223152e+00,-4.407571435163589513e+00,7.332199186023105053e-01,-4.039021985858284758e+00,-2.239170938080481399e+00,-4.224660419789513455e+00,-1.368955922312450113e+00,-8.978677690495644459e-01,-1.518185203712393072e+00,-4.468126101505814241e+00
-3.546344141846223152e+00,-4.407571435163589513e+00,7.332199186023105053e-01,-4.039021985858284758e+00,-2.239170938080481399e+00,-4.224660419789513455e+00,-1.368955922312450113e+00,-8.978677690495644459e-01,-1.518185203712393072e+00,-4.468126101505814241e+00
-3.546344141846223152e+00,-4.407571435163589513e+00,7.332199186023105053e-01,-4.039021985858284758e+00,-2.239170938080481399e+00,-4.224660419789513455e+00,-1.368955922312450113e+00,-8.978677690495644459e-01,-1.518185203712393072e+00,-4.468126101505814241e+00
-3.546344141846223152e+00,-4.407571435163589513e+00,7.332199186023105053e-01,-4.039021985858284758e+00,-2.239170938080481399e+00,-4.224660419789513455e+00,-1.368955922312450113e+00,-8.978677690495644459e-01,-1.518185203712393072e+00,-4.468126101505814241e+00
-3.546344141846223152e+00,-4.407571435163589513e+00,7.332199186023105053e-01,-4.039021985858284758e+00,-2.239170938080481399e+00,-4.224660419789513455e+00,-1.368955922312450113e+00,-8.978677690495644459e-01,-1.518185203712393072e+00,-4.468126101505814241e+00
