-3.973839842092591335e-01,-6.594695887310955129e-01,-1.380223175580090000e+00,1.940779077140256437e+00,8.548961978446175669e-01,-1.951902174330742146e-01,-4.403251972031834716e-01,-1.619231956729374478e+00,4.710775718344551999e-01,1.038669240623891765e+00
-3.973839842092591335e-01,-6.594695887310955129e-01,-1.380223175580090000e+00,-1.340134303242538349e-01,8.548961978446175669e-01,-1.951902174330742146e-01,-4.403251972031834716e-01,-1.781116911231277689e+00,4.710775718344551999e-01,1.038669240623891765e+00
-3.973839842092591335e-01,-6.594695887310955129e-01,-1.380223175580090000e+00,-1.340134303242538349e-01,8.548961978446175669e-01,-1.951902174330742146e-01,-6.328888033377679800e-01,-1.781116911231277689e+00,4.710775718344551999e-01,1.038669240623891765e+00
-3.973839842092591335e-01,-6.594695887310955129e-01,-1.942983922110723460e+00,-1.340134303242538349e-01,8.548961978446175669e-01,-1.951902174330742146e-01,-1.049624645367609466e+00,-1.781116911231277689e+00,4.710775718344551999e-01,1.038669240623891765e+00
-5.383267813941154945e-01,-6.594695887310955129e-01,-1.942983922110723460e+00,-1.340134303242538349e-01,8.548961978446175669e-01,-1.951902174330742146e-01,-1.049624645367609466e+00,-1.781116911231277689e+00,4.448878454870953680e-01,1.038669240623891765e+00
-9.892988335638426278e-01,-6.594695887310955129e-01,-1.942983922110723460e+00,-2.455376100476304169e-01,8.548961978446175669e-01,-1.951902174330742146e-01,-1.049624645367609466e+00,-1.781116911231277689e+00,4.448878454870953680e-01,3.988596531707673531e-02
-1.481326749093458295e+00,-7.689631166607742152e-01,-1.942983922110723460e+00,-2.455376100476304169e-01,8.548961978446175669e-01,-1.951902174330742146e-01,-1.049624645367609466e+00,-1.781116911231277689e+00,4.448878454870953680e-01,3.988596531707673531e-02
-1.481326749093458295e+00,-1.220657325608420107e+00,-1.942983922110723460e+00,-2.455376100476304169e-01,8.548961978446175669e-01,-1.951902174330742146e-01,-1.187674992912349570e+00,-1.856043879989516254e+00,2.029611888624656690e-01,3.988596531707673531e-02
-2.063828086716480659e+00,-1.869150356680914449e+00,-1.942983922110723460e+00,-2.455376100476304169e-01,8.548961978446175669e-01,-1.041969567160067500e+00,-1.187674992912349570e+00,-1.856043879989516254e+00,2.029611888624656690e-01,-7.699025858953904844e-02
-2.063828086716480659e+00,-1.869150356680914449e+00,-1.942983922110723460e+00,-2.455376100476304169e-01,8.548961978446175669e-01,-1.041969567160067500e+00,-1.257311999101832889e+00,-1.856043879989516254e+00,2.029611888624656690e-01,-1.210173756980765125e+00
-2.388980140308008870e+00,-1.869150356680914449e+00,-1.942983922110723460e+00,-2.455376100476304169e-01,8.548961978446175669e-01,-1.041969567160067500e+00,-1.257311999101832889e+00,-1.856043879989516254e+00,1.122644981839789752e-01,-1.210173756980765125e+00
-2.388980140308008870e+00,-1.869150356680914449e+00,-2.218411766011963326e+00,-2.455376100476304169e-01,8.548961978446175669e-01,-1.041969567160067500e+00,-1.257311999101832889e+00,-1.856043879989516254e+00,1.122644981839789752e-01,-1.210173756980765125e+00
-2.388980140308008870e+00,-1.869150356680914449e+00,-2.218411766011963326e+00,-8.279710242783165919e-01,8.548961978446175669e-01,-1.475959737560518903e+00,-1.257311999101832889e+00,-1.856043879989516254e+00,1.035679942751695781e-01,-1.210173756980765125e+00
-2.388980140308008870e+00,-1.869150356680914449e+00,-2.218411766011963326e+00,-8.279710242783165919e-01,8.548961978446175669e-01,-1.475959737560518903e+00,-1.257311999101832889e+00,-1.856043879989516254e+00,1.035679942751695781e-01,-1.210173756980765125e+00
-2.388980140308008870e+00,-1.869150356680914449e+00,-2.218411766011963326e+00,-8.279710242783165919e-01,8.548961978446175669e-01,-1.475959737560518903e+00,-1.257311999101832889e+00,-1.856043879989516254e+00,1.035679942751695781e-01,-1.210173756980765125e+00
-2.388980140308008870e+00,-1.869150356680914449e+00,-2.218411766011963326e+00,-8.279710242783165919e-01,8.548961978446175669e-01,-1.475959737560518903e+00,-1.257311999101832889e+00,-1.856043879989516254e+00,-9.113769516474300170e-02,-1.210173756980765125e+00
-2.388980140308008870e+00,-1.869150356680914449e+00,-2.218411766011963326e+00,-8.279710242783165919e-01,8.543911859212062199e-01,-1.475959737560518903e+00,-1.257311999101832889e+00,-2.857664286954999078e+00,-1.906771371956114680e-01,-1.210173756980765125e+00
-2.388980140308008870e+00,-1.869150356680914449e+00,-2.218411766011963326e+00,-8.279710242783165919e-01,8.543911859212062199e-01,-1.475959737560518903e+00,-1.257311999101832889e+00,-2.857664286954999078e+00,-1.906771371956114680e-01,-1.324698689536642826e+00
-2.388980140308008870e+00,-1.869150356680914449e+00,-2.218411766011963326e+00,-8.279710242783165919e-01,8.543911859212062199e-01,-1.475959737560518903e+00,-1.257311999101832889e+00,-5.093592467200421581e+00,-1.906771371956114680e-01,-1.324698689536642826e+00
-2.388980140308008870e+00,-1.869150356680914449e+00,-2.218411766011963326e+00,-8.279710242783165919e-01,8.543911859212062199e-01,-1.475959737560518903e+00,-1.299181652268572407e+00,-5.093592467200421581e+00,-2.444568852692919070e-01,-1.324698689536642826e+00
-2.388980140308008870e+00,-1.869150356680914449e+00,-2.218411766011963326e+00,-8.279710242783165919e-01,8.543911859212062199e-01,-1.475959737560518903e+00,-1.299181652268572407e+00,-5.093592467200421581e+00,-2.444568852692919070e-01,-1.324698689536642826e+00
-2.388980140308008870e+00,-1.869150356680914449e+00,-2.218411766011963326e+00,-8.279710242783165919e-01,8.543911859212062199e-01,-1.475959737560518903e+00,-1.299181652268572407e+00,-5.093592467200421581e+00,-2.444568852692919070e-01,-1.324698689536642826e+00
-2.388980140308008870e+00,-1.869150356680914449e+00,-2.218411766011963326e+00,-8.279710242783165919e-01,8.543911859212062199e-01,-1.475959737560518903e+00,-1.299181652268572407e+00,-5.093592467200421581e+00,-2.444568852692919070e-01,-1.324698689536642826e+00
-2.388980140308008870e+00,-1.869150356680914449e+00,-2.218411766011963326e+00,-8.279710242783165919e-01,8.543911859212062199e-01,-1.475959737560518903e+00,-1.299181652268572407e+00,-5.093592467200421581e+00,-2.444568852692919070e-01,-1.324698689536642826e+00
-2.388980140308008870e+00,-1.869150356680914449e+00,-2.218411766011963326e+00,-8.279710242783165919e-01,8.543911859212062199e-01,-1.475959737560518903e+00,-1.299181652268572407e+00,-5.093592467200421581e+00,-2.444568852692919070e-01,-1.324698689536642826e+00
-2.388980140308008870e+00,-1.869150356680914449e+00,-2.218411766011963326e+00,-8.279710242783165919e-01,8.543911859212062199e-01,-1.475959737560518903e+00,-1.299181652268572407e+00,-5.093592467200421581e+00,-2.444568852692919070e-01,-1.324698689536642826e+00
-2.388980140308008870e+00,-1.869150356680914449e+00,-2.218411766011963326e+00,-8.279710242783165919e-01,8.543911859212062199e-01,-1.475959737560518903e+00,-1.299181652268572407e+00,-5.093592467200421581e+00,-2.444568852692919070e-01,-1.324698689536642826e+00
-2.388980140308008870e+00,-1.869150356680914449e+00,-2.218411766011963326e+00,-8.279710242783165919e-01,8.543911859212062199e-01,-1.475959737560518903e+00,-1.299181652268572407e+00,-5.093592467200421581e+00,-2.444568852692919070e-01,-1.324698689536642826e+00
-2.388980140308008870e+00,-1.869150356680914449e+00,-2.218411766011963326e+00,-9.605188138150768662e-01,8.543911859212062199e-01,-1.475959737560518903e+00,-1.299181652268572407e+00,-5.093592467200421581e+00,-3.509514850553030474e-01,-1.324698689536642826e+00
-2.388980140308008870e+00,-1.869150356680914449e+00,-2.218411766011963326e+00,-9.605188138150768662e-01,8.543911859212062199e-01,-1.475959737560518903e+00,-1.299181652268572407e+00,-5.093592467200421581e+00,-3.509514850553030474e-01,-1.324698689536642826e+00
-2.388980140308008870e+00,-1.869150356680914449e+00,-2.218411766011963326e+00,-9.605188138150768662e-01,8.543911859212062199e-01,-1.475959737560518903e+00,-1.622833625464044305e+00,-5.093592467200421581e+00,-3.509514850553030474e-01,-1.324698689536642826e+00
-2.388980140308008870e+00,-1.869150356680914449e+00,-2.218411766011963326e+00,-9.605188138150768662e-01,3.669253748270862592e-01,-1.475959737560518903e+00,-1.622833625464044305e+00,-5.093592467200421581e+00,-3.509514850553030474e-01,-1.324698689536642826e+00
-2.388980140308008870e+00,-1.869150356680914449e+00,-2.218411766011963326e+00,-9.605188138150768662e-01,3.669253748270862592e-01,-1.475959737560518903e+00,-1.622833625464044305e+00,-5.093592467200421581e+00,-3.509514850553030474e-01,-1.324698689536642826e+00
-2.388980140308008870e+00,-1.869150356680914449e+00,-2.218411766011963326e+00,-9.605188138150768662e-01,2.323404932954663826e-01,-1.475959737560518903e+00,-1.622833625464044305e+00,-5.093592467200421581e+00,-3.509514850553030474e-01,-1.324698689536642826e+00
-2.388980140308008870e+00,-1.869150356680914449e+00,-2.218411766011963326e+00,-9.605188138150768662e-01,2.323404932954663826e-01,-1.475959737560518903e+00,-1.622833625464044305e+00,-5.093592467200421581e+00,-3.509514850553030474e-01,-1.324698689536642826e+00
-2.739640235118286693e+00,-1.869150356680914449e+00,-2.218411766011963326e+00,-9.605188138150768662e-01,2.323404932954663826e-01,-1.475959737560518903e+00,-1.622833625464044305e+00,-5.093592467200421581e+00,-3.509514850553030474e-01,-1.324698689536642826e+00
-2.739640235118286693e+00,-1.869150356680914449e+00,-2.218411766011963326e+00,-9.605188138150768662e-01,2.323404932954663826e-01,-1.475959737560518903e+00,-1.622833625464044305e+00,-5.093592467200421581e+00,-3.509514850553030474e-01,-1.324698689536642826e+00
-2.739640235118286693e+00,-1.869150356680914449e+00,-2.218411766011963326e+00,-9.605188138150768662e-01,2.323404932954663826e-01,-1.484027493191481861e+00,-1.622833625464044305e+00,-5.093592467200421581e+00,-3.509514850553030474e-01,-1.324698689536642826e+00
-3.671893775537852012e+00,-1.869150356680914449e+00,-2.218411766011963326e+00,-9.605188138150768662e-01,2.323404932954663826e-01,-1.484027493191481861e+00,-1.622833625464044305e+00,-5.093592467200421581e+00,-3.509514850553030474e-01,-1.324698689536642826e+00
-3.671893775537852012e+00,-1.869150356680914449e+00,-2.218411766011963326e+00,-9.605188138150768662e-01,2.323404932954663826e-01,-1.484027493191481861e+00,-1.622833625464044305e+00,-5.093592467200421581e+00,-4.974981831199701277e-01,-1.324698689536642826e+00
-3.671893775537852012e+00,-1.869150356680914449e+00,-2.218411766011963326e+00,-9.605188138150768662e-01,2.323404932954663826e-01,-1.484027493191481861e+00,-1.622833625464044305e+00,-5.093592467200421581e+00,-4.974981831199701277e-01,-1.324698689536642826e+00
-3.671893775537852012e+00,-1.869150356680914449e+00,-2.218411766011963326e+00,-9.605188138150768662e-01,2.323404932954663826e-01,-1.484027493191481861e+00,-1.622833625464044305e+00,-5.093592467200421581e+00,-5.027957632890091011e-01,-1.324698689536642826e+00
-3.671893775537852012e+00,-1.869150356680914449e+00,-2.218411766011963326e+00,-9.605188138150768662e-01,2.323404932954663826e-01,-1.484027493191481861e+00,-1.622833625464044305e+00,-5.093592467200421581e+00,-5.027957632890091011e-01,-1.391094894626341505e+00
-3.671893775537852012e+00,-1.869150356680914449e+00,-2.218411766011963326e+00,-9.605188138150768662e-01,2.323404932954663826e-01,-1.484027493191481861e+00,-3.096936646849550279e+00,-5.093592467200421581e+00,-5.027957632890091011e-01,-1.391094894626341505e+00
-3.671893775537852012e+00,-1.869150356680914449e+00,-2.218411766011963326e+00,-9.605188138150768662e-01,2.323404932954663826e-01,-1.484027493191481861e+00,-3.096936646849550279e+00,-5.093592467200421581e+00,-5.027957632890091011e-01,-1.391094894626341505e+00
-3.671893775537852012e+00,-1.869150356680914449e+00,-2.218411766011963326e+00,-9.605188138150768662e-01,2.323404932954663826e-01,-1.484027493191481861e+00,-3.096936646849550279e+00,-5.093592467200421581e+00,-5.027957632890091011e-01,-1.391094894626341505e+00
-3.734683185898029389e+00,-1.869150356680914449e+00,-2.218411766011963326e+00,-9.605188138150768662e-01,2.323404932954663826e-01,-1.484027493191481861e+00,-3.096936646849550279e+00,-5.093592467200421581e+00,-5.027957632890091011e-01,-1.391094894626341505e+00
-3.734683185898029389e+00,-1.869150356680914449e+00,-2.218411766011963326e+00,-9.605188138150768662e-01,2.323404932954663826e-01,-1.484027493191481861e+00,-3.096936646849550279e+00,-5.093592467200421581e+00,-5.027957632890091011e-01,-1.391094894626341505e+00
-3.734683185898029389e+00,-1.869150356680914449e+00,-2.218411766011963326e+00,-9.605188138150768662e-01,2.323404932954663826e-01,-1.484027493191481861e+00,-3.096936646849550279e+00,-5.093592467200421581e+00,-5.027957632890091011e-01,-1.391094894626341505e+00
-3.734683185898029389e+00,-1.869150356680914449e+00,-2.218411766011963326e+00,-9.605188138150768662e-01,2.323404932954663826e-01,-1.484027493191481861e+00,-3.096936646849550279e+00,-5.093592467200421581e+00,-5.027957632890091011e-01,-1.391094894626341505e+00
-3.734683185898029389e+00,-1.869150356680914449e+00,-2.218411766011963326e+00,-9.605188138150768662e-01,2.323404932954663826e-01,-1.484027493191481861e+00,-3.096936646849550279e+00,-5.093592467200421581e+00,-1.256543467583312257e+00,-1.391094894626341505e+00
-3.734683185898029389e+00,-1.869150356680914449e+00,-2.218411766011963326e+00,-9.605188138150768662e-01,2.323404932954663826e-01,-1.484027493191481861e+00,-3.096936646849550279e+00,-5.093592467200421581e+00,-1.256543467583312257e+00,-1.391094894626341505e+00
-3.734683185898029389e+00,-1.869150356680914449e+00,-2.218411766011963326e+00,-9.605188138150768662e-01,2.323404932954663826e-01,-1.484027493191481861e+00,-3.096936646849550279e+00,-5.093592467200421581e+00,-1.256543467583312257e+00,-1.391094894626341505e+00
-3.734683185898029389e+00,-1.869150356680914449e+00,-2.218411766011963326e+00,-9.605188138150768662e-01,2.323404932954663826e-01,-1.484027493191481861e+00,-3.096936646849550279e+00,-5.093592467200421581e+00,-1.256543467583312257e+00,-1.391094894626341505e+00
-3.734683185898029389e+00,-1.869150356680914449e+00,-2.218411766011963326e+00,-9.605188138150768662e-01,2.323404932954663826e-01,-1.484027493191481861e+00,-3.096936646849550279e+00,-5.093592467200421581e+00,-1.256543467583312257e+00,-1.391094894626341505e+00
-3.734683185898029389e+00,-1.869150356680914449e+00,-2.218411766011963326e+00,-9.605188138150768662e-01,2.323404932954663826e-01,-1.484027493191481861e+00,-3.096936646849550279e+00,-5.093592467200421581e+00,-1.256543467583312257e+00,-1.391094894626341505e+00
-3.734683185898029389e+00,-1.869150356680914449e+00,-2.218411766011963326e+00,-9.605188138150768662e-01,2.323404932954663826e-01,-1.484027493191481861e+00,-3.096936646849550279e+00,-5.093592467200421581e+00,-1.256543467583312257e+00,-1.391094894626341505e+00
-3.734683185898029389e+00,-1.869150356680914449e+00,-2.218411766011963326e+00,-9.605188138150768662e-01,2.323404932954663826e-01,-1.484027493191481861e+00,-3.096936646849550279e+00,-5.093592467200421581e+00,-1.256543467583312257e+00,-1.391094894626341505e+00
-3.734683185898029389e+00,-1.869150356680914449e+00,-2.218411766011963326e+00,-9.605188138150768662e-01,2.323404932954663826e-01,-1.484027493191481861e+00,-3.096936646849550279e+00,-5.093592467200421581e+00,-1.256543467583312257e+00,-1.391094894626341505e+00
-3.734683185898029389e+00,-1.949540550227942592e+00,-2.218411766011963326e+00,-9.605188138150768662e-01,2.323404932954663826e-01,-1.484027493191481861e+00,-3.096936646849550279e+00,-5.093592467200421581e+00,-1.256543467583312257e+00,-1.391094894626341505e+00
-3.734683185898029389e+00,-1.949540550227942592e+00,-2.218411766011963326e+00,-9.605188138150768662e-01,2.323404932954663826e-01,-1.484027493191481861e+00,-3.096936646849550279e+00,-5.093592467200421581e+00,-1.256543467583312257e+00,-1.391094894626341505e+00
-3.734683185898029389e+00,-1.949540550227942592e+00,-2.218411766011963326e+00,-9.605188138150768662e-01,-7.176522319119349458e-02,-1.484027493191481861e+00,-3.096936646849550279e+00,-5.093592467200421581e+00,-1.256543467583312257e+00,-1.391094894626341505e+00
-3.734683185898029389e+00,-1.949540550227942592e+00,-2.218411766011963326e+00,-9.605188138150768662e-01,-7.176522319119349458e-02,-1.484027493191481861e+00,-3.096936646849550279e+00,-5.093592467200421581e+00,-1.256543467583312257e+00,-1.391094894626341505e+00
-3.734683185898029389e+00,-1.949540550227942592e+00,-2.218411766011963326e+00,-9.605188138150768662e-01,-7.176522319119349458e-02,-1.484027493191481861e+00,-3.096936646849550279e+00,-5.093592467200421581e+00,-1.256543467583312257e+00,-1.391094894626341505e+00
-3.734683185898029389e+00,-1.949540550227942592e+00,-2.218411766011963326e+00,-9.605188138150768662e-01,-7.176522319119349458e-02,-1.899416782317249419e+00,-3.096936646849550279e+00,-5.093592467200421581e+00,-1.256543467583312257e+00,-1.391094894626341505e+00
-3.734683185898029389e+00,-1.949540550227942592e+00,-2.218411766011963326e+00,-9.605188138150768662e-01,-7.176522319119349458e-02,-1.899416782317249419e+00,-3.096936646849550279e+00,-5.093592467200421581e+00,-1.256543467583312257e+00,-1.391094894626341505e+00
-3.734683185898029389e+00,-1.949540550227942592e+00,-2.218411766011963326e+00,-9.605188138150768662e-01,-7.176522319119349458e-02,-1.899416782317249419e+00,-3.096936646849550279e+00,-5.093592467200421581e+00,-1.256543467583312257e+00,-1.391094894626341505e+00
-3.734683185898029389e+00,-1.949540550227942592e+00,-2.218411766011963326e+00,-9.605188138150768662e-01,-7.176522319119349458e-02,-1.899416782317249419e+00,-3.096936646849550279e+00,-5.093592467200421581e+00,-1.256543467583312257e+00,-1.391094894626341505e+00
-3.734683185898029389e+00,-1.949540550227942592e+00,-2.218411766011963326e+00,-9.605188138150768662e-01,-7.176522319119349458e-02,-1.899416782317249419e+00,-3.096936646849550279e+00,-5.093592467200421581e+00,-1.256543467583312257e+00,-1.391094894626341505e+00
-3.734683185898029389e+00,-1.949540550227942592e+00,-2.218411766011963326e+00,-9.605188138150768662e-01,-7.176522319119349458e-02,-1.899416782317249419e+00,-3.096936646849550279e+00,-5.093592467200421581e+00,-1.256543467583312257e+00,-1.391094894626341505e+00
-3.734683185898029389e+00,-1.949540550227942592e+00,-2.218411766011963326e+00,-9.605188138150768662e-01,-7.176522319119349458e-02,-1.899416782317249419e+00,-3.096936646849550279e+00,-5.093592467200421581e+00,-1.256543467583312257e+00,-1.391094894626341505e+00
-3.734683185898029389e+00,-1.949540550227942592e+00,-2.218411766011963326e+00,-9.605188138150768662e-01,-7.176522319119349458e-02,-1.899416782317249419e+00,-3.096936646849550279e+00,-5.093592467200421581e+00,-1.256543467583312257e+00,-1.391094894626341505e+00
-3.734683185898029389e+00,-2.809696338281426176e+00,-2.218411766011963326e+00,-9.605188138150768662e-01,-7.176522319119349458e-02,-1.899416782317249419e+00,-3.096936646849550279e+00,-5.093592467200421581e+00,-1.256543467583312257e+00,-1.391094894626341505e+00
-3.734683185898029389e+00,-2.809696338281426176e+00,-2.218411766011963326e+00,-9.605188138150768662e-01,-7.176522319119349458e-02,-1.899416782317249419e+00,-3.096936646849550279e+00,-5.093592467200421581e+00,-1.256543467583312257e+00,-1.391094894626341505e+00
-3.734683185898029389e+00,-2.809696338281426176e+00,-2.218411766011963326e+00,-9.605188138150768662e-01,-7.176522319119349458e-02,-1.899416782317249419e+00,-3.096936646849550279e+00,-5.093592467200421581e+00,-1.256543467583312257e+00,-1.391094894626341505e+00
-3.734683185898029389e+00,-2.809696338281426176e+00,-2.218411766011963326e+00,-9.605188138150768662e-01,-7.176522319119349458e-02,-1.899416782317249419e+00,-3.096936646849550279e+00,-5.093592467200421581e+00,-1.290887670950216171e+00,-1.391094894626341505e+00
