[1.06473213 1.26690538 0.56004715 1.03172321 1.06959433 1.34926519
 1.24298442 0.81604714]

[1.4116924  0.73040223 1.16315295 1.36739606 1.03293552 0.75795054
 1.4755297  0.56697089]

[0.83146917 0.73043309 1.20428208 1.30892226 0.5175819  0.69675105
 1.16217562 1.09432727]

[0.68187365 0.75984437 0.59286301 0.75056504 0.74300566 1.08158973
 0.59758733 1.15411423]

[1.33789246 1.44977828 0.66148263 1.09527198 1.01564066 1.26774702
 1.42944608 1.20506026]

[0.52001099 1.43764192 0.97665179 0.98516953 1.06094874 0.54846704
 1.10008274 1.43347356]

[0.63414038 0.97636673 0.70991865 1.46162917 1.22385733 1.49904953
 0.75931364 0.69361622]

[1.01082596 0.68839793 0.7034218  0.65631953 1.21534194 1.03973328
 0.83136643 1.01494475]

[1.03370128 1.17728547 0.58517688 1.44908103 0.82074111 0.80722059
 1.38571801 1.0952398 ]

[1.25327799 0.75773522 0.77539471 1.00406242 0.62587013 0.63485014
 0.99427164 0.6521338 ]

[1.17067004 0.90290409 1.1884407  1.17358752 0.94689483 1.2184887
 0.92227304 1.45295057]

[1.24649171 1.06183422 1.4912928  1.21264733 1.42149448 0.92528699
 0.77696676 1.02562875]

[0.95199438 0.6065673  1.262682   0.89618614 1.3949984  0.56943791
 1.15467189 0.62625216]

[1.12116197 0.64393398 1.3234791  1.10789523 0.6730541  1.47112787
 1.00436998 1.08508253]

[0.51503938 0.98197943 1.30984834 0.92524356 1.09337744 1.33349804
 0.97752303 1.08007857]

[0.84348416 1.38313465 0.51155947 0.72997665 0.90633741 0.93687811
 1.26676031 0.86588028]

[0.97958352 1.41524087 0.67910973 1.01058051 0.87145276 0.61617639
 1.1820873  0.58319491]

[0.90021754 1.44287965 1.10169403 1.02661938 0.75022189 0.61969932
 0.83195518 1.33161353]

[1.38584826 0.94742686 1.10801786 1.35284632 1.2103594  1.4869444
 1.08708367 0.97747553]

[0.80348297 1.34097472 0.71455142 0.87915585 1.17798546 1.36700307
 0.94777922 0.78439007]

[0.68300623 1.23731572 1.25377631 1.01925877 1.09302024 0.59383747
 1.46862741 0.59771422]

[1.38949542 0.74306033 1.0738622  1.18955627 1.2681389  0.57633253
 0.93479968 1.38808281]

[1.43168867 1.244229   0.99971628 0.90240311 1.42084191 0.83473741
 0.57508403 0.87165524]

[1.20067273 0.59486299 0.71454386 1.41754945 1.30270038 1.40347974
 1.0904157  0.51237426]

[1.14351607 0.59370664 0.79996727 1.41160283 1.12057272 0.7285555
 1.10373249 1.46766735]

[1.09206988 1.43141497 0.96964981 0.90487219 0.72508998 0.78898488
 0.65744152 1.41807037]

[0.57909829 1.18923501 0.97574561 0.53136475 1.32319161 0.90508777
 0.96029969 0.68848132]

[1.11000229 0.65350104 0.54376995 0.65614643 1.10072161 1.0488556
 1.30589516 1.43556768]

[0.55381236 0.82927162 1.12421699 1.41760415 0.91725844 1.35022471
 0.80759015 1.00343314]

[1.01436719 1.25015781 1.33605108 0.89787404 1.06890261 1.36728479
 0.6652165  1.47859482]

[0.71837048 1.41065302 0.95424084 1.49227688 0.9788318  1.42480093
 1.17792486 0.62215478]

[1.37550272 0.96351962 0.98257425 0.70712447 0.96399023 0.50335037
 0.65072027 1.05104494]

[1.06955125 0.61891096 1.0440275  1.27098441 0.79797905 1.38693964
 0.77670558 1.17054148]

[0.56884344 1.16908608 0.83904173 1.0560463  0.64839162 0.93909899
 0.80605036 0.5767635 ]

[0.66818788 1.34984508 1.4791817  0.79342027 1.49696743 0.70931969
 0.74634435 0.59721069]

[0.56568726 1.40986233 0.77503342 0.76603689 1.4260168  1.0626152
 0.63233887 0.90531484]

[0.84535628 0.59993181 0.5658023  1.45062669 1.42810094 0.50498981
 1.02433627 0.97213542]

[0.97856889 0.9125664  0.70612106 0.50148646 0.84063546 1.1896392
 1.20136183 1.28257926]

[0.59776881 0.61422549 0.56584456 0.73720716 0.71062481 0.84453191
 0.95715316 0.71234684]

[0.86301016 1.16167872 1.47641355 1.05911273 1.07661763 0.9409341
 1.42382616 0.69010432]

[0.98286882 0.52745799 0.91471444 0.60969276 1.30937765 0.99880826
 1.33835533 1.09576093]

[1.1738788  0.76877477 1.06182565 1.03513837 0.70435693 1.17950166
 1.05809792 0.74441838]

[1.21432803 0.91802967 1.26212723 1.32772248 1.4542305  1.27591074
 0.99162022 1.3407873 ]

[0.87197358 1.22683749 1.18015149 0.95729035 1.49305364 1.32689286
 0.87390852 0.67500608]

[0.72460719 0.80582988 1.28547763 0.87806902 1.0806609  0.68586908
 0.69804798 1.2326162 ]

[0.96270689 1.27766239 1.10160037 1.30146555 0.51440865 0.85337197
 1.18307924 0.61452743]

[1.1065097  1.0804794  1.32551697 0.88448128 1.07368467 1.27930418
 0.54143004 0.93597254]

[1.20710125 1.33983587 0.51302994 0.78844904 1.43006047 1.32363968
 0.61730943 1.49429714]

[1.10431758 0.57969172 0.97763917 1.14058081 0.84901961 1.13099465
 1.13669777 0.8374125 ]

[1.34225027 1.40672001 1.26118551 0.6678982  0.92793164 1.04387278
 0.54337601 0.86973818]

[0.89053316 1.27240974 1.22646954 0.87394841 0.93687279 1.37235606
 1.13637645 1.24747441]

[1.05297397 0.60613279 0.99676778 1.35191938 1.15906475 0.90677378
 1.11122862 1.13320355]

[0.50703231 1.19263115 1.09186013 0.77520342 0.66614107 0.72882884
 1.01304813 1.35880822]

[0.70507235 0.98981861 1.06223487 0.74978178 1.16096238 0.77784705
 0.62761992 0.95533315]

[1.43124503 0.97970245 1.45672806 1.02535861 0.75163113 1.49801685
 1.05780339 1.36171705]

[0.93873109 1.31603424 1.13144694 1.13149444 1.10485879 1.35241212
 1.1608277  1.1002199 ]

[0.63830371 0.73900614 0.63275137 1.34310522 0.75191216 0.59912789
 0.74050363 1.12315364]

[1.01353996 1.472037   1.39531671 1.09294882 0.77182532 0.87478211
 1.24066617 1.12261063]

[1.34325779 1.17233578 1.1872531  0.87958123 1.35083113 0.92147262
 0.96498008 1.12277229]

[0.66690869 0.63805091 1.49917205 1.08254141 0.53166353 0.88979357
 0.90621393 0.91926169]

[1.47362107 0.8638204  0.55622476 1.00886434 0.60051927 0.52445917
 0.5455566  0.89881508]

[1.43772547 0.99287973 0.54427378 0.92553169 0.90878063 1.45689443
 1.48918784 0.86412848]

[1.20145791 1.14392899 1.09911719 0.82406572 0.50694309 0.5315347
 0.79078507 0.87468646]

[1.18096199 0.67365237 1.06654021 0.66760464 0.74992322 1.07670825
 0.56438151 1.04949822]

[0.68396886 0.63517433 1.15831572 0.93339065 1.14202824 1.20077245
 0.52609086 0.70036699]

[1.01899438 0.65479627 1.49881285 0.70458778 1.29140211 1.27952279
 1.37600066 0.67178214]

[1.43772547 0.99287973 1.4420124  0.92553169 0.90878063 1.45689443
 1.48918784 0.86412848]

[0.86457994 1.14392899 1.09911719 0.82406572 0.50694309 0.5315347
 0.79078507 0.87468646]

[1.02019294 0.67365237 1.06654021 0.66760464 0.74992322 1.07670825
 0.56438151 1.04949822]

[0.68396886 0.63517433 1.34521737 0.93339065 1.14202824 1.20077245
 0.52609086 0.70036699]

[1.01899438 1.42191763 1.49881285 0.70458778 1.29140211 1.27952279
 1.37600066 0.67178214]

[1.43772547 0.99287973 0.54427378 0.92553169 0.90878063 1.45689443
 1.48918784 0.86412848]

[0.86457994 1.14392899 1.09911719 0.82406572 0.50694309 0.5315347
 0.79078507 0.87468646]

[1.18096199 0.67365237 1.06654021 0.66760464 0.74992322 1.07670825
 0.56438151 1.04949822]

[0.68396886 0.63517433 1.15831572 0.93339065 1.14202824 1.20077245
 0.52609086 0.70036699]

[1.01899438 0.65479627 1.49881285 0.70458778 1.29140211 1.27952279
 1.37600066 0.67178214]

[1.43772547 0.99287973 0.54427378 0.92553169 0.90878063 0.56405041
 1.48918784 0.86412848]

[0.86457994 1.14392899 1.15006194 0.82406572 0.50694309 0.5315347
 0.79078507 0.87468646]

[1.18096199 0.67365237 1.06654021 0.66760464 0.74992322 1.05297307
 0.56438151 1.04949822]

[0.68396886 0.63517433 1.08471931 0.93339065 1.14202824 1.20077245
 0.52609086 0.70036699]

[1.01899438 0.65479627 1.49881285 0.70458778 1.29140211 1.34939299
 1.37600066 0.67178214]

[1.43772547 0.99287973 0.54427378 0.92553169 0.90878063 1.45689443
 1.48918784 0.86412848]

[0.86457994 1.14392899 1.15006194 0.82406572 0.50694309 0.5315347
 0.79078507 0.87468646]

[1.18096199 0.67365237 1.06654021 0.66760464 0.74992322 1.07670825
 0.56438151 1.04949822]

[0.68396886 0.63517433 1.15831572 0.93339065 1.14202824 1.20077245
 0.52609086 0.70036699]

[1.01899438 0.65479627 1.49881285 0.70458778 1.29140211 1.27952279
 1.37600066 0.67178214]

[1.43772547 0.99287973 0.54427378 0.92553169 0.90878063 0.56670822
 1.48918784 0.86412848]

[0.86457994 1.14392899 1.15006194 0.82406572 0.50694309 0.5315347
 1.38051067 0.87468646]

[0.53796386 0.67365237 1.06654021 0.66760464 0.74992322 1.07670825
 0.56438151 1.04949822]

[0.68396886 0.63517433 1.15831572 1.10241665 1.14202824 1.20077245
 0.52609086 0.70036699]

[1.01899438 0.92187635 1.49881285 0.70458778 1.29140211 1.27952279
 1.37600066 0.67178214]

[1.18096199 0.67365237 1.06654021 0.66760464 0.74992322 1.07670825
 0.56438151 1.04949822]

