0.7333046316557122
-0.4483118334976996
2.839832485250417
0.9401668078245289
1.3323615442358747
0.9378010354593811
0.8184152562874004
5.038596000969715
4.520614977132603
0.9513316812430304
-0.55830309676783
0.0731919300686173
-0.4469642137763191
0.3510359822766952
3.235230272786235
1.251672711170556
2.3268968697018755
0.9438822963395359
0.14821823851287363
0.6824468323830517
2.465022487028475
0.9410338046651445
-1.4784745729382647
3.2186126363942735
2.615516444800619
2.6155164447107593
2.6155164447619743
2.61551644466201
2.6155164446179415
2.6155164447689065
-3.337806604090157
0.2692802449811772
1.7781145449505926
-4.248897304560028
-5.004689615634154
-0.9634082860611459
-1.7959790623496188
-0.8016155308791628
0.11193110218597924
1.3059689473927403
3.2899461747406726
3.5911028180844626
3.8188121400142867
3.2899461747400327
3.2899461747397036
3.289946174740092
3.289946174740142
3.289946174738897
3.2899461747401615
3.289946174739568
-0.35325168595208795
-0.7821328323153451
-0.7821328323173664
-0.35325168441782445
-0.35325167811023894
-0.3532516880751184
-0.35325168441782445
-0.35325167978378025
-0.35325167978378025
-0.35325168595208795
2.2576371110279463
0.6480432374874023
0.6991988795655892
0.35380142483153676
2.2576370251521403
2.257637180696163
2.2576371026098
2.2576371642928583
2.257636897067187
2.2576372404675475
2.8392310198273023
1.0617564787494742
2.2951719259279924
0.7072155224261764
2.392669095153024
3.528785251558475
3.425592995354768
2.88434744665557
2.119800837226646
3.4843930593590615
-11.71350519531886
-12.796007835699589
-13.245393763205128
-11.221784443969382
-12.239876049308583
-12.239875942989041
-12.239875901442906
-12.239875983977225
-12.239875989705396
-12.23987594245084
-1.6609515140119857
-4.150850468028974
-6.937472866141144
-5.248182367520507
-7.378643390190046
-6.8547906592409475
-2.4420022737502327
-5.518869705531955
-2.4281514256081125
-5.6701753367291206
1.3198521840933155
2.6212158977528515
2.3022373922440718
1.1352467124060357
1.8285371101076202
1.7458045386236676
1.7599465844989048
1.5592514210385708
1.5592514210385708
1.3198521840933155
-1.5497307449924695
-1.3796534060387033
-2.3837622191300802
-2.880917931410173
-2.880917931410686
-2.8809179314104485
-2.88091793141043
-2.880917931410548
-2.8809179314103677
-2.880917931409704
-1.1407633934093009
-1.2730593055265294
-1.6031808328442523
-2.6356953537643952
-2.3801822684529674
-1.2393904987986806
-0.8487163309549793
-2.099591474059987
-2.3904186843113915
-0.9650538868155747
-0.7856169397327193
-1.3610667697965337
-1.3198825701783694
-1.2741293361817798
-0.7856169397326253
-0.7856169397330826
-0.785616939732547
-0.7856169397329728
-0.7856169397329728
-0.7856169397327193
-9.412910868281301
8.779195919437637
3.1220339683706073
-9.679171548565407
-12.763186803213758
-13.123271489921818
-11.023291545092974
-13.200630576514657
-12.850550350239825
-12.257150957970541
8.068252473068974
6.230240752262503
10.375431114265611
8.068247608317215
8.06824760831681
8.068247608317572
8.068247608317897
8.068247608315481
8.068247608317355
8.068247608316987
-2.0422133798058497
-6.301290981710435
-1.9060940461534122
-2.404662467375048
-0.08262901621599383
-0.8240499319148838
-0.5947252645384626
-0.32143285795826504
-0.013323716049849499
-0.3216449456297519
-0.07373697843407456
1.8143872077105092
-0.6424222572530386
0.8378240503705258
1.3690259717382185
-1.2439798522015932
-1.0579191014362628
-1.6280098406945098
-0.9367377206560135
-0.7555085092559448
6.010396706823555
2.8134546511723824
4.053219906971732
4.788248605662216
6.010396706783428
6.0103967067957225
6.0103967068266435
6.010396706789546
6.01039670680027
6.010396706828496
5.36442829923511
2.174353435422716
5.063334674530801
5.508961593557692
5.3644282992303545
5.364428299223022
5.36442829923049
5.364428299229455
5.364428299233664
5.364428299236367
6.374034863706447
6.9676475416908366
6.860973768158454
6.374034861534249
6.3740348662490804
6.37403486640883
6.374034858741655
6.374034865090009
6.374034863966758
6.3740348658559896
0.0934886329626386
-0.20079336674407708
-0.3056157156010211
0.09348859790051758
0.09348863296263986
0.09348863296264204
0.09348863296264126
0.09348863296264279
0.09348863296264143
0.09348863296264226
10.882616717848663
10.29683564802167
10.046982719609534
10.902730208765133
10.54958414277636
10.92244784680659
10.902729480467544
10.315064951491145
10.31506507343913
10.882616718920826
-0.9617373768547441
-0.9978890383911379
-7.961485567523344
2.7947632125526427
3.1155568477784548
1.7322803509557527
2.227663657815296
1.4097596412196998
3.351425326575037
3.4801710703645328
-8.763733877539867
-7.81846552442062
-5.617660812587034
-8.738903930198793
-8.916078912893683
-8.916078912839556
-8.916078912849866
-8.916078912861469
-8.916078912868624
-8.916078912907263
1.0922011733700434
-1.5328338366928214
-1.9422411527474397
0.8895314766872668
0.9394398719591017
0.14674987021307773
0.8895314766852872
0.889635064106038
0.8896350641272908
1.0922011733700583
-4.3126050863448935
1.506132121730041
-1.307993175492757
-1.7491781977264769
-4.375148232270589
-3.3802586888000974
-3.562827802445331
-4.855700071416143
-4.101950642555202
-3.772851911248664
2.0496984363218247
2.011156670871841
2.6274573630095115
3.426129763410251
2.6911880909362873
1.6639709568522973
2.4120934105328264
1.8909205359184424
3.273415742246129
1.739501563312689
-4.275517989351545
24.565189403541748
13.667179485442837
-4.334223637751419
-4.25998286302343
-4.259982809453302
-4.259982789521446
-4.25998286368391
-4.259982863321709
-4.2599828221695235
2.213043427951297
-0.3240595512527048
-1.6916368697443187
-0.2573196815364597
2.2130434279536235
2.2130434279542923
2.213043427954434
2.21304342795365
2.213043427953524
2.213043427953939
1.8988643647315104
2.098106155652733
-1.3264303197255742
0.6710690674568239
0.6710690674566918
0.6710690674567732
0.6710690674568339
0.6710690674567688
0.6710690674568437
0.6710690674568722
-6.420420561236702
-7.305435717302804
-6.70229501924767
-6.4838279988414715
-6.470765197290652
-6.4838223600897065
-6.483828010027952
-6.860652427351421
-6.860652415373606
-6.57598973885241
-0.19084690682617286
-1.1646266738949405
-1.7463552254585688
-0.1908469068261749
-0.1908469068262032
-0.19084690682627725
-0.1908469068261749
-0.19084690682624955
-0.19084690682624955
-0.19084690682617286
-7.935419077055255
-7.88583889404787
-8.639386031790396
-8.727207326302269
-8.727207326302398
-8.727207326302457
-8.727207326302278
-8.727207326302581
-8.727207326303153
-8.727207326303224
-2.354128871594945
1.6400495001666897
-4.259664387134089
-3.178723254876246
-2.015255320308217
-3.0379910580684273
-1.8183748325373692
-2.72121763255881
-2.721225481806689
-2.8600945105489237
0.5495168852301775
3.0469022191603385
1.9118906074599415
1.080790157026696
0.5495164947561624
0.5495249116915497
0.549524911691494
0.5495249116914718
0.5495249116916252
0.5495249116917215
-7.614618555778037
0.32831610473384587
-3.4843998903875937
-5.620626247831853
-1.88679879742506
-1.886798797425771
-1.8867987974258722
-1.8867987974251585
-1.8867987974262819
-1.88679879742798
2.027437898553405
5.991232878664153
5.9954641106455355
5.899943366308994
2.8428640735172475
-2.0531597576989533
2.025439363843427
0.00046430723253065853
1.305784044902922
0.3624027049526292
1.50814669822021
0.07164924631695974
0.0712859631904779
1.5766122570377439
1.5118819128661827
1.5558277916157546
1.5375435909603807
1.5351952450847297
1.5290878039589517
1.4942695049037087
-10.049487587184482
-4.362348342293981
-7.884852857643464
-7.387866474942073
-7.961244271978378
-12.778992795366575
-8.737758183063383
-12.074589757298893
-11.366238577461685
-10.376754759088923
6.994596416962262
7.168201293635381
7.315458574986604
7.104027737994215
6.994596416961605
6.994596416962749
6.9945964169646
6.994596416961499
6.994596416961499
6.994596416962262
-0.011432380644441152
-1.9706759553164424
-2.240351554499579
0.019502840397076955
-0.011432380644438075
-0.011432380644441121
-0.011432380644443609
-0.011432380644435157
-0.01143238064443872
-0.011432380644441256
9.674440877559809
8.63161067946503
12.516313511307679
12.875151263831626
13.781355044311674
10.355578449350284
11.24891653045013
12.510283408474798
12.686371303545517
13.56650014657419
-1.805458307840609
-3.901609231516605
-2.0077251223612107
0.3975077704176883
-0.07911188957416923
-0.07911188956495957
-0.0791118895626178
0.3975077704169515
0.39750777041595425
0.39750777041615026
2.8055785424631803
2.901087975076494
3.204539110897243
2.500252406270058
2.8055785424655384
2.8055785424618813
2.805578542467508
2.8055785424642057
2.80557854246142
2.805578542469333
-5.958961233313089
-9.792991811664782
-9.0590078798532
-8.345354005033748
-6.677526955728901
-7.604798580131493
-7.647610336033429
-7.628163964789965
-7.628140968288294
-7.60480719909901
-5.399156500886538
-4.770338709273553
-4.771553829551126
-4.808946296468892
-4.808946296468914
-4.808946296468916
-4.808946296468854
-4.808946296468899
-4.80894629646879
-4.808946296468979
-3.315035220025005
-2.795555585085166
-3.795215913995227
-4.92745953682011
-3.60528156596554
-3.9097378229570245
-3.9097378229571365
-3.9097378229567425
-3.9097378229566857
-3.909737822956912
-10.190812565855447
-9.637142754094604
-9.637187238032439
-10.116612681436452
-9.012116916188557
-9.012116916188464
-9.012116916188393
-9.012116916188539
-9.01211691618857
-9.0121169161884
9.247889794220953
11.235844675496839
9.639014985665957
11.292338940476647
10.497122007275799
10.399556384426628
10.518717948243014
10.464667660124942
10.596449782035538
10.75222996271314
-0.00646088325146104
-2.2006984192767085
-4.707326575296149
-5.665283393375613
-0.006460898203916238
-0.006460890530578571
-0.006460872575231064
-0.006460881471199484
-0.006460881471199484
-0.00646088325146104
1.1223026195207442
1.2654736975885963
0.4336598535716275
1.3929034652508445
1.122302626544955
1.1223026057952847
1.122302614022637
1.1223026224870187
1.1223026267886285
1.1223026179726665
-1.883499582831434
-1.6676299264758896
-0.8160742753797285
-2.827377039125922
-2.0693155337037252
-0.5284571155678756
-1.5992354955118009
-1.5304370202528772
-1.6633599537076422
-2.1015427241520865
-0.19794658418541766
0.050879090630214265
0.04182241623888816
0.05274128098980349
-0.19794658418541772
-0.1979465841853973
-0.19794658418540478
-0.19794658418541158
-0.19794658418541158
-0.19794658418541766
-2.6968272848938897
-3.7418213863553764
2.283415714358607
-2.6968272768471646
-2.6968272768748043
-2.696827275374182
-2.6968272771461543
-2.696827274551821
-2.6968272756065326
-2.6968272850702744
-3.25691393403849
-2.2862556539446803
-1.9043011393690263
-3.547146386894226
-2.267076145835816
-1.6744425381426613
-1.3623389161033592
-2.133882277367873
-1.270769411443399
-2.2560472128147744
9.825115936766625
11.050973561759257
3.0843712487917028
4.676492141444787
6.256844011742541
6.282128410195621
9.762011751676924
8.768117536214282
7.839835942061134
6.929824485507565
-5.153437491759286
-6.338211495732079
-4.912523419214104
-4.893287034576583
-1.5475873079732148
-4.2773690059071745
-5.9489490004317505
-1.7853381019784527
-2.89856376069753
-2.3325085078200365
0.2256198530821818
-1.9842684156741153
-2.6286034295552705
-0.5925726743368036
0.22561985300416365
0.2256198530023672
0.22561985303241683
0.2256198529979716
0.22561985299740728
0.2256198530351986
-1.294118971177875
-4.044355165780253
5.243143320234419
-3.564087102553716
-3.462695776728752
-3.4629307103555953
-3.4769619024750527
-3.4483602451694924
-3.538078098330118
-3.4731744979760597
0.42954683808345484
-0.0444914976176716
-0.9616439784105097
0.48509193941355605
0.1567624049286569
0.869042790223794
1.2402944333261288
0.12342350125950607
-0.06352785731183075
0.5972248791622953
-4.896011225586536
-6.2877629160689805
-4.898974420614799
-5.4502114637150045
-5.450211463716848
-5.450211463717931
-5.4502114637165056
-5.450211463717103
-5.450211463717
-5.450211463713128
-1.6749926928240393
2.729907981145498
-1.0663520352070155
-1.8381053623019068
-2.117225413641864
-1.1811092204836637
-1.7694817998790404
-1.8767519229984113
-1.9783534381601386
-1.7740064690786164
1.2738413101506931
0.8841304429654573
4.194640910398058
5.651131491371443
2.217437233198101
0.06268742277125727
0.7979067979219546
1.5951324527957578
2.2547179693265393
1.7312629145245833
-9.362443705427
-0.5901860733465241
-6.446135122688945
-8.6262282510447
-8.626228251048994
-8.626228251046758
-8.626228251045552
-8.62622825104821
-8.62622825104633
-8.626228251048605
1.9078832712866636
0.88999062033768
1.551249454507279
0.6309769027798229
0.6309769027805977
0.6309769027636974
0.63097690278018
0.6309769027862436
0.6309769027834582
0.6309769028035039
-2.108431752280584
-1.161084047662406
-1.1615842725557084
-1.5473982915981832
-2.109742581623962
-2.1127569925722667
-2.115873022785409
-2.1959419155277025
-2.1959418977872556
-2.1130678545202892
-16.65084750600729
-10.060889504702393
-1.4102178727117776
-12.330412968629169
-10.047302612028991
-15.911730074367462
-15.911730064094609
-15.91173007517731
-15.911730074544797
-15.91173006863066
2.249934510662315
1.9326470907807147
1.9326470907807147
1.802329689899862
2.1698577525143015
2.232730839185666
2.1256016187183926
2.1590132639920565
2.1590132639920565
2.249934510662315
3.2587310372843654
2.1339113878449534
-3.6112786209658414
3.2063553612608886
4.190116299263167
3.06145238692396
2.5330906788902667
3.071751297473099
3.255202968519005
3.261169472700775
