1.046194113464412
-1.3250169326212862
-0.6872419438432216
-1.4666999118833095
-0.031231993602592212
-4.243846729276643
-0.46768237461052214
-0.24593474529594278
1.3798972435675854
-2.2166834062149947
-4.407222362484734
-2.7833773828781583
0.26696690866103545
-5.10455676175698
-4.032918109870079
2.65899875721902
2.590914853434346
-0.04692084055579823
1.4166325444714132
-0.4109315825426654
1.5035439983015046
3.785988356756631
0.2789895375357712
0.274082871637757
0.2877574542860643
0.28160958758805194
0.28515910119581667
0.38150467365529495
0.2723448229612111
0.28672890354572506
-0.5192337942376043
-1.3045467818958334
-1.8349757553661756
0.20054089193998972
0.7210735891489557
-0.13595658105142672
-0.2151562599020733
0.15491650030101467
-2.6546899152781815
-0.5894026812779516
-3.4517934179739505
-4.913803024785336
-3.9210059617823125
-3.9844439888806464
-3.8665504096852787
-3.6401794724527625
-3.5743801807984097
-3.780712504523624
-4.41762041985582
-3.132354668876574
3.391049365796807
3.930346139433939
4.141623521127999
3.853723211356845
3.829060536506355
4.0425060121186815
3.589855743745388
4.052913172815578
4.679575690956851
4.360456648262491
3.2287912747402157
-1.0388008235692399
2.6086081259111413
3.1296811287039783
1.910787474070549
1.9428873167840885
-0.7662095614197926
0.024346673940575658
1.934995998047322
-0.9622559580192542
0.02402815099569955
1.1734067906691203
0.8472462015920392
0.8461125497506161
0.8475273551394139
0.8563875070969746
0.8461077712297107
0.8461030971904344
0.8472254138414448
0.8472462015933484
-6.0774925176025825
-3.9685280978699087
-3.355704089139619
-3.5514832722439214
-1.9839609786551486
-1.3776798994885664
-2.985683482122079
-0.9180567254709163
-1.4423970762313507
0.4696403453607063
-0.5961015227599894
2.524990655403011
1.1893330620752123
-1.6712141340628295
-0.05887416906127453
0.09235329902117628
-0.681155951647404
2.383550771031724
2.7991322485461847
3.0989909340625115
2.1682470780045895
1.4801967328417613
5.836791855359322
2.5551887628487235
4.1769477522191725
5.853043485958725
5.076439055298018
0.48644151426135973
6.527462444460796
1.987440847626509
-1.4939150839589397
-8.599705830791715
0.7505600907419062
-2.5522169457644566
-0.2698870809777829
4.36542738268538
1.2312231002902614
0.9168340446840277
2.437131516341795
1.3479763987534907
-3.29855446566735
-0.7196204817183703
-0.29045841951321677
-1.348469493528537
-0.047038705129712755
0.010666889314452116
0.42811967446012367
-1.1662404027673454
-0.20852056578963274
-1.0245163056386413
-2.853480104980181
-3.117818018396574
1.8387672521855594
-0.7877144240756689
1.4980312238379652
1.2135532125536472
0.16374186785302924
-0.1876872846168468
-1.558631627673147
-1.39796221447674
-0.679722453365055
-3.0844552120829714
-5.937930770108691
-5.4465271082536475
-5.8282458386568035
-0.9975512505895265
-5.790644727799652
-3.3033674727943168
-5.773312212985436
-3.625311800500687
-2.669225260987904
-1.4126550716808444
-0.7324821097149052
-0.6496803526771013
-0.8852763455745088
-0.9292516659683074
-0.5803964315012917
-1.7918823411065894
-0.29082130222802927
-2.7424197768284
3.763777659673646
8.891538776215407
6.091610283504507
7.520282453644536
2.297090844519056
8.753031996643966
11.20369415664004
7.7908068451219945
10.229857295827527
7.298421964994242
-0.06845847724783366
-3.102486664236525
-0.9248311063687191
-0.01809784126481989
-2.6844268736661254
-1.3017470063507575
-3.3347907415466467
0.08163799619361067
-0.6572435826729663
1.037425115627544
1.5679758311674452
1.8298587137275573
2.440417717477043
1.2214779749908327
-0.10047056178829517
0.9592952369198978
1.8452439888969474
0.602032749608252
1.613965379271326
1.4398284286382887
-1.064868944660035
-0.5869936014330954
-1.4380500606278077
-1.559715450654667
-1.482753329489327
-1.8212507510085514
-0.38997403433335304
0.026554270014016335
-1.2590047334782284
-1.1483030617662673
3.8179645132327367
3.79282391243857
3.6663686768433
3.9455637359456763
4.4233675897275395
4.005546424021434
4.370906603154423
3.735524589378805
3.665606610351759
4.538569156578151
-9.520868348796958
-2.5904498094487245
-6.0944144636857365
-7.169619614161321
-7.932934467306585
-7.212717480718025
-7.023891687107718
-6.918954681699844
-6.666682890748349
-2.8471880612104226
-2.7227475211512533
-1.3413378002923226
0.46481895567202997
2.5458292561480635
0.8583096443420353
1.967192477105058
-0.5199133349901006
-0.07251682021625439
2.9329970653997806
-0.924061345226386
4.5422495837512304
8.713394613455453
8.150580747263032
7.675374112231914
6.009283924713903
4.888901839473115
5.297322054204597
7.934819964403989
6.79870359937626
7.803471274436155
-2.2288324542667795
-1.9247421821791066
-2.041819918661205
-2.034572985486326
-1.9818064705269143
-1.9757473331404114
-1.9873777500663758
-2.0048482049900382
-2.018164743622494
-1.998028291077667
13.822125410449237
11.738982285764946
12.555334844903188
10.923741865932364
10.996842886070016
14.184573133898041
12.280906909191389
12.298291683270426
11.382292631878533
13.564552242510537
1.6467512498221866
1.1499068268245978
-0.4291091704101524
1.7971777017045298
0.002814155027626053
-0.1361125285096939
0.23316209824141543
0.7901421531182373
0.5472468115949832
0.07484189696502108
0.701739178756607
-2.6029209663841897
-2.6919657278832876
-0.08916656309361226
2.729232275374758
2.1987045000255705
-3.622653912256637
-3.195969426258337
-1.6814560287289169
-0.8783538701815222
1.4828822925460872
3.1422741916539842
2.7991808083695555
2.2099167968738698
1.6892688784664716
1.8312326774461691
3.6212440541601465
2.8606228045076225
2.755632054267875
2.4562400800790702
-6.6285103037745134
-3.7345976371970044
-5.798333388916898
-2.5364642271672126
-3.317776317290283
-2.922106428492621
-3.545813987043156
-2.2273444531427984
-5.4904126080091125
-0.39245786740438204
1.4200980358186506
0.3238392363031599
0.4817908287028899
1.945250510837927
-1.6266099674886665
0.39223006857567566
-0.16466049850656062
0.383909801583147
0.9449909793066259
0.6656297524035123
-1.1673757802066067
-3.8511921638984328
-3.0847227218438302
-3.250209143327634
-3.1437551194370794
-3.382445488653337
-3.6621266391451632
-3.8052023187789263
-4.538883557229253
-3.768849808723499
-0.6230195303979582
-0.07656644225453657
-0.22471305719409806
-0.09819659671051062
-0.12002077443313341
-0.07701695823245758
-0.519070922701329
-0.07655457330117388
-0.5485378442476732
-0.5572848685933163
-15.276900183640088
-23.136989790557873
6.606372239389466
1.487331025490935
9.843465837906297
-2.6687412992372526
-2.8085496285088327
4.538377987983521
-13.036871944742497
-12.230308590854255
2.696208442052537
-0.3811159786885573
-0.38111597867448244
-0.381115978763242
-0.3810804037953766
-0.38111597883811205
-0.3811159786054007
-0.3811159786885573
-0.3811159790252001
-0.3811159785088881
-8.155107069819415
-12.571102858597666
-5.119943267724316
-4.601924177121726
-7.393856408334321
-4.692189615198579
-2.7767527539888146
-4.737025492548071
-4.0241851181257635
-5.5602781108351955
0.4138989536148774
5.126708878567298
-1.3240235914313538
0.09778016156965719
1.250438444484409
-7.1761764861595925
0.28678591900389705
-0.02150315708417385
1.4583547970979265
0.4943258199989937
5.513533361578414
5.075621194004355
6.592088525366217
10.564308139849297
10.413732941816624
10.994510005507621
2.8259463363288355
8.288383117255187
20.395068502251455
-1.5384761246670693
-2.1194256747666644
0.29889446004219244
-0.504058211083658
-0.4967092879935587
-0.5181483211631859
-0.553600022402033
-0.5181483211652588
-0.4789771487373843
-0.5536008266858513
-0.4789771486763064
-3.816199810844041
3.0505574730724856
0.6654343970065485
-0.414773871668326
-2.2563663970791845
-1.7939792216537196
5.748978287676304
-3.608789448344032
-1.343523110576919
6.7219896304464255
1.8027273540197193
2.199900825516388
2.722661352409107
0.9041028556071238
4.046230549232635
1.935787792735864
2.657089288142106
2.9658970922602874
1.6188585699028224
1.9945201169904514
0.7998455246632168
0.6296150391962799
-0.014180495607189814
-0.014190400561622019
0.02008389389317966
-0.014197466276711479
-0.014189692592852965
-0.014205280213034022
0.07833023522808846
-0.0900722918881387
-0.43402464906541827
-0.6874978575300364
0.1599468690322171
-2.957239558517256
-0.8217828401923436
0.40976618959089983
6.521045170503373
1.1151627581559769
4.726813705243641
-0.6921028895560912
-3.2168548577972595
-3.365657369379992
-3.7994428767829556
-3.5902463847708757
-2.866054455793399
-3.2340631517038725
-3.4383161512591003
-5.583631519690085
-3.13178283894402
-0.9359625775020288
-3.9685809555985094
-2.9733511365288
2.0155036962728587
-2.8130802358197666
-0.9631593520472407
-0.9541587280194864
-2.5553553439696475
-2.790025588712135
0.8994516215604603
-2.5236649499945933
3.73028818799073
5.439181107213175
5.272335491770665
3.2043253255632296
2.418648386981032
3.5577556124457557
1.8667878323686886
2.4778919675706064
2.245411212110547
3.5348492834176013
-0.20370306140420846
0.6601005720563766
2.600994258822731
1.5620722649214582
1.0564079581750807
2.5173438681594376
2.956218066331831
1.1453178571384681
3.736478870070455
2.4446341203097433
-1.701904750406027
-3.025308541608016
-1.8974278896407628
-3.481968534274971
-3.4143824094293698
-4.243081153118644
-1.485787630755561
-4.01365556381197
-3.998872340355791
-2.798868435481354
6.442721024751307
3.929871622606342
5.271649957879585
3.484316900357033
4.020828546184802
4.014941799784777
4.125145206571309
3.2640009079270333
3.4393541523883266
-2.437343983511577
0.9047998175583561
0.33863110249417244
0.32787165507875327
0.3399295816703834
0.32603011005564464
0.3278123611788845
0.3311382462977925
0.32597833894814
0.3399899807309064
0.32582037909137795
-1.7328669740397364
-3.2110451959278437
-2.970687523014144
-1.602285026137318
-2.0751320583873216
-5.667500715835626
-5.092001657930316
-2.4438334213594413
-3.8192739927817367
-4.172082491638365
-0.25970228451318034
0.1337776353303975
-0.11667951638376423
0.6378783390492185
0.6828338628600903
1.1145151618069433
1.833888768714199
0.925873496418389
0.259933032286371
0.8322788943015952
3.9141665767012617
4.98778147054193
-1.471343269988909
2.138037227136852
-7.528456298136278
-1.7528330054092156
-2.2080665687096053
1.2456740972133522
-1.9058012617962232
-6.301633697686314
-3.4543226311927144
-4.671968764970422
-3.760145721717792
-3.5438894549523465
-4.917022216870988
-1.945626436856422
-3.1577237169479346
-4.415281866117453
-3.3188638337204206
-3.9189136584315145
-2.188556803549946
-4.574024227979502
-2.6085495971020363
-2.3162836142485936
-3.5308811231017545
-1.6981959891763316
-4.947857650761651
-0.895232673790986
-2.679468154168546
-2.2994794253361355
4.244856608630516
5.097081900031837
3.568970720538096
5.8012600304535535
2.6533410620139324
2.8025561774610064
2.5305966359400776
6.627197872751609
5.131190280605779
3.799310683523027
2.6473021541152217
4.831297133912808
2.4664790997334247
1.3625632020592322
0.8411412959970184
0.6752013628329837
-0.3004697110102918
3.779356417972214
-1.1237864368690675
2.0209334522949463
-0.7937133377923662
-0.0025795922425586038
-0.4392039454432085
-0.4257604439546565
-0.47272114508079427
-0.4979901569621895
-0.47538514376464047
-0.43448847511342936
-0.49827479250597
-0.4615559233885911
-3.236106236434673
-2.1025695314422546
-1.8091378262282074
-1.7926864984050495
-1.7679202661898235
-2.0198155253408148
-2.1022808390987504
-1.4413553994521533
-2.326544709409279
-1.5808116000245274
-5.717911249218845
-5.503797219456045
-7.21783462279003
-6.921812163548751
-6.725086062846367
-6.679422062199699
-7.022678145200787
-5.770817946507096
-5.543929733779496
-5.5488363635498725
2.102203443957855
0.15178422694311144
1.418809543823492
-0.5261083395480407
-1.1387109525272796
1.4105305183222883
0.12409345473408173
0.7894585829086054
4.229472335812043
0.587294862856047
-0.23277365834369024
4.06484523835176
4.028855066009156
2.0859673901026725
1.4154670044713817
4.487349437878964
2.4225883127560004
2.5257699183448126
2.179770564199095
1.839326426080772
-4.3093395598979924
-4.2553115845181235
-4.552071677624706
-3.9910878590050034
-4.6628997933943355
-3.7245766667294844
-4.34208906719487
-4.090645673972502
-3.8023576749865042
-4.067951790895865
0.391619623049301
-0.8297810932696865
4.01491343967864
3.7259049576861547
1.5650428149111262
1.8503230176115215
-1.2049494585621074
1.866451858483957
-1.7862333210892658
1.6837555959766766
-1.293454859818986
-1.350273578466705
0.8419142431318989
0.8130461965700532
0.7461745559228385
0.7189246145061219
0.641152854840275
0.6285978385809001
0.7298812360628825
0.6547914639842424
0.7022814450149882
-0.38389140371328045
-0.28766085877922576
-0.19359003391520063
-0.008081798968009785
-0.22707536003190143
-0.06558304704801514
-0.21811422435770136
-0.35572447270856866
-0.3608212320834434
0.5815077747771769
-0.9001721120553341
-0.10845613200222515
-0.15021274738869517
-0.9002450298865119
-0.1827569005527031
-0.41757847649331326
-0.18061212075577504
-0.18155713475416735
-0.929014215559706
-0.18865791279698252
0.28112385371503584
-1.1145867788908768
0.3958555643121317
0.8702255170303942
-1.819876263124204
-0.3929879514638609
-1.5848449245399654
-1.0169085194313885
-2.5166072948113087
-6.414901142298203
-6.10175887428503
-8.696611799316036
-7.2131731418852025
-4.104451298569599
-7.81984553074544
-7.971770451693264
-5.841809124559334
-7.586670660794009
-10.250396229945641
-7.486776356988485
-14.022610471531983
-16.095607190016807
-14.650798688747214
-16.30195676300365
-14.844233635225045
-13.447944473354942
-13.784333098946181
-14.571087665061118
-13.481124648888851
