5.122563300426600463e+00,8.893041780984703992e-01,1.916366016090142121e+00,7.335281271216657073e-01,2.032113416687630014e+00,6.498307631546276220e-01,2.295721592149727819e+00,4.335148433831522041e+00,1.630930435523264777e+00,1.830611060915843913e+00
-8.260457742221283262e-01,8.893041780984703992e-01,1.833710264807968837e+00,7.335281271216657073e-01,2.032113416687630014e+00,6.498307631546276220e-01,1.210077799380767871e+00,4.098346466173587999e+00,4.887680310443617282e-01,1.830611060915843913e+00
-8.260457742221283262e-01,-7.440109002825463780e-02,1.833710264807968837e+00,7.335281271216657073e-01,2.032113416687630014e+00,2.999474435780852821e-01,1.210077799380767871e+00,3.895711635425428199e+00,-1.028078251753947292e+00,1.830611060915843913e+00
-8.260457742221283262e-01,-7.440109002825463780e-02,4.927667682822287759e-02,7.335281271216657073e-01,2.032113416687630014e+00,-4.627346548602308263e-02,1.210077799380767871e+00,2.715533569434105954e-01,-1.028078251753947292e+00,1.553417929612816772e+00
-8.260457742221283262e-01,-7.440109002825463780e-02,-7.630614213087244524e-01,7.335281271216657073e-01,2.032113416687630014e+00,-5.106762417387349096e-02,1.210077799380767871e+00,2.715533569434105954e-01,-1.028078251753947292e+00,4.189172929593379946e-01
-8.260457742221283262e-01,-7.440109002825463780e-02,-7.630614213087244524e-01,7.335281271216657073e-01,2.723000522080257779e-01,-5.106762417387349096e-02,9.182952248041786891e-01,2.715533569434105954e-01,-1.028078251753947292e+00,-6.393412161973197616e-01
-8.260457742221283262e-01,-7.440109002825463780e-02,-7.630614213087244524e-01,7.335281271216657073e-01,2.723000522080257779e-01,-5.106762417387349096e-02,9.182952248041786891e-01,2.715533569434105954e-01,-1.028078251753947292e+00,-6.393412161973197616e-01
-8.260457742221283262e-01,-7.440109002825463780e-02,-7.630614213087244524e-01,7.335281271216657073e-01,2.723000522080257779e-01,-5.106762417387349096e-02,9.182952248041786891e-01,2.715533569434105954e-01,-1.028078251753947292e+00,-6.393412161973197616e-01
-8.260457742221283262e-01,-7.440109002825463780e-02,-7.630614213087244524e-01,7.335281271216657073e-01,2.723000522080257779e-01,-4.148375557501017274e-01,3.118452102457897057e-01,2.715533569434105954e-01,-1.028078251753947292e+00,-8.595534163685654150e-01
-8.260457742221283262e-01,-7.440109002825463780e-02,-7.630614213087244524e-01,7.335281271216657073e-01,-8.757616480196908082e-01,-4.148375557501017274e-01,3.118452102457897057e-01,2.715533569434105954e-01,-1.037763818190987397e+00,-8.595534163685654150e-01
-8.260457742221283262e-01,-7.440109002825463780e-02,-7.630614213087244524e-01,7.335281271216657073e-01,-8.757616480196908082e-01,-4.148375557501017274e-01,3.118452102457897057e-01,2.715533569434105954e-01,-1.037763818190987397e+00,-8.595534163685654150e-01
-8.260457742221283262e-01,-7.440109002825463780e-02,-7.630614213087244524e-01,7.335281271216657073e-01,-8.757616480196908082e-01,-4.148375557501017274e-01,3.118452102457897057e-01,2.715533569434105954e-01,-1.037763818190987397e+00,-1.144913532018212887e+00
-8.260457742221283262e-01,-7.440109002825463780e-02,-7.630614213087244524e-01,7.335281271216657073e-01,-8.757616480196908082e-01,-4.148375557501017274e-01,3.118452102457897057e-01,2.715533569434105954e-01,-1.037763818190987397e+00,-1.144913532018212887e+00
-8.260457742221283262e-01,-1.444848865667614779e-01,-7.630614213087244524e-01,7.335281271216657073e-01,-8.757616480196908082e-01,-4.148375557501017274e-01,3.118452102457897057e-01,2.715533569434105954e-01,-1.037763818190987397e+00,-1.144913532018212887e+00
-8.260457742221283262e-01,-2.419056001632727826e-01,-7.630614213087244524e-01,7.335281271216657073e-01,-8.757616480196908082e-01,-4.148375557501017274e-01,3.118452102457897057e-01,2.715533569434105954e-01,-1.037763818190987397e+00,-1.144913532018212887e+00
-8.260457742221283262e-01,-2.419056001632727826e-01,-2.113364569277593308e+00,7.335281271216657073e-01,-8.757616480196908082e-01,-4.148375557501017274e-01,3.118452102457897057e-01,2.715533569434105954e-01,-1.037763818190987397e+00,-1.313630194943490537e+00
-8.260457742221283262e-01,-2.419056001632727826e-01,-2.113364569277593308e+00,7.335281271216657073e-01,-8.757616480196908082e-01,-7.134080393603492443e-01,-3.292932236818271741e-01,2.715533569434105954e-01,-1.037763818190987397e+00,-2.870516314821131232e+00
-8.260457742221283262e-01,-2.419056001632727826e-01,-2.113364569277593308e+00,7.335281271216657073e-01,-8.757616480196908082e-01,-7.134080393603492443e-01,-3.292932236818271741e-01,2.715533569434105954e-01,-1.037763818190987397e+00,-2.870516314821131232e+00
-8.260457742221283262e-01,-2.419056001632727826e-01,-2.113364569277593308e+00,7.335281271216657073e-01,-8.757616480196908082e-01,-7.134080393603492443e-01,-3.292932236818271741e-01,2.715533569434105954e-01,-1.037763818190987397e+00,-2.870516314821131232e+00
-8.260457742221283262e-01,-2.419056001632727826e-01,-2.113364569277593308e+00,7.335281271216657073e-01,-8.757616480196908082e-01,-7.134080393603492443e-01,-3.292932236818271741e-01,2.715533569434105954e-01,-1.037763818190987397e+00,-2.870516314821131232e+00
-8.260457742221283262e-01,-2.788235239572672164e+00,-2.618277173867660679e+00,7.335281271216657073e-01,-8.757616480196908082e-01,-1.904077025292607805e+00,-3.292932236818271741e-01,2.715533569434105954e-01,-1.037763818190987397e+00,-2.916249369646792822e+00
-8.260457742221283262e-01,-2.788235239572672164e+00,-2.618277173867660679e+00,7.335281271216657073e-01,-8.757616480196908082e-01,-1.904077025292607805e+00,-3.292932236818271741e-01,2.715533569434105954e-01,-1.037763818190987397e+00,-2.916249369646792822e+00
-8.260457742221283262e-01,-2.788235239572672164e+00,-2.618277173867660679e+00,7.335281271216657073e-01,-8.757616480196908082e-01,-1.904077025292607805e+00,-3.292932236818271741e-01,2.715533569434105954e-01,-1.037763818190987397e+00,-2.916249369646792822e+00
-8.260457742221283262e-01,-2.788235239572672164e+00,-2.618277173867660679e+00,7.335281271216657073e-01,-1.248802618901941663e+00,-1.904077025292607805e+00,-3.292932236818271741e-01,2.715533569434105954e-01,-1.037763818190987397e+00,-2.916249369646792822e+00
-8.260457742221283262e-01,-2.788235239572672164e+00,-2.618277173867660679e+00,7.335281271216657073e-01,-1.248802618901941663e+00,-1.904077025292607805e+00,-3.292932236818271741e-01,1.025290452235230465e-01,-1.037763818190987397e+00,-2.916249369646792822e+00
-8.260457742221283262e-01,-2.788235239572672164e+00,-2.618277173867660679e+00,7.335281271216657073e-01,-1.248802618901941663e+00,-1.904077025292607805e+00,-3.292932236818271741e-01,1.025290452235230465e-01,-1.037763818190987397e+00,-2.916249369646792822e+00
-8.260457742221283262e-01,-2.788235239572672164e+00,-2.618277173867660679e+00,7.335281271216657073e-01,-1.248802618901941663e+00,-2.624116350355730098e+00,-3.292932236818271741e-01,1.025290452235230465e-01,-1.037763818190987397e+00,-2.916249369646792822e+00
-8.260457742221283262e-01,-2.788235239572672164e+00,-2.618277173867660679e+00,7.335281271216657073e-01,-1.248802618901941663e+00,-2.624116350355730098e+00,-4.986715424826264065e-01,1.025290452235230465e-01,-1.037763818190987397e+00,-2.916249369646792822e+00
-8.260457742221283262e-01,-2.788235239572672164e+00,-2.618277173867660679e+00,1.375279894390125657e-01,-1.464000883325537794e+00,-2.624116350355730098e+00,-4.986715424826264065e-01,1.025290452235230465e-01,-1.037763818190987397e+00,-2.916249369646792822e+00
-8.260457742221283262e-01,-2.788235239572672164e+00,-2.618277173867660679e+00,1.375279894390125657e-01,-1.464000883325537794e+00,-2.624116350355730098e+00,-4.986715424826264065e-01,-5.124884428588661472e-02,-1.037763818190987397e+00,-2.916249369646792822e+00
-8.260457742221283262e-01,-2.788235239572672164e+00,-2.618277173867660679e+00,1.375279894390125657e-01,-1.464000883325537794e+00,-2.624116350355730098e+00,-4.986715424826264065e-01,-5.124884428588661472e-02,-1.037763818190987397e+00,-2.916249369646792822e+00
-8.260457742221283262e-01,-2.788235239572672164e+00,-2.618277173867660679e+00,1.375279894390125657e-01,-1.464000883325537794e+00,-2.624116350355730098e+00,-4.986715424826264065e-01,-5.124884428588661472e-02,-1.037763818190987397e+00,-2.916249369646792822e+00
-8.260457742221283262e-01,-2.788235239572672164e+00,-2.618277173867660679e+00,1.375279894390125657e-01,-1.464000883325537794e+00,-2.624116350355730098e+00,-4.986715424826264065e-01,-5.124884428588661472e-02,-1.037763818190987397e+00,-2.916249369646792822e+00
-8.260457742221283262e-01,-2.788235239572672164e+00,-2.618277173867660679e+00,1.375279894390125657e-01,-1.464000883325537794e+00,-2.624116350355730098e+00,-4.986715424826264065e-01,-5.124884428588661472e-02,-1.037763818190987397e+00,-2.916249369646792822e+00
-8.260457742221283262e-01,-2.788235239572672164e+00,-2.618277173867660679e+00,1.375279894390125657e-01,-1.464000883325537794e+00,-2.624116350355730098e+00,-4.986715424826264065e-01,-5.124884428588661472e-02,-1.037763818190987397e+00,-2.916249369646792822e+00
-8.260457742221283262e-01,-2.788235239572672164e+00,-2.618277173867660679e+00,1.375279894390125657e-01,-1.464000883325537794e+00,-2.624116350355730098e+00,-4.986715424826264065e-01,-5.124884428588661472e-02,-1.037763818190987397e+00,-2.994898971249842390e+00
-8.260457742221283262e-01,-2.788235239572672164e+00,-2.618277173867660679e+00,1.375279894390125657e-01,-1.464000883325537794e+00,-2.624116350355730098e+00,-4.986715424826264065e-01,-5.124884428588661472e-02,-1.037763818190987397e+00,-2.994898971249842390e+00
-8.260457742221283262e-01,-2.788235239572672164e+00,-2.618277173867660679e+00,1.375279894390125657e-01,-1.464000883325537794e+00,-2.624116350355730098e+00,-4.986715424826264065e-01,-5.124884428588661472e-02,-1.037763818190987397e+00,-3.597350019824555822e+00
-8.260457742221283262e-01,-2.788235239572672164e+00,-2.618277173867660679e+00,1.375279894390125657e-01,-1.464000883325537794e+00,-2.624116350355730098e+00,-4.986715424826264065e-01,-5.124884428588661472e-02,-1.037763818190987397e+00,-3.597350019824555822e+00
-8.260457742221283262e-01,-2.788235239572672164e+00,-2.618277173867660679e+00,1.375279894390125657e-01,-1.464000883325537794e+00,-2.624116350355730098e+00,-8.724833877202311516e-01,-5.124884428588661472e-02,-1.037763818190987397e+00,-3.597350019824555822e+00
-8.260457742221283262e-01,-2.788235239572672164e+00,-2.618277173867660679e+00,1.375279894390125657e-01,-2.245880991484487499e+00,-2.624116350355730098e+00,-8.724833877202311516e-01,-5.124884428588661472e-02,-1.037763818190987397e+00,-3.597350019824555822e+00
-1.500323507216158037e+00,-2.788235239572672164e+00,-2.618277173867660679e+00,1.375279894390125657e-01,-2.245880991484487499e+00,-2.624116350355730098e+00,-8.724833877202311516e-01,-5.124884428588661472e-02,-1.037763818190987397e+00,-3.597350019824555822e+00
-1.500323507216158037e+00,-2.788235239572672164e+00,-2.618277173867660679e+00,1.375279894390125657e-01,-2.245880991484487499e+00,-2.624116350355730098e+00,-9.821598959721122846e-01,-8.138960442961686859e-01,-1.585698283982979406e+00,-3.597350019824555822e+00
-1.500323507216158037e+00,-2.788235239572672164e+00,-2.618277173867660679e+00,1.375279894390125657e-01,-2.245880991484487499e+00,-2.624116350355730098e+00,-9.821598959721122846e-01,-8.138960442961686859e-01,-1.585698283982979406e+00,-3.597350019824555822e+00
-1.500323507216158037e+00,-2.788235239572672164e+00,-2.618277173867660679e+00,1.375279894390125657e-01,-2.245880991484487499e+00,-2.624116350355730098e+00,-9.821598959721122846e-01,-8.138960442961686859e-01,-1.585698283982979406e+00,-3.597350019824555822e+00
-1.500323507216158037e+00,-2.788235239572672164e+00,-2.618277173867660679e+00,1.375279894390125657e-01,-2.245880991484487499e+00,-2.840390623458177721e+00,-9.821598959721122846e-01,-8.138960442961686859e-01,-1.585698283982979406e+00,-3.597350019824555822e+00
-1.500323507216158037e+00,-2.788235239572672164e+00,-2.618277173867660679e+00,1.375279894390125657e-01,-2.245880991484487499e+00,-2.840390623458177721e+00,-9.821598959721122846e-01,-8.138960442961686859e-01,-1.585698283982979406e+00,-3.597350019824555822e+00
-1.500323507216158037e+00,-2.788235239572672164e+00,-2.618277173867660679e+00,5.271738743223482876e-02,-2.245880991484487499e+00,-2.840390623458177721e+00,-9.821598959721122846e-01,-8.138960442961686859e-01,-1.585698283982979406e+00,-3.597350019824555822e+00
-1.500323507216158037e+00,-2.788235239572672164e+00,-2.618277173867660679e+00,-8.202890512690405034e-01,-2.245880991484487499e+00,-2.840390623458177721e+00,-9.821598959721122846e-01,-8.138960442961686859e-01,-1.585698283982979406e+00,-3.597350019824555822e+00
-1.500323507216158037e+00,-2.788235239572672164e+00,-2.618277173867660679e+00,-8.202890512690405034e-01,-2.245880991484487499e+00,-2.840390623458177721e+00,-9.821598959721122846e-01,-8.138960442961686859e-01,-1.585698283982979406e+00,-3.597350019824555822e+00
-1.500323507216158037e+00,-2.788235239572672164e+00,-2.618277173867660679e+00,-1.503153605778414503e+00,-2.245880991484487499e+00,-2.840390623458177721e+00,-9.821598959721122846e-01,-8.138960442961686859e-01,-1.585698283982979406e+00,-3.597350019824555822e+00
-1.500323507216158037e+00,-2.788235239572672164e+00,-2.618277173867660679e+00,-1.756256142542046872e+00,-2.245880991484487499e+00,-2.840390623458177721e+00,-9.821598959721122846e-01,-8.138960442961686859e-01,-1.585698283982979406e+00,-3.597350019824555822e+00
-1.500323507216158037e+00,-2.788235239572672164e+00,-2.618277173867660679e+00,-1.756256142542046872e+00,-2.245880991484487499e+00,-2.840390623458177721e+00,-9.821598959721122846e-01,-8.138960442961686859e-01,-1.585698283982979406e+00,-3.597350019824555822e+00
-1.500323507216158037e+00,-2.788235239572672164e+00,-2.618277173867660679e+00,-1.756256142542046872e+00,-2.245880991484487499e+00,-2.840390623458177721e+00,-9.821598959721122846e-01,-8.138960442961686859e-01,-1.585698283982979406e+00,-3.597350019824555822e+00
-1.500323507216158037e+00,-2.788235239572672164e+00,-2.618277173867660679e+00,-1.756256142542046872e+00,-2.245880991484487499e+00,-2.840390623458177721e+00,-9.821598959721122846e-01,-8.138960442961686859e-01,-1.585698283982979406e+00,-3.597350019824555822e+00
-1.500323507216158037e+00,-2.788235239572672164e+00,-2.618277173867660679e+00,-1.806891955835903785e+00,-2.245880991484487499e+00,-2.840390623458177721e+00,-9.821598959721122846e-01,-8.138960442961686859e-01,-1.585698283982979406e+00,-3.597350019824555822e+00
-1.500323507216158037e+00,-2.915301619639642183e+00,-2.618277173867660679e+00,-1.806891955835903785e+00,-2.245880991484487499e+00,-2.840390623458177721e+00,-9.821598959721122846e-01,-8.138960442961686859e-01,-1.585698283982979406e+00,-3.597350019824555822e+00
-1.500323507216158037e+00,-2.915301619639642183e+00,-2.618277173867660679e+00,-1.806891955835903785e+00,-2.245880991484487499e+00,-2.840390623458177721e+00,-9.821598959721122846e-01,-8.138960442961686859e-01,-1.585698283982979406e+00,-3.597350019824555822e+00
-1.500323507216158037e+00,-2.915301619639642183e+00,-2.618277173867660679e+00,-1.806891955835903785e+00,-2.245880991484487499e+00,-2.840390623458177721e+00,-9.821598959721122846e-01,-8.138960442961686859e-01,-1.585698283982979406e+00,-3.597350019824555822e+00
-1.500323507216158037e+00,-2.915301619639642183e+00,-2.618277173867660679e+00,-1.806891955835903785e+00,-2.245880991484487499e+00,-2.840390623458177721e+00,-9.821598959721122846e-01,-8.138960442961686859e-01,-2.112693604682670312e+00,-3.597350019824555822e+00
-1.500323507216158037e+00,-2.915301619639642183e+00,-2.618277173867660679e+00,-1.806891955835903785e+00,-2.245880991484487499e+00,-2.840390623458177721e+00,-9.821598959721122846e-01,-8.138960442961686859e-01,-2.112693604682670312e+00,-3.597350019824555822e+00
-1.500323507216158037e+00,-2.915301619639642183e+00,-2.618277173867660679e+00,-1.806891955835903785e+00,-2.245880991484487499e+00,-2.840390623458177721e+00,-9.821598959721122846e-01,-8.138960442961686859e-01,-2.112693604682670312e+00,-3.597350019824555822e+00
-1.500323507216158037e+00,-2.915301619639642183e+00,-2.618277173867660679e+00,-1.806891955835903785e+00,-2.245880991484487499e+00,-2.840390623458177721e+00,-9.821598959721122846e-01,-8.138960442961686859e-01,-2.112693604682670312e+00,-4.449697260579796421e+00
-1.500323507216158037e+00,-2.915301619639642183e+00,-2.618277173867660679e+00,-1.806891955835903785e+00,-2.245880991484487499e+00,-2.840390623458177721e+00,-9.821598959721122846e-01,-8.138960442961686859e-01,-2.430942856649625394e+00,-4.449697260579796421e+00
-1.500323507216158037e+00,-2.915301619639642183e+00,-2.618277173867660679e+00,-1.806891955835903785e+00,-2.245880991484487499e+00,-2.840390623458177721e+00,-9.821598959721122846e-01,-8.138960442961686859e-01,-2.430942856649625394e+00,-4.449697260579796421e+00
-1.500323507216158037e+00,-2.915301619639642183e+00,-2.618277173867660679e+00,-1.806891955835903785e+00,-2.245880991484487499e+00,-2.840390623458177721e+00,-9.821598959721122846e-01,-8.138960442961686859e-01,-2.430942856649625394e+00,-4.449697260579796421e+00
-1.500323507216158037e+00,-2.915301619639642183e+00,-2.618277173867660679e+00,-1.806891955835903785e+00,-2.245880991484487499e+00,-2.840390623458177721e+00,-9.821598959721122846e-01,-8.138960442961686859e-01,-2.430942856649625394e+00,-4.449697260579796421e+00
-1.500323507216158037e+00,-2.915301619639642183e+00,-2.618277173867660679e+00,-1.806891955835903785e+00,-2.245880991484487499e+00,-2.840390623458177721e+00,-9.821598959721122846e-01,-8.138960442961686859e-01,-2.430942856649625394e+00,-4.449697260579796421e+00
-1.500323507216158037e+00,-2.915301619639642183e+00,-2.618277173867660679e+00,-1.806891955835903785e+00,-2.245880991484487499e+00,-2.840390623458177721e+00,-9.821598959721122846e-01,-8.264196499984503008e-01,-2.430942856649625394e+00,-4.449697260579796421e+00
-1.500323507216158037e+00,-2.915301619639642183e+00,-2.618277173867660679e+00,-1.806891955835903785e+00,-2.245880991484487499e+00,-2.840390623458177721e+00,-9.821598959721122846e-01,-8.264196499984503008e-01,-2.430942856649625394e+00,-4.449697260579796421e+00
-1.500323507216158037e+00,-2.915301619639642183e+00,-2.618277173867660679e+00,-1.806891955835903785e+00,-2.245880991484487499e+00,-2.840390623458177721e+00,-9.821598959721122846e-01,-8.264196499984503008e-01,-2.430942856649625394e+00,-4.449697260579796421e+00
-1.500323507216158037e+00,-2.915301619639642183e+00,-2.618277173867660679e+00,-1.806891955835903785e+00,-2.245880991484487499e+00,-2.840390623458177721e+00,-1.010550298701970329e+00,-8.264196499984503008e-01,-2.430942856649625394e+00,-4.449697260579796421e+00
-1.500323507216158037e+00,-2.915301619639642183e+00,-2.618277173867660679e+00,-1.806891955835903785e+00,-2.245880991484487499e+00,-3.624774869538055722e+00,-1.010550298701970329e+00,-8.264196499984503008e-01,-2.430942856649625394e+00,-4.449697260579796421e+00
-1.500323507216158037e+00,-2.915301619639642183e+00,-2.618277173867660679e+00,-1.806891955835903785e+00,-2.245880991484487499e+00,-3.624774869538055722e+00,-1.010550298701970329e+00,-1.189204920854444181e+00,-2.430942856649625394e+00,-4.449697260579796421e+00
-1.500323507216158037e+00,-2.915301619639642183e+00,-2.618277173867660679e+00,-1.806891955835903785e+00,-2.245880991484487499e+00,-3.624774869538055722e+00,-1.010550298701970329e+00,-1.189204920854444181e+00,-2.430942856649625394e+00,-4.449697260579796421e+00
-1.500323507216158037e+00,-2.915301619639642183e+00,-2.618277173867660679e+00,-1.806891955835903785e+00,-2.245880991484487499e+00,-3.624774869538055722e+00,-1.010550298701970329e+00,-1.189204920854444181e+00,-2.430942856649625394e+00,-4.449697260579796421e+00
