6.275495368782190164e-01,7.783276311475205711e-01,2.565563851372747894e+00,2.437360299542548514e+00,6.311072104660674142e+00,5.047444858780959498e-01,-1.263741651404758359e-01,8.435502989742921232e-01,3.324920734635984143e+00,6.469667800970561045e-01
-1.244988772467230165e+00,7.783276311475205711e-01,1.550773868910380937e+00,2.437360299542548514e+00,5.184929592569210044e+00,4.879510010996706559e-01,-1.263741651404758359e-01,8.435502989742921232e-01,1.548452390954415003e+00,-3.772251519763172301e-01
-1.244988772467230165e+00,2.027479056730849549e-01,1.550773868910380937e+00,1.484981236760046341e+00,5.184929592569210044e+00,3.421097177922566845e-01,-2.753245466466680558e-01,8.435502989742921232e-01,1.482098002603502884e+00,-3.772251519763172301e-01
-1.244988772467230165e+00,2.027479056730849549e-01,1.550773868910380937e+00,1.438507342118307442e+00,4.360430678277297467e+00,3.421097177922566845e-01,-2.753245466466680558e-01,8.435502989742921232e-01,1.482098002603502884e+00,-3.772251519763172301e-01
-1.643759775064618012e+00,-6.188431884060067167e-01,1.550773868910380937e+00,1.254802298942643723e+00,1.738998593612843591e+00,3.421097177922566845e-01,-2.753245466466680558e-01,-1.428731084483559899e+00,1.482098002603502884e+00,-3.772251519763172301e-01
-1.643759775064618012e+00,-6.188431884060067167e-01,1.843026518373797051e-01,1.254802298942643723e+00,1.738998593612843591e+00,-1.060615681197816462e+00,-2.753245466466680558e-01,-1.428731084483559899e+00,1.482098002603502884e+00,-3.772251519763172301e-01
-1.643759775064618012e+00,-6.188431884060067167e-01,-7.978013048046242450e-02,1.016385241558628971e+00,1.738998593612843591e+00,-1.060615681197816462e+00,-2.753245466466680558e-01,-1.428731084483559899e+00,1.482098002603502884e+00,-3.772251519763172301e-01
-1.643759775064618012e+00,-6.188431884060067167e-01,-7.978013048046242450e-02,2.614774274127595333e-01,1.738998593612843591e+00,-1.060615681197816462e+00,-2.753245466466680558e-01,-1.428731084483559899e+00,6.947889147149222122e-01,-3.772251519763172301e-01
-1.643759775064618012e+00,-6.188431884060067167e-01,-7.102517995761040703e-01,-2.739321547584508409e-01,1.738998593612843591e+00,-1.060615681197816462e+00,-5.308112538611868825e-01,-1.428731084483559899e+00,6.947889147149222122e-01,-3.772251519763172301e-01
-2.205998666626311167e+00,-1.718377076979112239e+00,-7.102517995761040703e-01,-2.739321547584508409e-01,1.738998593612843591e+00,-1.060615681197816462e+00,-1.910921106297759575e+00,-1.428731084483559899e+00,6.947889147149222122e-01,-3.772251519763172301e-01
-2.205998666626311167e+00,-1.718377076979112239e+00,-7.102517995761040703e-01,-2.739321547584508409e-01,1.738998593612843591e+00,-1.060615681197816462e+00,-1.910921106297759575e+00,-1.428731084483559899e+00,6.947889147149222122e-01,-7.591370675482060904e-01
-2.205998666626311167e+00,-1.718377076979112239e+00,-7.102517995761040703e-01,-2.739321547584508409e-01,1.738998593612843591e+00,-1.060615681197816462e+00,-1.910921106297759575e+00,-1.428731084483559899e+00,4.548633903578962467e-01,-7.591370675482060904e-01
-2.205998666626311167e+00,-1.718377076979112239e+00,-7.102517995761040703e-01,-2.739321547584508409e-01,1.738998593612843591e+00,-1.060615681197816462e+00,-1.910921106297759575e+00,-1.428731084483559899e+00,4.548633903578962467e-01,-7.591370675482060904e-01
-2.205998666626311167e+00,-1.718377076979112239e+00,-7.102517995761040703e-01,-2.739321547584508409e-01,1.738998593612843591e+00,-1.959696919846366292e+00,-1.910921106297759575e+00,-1.428731084483559899e+00,4.548633903578962467e-01,-8.167282574813882201e-01
-2.205998666626311167e+00,-1.718377076979112239e+00,-7.102517995761040703e-01,-2.739321547584508409e-01,1.738998593612843591e+00,-1.959696919846366292e+00,-1.910921106297759575e+00,-1.428731084483559899e+00,-1.114562202787791279e+00,-8.167282574813882201e-01
-2.205998666626311167e+00,-1.718377076979112239e+00,-7.102517995761040703e-01,-2.739321547584508409e-01,1.738998593612843591e+00,-1.959696919846366292e+00,-2.577741103445330584e+00,-1.428731084483559899e+00,-1.114562202787791279e+00,-8.167282574813882201e-01
-2.780213640135254405e+00,-1.718377076979112239e+00,-7.102517995761040703e-01,-2.739321547584508409e-01,1.738998593612843591e+00,-1.959696919846366292e+00,-2.577741103445330584e+00,-1.428731084483559899e+00,-1.114562202787791279e+00,-8.167282574813882201e-01
-2.780213640135254405e+00,-1.718377076979112239e+00,-1.481977218950416120e+00,-2.739321547584508409e-01,1.738998593612843591e+00,-1.959696919846366292e+00,-2.577741103445330584e+00,-1.428731084483559899e+00,-1.114562202787791279e+00,-8.167282574813882201e-01
-2.780213640135254405e+00,-1.718377076979112239e+00,-1.481977218950416120e+00,-2.739321547584508409e-01,1.738998593612843591e+00,-1.959696919846366292e+00,-2.577741103445330584e+00,-1.428731084483559899e+00,-1.114562202787791279e+00,-8.167282574813882201e-01
-2.822468100862238316e+00,-1.718377076979112239e+00,-1.481977218950416120e+00,-2.739321547584508409e-01,1.738998593612843591e+00,-1.959696919846366292e+00,-2.577741103445330584e+00,-1.428731084483559899e+00,-1.114562202787791279e+00,-8.646206034686476638e-01
-2.822468100862238316e+00,-1.718377076979112239e+00,-1.481977218950416120e+00,-2.739321547584508409e-01,1.738998593612843591e+00,-1.959696919846366292e+00,-2.577741103445330584e+00,-1.428731084483559899e+00,-1.114562202787791279e+00,-8.646206034686476638e-01
-2.822468100862238316e+00,-1.718377076979112239e+00,-1.481977218950416120e+00,-2.739321547584508409e-01,1.738998593612843591e+00,-1.959696919846366292e+00,-2.577741103445330584e+00,-1.428731084483559899e+00,-1.114562202787791279e+00,-9.706124063392073120e-01
-2.822468100862238316e+00,-1.718377076979112239e+00,-1.481977218950416120e+00,-2.739321547584508409e-01,1.738998593612843591e+00,-1.959696919846366292e+00,-2.577741103445330584e+00,-1.428731084483559899e+00,-1.114562202787791279e+00,-9.706124063392073120e-01
-3.068922259402581343e+00,-1.718377076979112239e+00,-1.481977218950416120e+00,-2.739321547584508409e-01,1.738998593612843591e+00,-1.959696919846366292e+00,-2.577741103445330584e+00,-1.428731084483559899e+00,-1.114562202787791279e+00,-9.706124063392073120e-01
-3.068922259402581343e+00,-1.718377076979112239e+00,-1.481977218950416120e+00,-2.739321547584508409e-01,1.738998593612843591e+00,-1.959696919846366292e+00,-2.577741103445330584e+00,-1.428731084483559899e+00,-1.114562202787791279e+00,-9.706124063392073120e-01
-3.068922259402581343e+00,-1.718377076979112239e+00,-1.481977218950416120e+00,-2.739321547584508409e-01,1.738998593612843591e+00,-1.959696919846366292e+00,-2.577741103445330584e+00,-1.428731084483559899e+00,-1.114562202787791279e+00,-9.706124063392073120e-01
-3.068922259402581343e+00,-1.718377076979112239e+00,-1.481977218950416120e+00,-2.739321547584508409e-01,1.738998593612843591e+00,-1.959696919846366292e+00,-2.577741103445330584e+00,-1.428731084483559899e+00,-1.114562202787791279e+00,-9.706124063392073120e-01
-3.068922259402581343e+00,-1.718377076979112239e+00,-1.481977218950416120e+00,-2.739321547584508409e-01,1.738998593612843591e+00,-1.959696919846366292e+00,-2.577741103445330584e+00,-1.428731084483559899e+00,-1.114562202787791279e+00,-9.706124063392073120e-01
-3.068922259402581343e+00,-1.718377076979112239e+00,-1.481977218950416120e+00,-2.739321547584508409e-01,1.738998593612843591e+00,-1.959696919846366292e+00,-2.736780618662454589e+00,-1.428731084483559899e+00,-2.802453514191194373e+00,-9.706124063392073120e-01
-3.068922259402581343e+00,-1.718377076979112239e+00,-1.487307461875621239e+00,-2.739321547584508409e-01,1.738998593612843591e+00,-1.959696919846366292e+00,-2.983207881498532110e+00,-1.428731084483559899e+00,-2.802453514191194373e+00,-9.706124063392073120e-01
-3.068922259402581343e+00,-1.718377076979112239e+00,-1.487307461875621239e+00,-2.739321547584508409e-01,1.738998593612843591e+00,-3.568327184882017722e+00,-2.983207881498532110e+00,-1.428731084483559899e+00,-2.802453514191194373e+00,-9.706124063392073120e-01
-3.068922259402581343e+00,-1.718377076979112239e+00,-1.487307461875621239e+00,-2.739321547584508409e-01,1.738998593612843591e+00,-3.568327184882017722e+00,-2.983207881498532110e+00,-1.428731084483559899e+00,-2.802453514191194373e+00,-1.257460136287167130e+00
-3.068922259402581343e+00,-1.718377076979112239e+00,-1.487307461875621239e+00,-2.739321547584508409e-01,1.738998593612843591e+00,-3.568327184882017722e+00,-2.983207881498532110e+00,-1.428731084483559899e+00,-2.802453514191194373e+00,-1.257460136287167130e+00
-3.068922259402581343e+00,-1.718377076979112239e+00,-1.487307461875621239e+00,-2.739321547584508409e-01,1.738998593612843591e+00,-3.568327184882017722e+00,-2.983207881498532110e+00,-1.428731084483559899e+00,-2.802453514191194373e+00,-1.257460136287167130e+00
-3.068922259402581343e+00,-1.718377076979112239e+00,-1.487307461875621239e+00,-2.739321547584508409e-01,1.738998593612843591e+00,-3.568327184882017722e+00,-2.983207881498532110e+00,-1.428731084483559899e+00,-2.802453514191194373e+00,-1.257460136287167130e+00
-3.068922259402581343e+00,-1.718377076979112239e+00,-1.487307461875621239e+00,-2.739321547584508409e-01,1.738998593612843591e+00,-3.568327184882017722e+00,-2.983207881498532110e+00,-1.428731084483559899e+00,-2.802453514191194373e+00,-1.257460136287167130e+00
-3.068922259402581343e+00,-1.718377076979112239e+00,-1.487307461875621239e+00,-2.739321547584508409e-01,1.738998593612843591e+00,-3.568327184882017722e+00,-2.983207881498532110e+00,-1.428731084483559899e+00,-2.802453514191194373e+00,-1.257460136287167130e+00
-3.068922259402581343e+00,-1.718377076979112239e+00,-1.487307461875621239e+00,-3.018546166368937800e-01,1.738998593612843591e+00,-3.568327184882017722e+00,-2.983207881498532110e+00,-1.428731084483559899e+00,-2.802453514191194373e+00,-1.257460136287167130e+00
-3.068922259402581343e+00,-1.718377076979112239e+00,-1.487307461875621239e+00,-3.018546166368937800e-01,1.738998593612843591e+00,-3.568327184882017722e+00,-2.983207881498532110e+00,-1.428731084483559899e+00,-2.802453514191194373e+00,-1.257460136287167130e+00
-3.068922259402581343e+00,-1.718377076979112239e+00,-1.487307461875621239e+00,-3.018546166368937800e-01,1.738998593612843591e+00,-3.568327184882017722e+00,-2.983207881498532110e+00,-1.428731084483559899e+00,-2.802453514191194373e+00,-1.257460136287167130e+00
-3.068922259402581343e+00,-1.718377076979112239e+00,-1.487307461875621239e+00,-3.018546166368937800e-01,1.738998593612843591e+00,-3.568327184882017722e+00,-2.983207881498532110e+00,-1.428731084483559899e+00,-2.802453514191194373e+00,-1.257460136287167130e+00
-3.068922259402581343e+00,-1.718377076979112239e+00,-1.487307461875621239e+00,-3.018546166368937800e-01,1.738998593612843591e+00,-3.568327184882017722e+00,-2.983207881498532110e+00,-1.428731084483559899e+00,-2.802453514191194373e+00,-1.257460136287167130e+00
-3.068922259402581343e+00,-1.718377076979112239e+00,-1.487307461875621239e+00,-3.018546166368937800e-01,1.738998593612843591e+00,-3.568327184882017722e+00,-2.983207881498532110e+00,-1.428731084483559899e+00,-2.802453514191194373e+00,-1.257460136287167130e+00
-3.068922259402581343e+00,-1.718377076979112239e+00,-1.487307461875621239e+00,-3.018546166368937800e-01,1.738998593612843591e+00,-3.568327184882017722e+00,-2.983207881498532110e+00,-2.861507982116731963e+00,-2.802453514191194373e+00,-1.257460136287167130e+00
-3.068922259402581343e+00,-1.718377076979112239e+00,-1.487307461875621239e+00,-3.018546166368937800e-01,1.738998593612843591e+00,-3.568327184882017722e+00,-2.983207881498532110e+00,-2.861507982116731963e+00,-2.802453514191194373e+00,-1.257460136287167130e+00
-3.068922259402581343e+00,-1.718377076979112239e+00,-1.487307461875621239e+00,-3.018546166368937800e-01,-3.069699869640710177e-01,-3.568327184882017722e+00,-2.983207881498532110e+00,-2.861507982116731963e+00,-2.802453514191194373e+00,-1.257460136287167130e+00
-3.068922259402581343e+00,-1.718377076979112239e+00,-1.487307461875621239e+00,-3.018546166368937800e-01,-3.069699869640710177e-01,-3.568327184882017722e+00,-2.983207881498532110e+00,-2.861507982116731963e+00,-2.802453514191194373e+00,-1.257460136287167130e+00
-3.068922259402581343e+00,-1.718377076979112239e+00,-1.487307461875621239e+00,-5.558940509976109112e-01,-3.069699869640710177e-01,-3.568327184882017722e+00,-2.983207881498532110e+00,-2.861507982116731963e+00,-2.802453514191194373e+00,-1.257460136287167130e+00
-3.068922259402581343e+00,-1.718377076979112239e+00,-1.495689781118927142e+00,-5.558940509976109112e-01,-3.069699869640710177e-01,-3.568327184882017722e+00,-2.983207881498532110e+00,-2.861507982116731963e+00,-2.802453514191194373e+00,-1.257460136287167130e+00
-3.265961638644126808e+00,-1.718377076979112239e+00,-1.495689781118927142e+00,-5.558940509976109112e-01,-3.069699869640710177e-01,-3.568327184882017722e+00,-2.983207881498532110e+00,-2.861507982116731963e+00,-2.802453514191194373e+00,-1.257460136287167130e+00
-3.265961638644126808e+00,-1.718377076979112239e+00,-1.495689781118927142e+00,-5.558940509976109112e-01,-3.069699869640710177e-01,-3.568327184882017722e+00,-2.983207881498532110e+00,-2.861507982116731963e+00,-2.802453514191194373e+00,-1.257460136287167130e+00
-3.265961638644126808e+00,-1.718377076979112239e+00,-1.495689781118927142e+00,-5.558940509976109112e-01,-3.069699869640710177e-01,-3.568327184882017722e+00,-2.983207881498532110e+00,-2.861507982116731963e+00,-2.802453514191194373e+00,-1.272132628443760183e+00
-3.265961638644126808e+00,-1.718377076979112239e+00,-1.495689781118927142e+00,-5.558940509976109112e-01,-3.069699869640710177e-01,-3.568327184882017722e+00,-2.983207881498532110e+00,-2.861507982116731963e+00,-2.802453514191194373e+00,-1.272132628443760183e+00
-3.265961638644126808e+00,-1.718377076979112239e+00,-1.495689781118927142e+00,-5.558940509976109112e-01,-3.069699869640710177e-01,-3.568327184882017722e+00,-2.983207881498532110e+00,-2.861507982116731963e+00,-2.802453514191194373e+00,-1.272132628443760183e+00
-3.265961638644126808e+00,-1.718377076979112239e+00,-1.495689781118927142e+00,-5.558940509976109112e-01,-1.841079372423133798e+00,-3.568327184882017722e+00,-2.983207881498532110e+00,-2.861507982116731963e+00,-2.802453514191194373e+00,-1.272132628443760183e+00
-3.265961638644126808e+00,-1.718377076979112239e+00,-1.495689781118927142e+00,-5.558940509976109112e-01,-1.841079372423133798e+00,-3.568327184882017722e+00,-2.983207881498532110e+00,-2.861507982116731963e+00,-2.802453514191194373e+00,-1.481966247345047449e+00
-3.265961638644126808e+00,-1.718377076979112239e+00,-1.495689781118927142e+00,-5.558940509976109112e-01,-1.841079372423133798e+00,-3.568327184882017722e+00,-2.983207881498532110e+00,-2.861507982116731963e+00,-2.802453514191194373e+00,-1.481966247345047449e+00
-3.265961638644126808e+00,-1.718377076979112239e+00,-1.495689781118927142e+00,-5.558940509976109112e-01,-1.841079372423133798e+00,-3.568327184882017722e+00,-2.983207881498532110e+00,-2.861507982116731963e+00,-2.802453514191194373e+00,-1.481966247345047449e+00
-3.265961638644126808e+00,-1.718377076979112239e+00,-1.495689781118927142e+00,-5.558940509976109112e-01,-1.841079372423133798e+00,-3.568327184882017722e+00,-2.983207881498532110e+00,-2.861507982116731963e+00,-2.802453514191194373e+00,-1.481966247345047449e+00
-3.265961638644126808e+00,-1.718377076979112239e+00,-1.495689781118927142e+00,-5.558940509976109112e-01,-1.841079372423133798e+00,-3.568327184882017722e+00,-2.983207881498532110e+00,-2.861507982116731963e+00,-2.802453514191194373e+00,-1.481966247345047449e+00
-3.265961638644126808e+00,-1.718377076979112239e+00,-1.495689781118927142e+00,-5.558940509976109112e-01,-1.841079372423133798e+00,-3.568327184882017722e+00,-2.983207881498532110e+00,-2.861507982116731963e+00,-2.802453514191194373e+00,-1.481966247345047449e+00
-3.265961638644126808e+00,-1.718377076979112239e+00,-1.495689781118927142e+00,-5.558940509976109112e-01,-3.286787533962487462e+00,-3.568327184882017722e+00,-2.983207881498532110e+00,-2.861507982116731963e+00,-2.802453514191194373e+00,-1.481966247345047449e+00
-3.265961638644126808e+00,-1.718377076979112239e+00,-1.495689781118927142e+00,-5.558940509976109112e-01,-3.286787533962487462e+00,-3.568327184882017722e+00,-2.983207881498532110e+00,-2.861507982116731963e+00,-2.802453514191194373e+00,-1.481966247345047449e+00
-3.265961638644126808e+00,-1.718377076979112239e+00,-1.495689781118927142e+00,-5.558940509976109112e-01,-3.286787533962487462e+00,-3.568327184882017722e+00,-2.983207881498532110e+00,-2.861507982116731963e+00,-2.802453514191194373e+00,-1.481966247345047449e+00
-3.265961638644126808e+00,-1.718377076979112239e+00,-1.495689781118927142e+00,-5.558940509976109112e-01,-3.286787533962487462e+00,-3.568327184882017722e+00,-2.983207881498532110e+00,-2.861507982116731963e+00,-2.802453514191194373e+00,-1.481966247345047449e+00
-3.265961638644126808e+00,-1.718377076979112239e+00,-1.495689781118927142e+00,-5.558940509976109112e-01,-3.286787533962487462e+00,-3.568327184882017722e+00,-2.983207881498532110e+00,-2.861507982116731963e+00,-2.802453514191194373e+00,-1.481966247345047449e+00
-3.265961638644126808e+00,-1.718377076979112239e+00,-1.495689781118927142e+00,-5.558940509976109112e-01,-3.286787533962487462e+00,-3.568327184882017722e+00,-2.983207881498532110e+00,-2.861507982116731963e+00,-2.802453514191194373e+00,-1.481966247345047449e+00
-3.265961638644126808e+00,-1.718377076979112239e+00,-1.495689781118927142e+00,-5.558940509976109112e-01,-3.286787533962487462e+00,-3.568327184882017722e+00,-2.983207881498532110e+00,-2.861507982116731963e+00,-2.802453514191194373e+00,-1.481966247345047449e+00
-3.265961638644126808e+00,-1.718377076979112239e+00,-1.495689781118927142e+00,-5.558940509976109112e-01,-3.286787533962487462e+00,-3.568327184882017722e+00,-2.983207881498532110e+00,-2.861507982116731963e+00,-2.802453514191194373e+00,-1.481966247345047449e+00
-3.265961638644126808e+00,-1.718377076979112239e+00,-1.495689781118927142e+00,-5.558940509976109112e-01,-3.286787533962487462e+00,-3.568327184882017722e+00,-2.983207881498532110e+00,-2.861507982116731963e+00,-2.802453514191194373e+00,-1.481966247345047449e+00
-3.265961638644126808e+00,-1.718377076979112239e+00,-1.495689781118927142e+00,-5.558940509976109112e-01,-3.286787533962487462e+00,-3.568327184882017722e+00,-2.983207881498532110e+00,-2.861507982116731963e+00,-2.802453514191194373e+00,-1.481966247345047449e+00
-3.265961638644126808e+00,-1.718377076979112239e+00,-1.495689781118927142e+00,-5.558940509976109112e-01,-3.286787533962487462e+00,-3.568327184882017722e+00,-2.983207881498532110e+00,-2.861507982116731963e+00,-2.802453514191194373e+00,-1.481966247345047449e+00
-3.265961638644126808e+00,-1.718377076979112239e+00,-1.495689781118927142e+00,-5.558940509976109112e-01,-3.286787533962487462e+00,-3.568327184882017722e+00,-2.983207881498532110e+00,-2.861507982116731963e+00,-2.802453514191194373e+00,-1.481966247345047449e+00
-3.265961638644126808e+00,-1.718377076979112239e+00,-1.495689781118927142e+00,-5.558940509976109112e-01,-3.286787533962487462e+00,-3.568327184882017722e+00,-2.983207881498532110e+00,-2.861507982116731963e+00,-2.802453514191194373e+00,-1.481966247345047449e+00
-3.265961638644126808e+00,-1.718377076979112239e+00,-1.495689781118927142e+00,-5.558940509976109112e-01,-3.286787533962487462e+00,-3.568327184882017722e+00,-2.983207881498532110e+00,-2.861507982116731963e+00,-2.802453514191194373e+00,-1.481966247345047449e+00
-3.265961638644126808e+00,-1.718377076979112239e+00,-1.495689781118927142e+00,-5.558940509976109112e-01,-3.286787533962487462e+00,-3.568327184882017722e+00,-2.983207881498532110e+00,-2.861507982116731963e+00,-2.802453514191194373e+00,-1.481966247345047449e+00
