-4.477186497324918690e-01,1.978370100826288558e-01,1.483750434815308106e+00,1.891017402638099698e+00,1.462124318837847881e+00,-8.191926105391914570e-01,3.885216575222360191e+00,9.335569706263728840e-01,1.252706178354054956e+00,1.076630890830325482e+00
-2.255413092161609789e+00,-3.521564877592564535e-01,1.483750434815308106e+00,2.670208282626124752e-01,-2.993110750528275021e-01,-8.191926105391914570e-01,3.126854267781486452e-01,-4.513922001678938312e-01,1.252706178354054956e+00,5.607203028588647609e-01
-2.896933933692434682e+00,-3.521564877592564535e-01,1.243894341155320937e+00,-7.752880245827307171e-01,-4.844334898910442333e-01,-1.463251213376440374e+00,3.126854267781486452e-01,-4.513922001678938312e-01,1.252706178354054956e+00,5.607203028588647609e-01
-2.896933933692434682e+00,-4.944324972250724870e-01,1.243894341155320937e+00,-7.752880245827307171e-01,-4.844334898910442333e-01,-1.463251213376440374e+00,3.126854267781486452e-01,-1.146191369029249341e+00,1.252706178354054956e+00,-3.962891310072177431e-01
-2.896933933692434682e+00,-4.944324972250724870e-01,1.243894341155320937e+00,-1.663956300855338410e+00,-4.844334898910442333e-01,-1.463251213376440374e+00,3.126854267781486452e-01,-1.146191369029249341e+00,1.252706178354054956e+00,-3.962891310072177431e-01
-2.896933933692434682e+00,-4.944324972250724870e-01,1.243894341155320937e+00,-1.663956300855338410e+00,-6.647762684422282575e-01,-1.463251213376440374e+00,-5.028858267021528716e-01,-1.146191369029249341e+00,1.252706178354054956e+00,-3.962891310072177431e-01
-2.896933933692434682e+00,-4.944324972250724870e-01,5.251494394548704703e-01,-1.663956300855338410e+00,-6.647762684422282575e-01,-1.463251213376440374e+00,-5.028858267021528716e-01,-1.146191369029249341e+00,1.252706178354054956e+00,-9.274117290103629507e-01
-2.896933933692434682e+00,-4.944324972250724870e-01,5.251494394548704703e-01,-1.663956300855338410e+00,-6.647762684422282575e-01,-1.463251213376440374e+00,-5.028858267021528716e-01,-1.146191369029249341e+00,1.252706178354054956e+00,-9.274117290103629507e-01
-2.896933933692434682e+00,-4.944324972250724870e-01,5.251494394548704703e-01,-1.663956300855338410e+00,-1.219390890699222352e+00,-1.463251213376440374e+00,-5.028858267021528716e-01,-1.146191369029249341e+00,1.252706178354054956e+00,-9.274117290103629507e-01
-2.896933933692434682e+00,-4.944324972250724870e-01,5.251494394548704703e-01,-1.663956300855338410e+00,-1.219390890699222352e+00,-1.463251213376440374e+00,-5.028858267021528716e-01,-1.146191369029249341e+00,1.252706178354054956e+00,-9.274117290103629507e-01
-2.896933933692434682e+00,-4.944324972250724870e-01,5.251494394548704703e-01,-1.663956300855338410e+00,-1.219390890699222352e+00,-1.463251213376440374e+00,-5.028858267021528716e-01,-1.146191369029249341e+00,1.252706178354054956e+00,-9.274117290103629507e-01
-2.896933933692434682e+00,-4.944324972250724870e-01,5.251494394548704703e-01,-1.663956300855338410e+00,-1.219390890699222352e+00,-1.463251213376440374e+00,-5.028858267021528716e-01,-1.146191369029249341e+00,1.252706178354054956e+00,-9.274117290103629507e-01
-2.896933933692434682e+00,-4.944324972250724870e-01,5.251494394548704703e-01,-1.663956300855338410e+00,-1.219390890699222352e+00,-1.463251213376440374e+00,-5.028858267021528716e-01,-1.146191369029249341e+00,1.252706178354054956e+00,-9.274117290103629507e-01
-2.896933933692434682e+00,-4.944324972250724870e-01,5.251494394548704703e-01,-1.663956300855338410e+00,-1.219390890699222352e+00,-1.463251213376440374e+00,-5.028858267021528716e-01,-1.146191369029249341e+00,1.252706178354054956e+00,-9.274117290103629507e-01
-2.896933933692434682e+00,-4.944324972250724870e-01,5.251494394548704703e-01,-1.699471755297534026e+00,-1.219390890699222352e+00,-1.463251213376440374e+00,-5.028858267021528716e-01,-1.146191369029249341e+00,1.252706178354054956e+00,-9.274117290103629507e-01
-2.896933933692434682e+00,-4.944324972250724870e-01,5.251494394548704703e-01,-1.699471755297534026e+00,-1.219390890699222352e+00,-1.463251213376440374e+00,-5.028858267021528716e-01,-1.146191369029249341e+00,1.252706178354054956e+00,-9.274117290103629507e-01
-2.896933933692434682e+00,-4.944324972250724870e-01,5.251494394548704703e-01,-1.699471755297534026e+00,-1.219390890699222352e+00,-1.463251213376440374e+00,-5.028858267021528716e-01,-1.146191369029249341e+00,3.106005187649605870e-01,-9.274117290103629507e-01
-2.896933933692434682e+00,-4.944324972250724870e-01,5.251494394548704703e-01,-1.699471755297534026e+00,-1.219390890699222352e+00,-1.463251213376440374e+00,-5.028858267021528716e-01,-1.146191369029249341e+00,3.106005187649605870e-01,-9.274117290103629507e-01
-2.896933933692434682e+00,-4.944324972250724870e-01,5.251494394548704703e-01,-1.699471755297534026e+00,-1.219390890699222352e+00,-1.463251213376440374e+00,-5.028858267021528716e-01,-1.268757540795024230e+00,3.106005187649605870e-01,-1.194049776203469637e+00
-2.896933933692434682e+00,-4.944324972250724870e-01,5.251494394548704703e-01,-1.699471755297534026e+00,-2.000019204065950351e+00,-1.463251213376440374e+00,-1.713204651602758810e+00,-1.268757540795024230e+00,3.106005187649605870e-01,-1.194049776203469637e+00
-2.896933933692434682e+00,-4.944324972250724870e-01,-9.865727268164447006e-01,-1.699471755297534026e+00,-2.000019204065950351e+00,-1.463251213376440374e+00,-1.713204651602758810e+00,-1.268757540795024230e+00,3.106005187649605870e-01,-1.194049776203469637e+00
-3.199835583942268080e+00,-4.944324972250724870e-01,-9.865727268164447006e-01,-1.699471755297534026e+00,-2.000019204065950351e+00,-1.463251213376440374e+00,-1.713204651602758810e+00,-1.268757540795024230e+00,3.106005187649605870e-01,-1.194049776203469637e+00
-3.199835583942268080e+00,-4.944324972250724870e-01,-1.428036959087443325e+00,-1.699471755297534026e+00,-2.000019204065950351e+00,-1.463251213376440374e+00,-1.713204651602758810e+00,-1.268757540795024230e+00,-5.356466061134039780e-01,-1.194049776203469637e+00
-3.199835583942268080e+00,-4.944324972250724870e-01,-1.428036959087443325e+00,-1.699471755297534026e+00,-2.000019204065950351e+00,-1.463251213376440374e+00,-1.713204651602758810e+00,-1.268757540795024230e+00,-5.356466061134039780e-01,-1.194049776203469637e+00
-3.199835583942268080e+00,-4.944324972250724870e-01,-1.428036959087443325e+00,-1.699471755297534026e+00,-2.000019204065950351e+00,-1.463251213376440374e+00,-1.713204651602758810e+00,-1.268757540795024230e+00,-9.634765500940488669e-01,-1.194049776203469637e+00
-3.199835583942268080e+00,-4.944324972250724870e-01,-1.428036959087443325e+00,-1.699471755297534026e+00,-2.000019204065950351e+00,-1.463251213376440374e+00,-1.713204651602758810e+00,-1.268757540795024230e+00,-9.634765500940488669e-01,-1.194049776203469637e+00
-3.199835583942268080e+00,-4.944324972250724870e-01,-1.428036959087443325e+00,-1.699471755297534026e+00,-2.000019204065950351e+00,-1.463251213376440374e+00,-1.713204651602758810e+00,-1.268757540795024230e+00,-9.634765500940488669e-01,-1.194049776203469637e+00
-4.070185192841953459e+00,-4.944324972250724870e-01,-1.428036959087443325e+00,-1.699471755297534026e+00,-2.000019204065950351e+00,-1.463251213376440374e+00,-1.713204651602758810e+00,-1.268757540795024230e+00,-9.634765500940488669e-01,-1.194049776203469637e+00
-4.070185192841953459e+00,-4.944324972250724870e-01,-1.428036959087443325e+00,-1.699471755297534026e+00,-2.000019204065950351e+00,-1.463251213376440374e+00,-1.713204651602758810e+00,-1.268757540795024230e+00,-9.634765500940488669e-01,-1.194049776203469637e+00
-4.070185192841953459e+00,-4.944324972250724870e-01,-1.428036959087443325e+00,-1.699471755297534026e+00,-2.000019204065950351e+00,-1.463251213376440374e+00,-1.713204651602758810e+00,-1.268757540795024230e+00,-9.634765500940488669e-01,-1.194049776203469637e+00
-4.070185192841953459e+00,-4.944324972250724870e-01,-2.149080579981703654e+00,-1.699471755297534026e+00,-2.000019204065950351e+00,-1.463251213376440374e+00,-2.358912203957331144e+00,-1.268757540795024230e+00,-9.634765500940488669e-01,-1.198399134654072107e+00
-4.070185192841953459e+00,-4.944324972250724870e-01,-2.149080579981703654e+00,-1.699471755297534026e+00,-4.183268105614684096e+00,-1.463251213376440374e+00,-2.358912203957331144e+00,-1.268757540795024230e+00,-9.634765500940488669e-01,-1.198399134654072107e+00
-4.070185192841953459e+00,-4.944324972250724870e-01,-2.149080579981703654e+00,-1.699471755297534026e+00,-4.183268105614684096e+00,-1.463251213376440374e+00,-2.358912203957331144e+00,-1.268757540795024230e+00,-9.634765500940488669e-01,-1.198399134654072107e+00
-4.070185192841953459e+00,-4.944324972250724870e-01,-2.149080579981703654e+00,-1.699471755297534026e+00,-4.183268105614684096e+00,-1.463251213376440374e+00,-2.358912203957331144e+00,-1.268757540795024230e+00,-9.634765500940488669e-01,-1.198399134654072107e+00
-4.070185192841953459e+00,-4.944324972250724870e-01,-2.149080579981703654e+00,-1.699471755297534026e+00,-4.183268105614684096e+00,-1.463251213376440374e+00,-2.358912203957331144e+00,-1.268757540795024230e+00,-9.634765500940488669e-01,-1.198399134654072107e+00
-4.070185192841953459e+00,-4.944324972250724870e-01,-2.149080579981703654e+00,-1.699471755297534026e+00,-4.183268105614684096e+00,-1.463251213376440374e+00,-2.358912203957331144e+00,-1.268757540795024230e+00,-1.410230252555965791e+00,-1.198399134654072107e+00
-4.070185192841953459e+00,-4.944324972250724870e-01,-2.149080579981703654e+00,-1.699471755297534026e+00,-4.183268105614684096e+00,-1.463251213376440374e+00,-2.358912203957331144e+00,-1.268757540795024230e+00,-1.410230252555965791e+00,-1.198399134654072107e+00
-4.070185192841953459e+00,-4.944324972250724870e-01,-2.149080579981703654e+00,-1.699471755297534026e+00,-4.183268105614684096e+00,-1.463251213376440374e+00,-2.358912203957331144e+00,-1.268757540795024230e+00,-1.410230252555965791e+00,-1.198399134654072107e+00
-4.070185192841953459e+00,-4.944324972250724870e-01,-2.149080579981703654e+00,-1.699471755297534026e+00,-4.183268105614684096e+00,-1.463251213376440374e+00,-2.358912203957331144e+00,-1.268757540795024230e+00,-1.410230252555965791e+00,-1.198399134654072107e+00
-4.070185192841953459e+00,-4.944324972250724870e-01,-2.149080579981703654e+00,-1.699471755297534026e+00,-4.183268105614684096e+00,-1.463251213376440374e+00,-2.358912203957331144e+00,-1.268757540795024230e+00,-1.410230252555965791e+00,-1.198399134654072107e+00
-4.070185192841953459e+00,-4.944324972250724870e-01,-2.149080579981703654e+00,-1.699471755297534026e+00,-4.183268105614684096e+00,-1.463251213376440374e+00,-2.358912203957331144e+00,-1.268757540795024230e+00,-1.410230252555965791e+00,-1.198399134654072107e+00
-4.070185192841953459e+00,-4.944324972250724870e-01,-2.149080579981703654e+00,-1.699471755297534026e+00,-4.183268105614684096e+00,-1.463251213376440374e+00,-2.358912203957331144e+00,-1.268757540795024230e+00,-1.410230252555965791e+00,-1.198399134654072107e+00
-4.070185192841953459e+00,-4.944324972250724870e-01,-2.149080579981703654e+00,-1.699471755297534026e+00,-4.183268105614684096e+00,-1.463251213376440374e+00,-3.045811371796458111e+00,-1.268757540795024230e+00,-1.410230252555965791e+00,-1.198399134654072107e+00
-4.070185192841953459e+00,-4.944324972250724870e-01,-2.149080579981703654e+00,-1.699471755297534026e+00,-4.183268105614684096e+00,-1.463251213376440374e+00,-3.045811371796458111e+00,-1.268757540795024230e+00,-1.410230252555965791e+00,-1.198399134654072107e+00
-4.070185192841953459e+00,-4.944324972250724870e-01,-2.149080579981703654e+00,-1.699471755297534026e+00,-4.183268105614684096e+00,-1.463251213376440374e+00,-3.045811371796458111e+00,-1.268757540795024230e+00,-1.410230252555965791e+00,-1.198399134654072107e+00
-4.070185192841953459e+00,-4.944324972250724870e-01,-2.149080579981703654e+00,-1.699471755297534026e+00,-4.183268105614684096e+00,-1.463251213376440374e+00,-3.045811371796458111e+00,-1.268757540795024230e+00,-1.410230252555965791e+00,-1.198399134654072107e+00
-4.070185192841953459e+00,-4.944324972250724870e-01,-2.149080579981703654e+00,-1.699471755297534026e+00,-4.183268105614684096e+00,-1.463251213376440374e+00,-3.045811371796458111e+00,-1.268757540795024230e+00,-1.410230252555965791e+00,-1.198399134654072107e+00
-4.070185192841953459e+00,-4.944324972250724870e-01,-2.149080579981703654e+00,-1.699471755297534026e+00,-4.183268105614684096e+00,-1.463251213376440374e+00,-3.045811371796458111e+00,-1.268757540795024230e+00,-1.410230252555965791e+00,-1.198399134654072107e+00
-4.070185192841953459e+00,-4.944324972250724870e-01,-2.149080579981703654e+00,-1.699471755297534026e+00,-4.183268105614684096e+00,-1.463251213376440374e+00,-3.045811371796458111e+00,-1.268757540795024230e+00,-1.410230252555965791e+00,-1.198399134654072107e+00
-4.070185192841953459e+00,-4.944324972250724870e-01,-2.149080579981703654e+00,-1.699471755297534026e+00,-4.183268105614684096e+00,-1.463251213376440374e+00,-3.045811371796458111e+00,-1.268757540795024230e+00,-1.410230252555965791e+00,-1.198399134654072107e+00
-4.070185192841953459e+00,-4.944324972250724870e-01,-2.149080579981703654e+00,-1.699471755297534026e+00,-4.183268105614684096e+00,-1.463251213376440374e+00,-3.045811371796458111e+00,-1.268757540795024230e+00,-1.410230252555965791e+00,-1.198399134654072107e+00
-4.070185192841953459e+00,-4.944324972250724870e-01,-2.149080579981703654e+00,-1.699471755297534026e+00,-4.183268105614684096e+00,-1.463251213376440374e+00,-3.045811371796458111e+00,-1.268757540795024230e+00,-1.410230252555965791e+00,-1.198399134654072107e+00
-4.070185192841953459e+00,-4.944324972250724870e-01,-2.149080579981703654e+00,-1.699471755297534026e+00,-4.183268105614684096e+00,-1.463251213376440374e+00,-3.045811371796458111e+00,-1.268757540795024230e+00,-1.410230252555965791e+00,-1.198399134654072107e+00
-4.070185192841953459e+00,-6.833184107602829904e-01,-2.149080579981703654e+00,-1.699471755297534026e+00,-4.183268105614684096e+00,-1.463251213376440374e+00,-3.045811371796458111e+00,-1.268757540795024230e+00,-1.933610255080149942e+00,-1.198399134654072107e+00
-4.070185192841953459e+00,-6.833184107602829904e-01,-2.149080579981703654e+00,-1.699471755297534026e+00,-4.183268105614684096e+00,-1.463251213376440374e+00,-3.045811371796458111e+00,-1.268757540795024230e+00,-1.933610255080149942e+00,-1.198399134654072107e+00
-4.070185192841953459e+00,-6.833184107602829904e-01,-2.149080579981703654e+00,-1.699471755297534026e+00,-4.183268105614684096e+00,-1.463251213376440374e+00,-3.045811371796458111e+00,-1.268757540795024230e+00,-1.933610255080149942e+00,-1.198399134654072107e+00
-4.070185192841953459e+00,-6.833184107602829904e-01,-2.149080579981703654e+00,-1.699471755297534026e+00,-4.183268105614684096e+00,-1.463251213376440374e+00,-3.045811371796458111e+00,-3.450466918185090659e+00,-1.933610255080149942e+00,-1.198399134654072107e+00
-4.070185192841953459e+00,-6.833184107602829904e-01,-2.149080579981703654e+00,-1.699471755297534026e+00,-4.183268105614684096e+00,-1.463251213376440374e+00,-3.045811371796458111e+00,-3.450466918185090659e+00,-1.933610255080149942e+00,-1.198399134654072107e+00
-4.070185192841953459e+00,-6.833184107602829904e-01,-2.149080579981703654e+00,-1.699471755297534026e+00,-4.183268105614684096e+00,-1.463251213376440374e+00,-3.045811371796458111e+00,-3.450466918185090659e+00,-1.933610255080149942e+00,-1.198399134654072107e+00
-4.070185192841953459e+00,-6.833184107602829904e-01,-2.149080579981703654e+00,-1.699471755297534026e+00,-4.183268105614684096e+00,-1.463251213376440374e+00,-3.045811371796458111e+00,-3.450466918185090659e+00,-1.933610255080149942e+00,-1.198399134654072107e+00
-4.070185192841953459e+00,-6.833184107602829904e-01,-2.149080579981703654e+00,-2.259695183417865572e+00,-4.183268105614684096e+00,-1.463251213376440374e+00,-3.045811371796458111e+00,-3.450466918185090659e+00,-1.933610255080149942e+00,-1.198399134654072107e+00
-4.070185192841953459e+00,-6.833184107602829904e-01,-2.149080579981703654e+00,-2.259695183417865572e+00,-4.183268105614684096e+00,-1.463251213376440374e+00,-3.045811371796458111e+00,-3.450466918185090659e+00,-1.933610255080149942e+00,-1.198399134654072107e+00
-4.070185192841953459e+00,-6.833184107602829904e-01,-2.149080579981703654e+00,-2.259695183417865572e+00,-4.183268105614684096e+00,-1.463251213376440374e+00,-3.045811371796458111e+00,-3.450466918185090659e+00,-1.933610255080149942e+00,-1.198399134654072107e+00
-4.070185192841953459e+00,-6.833184107602829904e-01,-2.149080579981703654e+00,-2.259695183417865572e+00,-4.183268105614684096e+00,-1.463251213376440374e+00,-3.045811371796458111e+00,-3.450466918185090659e+00,-1.933610255080149942e+00,-1.198399134654072107e+00
-4.070185192841953459e+00,-6.833184107602829904e-01,-2.149080579981703654e+00,-2.259695183417865572e+00,-4.183268105614684096e+00,-1.463251213376440374e+00,-3.045811371796458111e+00,-3.450466918185090659e+00,-1.933610255080149942e+00,-1.198399134654072107e+00
-4.070185192841953459e+00,-6.833184107602829904e-01,-2.149080579981703654e+00,-2.259695183417865572e+00,-4.183268105614684096e+00,-1.463251213376440374e+00,-3.045811371796458111e+00,-3.450466918185090659e+00,-1.933610255080149942e+00,-1.198399134654072107e+00
-4.070185192841953459e+00,-6.833184107602829904e-01,-2.149080579981703654e+00,-2.259695183417865572e+00,-4.183268105614684096e+00,-1.463251213376440374e+00,-3.045811371796458111e+00,-3.450466918185090659e+00,-1.933610255080149942e+00,-1.198399134654072107e+00
-4.070185192841953459e+00,-6.833184107602829904e-01,-2.149080579981703654e+00,-2.259695183417865572e+00,-4.183268105614684096e+00,-1.463251213376440374e+00,-3.045811371796458111e+00,-3.450466918185090659e+00,-1.933610255080149942e+00,-1.198399134654072107e+00
-4.070185192841953459e+00,-6.833184107602829904e-01,-2.149080579981703654e+00,-2.259695183417865572e+00,-4.183268105614684096e+00,-1.463251213376440374e+00,-3.045811371796458111e+00,-3.450466918185090659e+00,-1.933610255080149942e+00,-1.198399134654072107e+00
-4.070185192841953459e+00,-6.833184107602829904e-01,-2.149080579981703654e+00,-2.259695183417865572e+00,-4.183268105614684096e+00,-1.463251213376440374e+00,-3.045811371796458111e+00,-3.450466918185090659e+00,-1.933610255080149942e+00,-1.198399134654072107e+00
-4.070185192841953459e+00,-6.833184107602829904e-01,-2.149080579981703654e+00,-2.259695183417865572e+00,-4.183268105614684096e+00,-1.463251213376440374e+00,-3.045811371796458111e+00,-3.450466918185090659e+00,-1.933610255080149942e+00,-1.198399134654072107e+00
-4.070185192841953459e+00,-6.833184107602829904e-01,-2.149080579981703654e+00,-2.259695183417865572e+00,-4.183268105614684096e+00,-1.463251213376440374e+00,-3.045811371796458111e+00,-3.450466918185090659e+00,-1.933610255080149942e+00,-1.198399134654072107e+00
-4.070185192841953459e+00,-1.100872009592551937e+00,-2.149080579981703654e+00,-2.259695183417865572e+00,-4.183268105614684096e+00,-1.463251213376440374e+00,-3.045811371796458111e+00,-3.450466918185090659e+00,-1.933610255080149942e+00,-1.198399134654072107e+00
-4.070185192841953459e+00,-1.100872009592551937e+00,-2.149080579981703654e+00,-2.259695183417865572e+00,-4.183268105614684096e+00,-1.463251213376440374e+00,-3.045811371796458111e+00,-3.450466918185090659e+00,-1.933610255080149942e+00,-1.198399134654072107e+00
-4.070185192841953459e+00,-1.100872009592551937e+00,-2.149080579981703654e+00,-2.259695183417865572e+00,-4.183268105614684096e+00,-1.463251213376440374e+00,-3.045811371796458111e+00,-3.450466918185090659e+00,-1.933610255080149942e+00,-1.198399134654072107e+00
-4.070185192841953459e+00,-1.100872009592551937e+00,-2.149080579981703654e+00,-2.259695183417865572e+00,-4.183268105614684096e+00,-1.463251213376440374e+00,-3.045811371796458111e+00,-3.450466918185090659e+00,-1.933610255080149942e+00,-1.198399134654072107e+00
