2.685541126064218798e+00,3.255289655997534837e+00,2.911555731566466965e-01,4.259349593329617711e-01,2.251577406265011128e+00,2.521106725598279974e-01,1.067396231206927837e+00,3.746447722289793225e-02,1.379640035925619568e+00,1.362144862666142320e+00
2.685541126064218798e+00,2.070974473017842765e+00,2.911555731566466965e-01,4.259349593329617711e-01,2.235548920822518770e+00,2.521106725598279974e-01,2.955415890450354688e-01,3.746447722289793225e-02,1.379640035925619568e+00,1.362144862666142320e+00
1.980958245551431185e+00,2.070974473017842765e+00,2.911555731566466965e-01,4.259349593329617711e-01,2.208702284533814897e+00,2.521106725598279974e-01,-4.477230770196379828e-01,3.746447722289793225e-02,-2.199095514391485873e-01,-2.667195208933068745e-02
1.980958245551431185e+00,8.590783149266831842e-01,2.911555731566466965e-01,4.259349593329617711e-01,2.208702284533814897e+00,7.420135226560607700e-02,-4.477230770196379828e-01,3.746447722289793225e-02,-1.755002675128570777e+00,-2.667195208933068745e-02
1.980958245551431185e+00,8.590783149266831842e-01,-1.696378748546947812e-01,-6.192563002394660954e-01,2.208702284533814897e+00,7.420135226560607700e-02,-4.477230770196379828e-01,3.746447722289793225e-02,-2.586687483331664428e+00,-2.667195208933068745e-02
1.057482520183547825e+00,8.590783149266831842e-01,-1.696378748546947812e-01,-6.192563002394660954e-01,1.360555639388425275e+00,7.420135226560607700e-02,-4.477230770196379828e-01,3.746447722289793225e-02,-2.586687483331664428e+00,-2.667195208933068745e-02
1.057482520183547825e+00,8.590783149266831842e-01,-1.696378748546947812e-01,-6.192563002394660954e-01,1.208208317932747855e+00,7.420135226560607700e-02,-4.477230770196379828e-01,3.746447722289793225e-02,-2.586687483331664428e+00,-3.781372090817951559e-01
1.057482520183547825e+00,8.590783149266831842e-01,-1.696378748546947812e-01,-6.192563002394660954e-01,1.208208317932747855e+00,7.420135226560607700e-02,-8.969317243972978471e-01,3.746447722289793225e-02,-2.586687483331664428e+00,-3.781372090817951559e-01
1.057482520183547825e+00,8.590783149266831842e-01,-1.696378748546947812e-01,-6.192563002394660954e-01,1.208208317932747855e+00,-1.978779552334017644e-01,-8.969317243972978471e-01,3.746447722289793225e-02,-2.586687483331664428e+00,-3.781372090817951559e-01
1.057482520183547825e+00,8.590783149266831842e-01,-1.696378748546947812e-01,-6.192563002394660954e-01,1.208208317932747855e+00,-1.978779552334017644e-01,-8.969317243972978471e-01,3.746447722289793225e-02,-2.586687483331664428e+00,-3.781372090817951559e-01
1.057482520183547825e+00,8.590783149266831842e-01,-1.696378748546947812e-01,-6.192563002394660954e-01,1.208208317932747855e+00,-1.978779552334017644e-01,-8.969317243972978471e-01,3.746447722289793225e-02,-2.586687483331664428e+00,-1.268893949976407365e+00
1.057482520183547825e+00,8.590783149266831842e-01,-1.696378748546947812e-01,-6.192563002394660954e-01,1.064642459895756454e+00,-1.978779552334017644e-01,-8.969317243972978471e-01,3.746447722289793225e-02,-2.586687483331664428e+00,-1.268893949976407365e+00
1.057482520183547825e+00,8.590783149266831842e-01,-1.696378748546947812e-01,-6.192563002394660954e-01,1.064642459895756454e+00,-1.978779552334017644e-01,-8.969317243972978471e-01,3.746447722289793225e-02,-2.586687483331664428e+00,-1.268893949976407365e+00
1.921975008083442182e-01,8.590783149266831842e-01,-1.696378748546947812e-01,-1.096407661841011905e+00,9.831657005144476269e-01,-1.978779552334017644e-01,-8.969317243972978471e-01,3.746447722289793225e-02,-2.586687483331664428e+00,-1.268893949976407365e+00
1.921975008083442182e-01,8.590783149266831842e-01,-1.696378748546947812e-01,-1.096407661841011905e+00,9.831657005144476269e-01,-1.978779552334017644e-01,-8.969317243972978471e-01,3.746447722289793225e-02,-2.586687483331664428e+00,-1.848214545705904488e+00
-9.512905965694610222e-01,8.590783149266831842e-01,-1.696378748546947812e-01,-2.944119577550090128e+00,9.831657005144476269e-01,-1.978779552334017644e-01,-8.969317243972978471e-01,-6.237517721127292525e-01,-2.586687483331664428e+00,-1.848214545705904488e+00
-9.512905965694610222e-01,8.590783149266831842e-01,-1.696378748546947812e-01,-2.944119577550090128e+00,9.831657005144476269e-01,-1.978779552334017644e-01,-8.969317243972978471e-01,-6.237517721127292525e-01,-2.586687483331664428e+00,-2.416362418722560523e+00
-9.512905965694610222e-01,8.590783149266831842e-01,-1.696378748546947812e-01,-2.944119577550090128e+00,9.831657005144476269e-01,-1.978779552334017644e-01,-8.969317243972978471e-01,-6.237517721127292525e-01,-2.586687483331664428e+00,-2.416362418722560523e+00
-1.294013678343901130e+00,7.066476003166625164e-01,-1.696378748546947812e-01,-2.944119577550090128e+00,9.831657005144476269e-01,-1.978779552334017644e-01,-8.969317243972978471e-01,-6.237517721127292525e-01,-2.586687483331664428e+00,-2.416362418722560523e+00
-1.294013678343901130e+00,7.066476003166625164e-01,-2.162715344198322676e-01,-2.944119577550090128e+00,9.831657005144476269e-01,-1.978779552334017644e-01,-2.666056882208669432e+00,-6.237517721127292525e-01,-2.586687483331664428e+00,-2.416362418722560523e+00
-1.294013678343901130e+00,7.066476003166625164e-01,-2.162715344198322676e-01,-2.944119577550090128e+00,9.831657005144476269e-01,-1.978779552334017644e-01,-2.666056882208669432e+00,-6.237517721127292525e-01,-2.586687483331664428e+00,-2.416362418722560523e+00
-1.294013678343901130e+00,3.756260517701100476e-01,-2.162715344198322676e-01,-2.944119577550090128e+00,9.831657005144476269e-01,-1.978779552334017644e-01,-2.666056882208669432e+00,-6.237517721127292525e-01,-2.586687483331664428e+00,-2.416362418722560523e+00
-1.294013678343901130e+00,2.695809085488203305e-01,-2.162715344198322676e-01,-2.982656023209515617e+00,9.831657005144476269e-01,-1.978779552334017644e-01,-2.666056882208669432e+00,-6.237517721127292525e-01,-2.586687483331664428e+00,-2.693123979977775750e+00
-1.294013678343901130e+00,2.695809085488203305e-01,-2.162715344198322676e-01,-2.982656023209515617e+00,9.831657005144476269e-01,-1.978779552334017644e-01,-2.666056882208669432e+00,-6.237517721127292525e-01,-2.586687483331664428e+00,-2.693123979977775750e+00
-1.294013678343901130e+00,2.695809085488203305e-01,-2.162715344198322676e-01,-2.982656023209515617e+00,9.831657005144476269e-01,-1.978779552334017644e-01,-2.666056882208669432e+00,-6.237517721127292525e-01,-2.586687483331664428e+00,-2.693123979977775750e+00
-1.302104961386207682e+00,-2.582813703761546210e-03,-2.162715344198322676e-01,-2.982656023209515617e+00,9.831657005144476269e-01,-1.978779552334017644e-01,-2.666056882208669432e+00,-6.237517721127292525e-01,-2.586687483331664428e+00,-2.693123979977775750e+00
-1.302104961386207682e+00,-2.582813703761546210e-03,-2.162715344198322676e-01,-2.982656023209515617e+00,9.831657005144476269e-01,-1.978779552334017644e-01,-2.666056882208669432e+00,-6.237517721127292525e-01,-2.586687483331664428e+00,-2.693123979977775750e+00
-1.302104961386207682e+00,-2.582813703761546210e-03,-2.162715344198322676e-01,-2.982656023209515617e+00,5.780181850767618368e-01,-1.978779552334017644e-01,-2.666056882208669432e+00,-6.237517721127292525e-01,-2.586687483331664428e+00,-2.693123979977775750e+00
-1.302104961386207682e+00,-2.582813703761546210e-03,-2.162715344198322676e-01,-2.982656023209515617e+00,5.780181850767618368e-01,-1.978779552334017644e-01,-2.666056882208669432e+00,-6.237517721127292525e-01,-2.586687483331664428e+00,-2.693123979977775750e+00
-1.363584101048730624e+00,-7.364477887006143364e-01,-2.162715344198322676e-01,-2.982656023209515617e+00,5.780181850767618368e-01,-1.978779552334017644e-01,-2.666056882208669432e+00,-6.237517721127292525e-01,-2.586687483331664428e+00,-2.693123979977775750e+00
-1.363584101048730624e+00,-7.364477887006143364e-01,-2.162715344198322676e-01,-2.982656023209515617e+00,5.780181850767618368e-01,-1.978779552334017644e-01,-2.666056882208669432e+00,-6.237517721127292525e-01,-2.586687483331664428e+00,-2.693123979977775750e+00
-1.363584101048730624e+00,-7.364477887006143364e-01,-2.162715344198322676e-01,-2.982656023209515617e+00,5.780181850767618368e-01,-1.978779552334017644e-01,-2.666056882208669432e+00,-6.237517721127292525e-01,-2.586687483331664428e+00,-2.693123979977775750e+00
-1.363584101048730624e+00,-7.364477887006143364e-01,-2.162715344198322676e-01,-2.982656023209515617e+00,5.780181850767618368e-01,-1.978779552334017644e-01,-2.666056882208669432e+00,-6.237517721127292525e-01,-2.586687483331664428e+00,-2.693123979977775750e+00
-1.363584101048730624e+00,-7.364477887006143364e-01,-2.162715344198322676e-01,-2.982656023209515617e+00,5.780181850767618368e-01,-1.978779552334017644e-01,-2.666056882208669432e+00,-6.237517721127292525e-01,-2.586687483331664428e+00,-2.693123979977775750e+00
-1.363584101048730624e+00,-7.364477887006143364e-01,-2.162715344198322676e-01,-2.982656023209515617e+00,5.780181850767618368e-01,-1.978779552334017644e-01,-2.666056882208669432e+00,-6.237517721127292525e-01,-2.586687483331664428e+00,-2.693123979977775750e+00
-1.363584101048730624e+00,-7.364477887006143364e-01,-2.162715344198322676e-01,-2.982656023209515617e+00,5.780181850767618368e-01,-1.978779552334017644e-01,-2.666056882208669432e+00,-6.237517721127292525e-01,-2.586687483331664428e+00,-2.693123979977775750e+00
-1.363584101048730624e+00,-7.364477887006143364e-01,-2.162715344198322676e-01,-2.982656023209515617e+00,5.780181850767618368e-01,-1.978779552334017644e-01,-2.666056882208669432e+00,-6.237517721127292525e-01,-2.586687483331664428e+00,-3.708229738357676997e+00
-1.363584101048730624e+00,-7.364477887006143364e-01,-2.162715344198322676e-01,-2.982656023209515617e+00,5.780181850767618368e-01,-1.978779552334017644e-01,-2.666056882208669432e+00,-6.237517721127292525e-01,-2.586687483331664428e+00,-3.708229738357676997e+00
-1.363584101048730624e+00,-1.337177030839707959e+00,-2.162715344198322676e-01,-2.982656023209515617e+00,5.780181850767618368e-01,-1.978779552334017644e-01,-2.666056882208669432e+00,-6.237517721127292525e-01,-2.586687483331664428e+00,-3.708229738357676997e+00
-1.363584101048730624e+00,-1.337177030839707959e+00,-2.162715344198322676e-01,-2.982656023209515617e+00,5.780181850767618368e-01,-1.978779552334017644e-01,-2.666056882208669432e+00,-6.237517721127292525e-01,-2.586687483331664428e+00,-3.708229738357676997e+00
-1.363584101048730624e+00,-1.337177030839707959e+00,-2.162715344198322676e-01,-2.982656023209515617e+00,5.780181850767618368e-01,-1.978779552334017644e-01,-2.666056882208669432e+00,-6.237517721127292525e-01,-2.586687483331664428e+00,-3.708229738357676997e+00
-1.363584101048730624e+00,-1.337177030839707959e+00,-2.162715344198322676e-01,-2.982656023209515617e+00,5.780181850767618368e-01,-1.978779552334017644e-01,-2.666056882208669432e+00,-6.237517721127292525e-01,-2.586687483331664428e+00,-3.708229738357676997e+00
-1.363584101048730624e+00,-1.337177030839707959e+00,-2.162715344198322676e-01,-2.982656023209515617e+00,5.780181850767618368e-01,-1.978779552334017644e-01,-2.666056882208669432e+00,-6.237517721127292525e-01,-2.586687483331664428e+00,-3.708229738357676997e+00
-1.363584101048730624e+00,-1.751623183849793985e+00,-2.162715344198322676e-01,-2.982656023209515617e+00,-1.503663252954958951e+00,-1.978779552334017644e-01,-2.666056882208669432e+00,-6.237517721127292525e-01,-2.586687483331664428e+00,-3.708229738357676997e+00
-1.363584101048730624e+00,-1.751623183849793985e+00,-2.162715344198322676e-01,-2.982656023209515617e+00,-1.503663252954958951e+00,-4.836513310590480619e-01,-2.666056882208669432e+00,-6.237517721127292525e-01,-2.586687483331664428e+00,-3.708229738357676997e+00
-1.363584101048730624e+00,-1.751623183849793985e+00,-2.162715344198322676e-01,-2.982656023209515617e+00,-1.503663252954958951e+00,-4.836513310590480619e-01,-2.666056882208669432e+00,-6.237517721127292525e-01,-2.586687483331664428e+00,-3.708229738357676997e+00
-1.363584101048730624e+00,-1.751623183849793985e+00,-2.162715344198322676e-01,-2.982656023209515617e+00,-1.503663252954958951e+00,-4.836513310590480619e-01,-2.666056882208669432e+00,-6.237517721127292525e-01,-2.586687483331664428e+00,-3.708229738357676997e+00
-1.363584101048730624e+00,-1.751623183849793985e+00,-2.162715344198322676e-01,-2.982656023209515617e+00,-1.503663252954958951e+00,-4.836513310590480619e-01,-2.666056882208669432e+00,-6.237517721127292525e-01,-2.586687483331664428e+00,-3.708229738357676997e+00
-1.363584101048730624e+00,-1.751623183849793985e+00,-2.162715344198322676e-01,-2.982656023209515617e+00,-1.503663252954958951e+00,-4.836513310590480619e-01,-2.666056882208669432e+00,-6.237517721127292525e-01,-2.586687483331664428e+00,-3.708229738357676997e+00
-1.363584101048730624e+00,-1.751623183849793985e+00,-2.162715344198322676e-01,-2.982656023209515617e+00,-1.503663252954958951e+00,-4.836513310590480619e-01,-2.666056882208669432e+00,-6.237517721127292525e-01,-2.586687483331664428e+00,-3.708229738357676997e+00
-1.363584101048730624e+00,-1.751623183849793985e+00,-2.162715344198322676e-01,-2.982656023209515617e+00,-1.503663252954958951e+00,-4.836513310590480619e-01,-2.666056882208669432e+00,-6.237517721127292525e-01,-2.586687483331664428e+00,-3.708229738357676997e+00
-1.363584101048730624e+00,-1.751623183849793985e+00,-2.162715344198322676e-01,-2.982656023209515617e+00,-1.503663252954958951e+00,-4.836513310590480619e-01,-2.666056882208669432e+00,-6.237517721127292525e-01,-2.586687483331664428e+00,-3.708229738357676997e+00
-1.363584101048730624e+00,-1.751623183849793985e+00,-2.162715344198322676e-01,-2.982656023209515617e+00,-2.065438122183233638e+00,-4.836513310590480619e-01,-2.666056882208669432e+00,-6.237517721127292525e-01,-2.586687483331664428e+00,-3.708229738357676997e+00
-1.363584101048730624e+00,-1.751623183849793985e+00,-2.162715344198322676e-01,-2.982656023209515617e+00,-2.065438122183233638e+00,-4.836513310590480619e-01,-2.666056882208669432e+00,-6.237517721127292525e-01,-2.586687483331664428e+00,-3.708229738357676997e+00
-1.363584101048730624e+00,-1.751623183849793985e+00,-2.162715344198322676e-01,-2.982656023209515617e+00,-2.065438122183233638e+00,-4.836513310590480619e-01,-2.666056882208669432e+00,-6.237517721127292525e-01,-2.586687483331664428e+00,-3.708229738357676997e+00
-1.363584101048730624e+00,-1.751623183849793985e+00,-2.269362217354545519e-01,-2.982656023209515617e+00,-2.065438122183233638e+00,-4.836513310590480619e-01,-2.666056882208669432e+00,-6.237517721127292525e-01,-2.586687483331664428e+00,-3.708229738357676997e+00
-1.363584101048730624e+00,-1.751623183849793985e+00,-2.269362217354545519e-01,-2.982656023209515617e+00,-2.065438122183233638e+00,-4.836513310590480619e-01,-2.666056882208669432e+00,-6.237517721127292525e-01,-2.586687483331664428e+00,-3.708229738357676997e+00
-1.363584101048730624e+00,-1.751623183849793985e+00,-2.269362217354545519e-01,-2.982656023209515617e+00,-2.065438122183233638e+00,-4.836513310590480619e-01,-2.666056882208669432e+00,-6.237517721127292525e-01,-2.586687483331664428e+00,-3.708229738357676997e+00
-1.363584101048730624e+00,-1.751623183849793985e+00,-2.269362217354545519e-01,-2.982656023209515617e+00,-2.065438122183233638e+00,-4.836513310590480619e-01,-2.666056882208669432e+00,-6.237517721127292525e-01,-2.586687483331664428e+00,-3.708229738357676997e+00
-1.363584101048730624e+00,-1.751623183849793985e+00,-2.269362217354545519e-01,-2.982656023209515617e+00,-3.309343682935002473e+00,-4.836513310590480619e-01,-2.666056882208669432e+00,-6.237517721127292525e-01,-2.586687483331664428e+00,-3.708229738357676997e+00
-1.363584101048730624e+00,-1.751623183849793985e+00,-2.269362217354545519e-01,-2.982656023209515617e+00,-3.309343682935002473e+00,-4.836513310590480619e-01,-2.666056882208669432e+00,-6.237517721127292525e-01,-2.586687483331664428e+00,-3.708229738357676997e+00
-1.363584101048730624e+00,-1.751623183849793985e+00,-2.269362217354545519e-01,-2.982656023209515617e+00,-3.309343682935002473e+00,-4.836513310590480619e-01,-2.666056882208669432e+00,-6.237517721127292525e-01,-2.586687483331664428e+00,-3.708229738357676997e+00
-1.363584101048730624e+00,-1.751623183849793985e+00,-2.269362217354545519e-01,-2.982656023209515617e+00,-3.309343682935002473e+00,-1.876999150103777048e+00,-2.666056882208669432e+00,-6.237517721127292525e-01,-2.586687483331664428e+00,-3.708229738357676997e+00
-1.363584101048730624e+00,-1.751623183849793985e+00,-2.269362217354545519e-01,-2.982656023209515617e+00,-3.309343682935002473e+00,-1.876999150103777048e+00,-2.666056882208669432e+00,-6.237517721127292525e-01,-2.586687483331664428e+00,-3.708229738357676997e+00
-1.363584101048730624e+00,-1.751623183849793985e+00,-2.269362217354545519e-01,-2.982656023209515617e+00,-3.309343682935002473e+00,-1.876999150103777048e+00,-2.666056882208669432e+00,-6.237517721127292525e-01,-2.586687483331664428e+00,-3.708229738357676997e+00
-1.363584101048730624e+00,-1.751623183849793985e+00,-2.269362217354545519e-01,-2.982656023209515617e+00,-3.309343682935002473e+00,-1.876999150103777048e+00,-2.666056882208669432e+00,-6.237517721127292525e-01,-2.586687483331664428e+00,-3.708229738357676997e+00
-1.511909213375056460e+00,-1.751623183849793985e+00,-3.025301470574513485e-01,-2.982656023209515617e+00,-3.309343682935002473e+00,-1.876999150103777048e+00,-2.666056882208669432e+00,-6.237517721127292525e-01,-2.586687483331664428e+00,-3.708229738357676997e+00
-1.511909213375056460e+00,-1.751623183849793985e+00,-3.025301470574513485e-01,-2.982656023209515617e+00,-3.309343682935002473e+00,-1.876999150103777048e+00,-2.666056882208669432e+00,-6.237517721127292525e-01,-2.586687483331664428e+00,-3.708229738357676997e+00
-1.511909213375056460e+00,-1.751623183849793985e+00,-3.025301470574513485e-01,-2.982656023209515617e+00,-3.309343682935002473e+00,-1.876999150103777048e+00,-2.666056882208669432e+00,-6.237517721127292525e-01,-2.586687483331664428e+00,-3.708229738357676997e+00
-1.511909213375056460e+00,-1.751623183849793985e+00,-3.210174764905888711e-01,-2.982656023209515617e+00,-3.309343682935002473e+00,-1.876999150103777048e+00,-2.666056882208669432e+00,-6.237517721127292525e-01,-2.586687483331664428e+00,-3.708229738357676997e+00
-1.511909213375056460e+00,-1.751623183849793985e+00,-3.210174764905888711e-01,-2.982656023209515617e+00,-3.309343682935002473e+00,-1.876999150103777048e+00,-2.666056882208669432e+00,-6.237517721127292525e-01,-2.586687483331664428e+00,-3.708229738357676997e+00
-1.511909213375056460e+00,-1.751623183849793985e+00,-3.210174764905888711e-01,-2.982656023209515617e+00,-3.309343682935002473e+00,-1.876999150103777048e+00,-2.666056882208669432e+00,-6.237517721127292525e-01,-2.586687483331664428e+00,-3.708229738357676997e+00
-1.511909213375056460e+00,-1.751623183849793985e+00,-3.210174764905888711e-01,-2.982656023209515617e+00,-3.309343682935002473e+00,-1.876999150103777048e+00,-2.666056882208669432e+00,-6.237517721127292525e-01,-2.586687483331664428e+00,-3.708229738357676997e+00
-1.511909213375056460e+00,-1.751623183849793985e+00,-3.210174764905888711e-01,-2.982656023209515617e+00,-3.309343682935002473e+00,-1.876999150103777048e+00,-2.666056882208669432e+00,-6.237517721127292525e-01,-2.586687483331664428e+00,-3.708229738357676997e+00
-1.511909213375056460e+00,-1.751623183849793985e+00,-3.210174764905888711e-01,-2.982656023209515617e+00,-3.309343682935002473e+00,-1.876999150103777048e+00,-2.666056882208669432e+00,-6.237517721127292525e-01,-2.586687483331664428e+00,-3.708229738357676997e+00
-1.511909213375056460e+00,-1.751623183849793985e+00,-3.210174764905888711e-01,-2.982656023209515617e+00,-3.309343682935002473e+00,-1.876999150103777048e+00,-2.666056882208669432e+00,-6.237517721127292525e-01,-2.586687483331664428e+00,-3.708229738357676997e+00
