2.732511442206294827e+00,4.647370795020503209e+00,5.301262945670761617e+00,-5.801615830893950276e-01,2.692632175866703115e+00,2.510290938608748412e+00,3.964730117153484890e-01,3.021196490291738757e-01,-3.893307425119630905e-01,1.573752764238237623e+00
1.579079915812032775e+00,3.701927118219902280e+00,3.596441042980897063e+00,-5.801615830893950276e-01,2.464936319598439507e+00,2.134563676784618558e+00,3.964730117153484890e-01,3.021196490291738757e-01,-3.893307425119630905e-01,-3.003729449669205812e-02
8.017260544062542182e-01,2.628847641863507612e+00,3.596441042980897063e+00,-5.801615830893950276e-01,1.473792009022888427e+00,2.134563676784618558e+00,-9.887053174491837737e-01,3.021196490291738757e-01,-3.893307425119630905e-01,-3.003729449669205812e-02
8.017260544062542182e-01,2.628847641863507612e+00,3.596441042980897063e+00,-5.801615830893950276e-01,7.075394155623615511e-01,2.134563676784618558e+00,-9.887053174491837737e-01,3.021196490291738757e-01,-3.893307425119630905e-01,-3.003729449669205812e-02
8.017260544062542182e-01,2.628847641863507612e+00,2.785664732347168382e+00,-5.801615830893950276e-01,7.075394155623615511e-01,2.134563676784618558e+00,-9.887053174491837737e-01,1.893782770210479249e-01,-3.893307425119630905e-01,-2.535860945474342487e-01
5.822265123555956379e-01,1.668991055847138805e+00,2.571413123223448949e+00,-6.679090151722920643e-01,7.075394155623615511e-01,2.134563676784618558e+00,-9.887053174491837737e-01,1.893782770210479249e-01,-3.893307425119630905e-01,-2.535860945474342487e-01
5.822265123555956379e-01,1.668991055847138805e+00,1.253750276393085894e+00,-6.679090151722920643e-01,7.075394155623615511e-01,2.134563676784618558e+00,-9.887053174491837737e-01,3.281196130323196097e-02,-3.893307425119630905e-01,-2.535860945474342487e-01
-1.080845336105900750e-01,1.668991055847138805e+00,1.253750276393085894e+00,-6.679090151722920643e-01,7.075394155623615511e-01,2.019811712385576996e+00,-9.887053174491837737e-01,3.281196130323196097e-02,-3.893307425119630905e-01,-2.535860945474342487e-01
-1.080845336105900750e-01,1.668991055847138805e+00,1.253750276393085894e+00,-6.774129040413608971e-01,6.521824472323645150e-01,2.019811712385576996e+00,-9.887053174491837737e-01,3.281196130323196097e-02,-3.893307425119630905e-01,-2.535860945474342487e-01
-1.080845336105900750e-01,1.216577932799892015e+00,6.461298277652118838e-01,-7.132885256187354583e-01,6.521824472323645150e-01,2.019811712385576996e+00,-9.887053174491837737e-01,3.281196130323196097e-02,-3.893307425119630905e-01,-2.535860945474342487e-01
-1.080845336105900750e-01,1.216577932799892015e+00,-3.794299057464944336e-01,-7.132885256187354583e-01,-1.472019746060938772e+00,2.019811712385576996e+00,-9.887053174491837737e-01,-5.497750003182669820e-01,-3.893307425119630905e-01,-2.535860945474342487e-01
-1.080845336105900750e-01,1.216577932799892015e+00,-3.794299057464944336e-01,-7.132885256187354583e-01,-1.472019746060938772e+00,2.019811712385576996e+00,-9.887053174491837737e-01,-5.497750003182669820e-01,-3.893307425119630905e-01,-2.535860945474342487e-01
-1.080845336105900750e-01,1.216577932799892015e+00,-3.794299057464944336e-01,-7.132885256187354583e-01,-1.472019746060938772e+00,1.991741504364930915e+00,-9.887053174491837737e-01,-5.497750003182669820e-01,-3.893307425119630905e-01,-2.535860945474342487e-01
-1.080845336105900750e-01,1.216577932799892015e+00,-3.794299057464944336e-01,-7.132885256187354583e-01,-1.472019746060938772e+00,1.991741504364930915e+00,-9.887053174491837737e-01,-5.497750003182669820e-01,-3.893307425119630905e-01,-2.535860945474342487e-01
-1.080845336105900750e-01,9.461838215822847564e-01,-3.794299057464944336e-01,-7.132885256187354583e-01,-1.472019746060938772e+00,1.991741504364930915e+00,-9.887053174491837737e-01,-5.497750003182669820e-01,-3.893307425119630905e-01,-2.535860945474342487e-01
-1.080845336105900750e-01,9.461838215822847564e-01,-3.794299057464944336e-01,-7.132885256187354583e-01,-1.472019746060938772e+00,1.991741504364930915e+00,-9.887053174491837737e-01,-5.497750003182669820e-01,-3.893307425119630905e-01,-2.535860945474342487e-01
-1.080845336105900750e-01,9.461838215822847564e-01,-3.794299057464944336e-01,-7.132885256187354583e-01,-1.920025244162177458e+00,1.991741504364930915e+00,-9.887053174491837737e-01,-5.497750003182669820e-01,-3.893307425119630905e-01,-2.535860945474342487e-01
-1.080845336105900750e-01,4.414254138413811202e-01,-3.986051522647580114e-01,-7.132885256187354583e-01,-1.920025244162177458e+00,1.991741504364930915e+00,-9.887053174491837737e-01,-5.497750003182669820e-01,-3.893307425119630905e-01,-2.535860945474342487e-01
-1.080845336105900750e-01,-4.038361201366932884e-01,-3.986051522647580114e-01,-7.132885256187354583e-01,-1.920025244162177458e+00,1.991741504364930915e+00,-9.887053174491837737e-01,-5.497750003182669820e-01,-3.893307425119630905e-01,-2.535860945474342487e-01
-1.080845336105900750e-01,-4.038361201366932884e-01,-1.100670135069524491e+00,-7.132885256187354583e-01,-1.920025244162177458e+00,3.757489488962467150e-01,-9.887053174491837737e-01,-5.497750003182669820e-01,-3.893307425119630905e-01,-2.535860945474342487e-01
-1.080845336105900750e-01,-4.038361201366932884e-01,-1.100670135069524491e+00,-7.132885256187354583e-01,-1.920025244162177458e+00,3.757489488962467150e-01,-9.887053174491837737e-01,-5.497750003182669820e-01,-3.893307425119630905e-01,-2.535860945474342487e-01
-9.399205401154773210e-01,-4.038361201366932884e-01,-1.100670135069524491e+00,-7.132885256187354583e-01,-1.920025244162177458e+00,2.541430873151200309e-01,-9.887053174491837737e-01,-1.391211126423210986e+00,-3.893307425119630905e-01,-2.535860945474342487e-01
-9.399205401154773210e-01,-4.038361201366932884e-01,-1.100670135069524491e+00,-7.132885256187354583e-01,-1.920025244162177458e+00,2.541430873151200309e-01,-9.887053174491837737e-01,-1.391211126423210986e+00,-3.893307425119630905e-01,-2.535860945474342487e-01
-9.399205401154773210e-01,-4.038361201366932884e-01,-1.100670135069524491e+00,-7.132885256187354583e-01,-1.920025244162177458e+00,2.541430873151200309e-01,-1.039301914894706691e+00,-1.391211126423210986e+00,-3.893307425119630905e-01,-2.535860945474342487e-01
-9.399205401154773210e-01,-4.038361201366932884e-01,-1.100670135069524491e+00,-7.132885256187354583e-01,-1.920025244162177458e+00,2.541430873151200309e-01,-1.039301914894706691e+00,-1.391211126423210986e+00,-3.893307425119630905e-01,-2.535860945474342487e-01
-9.399205401154773210e-01,-7.617836080402962118e-01,-1.100670135069524491e+00,-7.132885256187354583e-01,-1.920025244162177458e+00,2.541430873151200309e-01,-1.039301914894706691e+00,-1.391211126423210986e+00,-3.893307425119630905e-01,-2.535860945474342487e-01
-9.399205401154773210e-01,-7.617836080402962118e-01,-1.100670135069524491e+00,-7.132885256187354583e-01,-1.920025244162177458e+00,2.541430873151200309e-01,-1.039301914894706691e+00,-1.391211126423210986e+00,-3.893307425119630905e-01,-2.535860945474342487e-01
-9.399205401154773210e-01,-7.617836080402962118e-01,-1.100670135069524491e+00,-7.132885256187354583e-01,-1.920025244162177458e+00,2.541430873151200309e-01,-1.039301914894706691e+00,-1.391211126423210986e+00,-3.893307425119630905e-01,-2.535860945474342487e-01
-9.399205401154773210e-01,-7.617836080402962118e-01,-1.100670135069524491e+00,-7.132885256187354583e-01,-1.920025244162177458e+00,2.541430873151200309e-01,-1.072220204436657331e+00,-1.391211126423210986e+00,-3.893307425119630905e-01,-2.535860945474342487e-01
-9.399205401154773210e-01,-7.617836080402962118e-01,-1.100670135069524491e+00,-7.132885256187354583e-01,-1.920025244162177458e+00,2.541430873151200309e-01,-1.072220204436657331e+00,-1.391211126423210986e+00,-7.237122225674552656e-01,-2.535860945474342487e-01
-9.399205401154773210e-01,-7.617836080402962118e-01,-1.100670135069524491e+00,-7.132885256187354583e-01,-1.920025244162177458e+00,2.541430873151200309e-01,-1.072220204436657331e+00,-1.391211126423210986e+00,-7.237122225674552656e-01,-2.535860945474342487e-01
-9.399205401154773210e-01,-7.617836080402962118e-01,-1.100670135069524491e+00,-7.132885256187354583e-01,-2.288671110288530652e+00,2.541430873151200309e-01,-1.072220204436657331e+00,-1.391211126423210986e+00,-7.237122225674552656e-01,-2.535860945474342487e-01
-9.399205401154773210e-01,-7.617836080402962118e-01,-1.100670135069524491e+00,-7.132885256187354583e-01,-2.288671110288530652e+00,2.541430873151200309e-01,-1.735235427608217362e+00,-1.391211126423210986e+00,-7.237122225674552656e-01,-2.535860945474342487e-01
-9.399205401154773210e-01,-7.617836080402962118e-01,-1.100670135069524491e+00,-7.132885256187354583e-01,-2.288671110288530652e+00,2.541430873151200309e-01,-1.735235427608217362e+00,-1.391211126423210986e+00,-7.237122225674552656e-01,-2.535860945474342487e-01
-9.399205401154773210e-01,-7.777727640223586203e-01,-1.100670135069524491e+00,-7.132885256187354583e-01,-2.288671110288530652e+00,2.541430873151200309e-01,-1.735235427608217362e+00,-1.391211126423210986e+00,-7.237122225674552656e-01,-2.535860945474342487e-01
-9.399205401154773210e-01,-7.777727640223586203e-01,-1.100670135069524491e+00,-7.132885256187354583e-01,-2.288671110288530652e+00,2.541430873151200309e-01,-1.735235427608217362e+00,-1.391211126423210986e+00,-7.237122225674552656e-01,-2.535860945474342487e-01
-9.399205401154773210e-01,-7.777727640223586203e-01,-1.100670135069524491e+00,-7.132885256187354583e-01,-2.534893592505434778e+00,2.541430873151200309e-01,-1.735235427608217362e+00,-1.391211126423210986e+00,-7.237122225674552656e-01,-2.535860945474342487e-01
-9.399205401154773210e-01,-7.777727640223586203e-01,-1.100670135069524491e+00,-1.797429698352135174e+00,-2.534893592505434778e+00,2.541430873151200309e-01,-1.735235427608217362e+00,-1.391211126423210986e+00,-7.237122225674552656e-01,-2.535860945474342487e-01
-9.399205401154773210e-01,-7.777727640223586203e-01,-1.100670135069524491e+00,-1.797429698352135174e+00,-2.534893592505434778e+00,2.541430873151200309e-01,-1.735235427608217362e+00,-1.391211126423210986e+00,-7.237122225674552656e-01,-2.535860945474342487e-01
-9.399205401154773210e-01,-1.006495160333120698e+00,-1.100670135069524491e+00,-1.797429698352135174e+00,-2.534893592505434778e+00,2.541430873151200309e-01,-1.735235427608217362e+00,-2.208990877073360171e+00,-7.237122225674552656e-01,-2.535860945474342487e-01
-9.399205401154773210e-01,-1.721247217623847803e+00,-1.100670135069524491e+00,-1.797429698352135174e+00,-2.534893592505434778e+00,2.541430873151200309e-01,-1.735235427608217362e+00,-2.208990877073360171e+00,-7.237122225674552656e-01,-2.535860945474342487e-01
-9.399205401154773210e-01,-1.721247217623847803e+00,-1.100670135069524491e+00,-1.797429698352135174e+00,-2.534893592505434778e+00,2.541430873151200309e-01,-1.735235427608217362e+00,-2.208990877073360171e+00,-7.237122225674552656e-01,-2.535860945474342487e-01
-9.399205401154773210e-01,-1.721247217623847803e+00,-1.100670135069524491e+00,-1.797429698352135174e+00,-2.534893592505434778e+00,2.541430873151200309e-01,-2.973604753686216018e+00,-2.208990877073360171e+00,-7.237122225674552656e-01,-2.535860945474342487e-01
-9.399205401154773210e-01,-1.721247217623847803e+00,-1.100670135069524491e+00,-1.797429698352135174e+00,-2.534893592505434778e+00,2.541430873151200309e-01,-2.973604753686216018e+00,-2.208990877073360171e+00,-7.237122225674552656e-01,-6.775829952837517656e-01
-9.399205401154773210e-01,-1.721247217623847803e+00,-1.100670135069524491e+00,-1.797429698352135174e+00,-2.534893592505434778e+00,2.541430873151200309e-01,-2.973604753686216018e+00,-2.208990877073360171e+00,-7.237122225674552656e-01,-1.003524750054292314e+00
-9.399205401154773210e-01,-1.721247217623847803e+00,-1.100670135069524491e+00,-1.797429698352135174e+00,-2.534893592505434778e+00,2.541430873151200309e-01,-2.973604753686216018e+00,-2.208990877073360171e+00,-7.237122225674552656e-01,-1.003524750054292314e+00
-9.399205401154773210e-01,-1.721247217623847803e+00,-1.100670135069524491e+00,-1.797429698352135174e+00,-2.534893592505434778e+00,2.541430873151200309e-01,-2.973604753686216018e+00,-2.208990877073360171e+00,-7.237122225674552656e-01,-1.003524750054292314e+00
-9.399205401154773210e-01,-1.721247217623847803e+00,-1.829491870342918158e+00,-1.797429698352135174e+00,-2.721534349747175785e+00,2.541430873151200309e-01,-2.973604753686216018e+00,-2.208990877073360171e+00,-7.237122225674552656e-01,-1.003524750054292314e+00
-9.399205401154773210e-01,-1.721247217623847803e+00,-1.829491870342918158e+00,-1.797429698352135174e+00,-2.915169936056917432e+00,2.541430873151200309e-01,-2.973604753686216018e+00,-2.208990877073360171e+00,-7.237122225674552656e-01,-1.003524750054292314e+00
-9.399205401154773210e-01,-1.721247217623847803e+00,-1.829491870342918158e+00,-1.797429698352135174e+00,-2.915169936056917432e+00,2.541430873151200309e-01,-2.973604753686216018e+00,-2.208990877073360171e+00,-7.237122225674552656e-01,-1.003524750054292314e+00
-9.399205401154773210e-01,-1.721247217623847803e+00,-1.829491870342918158e+00,-1.797429698352135174e+00,-2.915169936056917432e+00,2.541430873151200309e-01,-2.973604753686216018e+00,-2.208990877073360171e+00,-7.237122225674552656e-01,-1.003524750054292314e+00
-9.399205401154773210e-01,-1.721247217623847803e+00,-1.829491870342918158e+00,-1.797429698352135174e+00,-2.915169936056917432e+00,-2.218763352350791584e-01,-2.973604753686216018e+00,-2.208990877073360171e+00,-7.237122225674552656e-01,-1.003524750054292314e+00
-9.399205401154773210e-01,-1.721247217623847803e+00,-1.829491870342918158e+00,-1.797429698352135174e+00,-2.915169936056917432e+00,-2.218763352350791584e-01,-2.973604753686216018e+00,-2.208990877073360171e+00,-7.237122225674552656e-01,-1.003524750054292314e+00
-9.399205401154773210e-01,-1.721247217623847803e+00,-1.829491870342918158e+00,-1.797429698352135174e+00,-2.915169936056917432e+00,-2.218763352350791584e-01,-2.973604753686216018e+00,-2.208990877073360171e+00,-7.237122225674552656e-01,-1.003524750054292314e+00
-9.689569941286958477e-01,-1.721247217623847803e+00,-1.829491870342918158e+00,-1.797429698352135174e+00,-2.915169936056917432e+00,-2.218763352350791584e-01,-2.973604753686216018e+00,-2.208990877073360171e+00,-8.183405637038664304e-01,-1.003524750054292314e+00
-9.689569941286958477e-01,-1.721247217623847803e+00,-1.829491870342918158e+00,-1.797429698352135174e+00,-2.915169936056917432e+00,-2.218763352350791584e-01,-2.973604753686216018e+00,-2.208990877073360171e+00,-8.183405637038664304e-01,-1.003524750054292314e+00
-9.689569941286958477e-01,-1.721247217623847803e+00,-1.829491870342918158e+00,-1.797429698352135174e+00,-2.915169936056917432e+00,-2.218763352350791584e-01,-2.973604753686216018e+00,-2.208990877073360171e+00,-8.183405637038664304e-01,-1.003524750054292314e+00
-9.689569941286958477e-01,-1.721247217623847803e+00,-1.829491870342918158e+00,-1.797429698352135174e+00,-2.915169936056917432e+00,-2.218763352350791584e-01,-2.973604753686216018e+00,-2.208990877073360171e+00,-8.183405637038664304e-01,-1.003524750054292314e+00
-9.689569941286958477e-01,-1.721247217623847803e+00,-1.829491870342918158e+00,-1.797429698352135174e+00,-2.915169936056917432e+00,-2.218763352350791584e-01,-2.973604753686216018e+00,-2.208990877073360171e+00,-8.183405637038664304e-01,-1.003524750054292314e+00
-9.689569941286958477e-01,-1.721247217623847803e+00,-1.829491870342918158e+00,-1.797429698352135174e+00,-2.915169936056917432e+00,-2.218763352350791584e-01,-2.973604753686216018e+00,-2.208990877073360171e+00,-8.183405637038664304e-01,-1.003524750054292314e+00
-9.689569941286958477e-01,-1.721247217623847803e+00,-1.829491870342918158e+00,-1.797429698352135174e+00,-2.915169936056917432e+00,-2.218763352350791584e-01,-2.973604753686216018e+00,-2.208990877073360171e+00,-8.183405637038664304e-01,-1.003524750054292314e+00
-1.400996001159693582e+00,-1.721247217623847803e+00,-1.829491870342918158e+00,-1.797429698352135174e+00,-2.915169936056917432e+00,-2.218763352350791584e-01,-2.973604753686216018e+00,-2.208990877073360171e+00,-8.183405637038664304e-01,-1.003524750054292314e+00
-1.400996001159693582e+00,-1.721247217623847803e+00,-1.829491870342918158e+00,-1.797429698352135174e+00,-2.915169936056917432e+00,-2.218763352350791584e-01,-2.973604753686216018e+00,-2.208990877073360171e+00,-8.183405637038664304e-01,-1.003524750054292314e+00
-1.400996001159693582e+00,-1.721247217623847803e+00,-2.486427552982086286e+00,-1.797429698352135174e+00,-2.915169936056917432e+00,-2.218763352350791584e-01,-2.973604753686216018e+00,-2.208990877073360171e+00,-8.183405637038664304e-01,-1.003524750054292314e+00
-1.400996001159693582e+00,-1.721247217623847803e+00,-2.486427552982086286e+00,-1.797429698352135174e+00,-2.915169936056917432e+00,-2.218763352350791584e-01,-2.973604753686216018e+00,-2.208990877073360171e+00,-8.183405637038664304e-01,-1.003524750054292314e+00
-1.400996001159693582e+00,-1.721247217623847803e+00,-2.486427552982086286e+00,-1.797429698352135174e+00,-3.700094931887834893e+00,-2.218763352350791584e-01,-2.973604753686216018e+00,-2.208990877073360171e+00,-8.183405637038664304e-01,-1.003524750054292314e+00
-1.400996001159693582e+00,-1.721247217623847803e+00,-4.791768369893745216e+00,-1.797429698352135174e+00,-3.700094931887834893e+00,-2.218763352350791584e-01,-2.973604753686216018e+00,-2.208990877073360171e+00,-8.183405637038664304e-01,-1.003524750054292314e+00
-1.400996001159693582e+00,-1.721247217623847803e+00,-4.791768369893745216e+00,-1.797429698352135174e+00,-3.700094931887834893e+00,-2.218763352350791584e-01,-2.973604753686216018e+00,-2.208990877073360171e+00,-8.183405637038664304e-01,-1.003524750054292314e+00
-1.400996001159693582e+00,-1.721247217623847803e+00,-4.791768369893745216e+00,-1.797429698352135174e+00,-3.700094931887834893e+00,-2.218763352350791584e-01,-2.973604753686216018e+00,-2.208990877073360171e+00,-8.183405637038664304e-01,-1.003524750054292314e+00
-1.400996001159693582e+00,-1.721247217623847803e+00,-4.791768369893745216e+00,-1.797429698352135174e+00,-3.700094931887834893e+00,-2.218763352350791584e-01,-2.973604753686216018e+00,-2.208990877073360171e+00,-8.183405637038664304e-01,-1.003524750054292314e+00
-1.400996001159693582e+00,-1.721247217623847803e+00,-4.791768369893745216e+00,-1.797429698352135174e+00,-3.700094931887834893e+00,-2.218763352350791584e-01,-2.973604753686216018e+00,-2.208990877073360171e+00,-8.183405637038664304e-01,-1.003524750054292314e+00
-1.400996001159693582e+00,-1.721247217623847803e+00,-4.791768369893745216e+00,-1.797429698352135174e+00,-3.700094931887834893e+00,-2.218763352350791584e-01,-2.973604753686216018e+00,-2.578597734981832090e+00,-8.183405637038664304e-01,-1.003524750054292314e+00
-1.400996001159693582e+00,-1.721247217623847803e+00,-4.791768369893745216e+00,-1.797429698352135174e+00,-3.700094931887834893e+00,-2.218763352350791584e-01,-2.973604753686216018e+00,-2.578597734981832090e+00,-8.183405637038664304e-01,-1.003524750054292314e+00
-1.400996001159693582e+00,-1.721247217623847803e+00,-4.791768369893745216e+00,-1.797429698352135174e+00,-3.700094931887834893e+00,-2.218763352350791584e-01,-2.973604753686216018e+00,-2.578597734981832090e+00,-8.183405637038664304e-01,-1.003524750054292314e+00
-1.480694163843510269e+00,-1.721247217623847803e+00,-4.791768369893745216e+00,-1.797429698352135174e+00,-3.700094931887834893e+00,-2.218763352350791584e-01,-2.973604753686216018e+00,-2.578597734981832090e+00,-8.183405637038664304e-01,-1.003524750054292314e+00
-1.480694163843510269e+00,-1.721247217623847803e+00,-4.791768369893745216e+00,-1.797429698352135174e+00,-3.700094931887834893e+00,-2.218763352350791584e-01,-2.973604753686216018e+00,-2.578597734981832090e+00,-8.183405637038664304e-01,-1.003524750054292314e+00
