2.586688104455753923e+00,3.029298133674406035e+00,2.451789976187388032e+00,4.603707199591028920e-01,1.153623150745354486e+00,5.845645579827597693e+00,1.776867066346887070e+00,3.170842110268088376e+00,1.589160268715247293e+00,1.351200600393938078e+00
1.039362618916997993e+00,3.029298133674406035e+00,1.275825965038980048e+00,1.814779212155726296e-01,1.153623150745354486e+00,1.519715249015017644e+00,7.340023671426797458e-01,9.629419402936755246e-01,1.313009688348240722e+00,5.141365225283850426e-01
1.039362618916997993e+00,2.953648937221818649e+00,1.275825965038980048e+00,1.814779212155726296e-01,1.153623150745354486e+00,7.575489954760846745e-01,2.625620054140387349e-01,9.629419402936755246e-01,1.313009688348240722e+00,5.141365225283850426e-01
1.039362618916997993e+00,1.463200769908475918e+00,1.856645973482304868e-01,-1.023600137874128846e+00,1.519750171104512770e-02,7.575489954760846745e-01,2.625620054140387349e-01,9.629419402936755246e-01,1.313009688348240722e+00,5.141365225283850426e-01
1.039362618916997993e+00,1.463200769908475918e+00,1.856645973482304868e-01,-1.023600137874128846e+00,1.519750171104512770e-02,7.575489954760846745e-01,2.625620054140387349e-01,9.629419402936755246e-01,1.313009688348240722e+00,5.141365225283850426e-01
1.039362618916997993e+00,6.333562471896032608e-01,1.856645973482304868e-01,-1.023600137874128846e+00,-5.819880802616225757e-02,7.575489954760846745e-01,2.625620054140387349e-01,9.629419402936755246e-01,1.313009688348240722e+00,5.141365225283850426e-01
7.186915559541282583e-01,6.333562471896032608e-01,-7.360868767003425628e-01,-1.366940474238901082e+00,-9.029253765782715990e-02,7.575489954760846745e-01,2.625620054140387349e-01,9.629419402936755246e-01,1.313009688348240722e+00,-6.786441544552193096e-03
7.186915559541282583e-01,6.333562471896032608e-01,-9.637477625675038295e-01,-2.140792984635492946e+00,-9.029253765782715990e-02,7.575489954760846745e-01,-3.752397036220562199e-01,9.629419402936755246e-01,9.578714241334983504e-01,-6.786441544552193096e-03
7.186915559541282583e-01,4.095314217661665812e-01,-1.609727538743267461e+00,-2.140792984635492946e+00,-9.029253765782715990e-02,7.575489954760846745e-01,-3.752397036220562199e-01,9.629419402936755246e-01,-9.265641970009080852e-01,-6.786441544552193096e-03
1.247130227581588341e-01,-5.267894962601712416e-01,-1.609727538743267461e+00,-2.301431906805795791e+00,-9.029253765782715990e-02,7.575489954760846745e-01,-3.752397036220562199e-01,9.629419402936755246e-01,-9.265641970009080852e-01,-6.786441544552193096e-03
1.247130227581588341e-01,-5.267894962601712416e-01,-1.609727538743267461e+00,-2.301431906805795791e+00,-9.029253765782715990e-02,7.575489954760846745e-01,-3.752397036220562199e-01,-2.083004155277759395e+00,-3.334665657961919383e+00,-6.786441544552193096e-03
1.247130227581588341e-01,-5.267894962601712416e-01,-1.609727538743267461e+00,-2.301431906805795791e+00,-9.029253765782715990e-02,7.575489954760846745e-01,-4.458995180007574999e-01,-2.925227421775834724e+00,-3.334665657961919383e+00,-6.786441544552193096e-03
1.247130227581588341e-01,-5.267894962601712416e-01,-1.609727538743267461e+00,-2.301431906805795791e+00,-9.029253765782715990e-02,7.575489954760846745e-01,-4.458995180007574999e-01,-2.925227421775834724e+00,-3.334665657961919383e+00,-6.786441544552193096e-03
1.247130227581588341e-01,-5.267894962601712416e-01,-1.609727538743267461e+00,-2.301431906805795791e+00,-9.029253765782715990e-02,7.575489954760846745e-01,-4.458995180007574999e-01,-2.925227421775834724e+00,-3.334665657961919383e+00,-6.786441544552193096e-03
1.247130227581588341e-01,-5.267894962601712416e-01,-1.609727538743267461e+00,-2.301431906805795791e+00,-9.029253765782715990e-02,7.575489954760846745e-01,-4.458995180007574999e-01,-2.925227421775834724e+00,-3.334665657961919383e+00,-6.786441544552193096e-03
1.247130227581588341e-01,-5.267894962601712416e-01,-1.609727538743267461e+00,-2.301431906805795791e+00,-9.029253765782715990e-02,3.076218011528426555e-01,-4.458995180007574999e-01,-2.925227421775834724e+00,-3.334665657961919383e+00,-6.786441544552193096e-03
1.247130227581588341e-01,-8.661234475518216902e-01,-1.609727538743267461e+00,-2.301431906805795791e+00,-9.029253765782715990e-02,3.076218011528426555e-01,-4.458995180007574999e-01,-2.925227421775834724e+00,-4.405520206120979942e+00,-6.786441544552193096e-03
1.247130227581588341e-01,-8.661234475518216902e-01,-1.609727538743267461e+00,-2.301431906805795791e+00,-5.864659478214934163e-01,3.076218011528426555e-01,-4.458995180007574999e-01,-2.925227421775834724e+00,-4.405520206120979942e+00,-6.786441544552193096e-03
1.247130227581588341e-01,-8.661234475518216902e-01,-1.609727538743267461e+00,-2.301431906805795791e+00,-9.174483330053081476e-01,3.076218011528426555e-01,-4.458995180007574999e-01,-2.925227421775834724e+00,-4.405520206120979942e+00,-6.786441544552193096e-03
1.247130227581588341e-01,-8.661234475518216902e-01,-1.609727538743267461e+00,-2.301431906805795791e+00,-2.142683147002641508e+00,3.076218011528426555e-01,-4.458995180007574999e-01,-2.925227421775834724e+00,-4.405520206120979942e+00,-6.786441544552193096e-03
1.247130227581588341e-01,-8.661234475518216902e-01,-1.609727538743267461e+00,-2.301431906805795791e+00,-2.142683147002641508e+00,3.076218011528426555e-01,-4.458995180007574999e-01,-2.925227421775834724e+00,-4.405520206120979942e+00,-6.786441544552193096e-03
1.247130227581588341e-01,-8.661234475518216902e-01,-1.772365170560030290e+00,-2.301431906805795791e+00,-2.142683147002641508e+00,3.076218011528426555e-01,-4.458995180007574999e-01,-2.925227421775834724e+00,-4.405520206120979942e+00,-6.786441544552193096e-03
1.247130227581588341e-01,-8.661234475518216902e-01,-1.772365170560030290e+00,-2.301431906805795791e+00,-2.142683147002641508e+00,3.076218011528426555e-01,-4.458995180007574999e-01,-2.925227421775834724e+00,-4.405520206120979942e+00,-6.786441544552193096e-03
1.247130227581588341e-01,-1.188224516734069480e+00,-1.772365170560030290e+00,-2.301431906805795791e+00,-2.142683147002641508e+00,3.076218011528426555e-01,-4.458995180007574999e-01,-2.925227421775834724e+00,-4.405520206120979942e+00,-6.786441544552193096e-03
1.247130227581588341e-01,-1.188224516734069480e+00,-1.772365170560030290e+00,-2.301431906805795791e+00,-2.142683147002641508e+00,3.076218011528426555e-01,-4.458995180007574999e-01,-2.925227421775834724e+00,-4.405520206120979942e+00,-6.786441544552193096e-03
1.247130227581588341e-01,-1.188224516734069480e+00,-1.772365170560030290e+00,-2.301431906805795791e+00,-2.142683147002641508e+00,3.076218011528426555e-01,-4.458995180007574999e-01,-3.025654485897284918e+00,-4.405520206120979942e+00,-6.786441544552193096e-03
1.247130227581588341e-01,-1.188224516734069480e+00,-1.772365170560030290e+00,-2.301431906805795791e+00,-2.142683147002641508e+00,3.076218011528426555e-01,-4.458995180007574999e-01,-3.025654485897284918e+00,-4.405520206120979942e+00,-6.786441544552193096e-03
1.247130227581588341e-01,-1.188224516734069480e+00,-1.772365170560030290e+00,-2.301431906805795791e+00,-2.142683147002641508e+00,3.076218011528426555e-01,-4.458995180007574999e-01,-3.025654485897284918e+00,-4.405520206120979942e+00,-6.786441544552193096e-03
1.247130227581588341e-01,-1.188224516734069480e+00,-1.772365170560030290e+00,-2.301431906805795791e+00,-2.142683147002641508e+00,3.076218011528426555e-01,-4.458995180007574999e-01,-3.025654485897284918e+00,-4.405520206120979942e+00,-6.786441544552193096e-03
1.247130227581588341e-01,-1.188224516734069480e+00,-1.772365170560030290e+00,-2.301431906805795791e+00,-2.142683147002641508e+00,3.076218011528426555e-01,-4.458995180007574999e-01,-3.025654485897284918e+00,-4.405520206120979942e+00,-6.786441544552193096e-03
1.247130227581588341e-01,-1.188224516734069480e+00,-1.772365170560030290e+00,-2.301431906805795791e+00,-2.142683147002641508e+00,3.076218011528426555e-01,-4.458995180007574999e-01,-3.025654485897284918e+00,-4.405520206120979942e+00,-6.786441544552193096e-03
1.247130227581588341e-01,-1.188224516734069480e+00,-1.772365170560030290e+00,-2.301431906805795791e+00,-2.142683147002641508e+00,3.076218011528426555e-01,-4.458995180007574999e-01,-3.025654485897284918e+00,-4.405520206120979942e+00,-6.170665794078524780e-01
1.247130227581588341e-01,-1.188224516734069480e+00,-2.324298513602934602e+00,-2.554317199677290873e+00,-2.142683147002641508e+00,3.076218011528426555e-01,-4.458995180007574999e-01,-3.025654485897284918e+00,-4.405520206120979942e+00,-6.170665794078524780e-01
1.247130227581588341e-01,-1.188224516734069480e+00,-2.324298513602934602e+00,-2.554317199677290873e+00,-2.142683147002641508e+00,3.076218011528426555e-01,-4.458995180007574999e-01,-3.025654485897284918e+00,-4.405520206120979942e+00,-1.175654507939430937e+00
1.247130227581588341e-01,-1.188224516734069480e+00,-2.324298513602934602e+00,-2.554317199677290873e+00,-2.142683147002641508e+00,3.076218011528426555e-01,-4.458995180007574999e-01,-3.025654485897284918e+00,-4.405520206120979942e+00,-1.968008416588275411e+00
1.247130227581588341e-01,-1.188224516734069480e+00,-2.324298513602934602e+00,-2.554317199677290873e+00,-2.142683147002641508e+00,-1.577785038815035401e+00,-4.458995180007574999e-01,-3.025654485897284918e+00,-4.405520206120979942e+00,-1.968008416588275411e+00
1.247130227581588341e-01,-1.188224516734069480e+00,-2.324298513602934602e+00,-2.554317199677290873e+00,-2.433312333333374156e+00,-1.577785038815035401e+00,-4.458995180007574999e-01,-3.025654485897284918e+00,-4.405520206120979942e+00,-1.968008416588275411e+00
1.247130227581588341e-01,-1.188224516734069480e+00,-2.324298513602934602e+00,-2.554317199677290873e+00,-2.433312333333374156e+00,-1.577785038815035401e+00,-4.458995180007574999e-01,-3.025654485897284918e+00,-4.405520206120979942e+00,-1.968008416588275411e+00
9.141793782381903155e-02,-1.188224516734069480e+00,-2.324298513602934602e+00,-2.554317199677290873e+00,-2.433312333333374156e+00,-1.577785038815035401e+00,-5.620489625223771268e-01,-3.025654485897284918e+00,-4.405520206120979942e+00,-1.968008416588275411e+00
9.141793782381903155e-02,-1.188224516734069480e+00,-2.324298513602934602e+00,-2.554317199677290873e+00,-2.433312333333374156e+00,-1.577785038815035401e+00,-5.620489625223771268e-01,-3.025654485897284918e+00,-4.405520206120979942e+00,-1.968008416588275411e+00
9.141793782381903155e-02,-1.188224516734069480e+00,-2.324298513602934602e+00,-2.554317199677290873e+00,-2.433312333333374156e+00,-1.577785038815035401e+00,-5.620489625223771268e-01,-3.025654485897284918e+00,-4.405520206120979942e+00,-1.968008416588275411e+00
9.141793782381903155e-02,-1.188224516734069480e+00,-2.324298513602934602e+00,-2.554317199677290873e+00,-2.433312333333374156e+00,-1.577785038815035401e+00,-5.620489625223771268e-01,-3.025654485897284918e+00,-4.405520206120979942e+00,-3.302385202736878966e+00
-3.400812299611874479e-01,-1.188224516734069480e+00,-2.324298513602934602e+00,-2.554317199677290873e+00,-2.433312333333374156e+00,-1.577785038815035401e+00,-5.620489625223771268e-01,-3.025654485897284918e+00,-4.405520206120979942e+00,-3.302385202736878966e+00
-3.400812299611874479e-01,-1.188224516734069480e+00,-2.324298513602934602e+00,-2.554317199677290873e+00,-2.433312333333374156e+00,-1.577785038815035401e+00,-5.620489625223771268e-01,-3.025654485897284918e+00,-4.405520206120979942e+00,-3.302385202736878966e+00
-4.423962971730563409e-01,-1.188224516734069480e+00,-2.324298513602934602e+00,-2.554317199677290873e+00,-2.433312333333374156e+00,-1.577785038815035401e+00,-5.620489625223771268e-01,-3.025654485897284918e+00,-4.405520206120979942e+00,-3.302385202736878966e+00
-4.423962971730563409e-01,-1.188224516734069480e+00,-2.324298513602934602e+00,-2.554317199677290873e+00,-2.433312333333374156e+00,-1.577785038815035401e+00,-5.620489625223771268e-01,-3.025654485897284918e+00,-4.405520206120979942e+00,-3.302385202736878966e+00
-4.423962971730563409e-01,-1.188224516734069480e+00,-2.324298513602934602e+00,-2.554317199677290873e+00,-2.433312333333374156e+00,-1.577785038815035401e+00,-6.055029029414945585e-01,-3.025654485897284918e+00,-4.405520206120979942e+00,-3.302385202736878966e+00
-4.423962971730563409e-01,-1.188224516734069480e+00,-2.324298513602934602e+00,-2.554317199677290873e+00,-2.433312333333374156e+00,-1.577785038815035401e+00,-6.055029029414945585e-01,-3.025654485897284918e+00,-4.405520206120979942e+00,-3.302385202736878966e+00
-4.423962971730563409e-01,-1.188224516734069480e+00,-2.324298513602934602e+00,-2.554317199677290873e+00,-2.433312333333374156e+00,-1.577785038815035401e+00,-1.220940405208891688e+00,-3.025654485897284918e+00,-4.405520206120979942e+00,-3.302385202736878966e+00
-4.423962971730563409e-01,-1.188224516734069480e+00,-2.324298513602934602e+00,-2.554317199677290873e+00,-3.495675690070378927e+00,-1.577785038815035401e+00,-1.220940405208891688e+00,-3.025654485897284918e+00,-4.405520206120979942e+00,-3.302385202736878966e+00
-4.423962971730563409e-01,-1.188224516734069480e+00,-2.324298513602934602e+00,-2.554317199677290873e+00,-3.495675690070378927e+00,-1.577785038815035401e+00,-1.220940405208891688e+00,-3.025654485897284918e+00,-4.405520206120979942e+00,-3.302385202736878966e+00
-4.423962971730563409e-01,-1.399616471956979247e+00,-2.324298513602934602e+00,-2.554317199677290873e+00,-3.495675690070378927e+00,-1.577785038815035401e+00,-1.220940405208891688e+00,-3.025654485897284918e+00,-4.405520206120979942e+00,-3.302385202736878966e+00
-4.423962971730563409e-01,-1.399616471956979247e+00,-2.324298513602934602e+00,-2.554317199677290873e+00,-3.495675690070378927e+00,-1.577785038815035401e+00,-1.220940405208891688e+00,-3.025654485897284918e+00,-4.405520206120979942e+00,-3.302385202736878966e+00
-4.423962971730563409e-01,-1.399616471956979247e+00,-2.324298513602934602e+00,-2.554317199677290873e+00,-3.495675690070378927e+00,-1.577785038815035401e+00,-1.220940405208891688e+00,-3.025654485897284918e+00,-4.405520206120979942e+00,-3.302385202736878966e+00
-4.423962971730563409e-01,-1.399616471956979247e+00,-2.324298513602934602e+00,-2.554317199677290873e+00,-3.495675690070378927e+00,-1.577785038815035401e+00,-1.220940405208891688e+00,-3.025654485897284918e+00,-4.405520206120979942e+00,-3.302385202736878966e+00
-4.423962971730563409e-01,-1.399616471956979247e+00,-2.324298513602934602e+00,-2.554317199677290873e+00,-3.495675690070378927e+00,-1.577785038815035401e+00,-1.220940405208891688e+00,-3.025654485897284918e+00,-4.405520206120979942e+00,-3.302385202736878966e+00
-4.423962971730563409e-01,-1.399616471956979247e+00,-2.324298513602934602e+00,-2.554317199677290873e+00,-3.495675690070378927e+00,-1.577785038815035401e+00,-1.220940405208891688e+00,-3.025654485897284918e+00,-4.405520206120979942e+00,-3.302385202736878966e+00
-4.423962971730563409e-01,-1.399616471956979247e+00,-2.324298513602934602e+00,-3.334774648879010428e+00,-3.495675690070378927e+00,-1.577785038815035401e+00,-1.220940405208891688e+00,-3.025654485897284918e+00,-4.405520206120979942e+00,-3.302385202736878966e+00
-4.423962971730563409e-01,-1.399616471956979247e+00,-2.324298513602934602e+00,-3.611852780819033271e+00,-3.495675690070378927e+00,-1.577785038815035401e+00,-1.220940405208891688e+00,-3.025654485897284918e+00,-4.405520206120979942e+00,-3.302385202736878966e+00
-4.423962971730563409e-01,-1.399616471956979247e+00,-2.324298513602934602e+00,-3.611852780819033271e+00,-3.495675690070378927e+00,-1.577785038815035401e+00,-1.220940405208891688e+00,-3.025654485897284918e+00,-4.405520206120979942e+00,-3.302385202736878966e+00
-4.423962971730563409e-01,-1.399616471956979247e+00,-2.324298513602934602e+00,-3.611852780819033271e+00,-3.495675690070378927e+00,-1.577785038815035401e+00,-1.220940405208891688e+00,-3.025654485897284918e+00,-4.405520206120979942e+00,-3.302385202736878966e+00
-4.423962971730563409e-01,-1.399616471956979247e+00,-2.324298513602934602e+00,-3.611852780819033271e+00,-3.495675690070378927e+00,-1.577785038815035401e+00,-1.220940405208891688e+00,-3.025654485897284918e+00,-4.405520206120979942e+00,-3.302385202736878966e+00
-4.423962971730563409e-01,-1.399616471956979247e+00,-2.324298513602934602e+00,-3.611852780819033271e+00,-3.495675690070378927e+00,-1.577785038815035401e+00,-1.220940405208891688e+00,-3.025654485897284918e+00,-4.405520206120979942e+00,-3.302385202736878966e+00
-4.423962971730563409e-01,-1.399616471956979247e+00,-2.324298513602934602e+00,-3.611852780819033271e+00,-3.495675690070378927e+00,-1.577785038815035401e+00,-1.220940405208891688e+00,-3.025654485897284918e+00,-4.405520206120979942e+00,-3.302385202736878966e+00
-4.423962971730563409e-01,-1.399616471956979247e+00,-2.324298513602934602e+00,-3.611852780819033271e+00,-3.495675690070378927e+00,-1.577785038815035401e+00,-1.220940405208891688e+00,-3.025654485897284918e+00,-4.405520206120979942e+00,-3.302385202736878966e+00
-4.423962971730563409e-01,-1.399616471956979247e+00,-2.324298513602934602e+00,-3.611852780819033271e+00,-3.495675690070378927e+00,-1.577785038815035401e+00,-1.220940405208891688e+00,-3.025654485897284918e+00,-4.405520206120979942e+00,-3.302385202736878966e+00
-4.423962971730563409e-01,-1.399616471956979247e+00,-2.324298513602934602e+00,-3.611852780819033271e+00,-3.501856185758209339e+00,-1.577785038815035401e+00,-1.220940405208891688e+00,-3.025654485897284918e+00,-4.405520206120979942e+00,-3.302385202736878966e+00
-4.423962971730563409e-01,-1.399616471956979247e+00,-2.324298513602934602e+00,-3.611852780819033271e+00,-3.501856185758209339e+00,-1.577785038815035401e+00,-1.220940405208891688e+00,-3.025654485897284918e+00,-4.405520206120979942e+00,-3.302385202736878966e+00
-4.423962971730563409e-01,-1.399616471956979247e+00,-2.324298513602934602e+00,-3.611852780819033271e+00,-3.501856185758209339e+00,-1.577785038815035401e+00,-1.220940405208891688e+00,-3.025654485897284918e+00,-4.405520206120979942e+00,-3.302385202736878966e+00
-4.423962971730563409e-01,-1.399616471956979247e+00,-2.324298513602934602e+00,-3.611852780819033271e+00,-3.501856185758209339e+00,-1.577785038815035401e+00,-1.220940405208891688e+00,-3.025654485897284918e+00,-4.405520206120979942e+00,-3.302385202736878966e+00
-4.423962971730563409e-01,-1.399616471956979247e+00,-2.324298513602934602e+00,-3.611852780819033271e+00,-3.501856185758209339e+00,-1.577785038815035401e+00,-1.220940405208891688e+00,-3.025654485897284918e+00,-4.405520206120979942e+00,-3.302385202736878966e+00
-4.423962971730563409e-01,-1.399616471956979247e+00,-2.324298513602934602e+00,-3.611852780819033271e+00,-3.501856185758209339e+00,-1.577785038815035401e+00,-1.220940405208891688e+00,-3.025654485897284918e+00,-4.405520206120979942e+00,-3.302385202736878966e+00
-4.423962971730563409e-01,-1.399616471956979247e+00,-2.324298513602934602e+00,-3.611852780819033271e+00,-3.501856185758209339e+00,-1.577785038815035401e+00,-1.220940405208891688e+00,-3.025654485897284918e+00,-4.405520206120979942e+00,-3.302385202736878966e+00
-4.573243925104950591e-01,-1.399616471956979247e+00,-2.324298513602934602e+00,-3.611852780819033271e+00,-3.501856185758209339e+00,-1.577785038815035401e+00,-1.220940405208891688e+00,-3.025654485897284918e+00,-4.405520206120979942e+00,-3.302385202736878966e+00
-4.573243925104950591e-01,-1.399616471956979247e+00,-2.324298513602934602e+00,-3.611852780819033271e+00,-3.501856185758209339e+00,-1.577785038815035401e+00,-1.220940405208891688e+00,-3.025654485897284918e+00,-4.405520206120979942e+00,-3.302385202736878966e+00
-4.573243925104950591e-01,-1.399616471956979247e+00,-2.324298513602934602e+00,-3.611852780819033271e+00,-3.501856185758209339e+00,-1.577785038815035401e+00,-1.220940405208891688e+00,-3.025654485897284918e+00,-4.405520206120979942e+00,-3.302385202736878966e+00
