1.258854231658634193e+00,3.469379124928197999e-01,4.973082255420964715e-01,-1.277758949572641300e-01,4.950076057066826740e-01,2.424673661380379208e+00,-3.482522052055513906e-01,9.870659192704810403e-01,1.848528927690562984e+00,-4.244112258810849719e-02
1.258854231658634193e+00,8.772244457100002168e-02,-1.569928457779247388e+00,-1.277758949572641300e-01,4.950076057066826740e-01,2.424673661380379208e+00,-3.482522052055513906e-01,9.870659192704810403e-01,1.848528927690562984e+00,-4.244112258810849719e-02
1.258854231658634193e+00,8.772244457100002168e-02,-1.569928457779247388e+00,-1.277758949572641300e-01,-4.137469285998308099e-01,-3.317814347362069149e-01,-3.482522052055513906e-01,8.178333336198797543e-01,1.848528927690562984e+00,-4.071514917122115995e-01
9.025755883662776036e-01,8.772244457100002168e-02,-1.569928457779247388e+00,-1.277758949572641300e-01,-4.137469285998308099e-01,-8.452102592350421162e-01,-3.482522052055513906e-01,8.178333336198797543e-01,1.848528927690562984e+00,-4.071514917122115995e-01
9.025755883662776036e-01,8.772244457100002168e-02,-1.569928457779247388e+00,-1.277758949572641300e-01,-4.137469285998308099e-01,-8.452102592350421162e-01,-3.482522052055513906e-01,-8.412726001616133154e-02,1.848528927690562984e+00,-4.071514917122115995e-01
8.846022983076776702e-01,-1.830986723096325597e-02,-1.569928457779247388e+00,-1.277758949572641300e-01,-4.137469285998308099e-01,-8.452102592350421162e-01,-3.482522052055513906e-01,-8.412726001616133154e-02,1.848528927690562984e+00,-4.071514917122115995e-01
8.846022983076776702e-01,-1.830986723096325597e-02,-1.569928457779247388e+00,-1.277758949572641300e-01,-4.137469285998308099e-01,-8.452102592350421162e-01,-3.482522052055513906e-01,-8.412726001616133154e-02,1.848528927690562984e+00,-4.071514917122115995e-01
8.846022983076776702e-01,-1.830986723096325597e-02,-1.569928457779247388e+00,-1.277758949572641300e-01,-4.137469285998308099e-01,-8.452102592350421162e-01,-3.482522052055513906e-01,-8.412726001616133154e-02,1.827982675992214867e+00,-1.841922027472202350e+00
5.910251167905343772e-01,-1.830986723096325597e-02,-1.569928457779247388e+00,-1.277758949572641300e-01,-7.576102530319888118e-01,-9.742788804439967976e-01,-3.697648181132067169e-01,-8.412726001616133154e-02,1.827982675992214867e+00,-1.841922027472202350e+00
5.910251167905343772e-01,-6.881744381245040454e-02,-1.569928457779247388e+00,-1.277758949572641300e-01,-7.576102530319888118e-01,-9.742788804439967976e-01,-3.697648181132067169e-01,-8.412726001616133154e-02,1.827982675992214867e+00,-1.841922027472202350e+00
5.910251167905343772e-01,-6.881744381245040454e-02,-2.451438102727373280e+00,-1.277758949572641300e-01,-7.576102530319888118e-01,-1.340854910318511006e+00,-3.697648181132067169e-01,-8.412726001616133154e-02,-1.338093615117408985e+00,-1.841922027472202350e+00
4.120282825798030624e-01,-5.742938285456661296e-01,-2.451438102727373280e+00,-1.277758949572641300e-01,-7.576102530319888118e-01,-1.340854910318511006e+00,-3.697648181132067169e-01,-8.412726001616133154e-02,-1.338093615117408985e+00,-1.841922027472202350e+00
4.120282825798030624e-01,-7.614017641164045891e-01,-2.451438102727373280e+00,-1.277758949572641300e-01,-7.576102530319888118e-01,-1.340854910318511006e+00,-3.697648181132067169e-01,-8.412726001616133154e-02,-2.408446799624789580e+00,-1.841922027472202350e+00
-7.350380920248921202e-01,-7.614017641164045891e-01,-2.451438102727373280e+00,-1.277758949572641300e-01,-7.576102530319888118e-01,-1.340854910318511006e+00,-3.697648181132067169e-01,-2.635482846350984398e-01,-2.408446799624789580e+00,-1.841922027472202350e+00
-1.943821529630276101e+00,-7.614017641164045891e-01,-2.451438102727373280e+00,-1.277758949572641300e-01,-7.576102530319888118e-01,-1.741576824314849725e+00,-3.697648181132067169e-01,-2.635482846350984398e-01,-2.408446799624789580e+00,-1.841922027472202350e+00
-1.943821529630276101e+00,-7.614017641164045891e-01,-2.451438102727373280e+00,-1.277758949572641300e-01,-7.576102530319888118e-01,-1.741576824314849725e+00,-3.697648181132067169e-01,-2.635482846350984398e-01,-2.408446799624789580e+00,-1.841922027472202350e+00
-1.943821529630276101e+00,-7.614017641164045891e-01,-2.451438102727373280e+00,-1.277758949572641300e-01,-7.576102530319888118e-01,-1.741576824314849725e+00,-3.697648181132067169e-01,-2.635482846350984398e-01,-2.408446799624789580e+00,-1.841922027472202350e+00
-1.943821529630276101e+00,-1.723856196303128474e+00,-2.451438102727373280e+00,-1.277758949572641300e-01,-7.576102530319888118e-01,-1.741576824314849725e+00,-3.697648181132067169e-01,-2.635482846350984398e-01,-2.408446799624789580e+00,-1.841922027472202350e+00
-1.943821529630276101e+00,-1.723856196303128474e+00,-2.451438102727373280e+00,-1.277758949572641300e-01,-7.576102530319888118e-01,-1.741576824314849725e+00,-3.697648181132067169e-01,-2.635482846350984398e-01,-2.408446799624789580e+00,-1.841922027472202350e+00
-1.943821529630276101e+00,-1.723856196303128474e+00,-2.451438102727373280e+00,-1.277758949572641300e-01,-7.576102530319888118e-01,-2.186643581774875500e+00,-3.697648181132067169e-01,-2.635482846350984398e-01,-2.408446799624789580e+00,-1.841922027472202350e+00
-1.943821529630276101e+00,-1.723856196303128474e+00,-2.451438102727373280e+00,-1.277758949572641300e-01,-7.576102530319888118e-01,-2.452516730782982268e+00,-3.697648181132067169e-01,-2.635482846350984398e-01,-2.408446799624789580e+00,-1.841922027472202350e+00
-2.052379529710247841e+00,-1.723856196303128474e+00,-2.451438102727373280e+00,-1.277758949572641300e-01,-7.576102530319888118e-01,-2.452516730782982268e+00,-3.697648181132067169e-01,-2.635482846350984398e-01,-2.408446799624789580e+00,-1.841922027472202350e+00
-2.052379529710247841e+00,-1.723856196303128474e+00,-2.451438102727373280e+00,-1.277758949572641300e-01,-7.576102530319888118e-01,-2.452516730782982268e+00,-3.697648181132067169e-01,-2.635482846350984398e-01,-2.408446799624789580e+00,-1.841922027472202350e+00
-2.052379529710247841e+00,-1.723856196303128474e+00,-2.451438102727373280e+00,-1.277758949572641300e-01,-7.576102530319888118e-01,-2.452516730782982268e+00,-1.423978274289581902e+00,-2.635482846350984398e-01,-2.408446799624789580e+00,-1.841922027472202350e+00
-2.052379529710247841e+00,-1.723856196303128474e+00,-2.451438102727373280e+00,-1.277758949572641300e-01,-7.576102530319888118e-01,-2.452516730782982268e+00,-1.423978274289581902e+00,-2.635482846350984398e-01,-2.408446799624789580e+00,-1.841922027472202350e+00
-2.052379529710247841e+00,-2.749959056721011041e+00,-2.451438102727373280e+00,-1.277758949572641300e-01,-7.576102530319888118e-01,-2.452516730782982268e+00,-1.423978274289581902e+00,-2.635482846350984398e-01,-2.408446799624789580e+00,-1.841922027472202350e+00
-2.052379529710247841e+00,-2.749959056721011041e+00,-2.451438102727373280e+00,-1.277758949572641300e-01,-7.576102530319888118e-01,-2.452516730782982268e+00,-1.423978274289581902e+00,-2.635482846350984398e-01,-2.408446799624789580e+00,-1.841922027472202350e+00
-2.052379529710247841e+00,-2.749959056721011041e+00,-2.451438102727373280e+00,-1.277758949572641300e-01,-7.576102530319888118e-01,-2.452516730782982268e+00,-1.423978274289581902e+00,-2.635482846350984398e-01,-3.030188840614066237e+00,-1.841922027472202350e+00
-2.052379529710247841e+00,-2.749959056721011041e+00,-2.451438102727373280e+00,-1.277758949572641300e-01,-1.223340594540053505e+00,-2.452516730782982268e+00,-1.423978274289581902e+00,-2.635482846350984398e-01,-3.030188840614066237e+00,-1.841922027472202350e+00
-2.052379529710247841e+00,-2.749959056721011041e+00,-2.451438102727373280e+00,-1.277758949572641300e-01,-1.535386830177924544e+00,-2.452516730782982268e+00,-1.423978274289581902e+00,-2.635482846350984398e-01,-3.030188840614066237e+00,-1.943473753481029132e+00
-2.052379529710247841e+00,-2.749959056721011041e+00,-2.451438102727373280e+00,-1.277758949572641300e-01,-1.535386830177924544e+00,-2.452516730782982268e+00,-1.423978274289581902e+00,-2.635482846350984398e-01,-3.030188840614066237e+00,-1.943473753481029132e+00
-2.052379529710247841e+00,-2.749959056721011041e+00,-3.749998523020963592e+00,-1.277758949572641300e-01,-1.535386830177924544e+00,-2.452516730782982268e+00,-1.423978274289581902e+00,-2.635482846350984398e-01,-3.030188840614066237e+00,-1.943473753481029132e+00
-2.052379529710247841e+00,-2.749959056721011041e+00,-3.749998523020963592e+00,-1.277758949572641300e-01,-1.535386830177924544e+00,-3.162513596908499647e+00,-2.301202296621415844e+00,-2.635482846350984398e-01,-3.030188840614066237e+00,-1.943473753481029132e+00
-2.052379529710247841e+00,-2.749959056721011041e+00,-3.749998523020963592e+00,-1.277758949572641300e-01,-2.344563053759399107e+00,-3.162513596908499647e+00,-2.301202296621415844e+00,-2.635482846350984398e-01,-3.030188840614066237e+00,-1.943473753481029132e+00
-2.052379529710247841e+00,-2.749959056721011041e+00,-3.749998523020963592e+00,-1.277758949572641300e-01,-3.227179583661341944e+00,-3.162513596908499647e+00,-2.301202296621415844e+00,-2.635482846350984398e-01,-3.030188840614066237e+00,-1.943473753481029132e+00
-2.052379529710247841e+00,-2.749959056721011041e+00,-3.749998523020963592e+00,-2.816175870065638631e-01,-3.227179583661341944e+00,-3.162513596908499647e+00,-2.301202296621415844e+00,-2.635482846350984398e-01,-3.030188840614066237e+00,-1.943473753481029132e+00
-2.052379529710247841e+00,-2.749959056721011041e+00,-3.749998523020963592e+00,-2.816175870065638631e-01,-3.227179583661341944e+00,-3.162513596908499647e+00,-2.301202296621415844e+00,-2.635482846350984398e-01,-3.030188840614066237e+00,-1.943473753481029132e+00
-2.052379529710247841e+00,-2.749959056721011041e+00,-3.749998523020963592e+00,-3.512017066419508837e-01,-3.227179583661341944e+00,-3.162513596908499647e+00,-2.301202296621415844e+00,-2.635482846350984398e-01,-3.030188840614066237e+00,-1.943473753481029132e+00
-2.052379529710247841e+00,-2.749959056721011041e+00,-3.749998523020963592e+00,-3.512017066419508837e-01,-3.227179583661341944e+00,-3.978326234376411197e+00,-2.301202296621415844e+00,-2.635482846350984398e-01,-3.030188840614066237e+00,-1.943473753481029132e+00
-2.052379529710247841e+00,-2.749959056721011041e+00,-3.749998523020963592e+00,-3.512017066419508837e-01,-3.227179583661341944e+00,-3.978326234376411197e+00,-2.301202296621415844e+00,-2.635482846350984398e-01,-3.030188840614066237e+00,-1.943473753481029132e+00
-2.052379529710247841e+00,-2.749959056721011041e+00,-3.749998523020963592e+00,-3.512017066419508837e-01,-3.227179583661341944e+00,-3.978326234376411197e+00,-2.301202296621415844e+00,-2.635482846350984398e-01,-3.030188840614066237e+00,-1.943473753481029132e+00
-2.052379529710247841e+00,-2.749959056721011041e+00,-3.749998523020963592e+00,-3.512017066419508837e-01,-3.227179583661341944e+00,-3.978326234376411197e+00,-2.301202296621415844e+00,-2.635482846350984398e-01,-3.030188840614066237e+00,-1.943473753481029132e+00
-2.052379529710247841e+00,-2.749959056721011041e+00,-3.749998523020963592e+00,-3.512017066419508837e-01,-3.227179583661341944e+00,-3.978326234376411197e+00,-2.301202296621415844e+00,-2.635482846350984398e-01,-3.030188840614066237e+00,-1.943473753481029132e+00
-2.581660369463354421e+00,-2.749959056721011041e+00,-3.749998523020963592e+00,-5.211041736644852485e-01,-3.227179583661341944e+00,-3.978326234376411197e+00,-2.301202296621415844e+00,-2.635482846350984398e-01,-3.030188840614066237e+00,-1.943473753481029132e+00
-2.581660369463354421e+00,-2.749959056721011041e+00,-3.749998523020963592e+00,-5.211041736644852485e-01,-3.227179583661341944e+00,-3.978326234376411197e+00,-2.301202296621415844e+00,-2.635482846350984398e-01,-3.030188840614066237e+00,-1.943473753481029132e+00
-2.581660369463354421e+00,-2.768686461893616446e+00,-3.749998523020963592e+00,-5.211041736644852485e-01,-3.227179583661341944e+00,-3.978326234376411197e+00,-2.301202296621415844e+00,-2.635482846350984398e-01,-3.030188840614066237e+00,-1.943473753481029132e+00
-2.581660369463354421e+00,-2.768686461893616446e+00,-3.749998523020963592e+00,-8.097696059432056837e-01,-3.227179583661341944e+00,-3.978326234376411197e+00,-2.301202296621415844e+00,-2.635482846350984398e-01,-3.030188840614066237e+00,-1.943473753481029132e+00
-2.581660369463354421e+00,-3.133813794160680288e+00,-3.749998523020963592e+00,-8.097696059432056837e-01,-3.227179583661341944e+00,-3.978326234376411197e+00,-2.301202296621415844e+00,-2.635482846350984398e-01,-3.030188840614066237e+00,-1.943473753481029132e+00
-2.581660369463354421e+00,-3.133813794160680288e+00,-3.749998523020963592e+00,-8.097696059432056837e-01,-3.227179583661341944e+00,-3.978326234376411197e+00,-2.301202296621415844e+00,-2.635482846350984398e-01,-3.030188840614066237e+00,-1.943473753481029132e+00
-2.581660369463354421e+00,-3.133813794160680288e+00,-3.749998523020963592e+00,-8.097696059432056837e-01,-3.227179583661341944e+00,-3.978326234376411197e+00,-2.301202296621415844e+00,-2.635482846350984398e-01,-3.030188840614066237e+00,-1.943473753481029132e+00
-2.581660369463354421e+00,-3.133813794160680288e+00,-3.749998523020963592e+00,-8.097696059432056837e-01,-3.227179583661341944e+00,-3.978326234376411197e+00,-2.301202296621415844e+00,-2.635482846350984398e-01,-3.030188840614066237e+00,-1.943473753481029132e+00
-2.581660369463354421e+00,-3.133813794160680288e+00,-3.749998523020963592e+00,-8.097696059432056837e-01,-3.227179583661341944e+00,-3.978326234376411197e+00,-2.301202296621415844e+00,-2.635482846350984398e-01,-3.030188840614066237e+00,-1.943473753481029132e+00
-2.581660369463354421e+00,-3.133813794160680288e+00,-3.749998523020963592e+00,-8.097696059432056837e-01,-3.227179583661341944e+00,-3.978326234376411197e+00,-2.301202296621415844e+00,-2.635482846350984398e-01,-3.030188840614066237e+00,-1.943473753481029132e+00
-2.581660369463354421e+00,-3.133813794160680288e+00,-3.749998523020963592e+00,-8.097696059432056837e-01,-3.227179583661341944e+00,-3.978326234376411197e+00,-2.301202296621415844e+00,-2.635482846350984398e-01,-3.030188840614066237e+00,-1.943473753481029132e+00
-2.581660369463354421e+00,-3.133813794160680288e+00,-3.749998523020963592e+00,-8.097696059432056837e-01,-3.227179583661341944e+00,-4.182053612415249866e+00,-2.301202296621415844e+00,-2.635482846350984398e-01,-3.030188840614066237e+00,-1.943473753481029132e+00
-2.581660369463354421e+00,-3.133813794160680288e+00,-3.749998523020963592e+00,-8.097696059432056837e-01,-3.227179583661341944e+00,-4.182053612415249866e+00,-2.301202296621415844e+00,-2.635482846350984398e-01,-3.030188840614066237e+00,-1.943473753481029132e+00
-2.581660369463354421e+00,-3.133813794160680288e+00,-3.749998523020963592e+00,-8.868986821792628206e-01,-3.227179583661341944e+00,-4.182053612415249866e+00,-2.301202296621415844e+00,-2.635482846350984398e-01,-3.030188840614066237e+00,-1.943473753481029132e+00
-2.581660369463354421e+00,-3.133813794160680288e+00,-3.749998523020963592e+00,-8.868986821792628206e-01,-3.227179583661341944e+00,-4.182053612415249866e+00,-2.301202296621415844e+00,-2.635482846350984398e-01,-3.030188840614066237e+00,-1.943473753481029132e+00
-2.581660369463354421e+00,-3.133813794160680288e+00,-3.749998523020963592e+00,-8.868986821792628206e-01,-3.227179583661341944e+00,-4.182053612415249866e+00,-2.301202296621415844e+00,-2.635482846350984398e-01,-4.245182720854698388e+00,-1.943473753481029132e+00
-2.581660369463354421e+00,-3.133813794160680288e+00,-3.749998523020963592e+00,-8.868986821792628206e-01,-3.227179583661341944e+00,-4.182053612415249866e+00,-2.301202296621415844e+00,-2.635482846350984398e-01,-4.245182720854698388e+00,-1.943473753481029132e+00
-2.581660369463354421e+00,-3.133813794160680288e+00,-3.749998523020963592e+00,-8.868986821792628206e-01,-3.227179583661341944e+00,-4.182053612415249866e+00,-2.301202296621415844e+00,-2.635482846350984398e-01,-4.245182720854698388e+00,-1.943473753481029132e+00
-2.581660369463354421e+00,-4.129560949531207115e+00,-3.749998523020963592e+00,-8.868986821792628206e-01,-3.227179583661341944e+00,-4.182053612415249866e+00,-2.301202296621415844e+00,-2.635482846350984398e-01,-4.245182720854698388e+00,-1.943473753481029132e+00
-2.581660369463354421e+00,-4.129560949531207115e+00,-3.749998523020963592e+00,-8.868986821792628206e-01,-3.227179583661341944e+00,-4.182053612415249866e+00,-2.301202296621415844e+00,-2.635482846350984398e-01,-4.245182720854698388e+00,-1.943473753481029132e+00
-2.581660369463354421e+00,-4.129560949531207115e+00,-3.749998523020963592e+00,-8.868986821792628206e-01,-3.227179583661341944e+00,-4.182053612415249866e+00,-2.649438446185961471e+00,-2.635482846350984398e-01,-4.245182720854698388e+00,-1.943473753481029132e+00
-2.581660369463354421e+00,-4.129560949531207115e+00,-3.749998523020963592e+00,-8.868986821792628206e-01,-3.227179583661341944e+00,-4.182053612415249866e+00,-2.649438446185961471e+00,-2.635482846350984398e-01,-4.245182720854698388e+00,-1.943473753481029132e+00
-2.581660369463354421e+00,-4.129560949531207115e+00,-3.749998523020963592e+00,-8.868986821792628206e-01,-3.227179583661341944e+00,-4.182053612415249866e+00,-2.649438446185961471e+00,-2.635482846350984398e-01,-4.245182720854698388e+00,-1.943473753481029132e+00
-2.581660369463354421e+00,-4.129560949531207115e+00,-3.749998523020963592e+00,-8.868986821792628206e-01,-3.227179583661341944e+00,-4.182053612415249866e+00,-2.649438446185961471e+00,-2.635482846350984398e-01,-4.245182720854698388e+00,-1.943473753481029132e+00
-2.581660369463354421e+00,-4.129560949531207115e+00,-3.749998523020963592e+00,-8.868986821792628206e-01,-3.227179583661341944e+00,-4.182053612415249866e+00,-2.649438446185961471e+00,-2.635482846350984398e-01,-4.245182720854698388e+00,-1.943473753481029132e+00
-2.581660369463354421e+00,-4.129560949531207115e+00,-3.749998523020963592e+00,-8.868986821792628206e-01,-3.227179583661341944e+00,-4.182053612415249866e+00,-2.649438446185961471e+00,-2.635482846350984398e-01,-4.245182720854698388e+00,-1.943473753481029132e+00
-2.581660369463354421e+00,-4.129560949531207115e+00,-3.749998523020963592e+00,-8.868986821792628206e-01,-3.227179583661341944e+00,-4.182053612415249866e+00,-2.649438446185961471e+00,-2.635482846350984398e-01,-4.245182720854698388e+00,-1.943473753481029132e+00
-2.581660369463354421e+00,-4.129560949531207115e+00,-3.749998523020963592e+00,-8.868986821792628206e-01,-3.227179583661341944e+00,-4.182053612415249866e+00,-2.649438446185961471e+00,-2.635482846350984398e-01,-4.245182720854698388e+00,-1.943473753481029132e+00
-2.634247740071424815e+00,-4.129560949531207115e+00,-3.749998523020963592e+00,-8.868986821792628206e-01,-3.227179583661341944e+00,-4.182053612415249866e+00,-2.649438446185961471e+00,-2.635482846350984398e-01,-4.245182720854698388e+00,-1.943473753481029132e+00
-2.634247740071424815e+00,-4.129560949531207115e+00,-3.749998523020963592e+00,-8.868986821792628206e-01,-3.227179583661341944e+00,-4.182053612415249866e+00,-2.649438446185961471e+00,-2.635482846350984398e-01,-4.245182720854698388e+00,-1.943473753481029132e+00
-2.634247740071424815e+00,-4.129560949531207115e+00,-3.749998523020963592e+00,-8.868986821792628206e-01,-3.227179583661341944e+00,-4.182053612415249866e+00,-2.649438446185961471e+00,-2.635482846350984398e-01,-4.245182720854698388e+00,-1.943473753481029132e+00
-2.634247740071424815e+00,-4.129560949531207115e+00,-3.749998523020963592e+00,-8.868986821792628206e-01,-3.227179583661341944e+00,-4.182053612415249866e+00,-2.649438446185961471e+00,-2.635482846350984398e-01,-4.245182720854698388e+00,-1.943473753481029132e+00
-2.634247740071424815e+00,-4.129560949531207115e+00,-3.749998523020963592e+00,-8.868986821792628206e-01,-3.227179583661341944e+00,-4.182053612415249866e+00,-2.649438446185961471e+00,-2.635482846350984398e-01,-4.245182720854698388e+00,-1.943473753481029132e+00
