-2.625760686668465738e-01,4.448604724250949660e-01,7.838072325859790634e-01,-5.491029828345679320e-01,4.383210265656896365e-02,1.898704677378355132e+00,3.924006563521780788e-01,2.697117458682465330e+00,2.619422175439066081e+00,2.904657168807733392e+00
-8.543604458550883018e-01,4.448604724250949660e-01,5.706907537455709889e-01,-5.491029828345679320e-01,-9.043343957506762287e-02,-8.019373909786635668e-01,3.924006563521780788e-01,1.989722676375585309e+00,2.619422175439066081e+00,2.741833254766386840e+00
-1.499278460907202071e+00,4.448604724250949660e-01,-1.723164648192639370e-01,-5.491029828345679320e-01,-1.064392862689442554e+00,-8.019373909786635668e-01,3.924006563521780788e-01,1.989722676375585309e+00,2.619422175439066081e+00,2.741833254766386840e+00
-1.499278460907202071e+00,4.448604724250949660e-01,-1.723164648192639370e-01,-5.491029828345679320e-01,-1.064392862689442554e+00,-1.322555275397606644e+00,3.924006563521780788e-01,1.989722676375585309e+00,2.619422175439066081e+00,2.741833254766386840e+00
-1.499278460907202071e+00,4.448604724250949660e-01,-9.517936647644008596e-01,-5.491029828345679320e-01,-1.064392862689442554e+00,-1.322555275397606644e+00,3.924006563521780788e-01,1.989722676375585309e+00,1.848231451709275053e+00,2.038428303906095973e+00
-1.499278460907202071e+00,4.448604724250949660e-01,-9.517936647644008596e-01,-5.491029828345679320e-01,-1.064392862689442554e+00,-1.322555275397606644e+00,3.924006563521780788e-01,1.559279782615465626e+00,1.848231451709275053e+00,2.038428303906095973e+00
-1.499278460907202071e+00,4.448604724250949660e-01,-9.517936647644008596e-01,-5.491029828345679320e-01,-1.064392862689442554e+00,-1.322555275397606644e+00,3.924006563521780788e-01,1.559279782615465626e+00,1.620884285164718164e-01,2.038428303906095973e+00
-1.499278460907202071e+00,4.448604724250949660e-01,-9.517936647644008596e-01,-5.491029828345679320e-01,-1.064392862689442554e+00,-1.322555275397606644e+00,3.695232262796927514e-01,1.559279782615465626e+00,1.620884285164718164e-01,1.772455012607256020e+00
-1.499278460907202071e+00,4.448604724250949660e-01,-9.517936647644008596e-01,-5.491029828345679320e-01,-1.064392862689442554e+00,-1.322555275397606644e+00,3.695232262796927514e-01,4.081411393467738735e-01,1.620884285164718164e-01,1.772455012607256020e+00
-1.499278460907202071e+00,4.448604724250949660e-01,-9.517936647644008596e-01,-5.491029828345679320e-01,-1.251421984991599512e+00,-1.322555275397606644e+00,3.695232262796927514e-01,4.081411393467738735e-01,1.620884285164718164e-01,1.096775175793037294e+00
-1.499278460907202071e+00,4.448604724250949660e-01,-9.517936647644008596e-01,-5.491029828345679320e-01,-1.251421984991599512e+00,-1.322555275397606644e+00,3.695232262796927514e-01,4.081411393467738735e-01,1.620884285164718164e-01,1.096775175793037294e+00
-1.499278460907202071e+00,4.448604724250949660e-01,-9.517936647644008596e-01,-5.491029828345679320e-01,-1.251421984991599512e+00,-1.322555275397606644e+00,3.695232262796927514e-01,4.081411393467738735e-01,1.620884285164718164e-01,1.096775175793037294e+00
-1.499278460907202071e+00,4.448604724250949660e-01,-9.517936647644008596e-01,-1.188735530038698140e+00,-2.049945144070810965e+00,-1.322555275397606644e+00,2.328028889582715866e-01,-4.116057262827973462e-01,1.620884285164718164e-01,1.096775175793037294e+00
-1.499278460907202071e+00,4.448604724250949660e-01,-9.517936647644008596e-01,-1.188735530038698140e+00,-2.049945144070810965e+00,-1.322555275397606644e+00,2.328028889582715866e-01,-4.116057262827973462e-01,1.620884285164718164e-01,3.171014028100381799e-01
-1.499278460907202071e+00,4.448604724250949660e-01,-9.517936647644008596e-01,-1.188735530038698140e+00,-2.049945144070810965e+00,-1.322555275397606644e+00,2.328028889582715866e-01,-4.116057262827973462e-01,1.620884285164718164e-01,-1.981293117600389508e-01
-1.499278460907202071e+00,4.448604724250949660e-01,-9.517936647644008596e-01,-1.188735530038698140e+00,-2.049945144070810965e+00,-1.322555275397606644e+00,9.967624060235887040e-02,-4.116057262827973462e-01,1.620884285164718164e-01,-1.981293117600389508e-01
-1.499278460907202071e+00,4.448604724250949660e-01,-9.517936647644008596e-01,-1.188735530038698140e+00,-2.049945144070810965e+00,-1.322555275397606644e+00,9.967624060235887040e-02,-4.116057262827973462e-01,1.620884285164718164e-01,-1.981293117600389508e-01
-1.499278460907202071e+00,4.448604724250949660e-01,-9.517936647644008596e-01,-1.188735530038698140e+00,-2.049945144070810965e+00,-1.322555275397606644e+00,9.967624060235887040e-02,-4.116057262827973462e-01,1.620884285164718164e-01,-1.981293117600389508e-01
-1.685056115633121854e+00,4.448604724250949660e-01,-9.517936647644008596e-01,-1.188735530038698140e+00,-2.049945144070810965e+00,-1.322555275397606644e+00,9.967624060235887040e-02,-4.116057262827973462e-01,1.620884285164718164e-01,-1.981293117600389508e-01
-1.685056115633121854e+00,4.448604724250949660e-01,-9.517936647644008596e-01,-1.188735530038698140e+00,-2.588102406018107260e+00,-1.322555275397606644e+00,9.967624060235887040e-02,-4.116057262827973462e-01,1.620884285164718164e-01,-1.981293117600389508e-01
-1.835359818883841809e+00,4.448604724250949660e-01,-9.517936647644008596e-01,-1.188735530038698140e+00,-2.588102406018107260e+00,-1.322555275397606644e+00,9.967624060235887040e-02,-4.116057262827973462e-01,1.620884285164718164e-01,-1.981293117600389508e-01
-1.835359818883841809e+00,4.448604724250949660e-01,-9.517936647644008596e-01,-1.188735530038698140e+00,-2.588102406018107260e+00,-1.322555275397606644e+00,9.967624060235887040e-02,-4.116057262827973462e-01,1.620884285164718164e-01,-1.981293117600389508e-01
-1.835359818883841809e+00,4.448604724250949660e-01,-9.517936647644008596e-01,-1.188735530038698140e+00,-3.279438841075625888e+00,-1.322555275397606644e+00,9.967624060235887040e-02,-4.116057262827973462e-01,1.620884285164718164e-01,-6.667250677344367382e-01
-1.835359818883841809e+00,4.448604724250949660e-01,-9.517936647644008596e-01,-1.698893315486997402e+00,-4.455265194568458043e+00,-1.322555275397606644e+00,9.967624060235887040e-02,-4.116057262827973462e-01,1.620884285164718164e-01,-6.667250677344367382e-01
-1.835359818883841809e+00,4.448604724250949660e-01,-9.517936647644008596e-01,-1.698893315486997402e+00,-4.455265194568458043e+00,-1.322555275397606644e+00,9.967624060235887040e-02,-4.116057262827973462e-01,1.620884285164718164e-01,-6.667250677344367382e-01
-1.835359818883841809e+00,4.448604724250949660e-01,-9.517936647644008596e-01,-1.698893315486997402e+00,-4.660978297496344958e+00,-1.322555275397606644e+00,9.967624060235887040e-02,-4.116057262827973462e-01,1.620884285164718164e-01,-6.667250677344367382e-01
-1.835359818883841809e+00,4.448604724250949660e-01,-9.517936647644008596e-01,-2.508237185688361404e+00,-4.660978297496344958e+00,-1.322555275397606644e+00,9.967624060235887040e-02,-4.116057262827973462e-01,1.620884285164718164e-01,-6.667250677344367382e-01
-1.835359818883841809e+00,4.448604724250949660e-01,-9.517936647644008596e-01,-2.508237185688361404e+00,-4.660978297496344958e+00,-1.322555275397606644e+00,9.967624060235887040e-02,-4.116057262827973462e-01,1.620884285164718164e-01,-6.667250677344367382e-01
-1.835359818883841809e+00,-4.579167321502131682e-01,-9.517936647644008596e-01,-2.508237185688361404e+00,-4.660978297496344958e+00,-1.322555275397606644e+00,9.967624060235887040e-02,-4.116057262827973462e-01,1.620884285164718164e-01,-6.667250677344367382e-01
-2.026463836341189317e+00,-4.579167321502131682e-01,-9.517936647644008596e-01,-2.508237185688361404e+00,-4.660978297496344958e+00,-1.322555275397606644e+00,9.967624060235887040e-02,-4.116057262827973462e-01,1.620884285164718164e-01,-6.667250677344367382e-01
-2.026463836341189317e+00,-4.579167321502131682e-01,-9.517936647644008596e-01,-2.508237185688361404e+00,-4.660978297496344958e+00,-1.322555275397606644e+00,9.967624060235887040e-02,-4.116057262827973462e-01,1.620884285164718164e-01,-6.667250677344367382e-01
-2.026463836341189317e+00,-4.579167321502131682e-01,-9.517936647644008596e-01,-2.508237185688361404e+00,-4.660978297496344958e+00,-1.322555275397606644e+00,9.967624060235887040e-02,-4.116057262827973462e-01,1.620884285164718164e-01,-7.253138310960467461e-01
-2.026463836341189317e+00,-4.579167321502131682e-01,-9.517936647644008596e-01,-2.508237185688361404e+00,-4.660978297496344958e+00,-1.322555275397606644e+00,9.967624060235887040e-02,-4.116057262827973462e-01,1.620884285164718164e-01,-7.253138310960467461e-01
-2.026463836341189317e+00,-4.579167321502131682e-01,-9.517936647644008596e-01,-2.508237185688361404e+00,-4.660978297496344958e+00,-1.322555275397606644e+00,9.967624060235887040e-02,-4.116057262827973462e-01,1.620884285164718164e-01,-7.253138310960467461e-01
-2.026463836341189317e+00,-4.579167321502131682e-01,-9.517936647644008596e-01,-2.508237185688361404e+00,-4.660978297496344958e+00,-1.322555275397606644e+00,9.967624060235887040e-02,-4.116057262827973462e-01,-2.742330976647416207e+00,-7.253138310960467461e-01
-2.026463836341189317e+00,-4.579167321502131682e-01,-9.517936647644008596e-01,-2.508237185688361404e+00,-4.660978297496344958e+00,-1.322555275397606644e+00,9.967624060235887040e-02,-4.116057262827973462e-01,-2.742330976647416207e+00,-7.253138310960467461e-01
-2.026463836341189317e+00,-4.579167321502131682e-01,-9.517936647644008596e-01,-2.508237185688361404e+00,-4.660978297496344958e+00,-1.322555275397606644e+00,9.967624060235887040e-02,-4.116057262827973462e-01,-2.742330976647416207e+00,-7.253138310960467461e-01
-2.026463836341189317e+00,-4.579167321502131682e-01,-1.859389875015672766e+00,-2.508237185688361404e+00,-4.660978297496344958e+00,-1.322555275397606644e+00,9.967624060235887040e-02,-4.116057262827973462e-01,-2.742330976647416207e+00,-1.162066149136521842e+00
-2.026463836341189317e+00,-4.579167321502131682e-01,-1.859389875015672766e+00,-2.508237185688361404e+00,-4.660978297496344958e+00,-1.322555275397606644e+00,9.967624060235887040e-02,-1.052497539771593216e+00,-2.742330976647416207e+00,-1.162066149136521842e+00
-2.026463836341189317e+00,-4.579167321502131682e-01,-1.859389875015672766e+00,-2.508237185688361404e+00,-4.660978297496344958e+00,-1.322555275397606644e+00,9.967624060235887040e-02,-1.052497539771593216e+00,-2.742330976647416207e+00,-1.162066149136521842e+00
-2.026463836341189317e+00,-4.579167321502131682e-01,-1.888110062982774284e+00,-2.508237185688361404e+00,-4.660978297496344958e+00,-1.322555275397606644e+00,9.967624060235887040e-02,-1.052497539771593216e+00,-2.742330976647416207e+00,-1.162066149136521842e+00
-2.026463836341189317e+00,-4.579167321502131682e-01,-2.635764875476698244e+00,-2.508237185688361404e+00,-4.660978297496344958e+00,-1.322555275397606644e+00,9.967624060235887040e-02,-1.052497539771593216e+00,-2.742330976647416207e+00,-1.162066149136521842e+00
-2.026463836341189317e+00,-4.579167321502131682e-01,-2.635764875476698244e+00,-2.508237185688361404e+00,-4.660978297496344958e+00,-1.322555275397606644e+00,9.967624060235887040e-02,-1.052497539771593216e+00,-2.742330976647416207e+00,-1.162066149136521842e+00
-2.026463836341189317e+00,-4.579167321502131682e-01,-2.831108762173007332e+00,-2.508237185688361404e+00,-4.660978297496344958e+00,-1.322555275397606644e+00,9.967624060235887040e-02,-1.052497539771593216e+00,-2.742330976647416207e+00,-1.162066149136521842e+00
-2.026463836341189317e+00,-4.579167321502131682e-01,-2.831108762173007332e+00,-2.508237185688361404e+00,-4.660978297496344958e+00,-1.322555275397606644e+00,9.967624060235887040e-02,-1.052497539771593216e+00,-2.742330976647416207e+00,-1.162066149136521842e+00
-2.026463836341189317e+00,-4.579167321502131682e-01,-2.831108762173007332e+00,-2.508237185688361404e+00,-4.660978297496344958e+00,-1.322555275397606644e+00,9.967624060235887040e-02,-1.052497539771593216e+00,-2.742330976647416207e+00,-1.162066149136521842e+00
-2.026463836341189317e+00,-4.579167321502131682e-01,-2.831108762173007332e+00,-2.508237185688361404e+00,-4.660978297496344958e+00,-1.322555275397606644e+00,9.967624060235887040e-02,-1.052497539771593216e+00,-2.742330976647416207e+00,-1.162066149136521842e+00
-2.026463836341189317e+00,-4.579167321502131682e-01,-2.831108762173007332e+00,-2.508237185688361404e+00,-4.660978297496344958e+00,-1.322555275397606644e+00,-1.038093690071490022e-01,-1.052497539771593216e+00,-2.742330976647416207e+00,-1.162066149136521842e+00
-2.026463836341189317e+00,-4.579167321502131682e-01,-2.831108762173007332e+00,-2.508237185688361404e+00,-4.660978297496344958e+00,-1.322555275397606644e+00,-1.038093690071490022e-01,-1.052497539771593216e+00,-2.742330976647416207e+00,-1.162066149136521842e+00
-2.026463836341189317e+00,-4.579167321502131682e-01,-2.831108762173007332e+00,-2.508237185688361404e+00,-4.660978297496344958e+00,-1.322555275397606644e+00,-1.038093690071490022e-01,-1.052497539771593216e+00,-2.742330976647416207e+00,-1.162066149136521842e+00
-2.026463836341189317e+00,-4.579167321502131682e-01,-2.831108762173007332e+00,-2.508237185688361404e+00,-4.660978297496344958e+00,-1.322555275397606644e+00,-1.038093690071490022e-01,-1.052497539771593216e+00,-2.742330976647416207e+00,-1.162066149136521842e+00
-2.026463836341189317e+00,-4.579167321502131682e-01,-2.831108762173007332e+00,-2.508237185688361404e+00,-4.660978297496344958e+00,-1.322555275397606644e+00,-1.038093690071490022e-01,-1.052497539771593216e+00,-2.742330976647416207e+00,-1.162066149136521842e+00
-2.026463836341189317e+00,-4.579167321502131682e-01,-2.831108762173007332e+00,-2.508237185688361404e+00,-4.660978297496344958e+00,-1.322555275397606644e+00,-1.038093690071490022e-01,-1.052497539771593216e+00,-2.742330976647416207e+00,-1.162066149136521842e+00
-2.026463836341189317e+00,-4.579167321502131682e-01,-2.831108762173007332e+00,-2.508237185688361404e+00,-4.660978297496344958e+00,-1.322555275397606644e+00,-1.038093690071490022e-01,-1.052497539771593216e+00,-2.742330976647416207e+00,-1.162066149136521842e+00
-2.026463836341189317e+00,-4.579167321502131682e-01,-2.831108762173007332e+00,-2.508237185688361404e+00,-4.660978297496344958e+00,-1.759097563612283865e+00,-1.038093690071490022e-01,-1.052497539771593216e+00,-2.742330976647416207e+00,-1.162066149136521842e+00
-2.026463836341189317e+00,-4.579167321502131682e-01,-2.831108762173007332e+00,-2.508237185688361404e+00,-4.660978297496344958e+00,-1.898760587189470384e+00,-3.288045529914019327e-01,-2.016958985814847782e+00,-2.742330976647416207e+00,-1.162066149136521842e+00
-2.026463836341189317e+00,-4.579167321502131682e-01,-2.831108762173007332e+00,-2.508237185688361404e+00,-4.660978297496344958e+00,-1.898760587189470384e+00,-3.288045529914019327e-01,-2.016958985814847782e+00,-2.742330976647416207e+00,-1.162066149136521842e+00
-2.026463836341189317e+00,-4.579167321502131682e-01,-2.831108762173007332e+00,-2.508237185688361404e+00,-4.660978297496344958e+00,-1.898760587189470384e+00,-3.288045529914019327e-01,-2.016958985814847782e+00,-2.742330976647416207e+00,-1.286994308448663693e+00
-2.026463836341189317e+00,-2.138769742051125355e+00,-2.831108762173007332e+00,-2.508237185688361404e+00,-4.660978297496344958e+00,-1.898760587189470384e+00,-3.288045529914019327e-01,-2.016958985814847782e+00,-2.742330976647416207e+00,-1.286994308448663693e+00
-2.026463836341189317e+00,-2.138769742051125355e+00,-2.831108762173007332e+00,-2.508237185688361404e+00,-4.660978297496344958e+00,-1.898760587189470384e+00,-3.288045529914019327e-01,-2.016958985814847782e+00,-2.742330976647416207e+00,-1.286994308448663693e+00
-2.026463836341189317e+00,-2.138769742051125355e+00,-2.831108762173007332e+00,-2.508237185688361404e+00,-4.660978297496344958e+00,-1.898760587189470384e+00,-3.288045529914019327e-01,-2.016958985814847782e+00,-2.742330976647416207e+00,-1.286994308448663693e+00
-2.026463836341189317e+00,-2.138769742051125355e+00,-2.831108762173007332e+00,-2.508237185688361404e+00,-4.660978297496344958e+00,-1.898760587189470384e+00,-3.288045529914019327e-01,-2.016958985814847782e+00,-2.742330976647416207e+00,-1.286994308448663693e+00
-2.026463836341189317e+00,-2.138769742051125355e+00,-2.831108762173007332e+00,-2.508237185688361404e+00,-4.660978297496344958e+00,-1.898760587189470384e+00,-3.288045529914019327e-01,-2.016958985814847782e+00,-2.742330976647416207e+00,-1.286994308448663693e+00
-2.026463836341189317e+00,-2.138769742051125355e+00,-2.831108762173007332e+00,-2.508237185688361404e+00,-4.660978297496344958e+00,-1.898760587189470384e+00,-3.288045529914019327e-01,-2.016958985814847782e+00,-2.742330976647416207e+00,-1.286994308448663693e+00
-2.026463836341189317e+00,-2.138769742051125355e+00,-2.831108762173007332e+00,-2.508237185688361404e+00,-4.660978297496344958e+00,-1.898760587189470384e+00,-3.288045529914019327e-01,-2.016958985814847782e+00,-2.742330976647416207e+00,-1.286994308448663693e+00
-2.026463836341189317e+00,-2.138769742051125355e+00,-2.831108762173007332e+00,-2.508237185688361404e+00,-4.660978297496344958e+00,-1.898760587189470384e+00,-3.288045529914019327e-01,-2.016958985814847782e+00,-2.742330976647416207e+00,-1.286994308448663693e+00
-2.026463836341189317e+00,-2.378131242908862131e+00,-2.831108762173007332e+00,-2.508237185688361404e+00,-4.660978297496344958e+00,-1.898760587189470384e+00,-3.288045529914019327e-01,-2.016958985814847782e+00,-2.742330976647416207e+00,-1.286994308448663693e+00
-2.026463836341189317e+00,-2.378131242908862131e+00,-2.831108762173007332e+00,-2.508237185688361404e+00,-4.660978297496344958e+00,-1.898760587189470384e+00,-3.288045529914019327e-01,-2.016958985814847782e+00,-2.742330976647416207e+00,-1.286994308448663693e+00
-2.026463836341189317e+00,-2.459745605768431265e+00,-2.831108762173007332e+00,-2.508237185688361404e+00,-4.660978297496344958e+00,-1.898760587189470384e+00,-3.288045529914019327e-01,-2.016958985814847782e+00,-2.742330976647416207e+00,-1.286994308448663693e+00
-2.026463836341189317e+00,-2.459745605768431265e+00,-2.831108762173007332e+00,-2.508237185688361404e+00,-4.660978297496344958e+00,-2.186366100380187305e+00,-3.971095384509012449e-01,-2.016958985814847782e+00,-2.742330976647416207e+00,-1.286994308448663693e+00
-2.026463836341189317e+00,-2.459745605768431265e+00,-2.831108762173007332e+00,-2.508237185688361404e+00,-4.660978297496344958e+00,-2.186366100380187305e+00,-4.885086115972415155e-01,-2.016958985814847782e+00,-2.742330976647416207e+00,-1.286994308448663693e+00
-2.026463836341189317e+00,-2.459745605768431265e+00,-2.831108762173007332e+00,-2.508237185688361404e+00,-4.660978297496344958e+00,-2.186366100380187305e+00,-4.885086115972415155e-01,-2.016958985814847782e+00,-2.742330976647416207e+00,-1.286994308448663693e+00
-2.026463836341189317e+00,-2.832650224457324839e+00,-2.831108762173007332e+00,-2.508237185688361404e+00,-4.660978297496344958e+00,-2.186366100380187305e+00,-5.397855979475831845e-01,-2.016958985814847782e+00,-2.742330976647416207e+00,-1.286994308448663693e+00
-2.026463836341189317e+00,-2.832650224457324839e+00,-2.831108762173007332e+00,-2.508237185688361404e+00,-4.660978297496344958e+00,-2.186366100380187305e+00,-5.397855979475831845e-01,-2.016958985814847782e+00,-2.742330976647416207e+00,-1.286994308448663693e+00
-2.026463836341189317e+00,-2.832650224457324839e+00,-2.831108762173007332e+00,-2.508237185688361404e+00,-4.660978297496344958e+00,-2.186366100380187305e+00,-7.512486498314064898e-01,-2.016958985814847782e+00,-2.742330976647416207e+00,-1.286994308448663693e+00
-2.026463836341189317e+00,-2.832650224457324839e+00,-2.831108762173007332e+00,-2.508237185688361404e+00,-4.660978297496344958e+00,-2.186366100380187305e+00,-7.512486498314064898e-01,-2.016958985814847782e+00,-2.742330976647416207e+00,-1.286994308448663693e+00
