3.669353412449103957e-01,9.021485302141292115e-03,5.184760096892510717e+00,1.639698222431339669e+00,1.688981285507334063e+00,2.274786123811795291e-01,3.770655604196290867e+00,1.054743876635341859e+00,-5.751331781580302227e-01,3.844795320851427167e+00
-1.991004436784859388e+00,9.021485302141292115e-03,1.557551114252017754e+00,1.639698222431339669e+00,1.688981285507334063e+00,2.274786123811795291e-01,2.459119248521122181e+00,1.054743876635341859e+00,-5.751331781580302227e-01,1.235672644590942282e+00
-1.991004436784859388e+00,-3.484868917599783789e-01,1.557551114252017754e+00,1.571207770384389635e+00,1.688981285507334063e+00,2.274786123811795291e-01,2.459119248521122181e+00,1.054743876635341859e+00,-9.132937447455689028e-01,1.235672644590942282e+00
-1.991004436784859388e+00,-3.484868917599783789e-01,1.557551114252017754e+00,9.415259367450453665e-01,-1.629874074330726619e-01,2.274786123811795291e-01,2.459119248521122181e+00,1.054743876635341859e+00,-9.132937447455689028e-01,1.235672644590942282e+00
-1.991004436784859388e+00,-3.484868917599783789e-01,-7.101243859482547771e-01,2.902522981802103108e-01,-6.269647212539936065e-01,2.274786123811795291e-01,2.207446337846220352e+00,1.054743876635341859e+00,-9.132937447455689028e-01,1.235672644590942282e+00
-1.991004436784859388e+00,-3.484868917599783789e-01,-7.521952007786417704e-01,2.902522981802103108e-01,-6.269647212539936065e-01,2.274786123811795291e-01,2.207446337846220352e+00,4.245313156006186861e-01,-9.132937447455689028e-01,-9.283070576877855418e-02
-1.991004436784859388e+00,-3.484868917599783789e-01,-7.521952007786417704e-01,2.902522981802103108e-01,-6.269647212539936065e-01,2.274786123811795291e-01,2.207446337846220352e+00,2.488096617450328008e-01,-9.132937447455689028e-01,-9.283070576877855418e-02
-1.991004436784859388e+00,-3.484868917599783789e-01,-7.521952007786417704e-01,2.902522981802103108e-01,-6.269647212539936065e-01,2.274786123811795291e-01,2.207446337846220352e+00,2.488096617450328008e-01,-9.132937447455689028e-01,-1.433996270782373350e-01
-1.991004436784859388e+00,-9.538020403605602660e-01,-7.521952007786417704e-01,2.902522981802103108e-01,-6.269647212539936065e-01,2.274786123811795291e-01,2.207446337846220352e+00,-4.552963317285910749e-01,-9.132937447455689028e-01,-1.433996270782373350e-01
-1.991004436784859388e+00,-9.538020403605602660e-01,-7.521952007786417704e-01,1.968102883591380248e-01,-6.269647212539936065e-01,2.274786123811795291e-01,2.207446337846220352e+00,-4.552963317285910749e-01,-9.132937447455689028e-01,-1.433996270782373350e-01
-1.991004436784859388e+00,-9.538020403605602660e-01,-7.521952007786417704e-01,1.968102883591380248e-01,-6.269647212539936065e-01,2.274786123811795291e-01,2.207446337846220352e+00,-4.552963317285910749e-01,-9.132937447455689028e-01,-1.433996270782373350e-01
-1.991004436784859388e+00,-9.538020403605602660e-01,-2.795846910989114420e+00,1.968102883591380248e-01,-6.269647212539936065e-01,2.274786123811795291e-01,2.207446337846220352e+00,-4.552963317285910749e-01,-9.132937447455689028e-01,-2.293889065018419049e-01
-1.991004436784859388e+00,-9.538020403605602660e-01,-2.795846910989114420e+00,1.968102883591380248e-01,-6.269647212539936065e-01,2.274786123811795291e-01,2.207446337846220352e+00,-4.552963317285910749e-01,-9.132937447455689028e-01,-2.293889065018419049e-01
-1.991004436784859388e+00,-9.538020403605602660e-01,-2.795846910989114420e+00,-3.960331322471942195e-01,-6.269647212539936065e-01,2.274786123811795291e-01,2.207446337846220352e+00,-4.552963317285910749e-01,-9.132937447455689028e-01,-2.293889065018419049e-01
-1.991004436784859388e+00,-1.006288216640644606e+00,-2.795846910989114420e+00,-3.960331322471942195e-01,-6.269647212539936065e-01,2.274786123811795291e-01,2.207446337846220352e+00,-4.552963317285910749e-01,-9.132937447455689028e-01,-2.293889065018419049e-01
-1.991004436784859388e+00,-1.006288216640644606e+00,-2.795846910989114420e+00,-3.960331322471942195e-01,-6.269647212539936065e-01,2.274786123811795291e-01,2.207446337846220352e+00,-4.552963317285910749e-01,-9.132937447455689028e-01,-2.293889065018419049e-01
-1.991004436784859388e+00,-1.006288216640644606e+00,-2.795846910989114420e+00,-1.162188728940138471e+00,-6.269647212539936065e-01,2.274786123811795291e-01,1.104757658052667013e+00,-4.552963317285910749e-01,-1.330591492837091439e+00,-1.548991280785259494e+00
-1.991004436784859388e+00,-1.006288216640644606e+00,-2.795846910989114420e+00,-1.681884282017949372e+00,-6.269647212539936065e-01,2.274786123811795291e-01,1.104757658052667013e+00,-4.552963317285910749e-01,-1.330591492837091439e+00,-1.548991280785259494e+00
-1.991004436784859388e+00,-1.006288216640644606e+00,-2.795846910989114420e+00,-1.681884282017949372e+00,-6.269647212539936065e-01,2.274786123811795291e-01,1.104757658052667013e+00,-4.552963317285910749e-01,-1.330591492837091439e+00,-1.629468042321688737e+00
-1.991004436784859388e+00,-1.006288216640644606e+00,-2.795846910989114420e+00,-1.681884282017949372e+00,-6.269647212539936065e-01,2.274786123811795291e-01,1.104757658052667013e+00,-5.386872342450033102e-01,-1.330591492837091439e+00,-1.629468042321688737e+00
-1.991004436784859388e+00,-1.006288216640644606e+00,-2.795846910989114420e+00,-1.681884282017949372e+00,-6.269647212539936065e-01,2.274786123811795291e-01,8.541408366100667893e-01,-5.386872342450033102e-01,-1.743274059333326242e+00,-1.629468042321688737e+00
-1.991004436784859388e+00,-1.006288216640644606e+00,-2.795846910989114420e+00,-1.681884282017949372e+00,-6.269647212539936065e-01,2.274786123811795291e-01,8.541408366100667893e-01,-5.386872342450033102e-01,-1.743274059333326242e+00,-1.966317762199214059e+00
-1.991004436784859388e+00,-1.006288216640644606e+00,-2.795846910989114420e+00,-1.681884282017949372e+00,-6.269647212539936065e-01,2.274786123811795291e-01,6.342793125973144458e-03,-5.386872342450033102e-01,-1.743274059333326242e+00,-1.966317762199214059e+00
-1.991004436784859388e+00,-1.006288216640644606e+00,-2.795846910989114420e+00,-1.681884282017949372e+00,-6.269647212539936065e-01,2.274786123811795291e-01,6.342793125973144458e-03,-5.386872342450033102e-01,-1.743274059333326242e+00,-1.966317762199214059e+00
-1.991004436784859388e+00,-1.006288216640644606e+00,-2.795846910989114420e+00,-1.681884282017949372e+00,-6.269647212539936065e-01,2.274786123811795291e-01,6.342793125973144458e-03,-5.386872342450033102e-01,-1.743274059333326242e+00,-1.966317762199214059e+00
-1.991004436784859388e+00,-1.006288216640644606e+00,-2.795846910989114420e+00,-1.681884282017949372e+00,-6.269647212539936065e-01,2.274786123811795291e-01,6.342793125973144458e-03,-5.386872342450033102e-01,-1.743274059333326242e+00,-1.966317762199214059e+00
-1.991004436784859388e+00,-1.157757607758515883e+00,-2.795846910989114420e+00,-1.681884282017949372e+00,-6.269647212539936065e-01,2.274786123811795291e-01,6.342793125973144458e-03,-7.446790155741251915e-01,-1.743274059333326242e+00,-1.966317762199214059e+00
-1.991004436784859388e+00,-1.157757607758515883e+00,-2.956492969885010869e+00,-1.681884282017949372e+00,-6.269647212539936065e-01,2.274786123811795291e-01,6.342793125973144458e-03,-7.446790155741251915e-01,-1.743274059333326242e+00,-1.966317762199214059e+00
-1.991004436784859388e+00,-1.157757607758515883e+00,-2.956492969885010869e+00,-1.681884282017949372e+00,-6.269647212539936065e-01,2.274786123811795291e-01,6.342793125973144458e-03,-7.446790155741251915e-01,-1.743274059333326242e+00,-1.966317762199214059e+00
-1.991004436784859388e+00,-1.157757607758515883e+00,-2.956492969885010869e+00,-1.681884282017949372e+00,-6.269647212539936065e-01,2.274786123811795291e-01,6.342793125973144458e-03,-7.446790155741251915e-01,-1.743274059333326242e+00,-1.966317762199214059e+00
-1.991004436784859388e+00,-1.157757607758515883e+00,-2.956492969885010869e+00,-1.681884282017949372e+00,-6.269647212539936065e-01,2.274786123811795291e-01,6.342793125973144458e-03,-7.446790155741251915e-01,-1.743274059333326242e+00,-1.966317762199214059e+00
-1.991004436784859388e+00,-1.157757607758515883e+00,-2.956492969885010869e+00,-1.681884282017949372e+00,-1.720454316755038793e+00,2.274786123811795291e-01,6.342793125973144458e-03,-7.446790155741251915e-01,-1.743274059333326242e+00,-1.966317762199214059e+00
-1.991004436784859388e+00,-1.157757607758515883e+00,-2.956492969885010869e+00,-1.681884282017949372e+00,-1.720454316755038793e+00,2.274786123811795291e-01,-3.803676759186969125e-01,-7.446790155741251915e-01,-1.743274059333326242e+00,-1.966317762199214059e+00
-1.991004436784859388e+00,-1.157757607758515883e+00,-4.059688776673829658e+00,-1.681884282017949372e+00,-1.720454316755038793e+00,2.274786123811795291e-01,-3.803676759186969125e-01,-7.446790155741251915e-01,-1.743274059333326242e+00,-1.966317762199214059e+00
-1.991004436784859388e+00,-1.157757607758515883e+00,-4.059688776673829658e+00,-1.681884282017949372e+00,-1.720454316755038793e+00,2.274786123811795291e-01,-3.803676759186969125e-01,-7.446790155741251915e-01,-1.743274059333326242e+00,-1.966317762199214059e+00
-1.991004436784859388e+00,-1.157757607758515883e+00,-4.059688776673829658e+00,-1.681884282017949372e+00,-1.720454316755038793e+00,2.274786123811795291e-01,-3.803676759186969125e-01,-7.446790155741251915e-01,-1.743274059333326242e+00,-1.966317762199214059e+00
-1.991004436784859388e+00,-1.157757607758515883e+00,-4.059688776673829658e+00,-1.681884282017949372e+00,-1.720454316755038793e+00,2.274786123811795291e-01,-3.803676759186969125e-01,-1.252259337696376429e+00,-1.743274059333326242e+00,-1.966317762199214059e+00
-1.991004436784859388e+00,-1.157757607758515883e+00,-4.059688776673829658e+00,-1.681884282017949372e+00,-1.720454316755038793e+00,2.274786123811795291e-01,-3.803676759186969125e-01,-1.252259337696376429e+00,-1.743274059333326242e+00,-1.966317762199214059e+00
-1.991004436784859388e+00,-1.157757607758515883e+00,-4.059688776673829658e+00,-1.681884282017949372e+00,-1.720454316755038793e+00,-4.121461874677446180e-01,-3.803676759186969125e-01,-1.685507928581419623e+00,-1.743274059333326242e+00,-1.966317762199214059e+00
-1.991004436784859388e+00,-1.157757607758515883e+00,-4.059688776673829658e+00,-1.681884282017949372e+00,-2.616773947789611032e+00,-4.121461874677446180e-01,-3.803676759186969125e-01,-1.685507928581419623e+00,-1.743274059333326242e+00,-1.966317762199214059e+00
-1.991004436784859388e+00,-1.157757607758515883e+00,-4.059688776673829658e+00,-1.681884282017949372e+00,-2.616773947789611032e+00,-4.121461874677446180e-01,-3.803676759186969125e-01,-1.685507928581419623e+00,-1.743274059333326242e+00,-1.966317762199214059e+00
-1.991004436784859388e+00,-1.157757607758515883e+00,-4.059688776673829658e+00,-1.681884282017949372e+00,-2.616773947789611032e+00,-4.121461874677446180e-01,-3.803676759186969125e-01,-2.572407694397583988e+00,-1.743274059333326242e+00,-1.966317762199214059e+00
-1.991004436784859388e+00,-1.157757607758515883e+00,-4.059688776673829658e+00,-1.681884282017949372e+00,-2.616773947789611032e+00,-9.153726949611658004e-01,-3.803676759186969125e-01,-2.572407694397583988e+00,-1.743274059333326242e+00,-2.131439122194189739e+00
-1.991004436784859388e+00,-1.157757607758515883e+00,-4.059688776673829658e+00,-1.681884282017949372e+00,-3.026236626426180187e+00,-9.153726949611658004e-01,-1.016160369837814770e+00,-2.572407694397583988e+00,-1.743274059333326242e+00,-2.131439122194189739e+00
-1.991004436784859388e+00,-1.157757607758515883e+00,-4.059688776673829658e+00,-1.681884282017949372e+00,-3.026236626426180187e+00,-9.153726949611658004e-01,-1.016160369837814770e+00,-2.572407694397583988e+00,-1.743274059333326242e+00,-2.131439122194189739e+00
-1.991004436784859388e+00,-1.475610852886168001e+00,-4.059688776673829658e+00,-1.681884282017949372e+00,-3.026236626426180187e+00,-9.153726949611658004e-01,-1.016160369837814770e+00,-2.572407694397583988e+00,-1.743274059333326242e+00,-3.544029321695346457e+00
-1.991004436784859388e+00,-1.475610852886168001e+00,-4.059688776673829658e+00,-1.681884282017949372e+00,-3.026236626426180187e+00,-9.153726949611658004e-01,-1.016160369837814770e+00,-2.572407694397583988e+00,-1.743274059333326242e+00,-3.544029321695346457e+00
-1.991004436784859388e+00,-1.756706698030834346e+00,-4.059688776673829658e+00,-1.681884282017949372e+00,-3.026236626426180187e+00,-9.153726949611658004e-01,-1.016160369837814770e+00,-2.572407694397583988e+00,-1.743274059333326242e+00,-3.544029321695346457e+00
-1.991004436784859388e+00,-1.756706698030834346e+00,-4.059688776673829658e+00,-1.681884282017949372e+00,-3.026236626426180187e+00,-9.153726949611658004e-01,-1.016160369837814770e+00,-2.572407694397583988e+00,-1.743274059333326242e+00,-3.544029321695346457e+00
-1.991004436784859388e+00,-1.756706698030834346e+00,-4.059688776673829658e+00,-1.681884282017949372e+00,-3.026236626426180187e+00,-9.153726949611658004e-01,-1.016160369837814770e+00,-2.572407694397583988e+00,-1.743274059333326242e+00,-3.544029321695346457e+00
-2.711982915450799503e+00,-2.345932740450410225e+00,-4.059688776673829658e+00,-1.681884282017949372e+00,-3.026236626426180187e+00,-9.153726949611658004e-01,-1.016160369837814770e+00,-2.572407694397583988e+00,-1.743274059333326242e+00,-3.544029321695346457e+00
-2.711982915450799503e+00,-2.345932740450410225e+00,-4.059688776673829658e+00,-1.681884282017949372e+00,-3.026236626426180187e+00,-9.153726949611658004e-01,-1.016160369837814770e+00,-2.572407694397583988e+00,-1.743274059333326242e+00,-3.544029321695346457e+00
-2.711982915450799503e+00,-2.345932740450410225e+00,-4.059688776673829658e+00,-1.681884282017949372e+00,-4.576926365679445219e+00,-1.571386548895858493e+00,-1.016160369837814770e+00,-2.572407694397583988e+00,-1.743274059333326242e+00,-3.544029321695346457e+00
-2.711982915450799503e+00,-2.345932740450410225e+00,-4.059688776673829658e+00,-2.229848789512437257e+00,-4.576926365679445219e+00,-1.827843523375004553e+00,-1.016160369837814770e+00,-2.572407694397583988e+00,-1.743274059333326242e+00,-3.544029321695346457e+00
-2.711982915450799503e+00,-2.345932740450410225e+00,-4.059688776673829658e+00,-2.229848789512437257e+00,-4.576926365679445219e+00,-1.827843523375004553e+00,-1.016160369837814770e+00,-2.572407694397583988e+00,-1.743274059333326242e+00,-3.544029321695346457e+00
-2.711982915450799503e+00,-2.345932740450410225e+00,-4.059688776673829658e+00,-2.229848789512437257e+00,-4.576926365679445219e+00,-1.827843523375004553e+00,-1.016160369837814770e+00,-2.572407694397583988e+00,-2.709784622930080822e+00,-3.544029321695346457e+00
-2.711982915450799503e+00,-2.345932740450410225e+00,-4.059688776673829658e+00,-2.229848789512437257e+00,-4.576926365679445219e+00,-1.827843523375004553e+00,-1.016160369837814770e+00,-2.572407694397583988e+00,-2.709784622930080822e+00,-3.544029321695346457e+00
-2.711982915450799503e+00,-2.345932740450410225e+00,-4.059688776673829658e+00,-2.229848789512437257e+00,-4.576926365679445219e+00,-3.515091730820294025e+00,-1.016160369837814770e+00,-2.572407694397583988e+00,-2.709784622930080822e+00,-3.544029321695346457e+00
-2.711982915450799503e+00,-2.345932740450410225e+00,-4.059688776673829658e+00,-2.229848789512437257e+00,-4.576926365679445219e+00,-3.515091730820294025e+00,-1.016160369837814770e+00,-2.572407694397583988e+00,-2.709784622930080822e+00,-3.544029321695346457e+00
-2.711982915450799503e+00,-2.345932740450410225e+00,-4.059688776673829658e+00,-2.229848789512437257e+00,-4.576926365679445219e+00,-3.515091730820294025e+00,-1.016160369837814770e+00,-2.572407694397583988e+00,-2.709784622930080822e+00,-3.544029321695346457e+00
-2.711982915450799503e+00,-2.345932740450410225e+00,-4.059688776673829658e+00,-2.229848789512437257e+00,-4.576926365679445219e+00,-3.515091730820294025e+00,-1.016160369837814770e+00,-2.572407694397583988e+00,-2.709784622930080822e+00,-3.544029321695346457e+00
-2.711982915450799503e+00,-2.345932740450410225e+00,-4.059688776673829658e+00,-2.229848789512437257e+00,-4.576926365679445219e+00,-3.515091730820294025e+00,-1.016160369837814770e+00,-2.572407694397583988e+00,-2.709784622930080822e+00,-3.544029321695346457e+00
-2.711982915450799503e+00,-2.345932740450410225e+00,-4.059688776673829658e+00,-2.229848789512437257e+00,-4.576926365679445219e+00,-3.515091730820294025e+00,-1.016160369837814770e+00,-2.572407694397583988e+00,-2.709784622930080822e+00,-3.544029321695346457e+00
-2.711982915450799503e+00,-3.288091253148643922e+00,-4.059688776673829658e+00,-2.229848789512437257e+00,-4.576926365679445219e+00,-3.515091730820294025e+00,-1.016160369837814770e+00,-2.572407694397583988e+00,-2.709784622930080822e+00,-3.544029321695346457e+00
-2.711982915450799503e+00,-3.288091253148643922e+00,-4.059688776673829658e+00,-2.229848789512437257e+00,-4.576926365679445219e+00,-3.515091730820294025e+00,-1.016160369837814770e+00,-2.572407694397583988e+00,-2.709784622930080822e+00,-3.544029321695346457e+00
-2.711982915450799503e+00,-3.288091253148643922e+00,-4.059688776673829658e+00,-2.229848789512437257e+00,-4.576926365679445219e+00,-3.515091730820294025e+00,-1.016160369837814770e+00,-2.572407694397583988e+00,-2.709784622930080822e+00,-3.544029321695346457e+00
-2.711982915450799503e+00,-3.288091253148643922e+00,-4.059688776673829658e+00,-2.229848789512437257e+00,-4.576926365679445219e+00,-3.515091730820294025e+00,-1.016160369837814770e+00,-2.572407694397583988e+00,-2.709784622930080822e+00,-3.544029321695346457e+00
-2.711982915450799503e+00,-3.288091253148643922e+00,-4.059688776673829658e+00,-2.229848789512437257e+00,-4.576926365679445219e+00,-3.515091730820294025e+00,-1.016160369837814770e+00,-2.572407694397583988e+00,-2.709784622930080822e+00,-3.544029321695346457e+00
-2.711982915450799503e+00,-3.288091253148643922e+00,-4.059688776673829658e+00,-2.229848789512437257e+00,-4.576926365679445219e+00,-3.515091730820294025e+00,-1.016160369837814770e+00,-2.572407694397583988e+00,-2.709784622930080822e+00,-3.544029321695346457e+00
-2.711982915450799503e+00,-3.288091253148643922e+00,-4.059688776673829658e+00,-2.229848789512437257e+00,-4.576926365679445219e+00,-3.515091730820294025e+00,-1.016160369837814770e+00,-2.572407694397583988e+00,-2.709784622930080822e+00,-3.544029321695346457e+00
-2.711982915450799503e+00,-3.740757957268028289e+00,-4.059688776673829658e+00,-2.229848789512437257e+00,-4.576926365679445219e+00,-3.515091730820294025e+00,-1.016160369837814770e+00,-2.572407694397583988e+00,-2.709784622930080822e+00,-3.544029321695346457e+00
-2.711982915450799503e+00,-3.740757957268028289e+00,-4.059688776673829658e+00,-2.229848789512437257e+00,-4.576926365679445219e+00,-3.515091730820294025e+00,-1.016160369837814770e+00,-2.572407694397583988e+00,-2.709784622930080822e+00,-3.544029321695346457e+00
-2.711982915450799503e+00,-3.740757957268028289e+00,-4.059688776673829658e+00,-2.229848789512437257e+00,-4.576926365679445219e+00,-3.515091730820294025e+00,-1.016160369837814770e+00,-2.572407694397583988e+00,-2.709784622930080822e+00,-3.544029321695346457e+00
-2.711982915450799503e+00,-3.740757957268028289e+00,-4.059688776673829658e+00,-2.229848789512437257e+00,-4.576926365679445219e+00,-3.515091730820294025e+00,-1.016160369837814770e+00,-2.572407694397583988e+00,-2.709784622930080822e+00,-3.544029321695346457e+00
-2.711982915450799503e+00,-3.740757957268028289e+00,-4.059688776673829658e+00,-2.229848789512437257e+00,-4.576926365679445219e+00,-3.515091730820294025e+00,-1.016160369837814770e+00,-2.572407694397583988e+00,-2.709784622930080822e+00,-3.544029321695346457e+00
-2.711982915450799503e+00,-3.740757957268028289e+00,-4.059688776673829658e+00,-2.229848789512437257e+00,-4.576926365679445219e+00,-3.515091730820294025e+00,-1.016160369837814770e+00,-2.572407694397583988e+00,-2.709784622930080822e+00,-3.544029321695346457e+00
