-8.234523874321870995e-02,2.005983174906899258e+00,5.720298701749285009e+00,6.270589193051535615e-01,1.364532539965190860e+00,2.286300301331959606e+00,-7.659955469532944150e-01,-4.841855169035887418e-01,2.800390919788632860e-01,1.584127790679635828e+00
-8.234523874321870995e-02,2.005983174906899258e+00,4.009741472754493330e+00,6.270589193051535615e-01,1.274256534463447110e+00,2.286300301331959606e+00,-7.659955469532944150e-01,-4.841855169035887418e-01,2.800390919788632860e-01,1.159749312987254255e+00
-3.116446535858354849e-01,2.005983174906899258e+00,4.009741472754493330e+00,-3.878150540055880918e-02,7.801951823510197004e-01,2.286300301331959606e+00,-7.659955469532944150e-01,-4.841855169035887418e-01,-7.011517750693864182e-01,3.334960568929006275e-01
-3.116446535858354849e-01,1.977841308407414900e+00,4.009741472754493330e+00,-3.878150540055880918e-02,5.801112812818434161e-01,2.004293934514693731e+00,-7.659955469532944150e-01,-4.841855169035887418e-01,-7.011517750693864182e-01,3.334960568929006275e-01
-1.082483273106359167e+00,1.977841308407414900e+00,4.009741472754493330e+00,-3.878150540055880918e-02,5.801112812818434161e-01,2.004293934514693731e+00,-7.659955469532944150e-01,-1.244888581586918841e+00,-7.981043354078605212e-01,-1.887326634219579358e-01
-2.118503589774622498e+00,1.977841308407414900e+00,3.727118017540356210e+00,-1.553304444156174080e+00,5.801112812818434161e-01,2.004293934514693731e+00,-7.659955469532944150e-01,-1.244888581586918841e+00,-7.981043354078605212e-01,-1.887326634219579358e-01
-2.118503589774622498e+00,1.977841308407414900e+00,3.727118017540356210e+00,-1.553304444156174080e+00,5.801112812818434161e-01,2.004293934514693731e+00,-7.735739348980177343e-01,-1.244888581586918841e+00,-7.981043354078605212e-01,-1.887326634219579358e-01
-2.118503589774622498e+00,1.977841308407414900e+00,3.727118017540356210e+00,-1.553304444156174080e+00,5.801112812818434161e-01,2.004293934514693731e+00,-1.600251384276715205e+00,-1.244888581586918841e+00,-7.981043354078605212e-01,-1.887326634219579358e-01
-2.118503589774622498e+00,1.977841308407414900e+00,3.727118017540356210e+00,-1.553304444156174080e+00,5.801112812818434161e-01,2.004293934514693731e+00,-2.278098364585904978e+00,-1.244888581586918841e+00,-7.981043354078605212e-01,-4.020551281389314613e-01
-3.225778631603348767e+00,1.977841308407414900e+00,3.727118017540356210e+00,-1.553304444156174080e+00,5.801112812818434161e-01,2.004293934514693731e+00,-2.313596063734129071e+00,-1.244888581586918841e+00,-1.493809625957249088e+00,-4.020551281389314613e-01
-3.225778631603348767e+00,1.977841308407414900e+00,1.038262014354520257e+00,-1.553304444156174080e+00,5.023809358823203564e-01,7.698526088608369511e-01,-2.313596063734129071e+00,-1.244888581586918841e+00,-1.493809625957249088e+00,-4.020551281389314613e-01
-3.225778631603348767e+00,1.266251917170482688e+00,1.038262014354520257e+00,-1.553304444156174080e+00,5.023809358823203564e-01,7.698526088608369511e-01,-2.313596063734129071e+00,-1.244888581586918841e+00,-2.261007609752066383e+00,-4.020551281389314613e-01
-3.225778631603348767e+00,1.266251917170482688e+00,1.038262014354520257e+00,-1.553304444156174080e+00,5.023809358823203564e-01,7.698526088608369511e-01,-2.313596063734129071e+00,-1.244888581586918841e+00,-2.261007609752066383e+00,-4.020551281389314613e-01
-3.225778631603348767e+00,1.266251917170482688e+00,1.038262014354520257e+00,-1.553304444156174080e+00,1.213542354687674185e-01,7.698526088608369511e-01,-2.313596063734129071e+00,-1.244888581586918841e+00,-2.917819302593596564e+00,-4.020551281389314613e-01
-3.225778631603348767e+00,1.266251917170482688e+00,1.038262014354520257e+00,-1.553304444156174080e+00,-6.350718792682400471e-01,7.698526088608369511e-01,-5.033037143453277906e+00,-1.244888581586918841e+00,-2.917819302593596564e+00,-4.020551281389314613e-01
-3.225778631603348767e+00,1.266251917170482688e+00,1.038262014354520257e+00,-1.553304444156174080e+00,-6.350718792682400471e-01,7.698526088608369511e-01,-5.033037143453277906e+00,-1.244888581586918841e+00,-2.917819302593596564e+00,-4.020551281389314613e-01
-3.679031282446197260e+00,1.266251917170482688e+00,1.038262014354520257e+00,-1.553304444156174080e+00,-6.350718792682400471e-01,7.698526088608369511e-01,-5.033037143453277906e+00,-1.244888581586918841e+00,-2.917819302593596564e+00,-4.020551281389314613e-01
-3.679031282446197260e+00,1.266251917170482688e+00,1.038262014354520257e+00,-1.553304444156174080e+00,-6.350718792682400471e-01,7.698526088608369511e-01,-5.033037143453277906e+00,-1.244888581586918841e+00,-2.917819302593596564e+00,-4.020551281389314613e-01
-3.827075399300256642e+00,1.266251917170482688e+00,1.038262014354520257e+00,-3.113564920582491791e+00,-6.350718792682400471e-01,7.698526088608369511e-01,-5.033037143453277906e+00,-1.244888581586918841e+00,-2.917819302593596564e+00,-4.020551281389314613e-01
-3.907571635124027498e+00,1.167952555123292990e+00,1.038262014354520257e+00,-3.113564920582491791e+00,-9.940084755718310294e-01,7.698526088608369511e-01,-5.033037143453277906e+00,-1.244888581586918841e+00,-2.917819302593596564e+00,-4.020551281389314613e-01
-3.907571635124027498e+00,1.167952555123292990e+00,1.038262014354520257e+00,-3.113564920582491791e+00,-9.940084755718310294e-01,4.404394572312600453e-01,-5.033037143453277906e+00,-1.244888581586918841e+00,-2.917819302593596564e+00,-4.020551281389314613e-01
-3.907571635124027498e+00,1.167952555123292990e+00,1.038262014354520257e+00,-3.113564920582491791e+00,-9.940084755718310294e-01,4.404394572312600453e-01,-5.033037143453277906e+00,-1.244888581586918841e+00,-2.917819302593596564e+00,-4.020551281389314613e-01
-3.907571635124027498e+00,1.167952555123292990e+00,1.038262014354520257e+00,-3.113564920582491791e+00,-9.940084755718310294e-01,4.404394572312600453e-01,-5.033037143453277906e+00,-1.244888581586918841e+00,-2.917819302593596564e+00,-4.020551281389314613e-01
-3.907571635124027498e+00,1.167952555123292990e+00,1.038262014354520257e+00,-3.113564920582491791e+00,-9.940084755718310294e-01,4.404394572312600453e-01,-5.033037143453277906e+00,-1.244888581586918841e+00,-2.917819302593596564e+00,-4.020551281389314613e-01
-3.907571635124027498e+00,1.167952555123292990e+00,1.038262014354520257e+00,-3.113564920582491791e+00,-9.940084755718310294e-01,4.404394572312600453e-01,-5.033037143453277906e+00,-1.244888581586918841e+00,-2.917819302593596564e+00,-4.020551281389314613e-01
-3.907571635124027498e+00,1.167952555123292990e+00,1.038262014354520257e+00,-3.113564920582491791e+00,-9.940084755718310294e-01,4.404394572312600453e-01,-5.033037143453277906e+00,-1.244888581586918841e+00,-2.917819302593596564e+00,-4.020551281389314613e-01
-3.907571635124027498e+00,1.167952555123292990e+00,1.038262014354520257e+00,-3.113564920582491791e+00,-9.940084755718310294e-01,4.404394572312600453e-01,-5.033037143453277906e+00,-1.244888581586918841e+00,-2.917819302593596564e+00,-4.020551281389314613e-01
-3.907571635124027498e+00,5.558987175813187021e-01,1.038262014354520257e+00,-3.113564920582491791e+00,-9.940084755718310294e-01,4.404394572312600453e-01,-5.033037143453277906e+00,-1.244888581586918841e+00,-2.917819302593596564e+00,-4.020551281389314613e-01
-3.907571635124027498e+00,5.558987175813187021e-01,7.274853300172555715e-01,-3.113564920582491791e+00,-9.940084755718310294e-01,4.404394572312600453e-01,-5.033037143453277906e+00,-1.244888581586918841e+00,-2.917819302593596564e+00,-4.020551281389314613e-01
-3.907571635124027498e+00,4.138737954463725388e-01,7.274853300172555715e-01,-3.113564920582491791e+00,-9.940084755718310294e-01,4.404394572312600453e-01,-5.033037143453277906e+00,-1.244888581586918841e+00,-2.917819302593596564e+00,-4.020551281389314613e-01
-3.907571635124027498e+00,3.893290016590862379e-01,7.274853300172555715e-01,-3.113564920582491791e+00,-9.940084755718310294e-01,4.404394572312600453e-01,-5.033037143453277906e+00,-1.244888581586918841e+00,-2.917819302593596564e+00,-4.020551281389314613e-01
-3.907571635124027498e+00,3.893290016590862379e-01,7.274853300172555715e-01,-3.113564920582491791e+00,-9.940084755718310294e-01,4.404394572312600453e-01,-5.033037143453277906e+00,-1.244888581586918841e+00,-2.917819302593596564e+00,-4.020551281389314613e-01
-3.907571635124027498e+00,3.893290016590862379e-01,7.274853300172555715e-01,-3.113564920582491791e+00,-9.940084755718310294e-01,4.404394572312600453e-01,-5.033037143453277906e+00,-1.244888581586918841e+00,-2.917819302593596564e+00,-4.020551281389314613e-01
-3.907571635124027498e+00,3.893290016590862379e-01,7.274853300172555715e-01,-3.113564920582491791e+00,-9.940084755718310294e-01,4.404394572312600453e-01,-5.033037143453277906e+00,-1.244888581586918841e+00,-2.917819302593596564e+00,-4.020551281389314613e-01
-3.907571635124027498e+00,-8.783042120948888476e-01,7.274853300172555715e-01,-3.113564920582491791e+00,-9.940084755718310294e-01,4.404394572312600453e-01,-5.033037143453277906e+00,-1.244888581586918841e+00,-2.917819302593596564e+00,-4.020551281389314613e-01
-3.907571635124027498e+00,-8.783042120948888476e-01,7.274853300172555715e-01,-3.113564920582491791e+00,-9.940084755718310294e-01,4.404394572312600453e-01,-5.033037143453277906e+00,-1.244888581586918841e+00,-2.917819302593596564e+00,-4.020551281389314613e-01
-3.907571635124027498e+00,-8.783042120948888476e-01,7.274853300172555715e-01,-3.113564920582491791e+00,-9.940084755718310294e-01,4.404394572312600453e-01,-5.033037143453277906e+00,-1.244888581586918841e+00,-2.917819302593596564e+00,-4.020551281389314613e-01
-3.907571635124027498e+00,-8.783042120948888476e-01,7.274853300172555715e-01,-3.113564920582491791e+00,-9.940084755718310294e-01,4.404394572312600453e-01,-5.033037143453277906e+00,-1.244888581586918841e+00,-2.917819302593596564e+00,-4.020551281389314613e-01
-3.907571635124027498e+00,-8.783042120948888476e-01,7.274853300172555715e-01,-3.113564920582491791e+00,-9.940084755718310294e-01,4.404394572312600453e-01,-5.033037143453277906e+00,-1.244888581586918841e+00,-2.917819302593596564e+00,-4.020551281389314613e-01
-3.907571635124027498e+00,-2.184070900021661377e+00,7.274853300172555715e-01,-3.113564920582491791e+00,-9.940084755718310294e-01,4.404394572312600453e-01,-5.033037143453277906e+00,-2.024113295574223148e+00,-2.917819302593596564e+00,-4.020551281389314613e-01
-3.907571635124027498e+00,-2.184070900021661377e+00,7.274853300172555715e-01,-3.113564920582491791e+00,-9.940084755718310294e-01,4.404394572312600453e-01,-5.033037143453277906e+00,-2.024113295574223148e+00,-2.917819302593596564e+00,-4.020551281389314613e-01
-3.907571635124027498e+00,-2.184070900021661377e+00,7.274853300172555715e-01,-3.113564920582491791e+00,-1.255209819837667773e+00,4.404394572312600453e-01,-5.033037143453277906e+00,-2.024113295574223148e+00,-2.917819302593596564e+00,-4.020551281389314613e-01
-3.907571635124027498e+00,-2.184070900021661377e+00,7.274853300172555715e-01,-3.113564920582491791e+00,-1.783321880575218010e+00,4.404394572312600453e-01,-5.033037143453277906e+00,-2.024113295574223148e+00,-2.917819302593596564e+00,-6.915558350929261744e-01
-3.907571635124027498e+00,-2.184070900021661377e+00,7.274853300172555715e-01,-3.113564920582491791e+00,-1.783321880575218010e+00,4.404394572312600453e-01,-5.033037143453277906e+00,-2.024113295574223148e+00,-2.917819302593596564e+00,-6.915558350929261744e-01
-3.907571635124027498e+00,-2.184070900021661377e+00,7.274853300172555715e-01,-3.113564920582491791e+00,-1.783321880575218010e+00,4.404394572312600453e-01,-5.033037143453277906e+00,-2.024113295574223148e+00,-2.917819302593596564e+00,-6.915558350929261744e-01
-3.907571635124027498e+00,-2.184070900021661377e+00,7.032406537282600567e-01,-3.113564920582491791e+00,-1.783321880575218010e+00,4.404394572312600453e-01,-5.033037143453277906e+00,-2.024113295574223148e+00,-2.917819302593596564e+00,-6.915558350929261744e-01
-3.907571635124027498e+00,-2.184070900021661377e+00,7.032406537282600567e-01,-3.113564920582491791e+00,-1.783321880575218010e+00,4.404394572312600453e-01,-5.033037143453277906e+00,-2.024113295574223148e+00,-2.917819302593596564e+00,-6.915558350929261744e-01
-3.907571635124027498e+00,-2.184070900021661377e+00,7.032406537282600567e-01,-3.113564920582491791e+00,-1.783321880575218010e+00,4.404394572312600453e-01,-5.033037143453277906e+00,-2.024113295574223148e+00,-2.917819302593596564e+00,-6.915558350929261744e-01
-3.907571635124027498e+00,-2.184070900021661377e+00,7.032406537282600567e-01,-3.113564920582491791e+00,-1.783321880575218010e+00,4.404394572312600453e-01,-5.033037143453277906e+00,-2.024113295574223148e+00,-2.917819302593596564e+00,-6.915558350929261744e-01
-3.907571635124027498e+00,-2.184070900021661377e+00,7.032406537282600567e-01,-3.113564920582491791e+00,-3.336445232312913678e+00,4.404394572312600453e-01,-5.033037143453277906e+00,-2.024113295574223148e+00,-2.917819302593596564e+00,-6.915558350929261744e-01
-3.907571635124027498e+00,-2.184070900021661377e+00,7.032406537282600567e-01,-3.113564920582491791e+00,-3.336445232312913678e+00,4.404394572312600453e-01,-5.033037143453277906e+00,-2.024113295574223148e+00,-2.917819302593596564e+00,-6.915558350929261744e-01
-3.907571635124027498e+00,-2.184070900021661377e+00,7.032406537282600567e-01,-3.113564920582491791e+00,-3.336445232312913678e+00,4.404394572312600453e-01,-5.033037143453277906e+00,-2.024113295574223148e+00,-2.917819302593596564e+00,-6.915558350929261744e-01
-3.907571635124027498e+00,-2.184070900021661377e+00,7.032406537282600567e-01,-3.113564920582491791e+00,-3.336445232312913678e+00,4.404394572312600453e-01,-5.033037143453277906e+00,-2.024113295574223148e+00,-2.917819302593596564e+00,-6.915558350929261744e-01
-3.907571635124027498e+00,-2.184070900021661377e+00,7.032406537282600567e-01,-3.113564920582491791e+00,-3.336445232312913678e+00,4.404394572312600453e-01,-5.033037143453277906e+00,-2.024113295574223148e+00,-2.917819302593596564e+00,-6.915558350929261744e-01
-3.907571635124027498e+00,-2.184070900021661377e+00,7.032406537282600567e-01,-3.113564920582491791e+00,-3.336445232312913678e+00,4.404394572312600453e-01,-5.033037143453277906e+00,-2.024113295574223148e+00,-2.917819302593596564e+00,-6.915558350929261744e-01
-3.907571635124027498e+00,-2.184070900021661377e+00,-1.219350245894005313e+00,-3.113564920582491791e+00,-3.336445232312913678e+00,4.404394572312600453e-01,-5.033037143453277906e+00,-2.024113295574223148e+00,-2.917819302593596564e+00,-6.915558350929261744e-01
-3.907571635124027498e+00,-2.184070900021661377e+00,-1.219350245894005313e+00,-3.113564920582491791e+00,-3.336445232312913678e+00,4.404394572312600453e-01,-5.033037143453277906e+00,-2.024113295574223148e+00,-3.194136697018532089e+00,-6.915558350929261744e-01
-3.907571635124027498e+00,-2.184070900021661377e+00,-1.219350245894005313e+00,-3.113564920582491791e+00,-3.336445232312913678e+00,4.404394572312600453e-01,-5.033037143453277906e+00,-2.024113295574223148e+00,-3.194136697018532089e+00,-6.915558350929261744e-01
-3.907571635124027498e+00,-2.184070900021661377e+00,-1.219350245894005313e+00,-3.113564920582491791e+00,-3.336445232312913678e+00,4.404394572312600453e-01,-5.033037143453277906e+00,-2.024113295574223148e+00,-3.194136697018532089e+00,-6.915558350929261744e-01
-3.907571635124027498e+00,-2.184070900021661377e+00,-1.219350245894005313e+00,-3.113564920582491791e+00,-3.336445232312913678e+00,4.404394572312600453e-01,-5.033037143453277906e+00,-2.024113295574223148e+00,-3.194136697018532089e+00,-6.915558350929261744e-01
-3.907571635124027498e+00,-2.184070900021661377e+00,-1.219350245894005313e+00,-3.113564920582491791e+00,-3.336445232312913678e+00,4.404394572312600453e-01,-5.033037143453277906e+00,-2.024113295574223148e+00,-3.194136697018532089e+00,-6.915558350929261744e-01
-3.907571635124027498e+00,-2.184070900021661377e+00,-1.219350245894005313e+00,-3.113564920582491791e+00,-3.336445232312913678e+00,4.404394572312600453e-01,-5.033037143453277906e+00,-2.024113295574223148e+00,-3.194136697018532089e+00,-6.915558350929261744e-01
-3.907571635124027498e+00,-2.184070900021661377e+00,-1.219350245894005313e+00,-3.113564920582491791e+00,-3.336445232312913678e+00,4.404394572312600453e-01,-5.033037143453277906e+00,-2.024113295574223148e+00,-3.194136697018532089e+00,-6.915558350929261744e-01
-3.907571635124027498e+00,-2.184070900021661377e+00,-1.219350245894005313e+00,-3.113564920582491791e+00,-3.336445232312913678e+00,4.404394572312600453e-01,-5.033037143453277906e+00,-2.024113295574223148e+00,-3.194136697018532089e+00,-6.915558350929261744e-01
-3.907571635124027498e+00,-2.184070900021661377e+00,-1.219350245894005313e+00,-3.113564920582491791e+00,-3.336445232312913678e+00,4.404394572312600453e-01,-5.033037143453277906e+00,-2.024113295574223148e+00,-3.194136697018532089e+00,-6.915558350929261744e-01
-3.927338971759611219e+00,-2.184070900021661377e+00,-3.324121870195464901e+00,-3.113564920582491791e+00,-3.336445232312913678e+00,4.404394572312600453e-01,-5.033037143453277906e+00,-2.024113295574223148e+00,-3.194136697018532089e+00,-6.915558350929261744e-01
-3.927338971759611219e+00,-2.184070900021661377e+00,-3.324121870195464901e+00,-3.113564920582491791e+00,-3.336445232312913678e+00,4.404394572312600453e-01,-5.033037143453277906e+00,-2.024113295574223148e+00,-3.194136697018532089e+00,-6.915558350929261744e-01
-3.927338971759611219e+00,-2.184070900021661377e+00,-3.324121870195464901e+00,-3.113564920582491791e+00,-3.336445232312913678e+00,4.404394572312600453e-01,-5.033037143453277906e+00,-2.024113295574223148e+00,-3.194136697018532089e+00,-6.915558350929261744e-01
-3.927338971759611219e+00,-2.184070900021661377e+00,-3.324121870195464901e+00,-3.113564920582491791e+00,-3.336445232312913678e+00,4.404394572312600453e-01,-5.033037143453277906e+00,-2.024113295574223148e+00,-3.194136697018532089e+00,-6.915558350929261744e-01
-3.927338971759611219e+00,-2.184070900021661377e+00,-3.324121870195464901e+00,-3.113564920582491791e+00,-3.336445232312913678e+00,4.404394572312600453e-01,-5.033037143453277906e+00,-2.024113295574223148e+00,-3.194136697018532089e+00,-6.915558350929261744e-01
-3.927338971759611219e+00,-2.184070900021661377e+00,-3.324121870195464901e+00,-3.113564920582491791e+00,-3.336445232312913678e+00,4.404394572312600453e-01,-5.033037143453277906e+00,-2.024113295574223148e+00,-3.194136697018532089e+00,-6.915558350929261744e-01
-3.927338971759611219e+00,-2.184070900021661377e+00,-3.324121870195464901e+00,-3.113564920582491791e+00,-3.336445232312913678e+00,4.404394572312600453e-01,-5.033037143453277906e+00,-2.024113295574223148e+00,-3.194136697018532089e+00,-6.915558350929261744e-01
-3.927338971759611219e+00,-2.184070900021661377e+00,-3.324121870195464901e+00,-3.113564920582491791e+00,-3.336445232312913678e+00,4.404394572312600453e-01,-5.033037143453277906e+00,-2.024113295574223148e+00,-3.194136697018532089e+00,-6.915558350929261744e-01
-3.927338971759611219e+00,-2.184070900021661377e+00,-3.324121870195464901e+00,-3.113564920582491791e+00,-3.336445232312913678e+00,4.404394572312600453e-01,-5.033037143453277906e+00,-2.024113295574223148e+00,-3.194136697018532089e+00,-6.915558350929261744e-01
-3.927338971759611219e+00,-2.184070900021661377e+00,-3.324121870195464901e+00,-3.113564920582491791e+00,-3.336445232312913678e+00,4.404394572312600453e-01,-5.033037143453277906e+00,-2.024113295574223148e+00,-3.194136697018532089e+00,-8.565022589159954070e-01
-3.927338971759611219e+00,-2.184070900021661377e+00,-3.324121870195464901e+00,-3.113564920582491791e+00,-3.336445232312913678e+00,4.404394572312600453e-01,-5.033037143453277906e+00,-2.024113295574223148e+00,-3.194136697018532089e+00,-8.565022589159954070e-01
