3.031356751805255545e+00,-1.564431261038261300e-01,-1.178615777774423723e+00,2.186558361475030576e+00,2.539432576297984134e+00,1.158248754503772515e+00,6.274514666961373832e-01,1.214002138412799914e+00,2.205560642920845638e+00,2.159918559217016476e+00
9.640211036468903094e-01,-4.879449750944068742e-01,-1.178615777774423723e+00,1.457792853320178716e+00,2.539432576297984134e+00,1.158248754503772515e+00,1.727242072711596688e-01,1.214002138412799914e+00,1.945156615187887628e+00,1.245821205045964941e+00
9.640211036468903094e-01,-4.879449750944068742e-01,-1.178615777774423723e+00,1.225834048250348918e+00,1.803720221544269919e-01,-6.782572192626630248e-01,1.727242072711596688e-01,1.033314946400249568e+00,7.377570456113846653e-01,1.245821205045964941e+00
9.640211036468903094e-01,-4.879449750944068742e-01,-1.178615777774423723e+00,1.225834048250348918e+00,1.803720221544269919e-01,-6.782572192626630248e-01,-5.300378752667180837e-01,1.033314946400249568e+00,7.377570456113846653e-01,1.245821205045964941e+00
9.640211036468903094e-01,-4.879449750944068742e-01,-3.113732168828538871e+00,1.225834048250348918e+00,1.803720221544269919e-01,-6.782572192626630248e-01,-5.851961130610496831e-01,1.033314946400249568e+00,7.377570456113846653e-01,1.245821205045964941e+00
9.640211036468903094e-01,-4.879449750944068742e-01,-3.113732168828538871e+00,1.225834048250348918e+00,-1.199246600395049711e+00,-6.782572192626630248e-01,-5.851961130610496831e-01,1.033314946400249568e+00,7.377570456113846653e-01,1.245821205045964941e+00
9.640211036468903094e-01,-7.753619471241279815e-01,-3.113732168828538871e+00,8.773601608442249677e-01,-2.329634943889612231e+00,-1.442371797645862763e+00,-5.851961130610496831e-01,1.033314946400249568e+00,7.377570456113846653e-01,1.034262307091345257e+00
-4.240683305620337497e-03,-7.753619471241279815e-01,-3.113732168828538871e+00,8.773601608442249677e-01,-2.329634943889612231e+00,-1.442371797645862763e+00,-5.851961130610496831e-01,1.033314946400249568e+00,7.377570456113846653e-01,1.034262307091345257e+00
-4.240683305620337497e-03,-7.753619471241279815e-01,-3.113732168828538871e+00,8.773601608442249677e-01,-2.329634943889612231e+00,-1.442371797645862763e+00,-5.851961130610496831e-01,-3.119592016269631118e-01,3.423982175634219249e-01,3.403620137403324808e-01
-4.240683305620337497e-03,-7.753619471241279815e-01,-3.113732168828538871e+00,8.773601608442249677e-01,-2.329634943889612231e+00,-1.442371797645862763e+00,-5.851961130610496831e-01,-3.119592016269631118e-01,3.423982175634219249e-01,3.403620137403324808e-01
-4.240683305620337497e-03,-7.753619471241279815e-01,-3.113732168828538871e+00,8.773601608442249677e-01,-2.329634943889612231e+00,-1.442371797645862763e+00,-5.851961130610496831e-01,-3.119592016269631118e-01,3.423982175634219249e-01,3.403620137403324808e-01
-4.240683305620337497e-03,-7.753619471241279815e-01,-3.113732168828538871e+00,8.773601608442249677e-01,-2.329634943889612231e+00,-1.442371797645862763e+00,-5.851961130610496831e-01,-3.119592016269631118e-01,3.423982175634219249e-01,3.403620137403324808e-01
-4.240683305620337497e-03,-7.753619471241279815e-01,-3.113732168828538871e+00,8.773601608442249677e-01,-2.329634943889612231e+00,-1.442371797645862763e+00,-5.851961130610496831e-01,-3.119592016269631118e-01,3.423982175634219249e-01,3.403620137403324808e-01
-5.396556069612480355e-01,-7.753619471241279815e-01,-3.113732168828538871e+00,4.471613877500272838e-01,-2.329634943889612231e+00,-2.335934290098302224e+00,-5.851961130610496831e-01,-3.119592016269631118e-01,3.423982175634219249e-01,3.403620137403324808e-01
-5.396556069612480355e-01,-7.753619471241279815e-01,-3.113732168828538871e+00,4.471613877500272838e-01,-2.329634943889612231e+00,-2.335934290098302224e+00,-5.851961130610496831e-01,-3.119592016269631118e-01,3.423982175634219249e-01,3.403620137403324808e-01
-9.616454544599990495e-01,-7.753619471241279815e-01,-3.113732168828538871e+00,4.471613877500272838e-01,-2.329634943889612231e+00,-2.335934290098302224e+00,-1.124781552148609531e+00,-3.119592016269631118e-01,3.423982175634219249e-01,3.403620137403324808e-01
-9.616454544599990495e-01,-7.753619471241279815e-01,-3.113732168828538871e+00,4.471613877500272838e-01,-2.329634943889612231e+00,-2.335934290098302224e+00,-1.124781552148609531e+00,-3.119592016269631118e-01,3.423982175634219249e-01,3.403620137403324808e-01
-9.616454544599990495e-01,-7.753619471241279815e-01,-3.113732168828538871e+00,4.471613877500272838e-01,-2.329634943889612231e+00,-2.335934290098302224e+00,-1.124781552148609531e+00,-3.119592016269631118e-01,3.423982175634219249e-01,3.403620137403324808e-01
-9.616454544599990495e-01,-7.753619471241279815e-01,-3.113732168828538871e+00,4.471613877500272838e-01,-2.329634943889612231e+00,-2.335934290098302224e+00,-1.124781552148609531e+00,-3.119592016269631118e-01,3.423982175634219249e-01,3.403620137403324808e-01
-9.616454544599990495e-01,-9.435927603148653864e-01,-3.113732168828538871e+00,4.471613877500272838e-01,-2.329634943889612231e+00,-2.335934290098302224e+00,-1.124781552148609531e+00,-3.119592016269631118e-01,3.423982175634219249e-01,3.403620137403324808e-01
-9.616454544599990495e-01,-9.435927603148653864e-01,-3.113732168828538871e+00,4.471613877500272838e-01,-2.329634943889612231e+00,-2.335934290098302224e+00,-1.124781552148609531e+00,-3.119592016269631118e-01,3.423982175634219249e-01,3.403620137403324808e-01
-9.616454544599990495e-01,-9.435927603148653864e-01,-3.113732168828538871e+00,4.471613877500272838e-01,-2.329634943889612231e+00,-2.335934290098302224e+00,-1.124781552148609531e+00,-3.119592016269631118e-01,3.423982175634219249e-01,3.403620137403324808e-01
-9.616454544599990495e-01,-9.435927603148653864e-01,-3.113732168828538871e+00,4.471613877500272838e-01,-2.329634943889612231e+00,-2.335934290098302224e+00,-1.124781552148609531e+00,-3.119592016269631118e-01,3.423982175634219249e-01,3.403620137403324808e-01
-9.616454544599990495e-01,-9.435927603148653864e-01,-3.113732168828538871e+00,4.471613877500272838e-01,-2.329634943889612231e+00,-2.335934290098302224e+00,-1.124781552148609531e+00,-3.119592016269631118e-01,-1.228549907590641838e-01,3.403620137403324808e-01
-1.433244060578251933e+00,-9.435927603148653864e-01,-3.113732168828538871e+00,4.471613877500272838e-01,-2.329634943889612231e+00,-2.335934290098302224e+00,-1.124781552148609531e+00,-3.119592016269631118e-01,-2.569948093263056954e-01,3.403620137403324808e-01
-1.433244060578251933e+00,-9.435927603148653864e-01,-3.113732168828538871e+00,4.471613877500272838e-01,-2.329634943889612231e+00,-2.335934290098302224e+00,-1.124781552148609531e+00,-3.119592016269631118e-01,-8.390533719421998660e-01,3.403620137403324808e-01
-1.433244060578251933e+00,-9.435927603148653864e-01,-3.113732168828538871e+00,4.471613877500272838e-01,-2.329634943889612231e+00,-2.335934290098302224e+00,-1.124781552148609531e+00,-3.119592016269631118e-01,-8.390533719421998660e-01,3.403620137403324808e-01
-1.433244060578251933e+00,-9.435927603148653864e-01,-3.113732168828538871e+00,4.471613877500272838e-01,-2.329634943889612231e+00,-2.335934290098302224e+00,-1.124781552148609531e+00,-3.119592016269631118e-01,-8.390533719421998660e-01,3.403620137403324808e-01
-1.433244060578251933e+00,-9.642013279016841132e-01,-3.113732168828538871e+00,4.471613877500272838e-01,-2.329634943889612231e+00,-2.335934290098302224e+00,-1.124781552148609531e+00,-3.119592016269631118e-01,-8.390533719421998660e-01,3.403620137403324808e-01
-1.433244060578251933e+00,-9.642013279016841132e-01,-3.113732168828538871e+00,4.471613877500272838e-01,-2.329634943889612231e+00,-2.335934290098302224e+00,-1.124781552148609531e+00,-3.119592016269631118e-01,-9.634511905110255681e-01,3.403620137403324808e-01
-1.433244060578251933e+00,-9.642013279016841132e-01,-3.113732168828538871e+00,4.471613877500272838e-01,-2.329634943889612231e+00,-2.335934290098302224e+00,-1.615016775546642691e+00,-3.119592016269631118e-01,-9.634511905110255681e-01,3.403620137403324808e-01
-1.433244060578251933e+00,-9.642013279016841132e-01,-3.113732168828538871e+00,4.471613877500272838e-01,-2.329634943889612231e+00,-2.335934290098302224e+00,-1.615016775546642691e+00,-3.119592016269631118e-01,-9.634511905110255681e-01,3.403620137403324808e-01
-1.433244060578251933e+00,-9.642013279016841132e-01,-3.113732168828538871e+00,4.471613877500272838e-01,-2.329634943889612231e+00,-2.335934290098302224e+00,-1.615016775546642691e+00,-3.119592016269631118e-01,-9.634511905110255681e-01,3.403620137403324808e-01
-1.612793613031149764e+00,-9.642013279016841132e-01,-3.113732168828538871e+00,4.471613877500272838e-01,-2.329634943889612231e+00,-2.335934290098302224e+00,-1.615016775546642691e+00,-3.119592016269631118e-01,-9.634511905110255681e-01,3.403620137403324808e-01
-1.612793613031149764e+00,-9.642013279016841132e-01,-3.113732168828538871e+00,4.471613877500272838e-01,-2.329634943889612231e+00,-2.335934290098302224e+00,-1.615016775546642691e+00,-3.119592016269631118e-01,-9.634511905110255681e-01,3.403620137403324808e-01
-1.612793613031149764e+00,-9.642013279016841132e-01,-3.113732168828538871e+00,4.471613877500272838e-01,-2.329634943889612231e+00,-2.335934290098302224e+00,-1.615016775546642691e+00,-3.119592016269631118e-01,-2.771906894907911756e+00,3.403620137403324808e-01
-1.945288664344092533e+00,-9.642013279016841132e-01,-3.113732168828538871e+00,4.471613877500272838e-01,-2.329634943889612231e+00,-2.335934290098302224e+00,-1.615016775546642691e+00,-3.119592016269631118e-01,-2.771906894907911756e+00,3.403620137403324808e-01
-1.945288664344092533e+00,-9.642013279016841132e-01,-3.113732168828538871e+00,4.471613877500272838e-01,-2.329634943889612231e+00,-2.335934290098302224e+00,-1.615016775546642691e+00,-3.119592016269631118e-01,-2.771906894907911756e+00,-6.194765251580187232e-02
-1.945288664344092533e+00,-9.642013279016841132e-01,-3.113732168828538871e+00,4.471613877500272838e-01,-2.329634943889612231e+00,-2.335934290098302224e+00,-1.615016775546642691e+00,-3.119592016269631118e-01,-2.771906894907911756e+00,-1.543581498886414105e-01
-1.958475642206685352e+00,-9.642013279016841132e-01,-3.113732168828538871e+00,4.471613877500272838e-01,-2.329634943889612231e+00,-2.335934290098302224e+00,-2.286795975245919266e+00,-3.119592016269631118e-01,-2.771906894907911756e+00,-1.543581498886414105e-01
-1.958475642206685352e+00,-9.642013279016841132e-01,-3.113732168828538871e+00,4.471613877500272838e-01,-2.329634943889612231e+00,-2.335934290098302224e+00,-2.286795975245919266e+00,-3.119592016269631118e-01,-2.771906894907911756e+00,-7.471960848024157276e-01
-1.958475642206685352e+00,-9.642013279016841132e-01,-3.113732168828538871e+00,4.471613877500272838e-01,-2.329634943889612231e+00,-2.335934290098302224e+00,-2.286795975245919266e+00,-3.119592016269631118e-01,-2.771906894907911756e+00,-7.471960848024157276e-01
-1.958475642206685352e+00,-9.642013279016841132e-01,-3.113732168828538871e+00,4.471613877500272838e-01,-2.329634943889612231e+00,-2.335934290098302224e+00,-2.286795975245919266e+00,-3.119592016269631118e-01,-2.771906894907911756e+00,-7.471960848024157276e-01
-1.958475642206685352e+00,-9.642013279016841132e-01,-3.113732168828538871e+00,4.471613877500272838e-01,-2.329634943889612231e+00,-2.335934290098302224e+00,-2.286795975245919266e+00,-3.119592016269631118e-01,-2.771906894907911756e+00,-7.471960848024157276e-01
-1.958475642206685352e+00,-9.642013279016841132e-01,-3.113732168828538871e+00,4.471613877500272838e-01,-2.329634943889612231e+00,-2.335934290098302224e+00,-2.286795975245919266e+00,-3.119592016269631118e-01,-2.771906894907911756e+00,-1.580449013233446331e+00
-1.958475642206685352e+00,-9.642013279016841132e-01,-3.113732168828538871e+00,4.471613877500272838e-01,-2.329634943889612231e+00,-2.335934290098302224e+00,-2.286795975245919266e+00,-3.119592016269631118e-01,-2.771906894907911756e+00,-1.580449013233446331e+00
-1.958475642206685352e+00,-9.642013279016841132e-01,-3.113732168828538871e+00,4.471613877500272838e-01,-2.329634943889612231e+00,-2.335934290098302224e+00,-2.286795975245919266e+00,-3.119592016269631118e-01,-2.771906894907911756e+00,-1.580449013233446331e+00
-1.958475642206685352e+00,-9.642013279016841132e-01,-3.113732168828538871e+00,4.471613877500272838e-01,-2.329634943889612231e+00,-2.335934290098302224e+00,-2.286795975245919266e+00,-3.119592016269631118e-01,-2.771906894907911756e+00,-1.580449013233446331e+00
-1.958475642206685352e+00,-9.642013279016841132e-01,-3.113732168828538871e+00,4.471613877500272838e-01,-2.329634943889612231e+00,-2.335934290098302224e+00,-2.286795975245919266e+00,-3.119592016269631118e-01,-2.771906894907911756e+00,-1.580449013233446331e+00
-1.958475642206685352e+00,-9.642013279016841132e-01,-3.113732168828538871e+00,4.471613877500272838e-01,-2.329634943889612231e+00,-2.335934290098302224e+00,-2.286795975245919266e+00,-3.119592016269631118e-01,-2.771906894907911756e+00,-1.580449013233446331e+00
-1.958475642206685352e+00,-9.642013279016841132e-01,-3.113732168828538871e+00,4.471613877500272838e-01,-2.492331443614982600e+00,-2.335934290098302224e+00,-2.286795975245919266e+00,-3.119592016269631118e-01,-2.771906894907911756e+00,-1.580449013233446331e+00
-1.958475642206685352e+00,-9.642013279016841132e-01,-3.113732168828538871e+00,4.471613877500272838e-01,-2.492331443614982600e+00,-2.335934290098302224e+00,-2.286795975245919266e+00,-3.119592016269631118e-01,-2.771906894907911756e+00,-1.580449013233446331e+00
-1.958475642206685352e+00,-9.642013279016841132e-01,-3.113732168828538871e+00,4.471613877500272838e-01,-2.492331443614982600e+00,-2.335934290098302224e+00,-2.286795975245919266e+00,-3.119592016269631118e-01,-2.771906894907911756e+00,-1.580449013233446331e+00
-1.958475642206685352e+00,-9.642013279016841132e-01,-3.113732168828538871e+00,4.471613877500272838e-01,-2.492331443614982600e+00,-2.335934290098302224e+00,-2.286795975245919266e+00,-3.119592016269631118e-01,-2.771906894907911756e+00,-1.580449013233446331e+00
-1.958475642206685352e+00,-9.642013279016841132e-01,-3.113732168828538871e+00,4.471613877500272838e-01,-2.492331443614982600e+00,-2.335934290098302224e+00,-2.286795975245919266e+00,-3.119592016269631118e-01,-2.771906894907911756e+00,-1.580449013233446331e+00
-1.958475642206685352e+00,-9.642013279016841132e-01,-3.113732168828538871e+00,4.471613877500272838e-01,-3.920732791935317874e+00,-2.335934290098302224e+00,-2.286795975245919266e+00,-3.119592016269631118e-01,-2.771906894907911756e+00,-1.580449013233446331e+00
-1.958475642206685352e+00,-9.642013279016841132e-01,-3.113732168828538871e+00,4.471613877500272838e-01,-3.920732791935317874e+00,-2.335934290098302224e+00,-2.286795975245919266e+00,-3.119592016269631118e-01,-2.771906894907911756e+00,-1.580449013233446331e+00
-1.958475642206685352e+00,-9.642013279016841132e-01,-3.113732168828538871e+00,4.471613877500272838e-01,-3.920732791935317874e+00,-2.335934290098302224e+00,-2.286795975245919266e+00,-3.119592016269631118e-01,-2.771906894907911756e+00,-1.580449013233446331e+00
-1.958475642206685352e+00,-9.642013279016841132e-01,-3.113732168828538871e+00,-4.966672746652115583e-02,-3.920732791935317874e+00,-2.335934290098302224e+00,-2.286795975245919266e+00,-3.119592016269631118e-01,-2.771906894907911756e+00,-1.580449013233446331e+00
-1.958475642206685352e+00,-9.642013279016841132e-01,-3.113732168828538871e+00,-4.966672746652115583e-02,-3.920732791935317874e+00,-2.335934290098302224e+00,-2.286795975245919266e+00,-3.119592016269631118e-01,-2.771906894907911756e+00,-1.580449013233446331e+00
-1.958475642206685352e+00,-9.642013279016841132e-01,-3.113732168828538871e+00,-4.966672746652115583e-02,-3.920732791935317874e+00,-2.335934290098302224e+00,-2.286795975245919266e+00,-3.119592016269631118e-01,-2.771906894907911756e+00,-1.580449013233446331e+00
-2.046597536437167797e+00,-9.642013279016841132e-01,-3.113732168828538871e+00,-4.966672746652115583e-02,-3.920732791935317874e+00,-2.335934290098302224e+00,-2.286795975245919266e+00,-3.119592016269631118e-01,-2.771906894907911756e+00,-1.580449013233446331e+00
-2.046597536437167797e+00,-9.642013279016841132e-01,-3.113732168828538871e+00,-4.966672746652115583e-02,-3.920732791935317874e+00,-2.335934290098302224e+00,-2.286795975245919266e+00,-3.119592016269631118e-01,-2.771906894907911756e+00,-1.580449013233446331e+00
-2.046597536437167797e+00,-9.642013279016841132e-01,-3.113732168828538871e+00,-1.561367392114702546e-01,-3.920732791935317874e+00,-2.335934290098302224e+00,-2.286795975245919266e+00,-3.119592016269631118e-01,-2.771906894907911756e+00,-1.580449013233446331e+00
-2.046597536437167797e+00,-9.642013279016841132e-01,-3.113732168828538871e+00,-1.561367392114702546e-01,-3.920732791935317874e+00,-2.335934290098302224e+00,-2.286795975245919266e+00,-3.119592016269631118e-01,-2.771906894907911756e+00,-1.580449013233446331e+00
-2.046597536437167797e+00,-9.642013279016841132e-01,-3.113732168828538871e+00,-1.561367392114702546e-01,-3.920732791935317874e+00,-2.335934290098302224e+00,-2.286795975245919266e+00,-3.119592016269631118e-01,-2.771906894907911756e+00,-1.580449013233446331e+00
-2.046597536437167797e+00,-9.642013279016841132e-01,-3.113732168828538871e+00,-1.561367392114702546e-01,-3.920732791935317874e+00,-2.335934290098302224e+00,-2.286795975245919266e+00,-3.119592016269631118e-01,-2.771906894907911756e+00,-1.580449013233446331e+00
-2.046597536437167797e+00,-9.642013279016841132e-01,-3.113732168828538871e+00,-1.561367392114702546e-01,-3.920732791935317874e+00,-3.547256582831240568e+00,-2.286795975245919266e+00,-3.119592016269631118e-01,-2.771906894907911756e+00,-1.580449013233446331e+00
-2.046597536437167797e+00,-9.642013279016841132e-01,-3.113732168828538871e+00,-2.409259733527092107e-01,-3.920732791935317874e+00,-3.547256582831240568e+00,-2.286795975245919266e+00,-3.119592016269631118e-01,-2.771906894907911756e+00,-1.580449013233446331e+00
-2.046597536437167797e+00,-9.642013279016841132e-01,-3.113732168828538871e+00,-2.409259733527092107e-01,-3.920732791935317874e+00,-3.547256582831240568e+00,-2.286795975245919266e+00,-3.119592016269631118e-01,-2.771906894907911756e+00,-1.580449013233446331e+00
-2.046597536437167797e+00,-9.642013279016841132e-01,-3.113732168828538871e+00,-2.409259733527092107e-01,-3.920732791935317874e+00,-3.547256582831240568e+00,-2.286795975245919266e+00,-3.119592016269631118e-01,-2.771906894907911756e+00,-1.580449013233446331e+00
-2.046597536437167797e+00,-9.642013279016841132e-01,-3.113732168828538871e+00,-2.409259733527092107e-01,-3.920732791935317874e+00,-3.547256582831240568e+00,-2.286795975245919266e+00,-3.119592016269631118e-01,-2.771906894907911756e+00,-1.580449013233446331e+00
-2.046597536437167797e+00,-9.642013279016841132e-01,-3.113732168828538871e+00,-2.409259733527092107e-01,-3.920732791935317874e+00,-3.547256582831240568e+00,-2.286795975245919266e+00,-3.119592016269631118e-01,-2.771906894907911756e+00,-1.580449013233446331e+00
-2.046597536437167797e+00,-9.642013279016841132e-01,-3.113732168828538871e+00,-2.409259733527092107e-01,-3.920732791935317874e+00,-3.547256582831240568e+00,-2.286795975245919266e+00,-3.119592016269631118e-01,-2.771906894907911756e+00,-1.580449013233446331e+00
-2.046597536437167797e+00,-1.280332227419250346e+00,-3.113732168828538871e+00,-2.409259733527092107e-01,-3.920732791935317874e+00,-3.547256582831240568e+00,-2.286795975245919266e+00,-3.119592016269631118e-01,-2.771906894907911756e+00,-1.580449013233446331e+00
-2.046597536437167797e+00,-1.280332227419250346e+00,-3.113732168828538871e+00,-2.409259733527092107e-01,-3.920732791935317874e+00,-3.547256582831240568e+00,-2.286795975245919266e+00,-3.119592016269631118e-01,-2.771906894907911756e+00,-1.580449013233446331e+00
