1.307877199031441062e+00,2.753559896713984045e+00,3.022654634250996786e+00,-1.436358841959141985e+00,3.778912566982332244e+00,8.337739447226875100e-01,-2.650531600630294804e+00,1.632606136930822238e+00,3.240006913229285690e+00,3.813503267335220048e+00
3.058130447437171773e-01,2.753559896713984045e+00,1.428007229387191268e+00,-1.436358841959141985e+00,3.778912566982332244e+00,-4.404749101574814696e-02,-2.650531600630294804e+00,-2.271427072780999534e+00,2.309404944148301997e+00,3.813503267335220048e+00
-9.770241004239200722e-01,2.753559896713984045e+00,1.242117886797956539e+00,-1.436358841959141985e+00,2.342042836349691459e+00,-4.404749101574814696e-02,-2.650531600630294804e+00,-2.271427072780999534e+00,1.115715654885331976e+00,3.813503267335220048e+00
-9.770241004239200722e-01,2.753559896713984045e+00,1.131784726993705359e+00,-1.436358841959141985e+00,2.342042836349691459e+00,-4.404749101574814696e-02,-2.650531600630294804e+00,-2.271427072780999534e+00,6.842221930828309429e-01,3.813503267335220048e+00
-9.770241004239200722e-01,2.026398259478078057e+00,1.131784726993705359e+00,-1.436358841959141985e+00,1.930828211691576923e+00,-4.404749101574814696e-02,-2.650531600630294804e+00,-3.018871001992946113e+00,-3.085010169888515730e-01,3.813503267335220048e+00
-9.770241004239200722e-01,1.581461700405464743e+00,1.131784726993705359e+00,-1.436358841959141985e+00,1.829859609162413303e+00,-4.404749101574814696e-02,-2.650531600630294804e+00,-3.018871001992946113e+00,-2.116445863716537534e+00,3.813503267335220048e+00
-1.458480281676657997e+00,1.581461700405464743e+00,6.448066192025903032e-01,-1.436358841959141985e+00,1.741553752068643046e+00,-4.404749101574814696e-02,-2.650531600630294804e+00,-3.018871001992946113e+00,-2.116445863716537534e+00,3.813503267335220048e+00
-1.458480281676657997e+00,1.581461700405464743e+00,6.448066192025903032e-01,-2.682124171346547126e+00,1.523010701579215587e+00,-4.404749101574814696e-02,-2.650531600630294804e+00,-3.018871001992946113e+00,-2.116445863716537534e+00,3.813503267335220048e+00
-1.458480281676657997e+00,1.581461700405464743e+00,3.233739316118374174e-01,-2.682124171346547126e+00,1.114178137511661060e+00,-4.404749101574814696e-02,-2.650531600630294804e+00,-3.018871001992946113e+00,-2.116445863716537534e+00,2.728423603988789470e+00
-1.458480281676657997e+00,1.581461700405464743e+00,2.683327029870526403e-01,-2.682124171346547126e+00,1.114178137511661060e+00,-4.404749101574814696e-02,-2.650531600630294804e+00,-3.324858288596677536e+00,-2.116445863716537534e+00,2.728423603988789470e+00
-1.458480281676657997e+00,1.411819564833328711e+00,3.255352302441252843e-02,-2.682124171346547126e+00,1.029435296294667568e+00,-4.404749101574814696e-02,-2.650531600630294804e+00,-3.324858288596677536e+00,-2.116445863716537534e+00,2.728423603988789470e+00
-2.045325631237263853e+00,1.411819564833328711e+00,3.255352302441252843e-02,-2.682124171346547126e+00,1.029435296294667568e+00,-4.404749101574814696e-02,-2.650531600630294804e+00,-3.336896951140604362e+00,-2.116445863716537534e+00,2.397709442192832441e+00
-2.045325631237263853e+00,-2.939255850808430437e-01,3.255352302441252843e-02,-3.134227475069502500e+00,1.029435296294667568e+00,-4.073922054162215645e-01,-2.650531600630294804e+00,-3.336896951140604362e+00,-2.116445863716537534e+00,2.397709442192832441e+00
-2.045325631237263853e+00,-2.939255850808430437e-01,3.255352302441252843e-02,-3.134227475069502500e+00,1.029435296294667568e+00,-4.073922054162215645e-01,-2.650531600630294804e+00,-3.336896951140604362e+00,-2.116445863716537534e+00,2.011406732507881490e+00
-2.045325631237263853e+00,-2.939255850808430437e-01,3.255352302441252843e-02,-3.134227475069502500e+00,1.029435296294667568e+00,-4.073922054162215645e-01,-2.650531600630294804e+00,-3.336896951140604362e+00,-2.116445863716537534e+00,2.011406732507881490e+00
-2.045325631237263853e+00,-2.939255850808430437e-01,3.255352302441252843e-02,-3.134227475069502500e+00,1.029435296294667568e+00,-4.073922054162215645e-01,-2.650531600630294804e+00,-3.889621118855075110e+00,-3.823547398774788775e+00,2.011406732507881490e+00
-2.045325631237263853e+00,-2.939255850808430437e-01,3.255352302441252843e-02,-3.134227475069502500e+00,5.420973824570128885e-01,-4.073922054162215645e-01,-2.650531600630294804e+00,-3.889621118855075110e+00,-3.823547398774788775e+00,2.011406732507881490e+00
-2.045325631237263853e+00,-2.939255850808430437e-01,3.255352302441252843e-02,-3.134227475069502500e+00,7.170144145085915327e-03,-4.073922054162215645e-01,-2.650531600630294804e+00,-3.946233250290054340e+00,-3.823547398774788775e+00,2.011406732507881490e+00
-2.045325631237263853e+00,-2.939255850808430437e-01,3.255352302441252843e-02,-4.298030206633440820e+00,7.170144145085915327e-03,-4.073922054162215645e-01,-2.650531600630294804e+00,-3.946233250290054340e+00,-3.823547398774788775e+00,2.011406732507881490e+00
-2.045325631237263853e+00,-2.939255850808430437e-01,3.255352302441252843e-02,-4.298030206633440820e+00,7.170144145085915327e-03,-4.073922054162215645e-01,-2.650531600630294804e+00,-3.946233250290054340e+00,-3.823547398774788775e+00,1.942939692589161993e+00
-2.045325631237263853e+00,-2.939255850808430437e-01,3.255352302441252843e-02,-4.298030206633440820e+00,7.170144145085915327e-03,-1.055876030943067700e+00,-2.650531600630294804e+00,-3.946233250290054340e+00,-3.823547398774788775e+00,1.670939609027243700e+00
-2.045325631237263853e+00,-2.939255850808430437e-01,3.255352302441252843e-02,-4.298030206633440820e+00,7.170144145085915327e-03,-1.055876030943067700e+00,-2.650531600630294804e+00,-3.946233250290054340e+00,-3.823547398774788775e+00,1.670939609027243700e+00
-2.045325631237263853e+00,-2.939255850808430437e-01,3.255352302441252843e-02,-4.298030206633440820e+00,7.170144145085915327e-03,-1.055876030943067700e+00,-2.650531600630294804e+00,-3.946233250290054340e+00,-3.823547398774788775e+00,6.194536558589249786e-01
-2.045325631237263853e+00,-2.939255850808430437e-01,3.255352302441252843e-02,-4.298030206633440820e+00,7.170144145085915327e-03,-1.055876030943067700e+00,-2.650531600630294804e+00,-3.946233250290054340e+00,-3.823547398774788775e+00,6.194536558589249786e-01
-2.045325631237263853e+00,-2.939255850808430437e-01,-1.079340718120485459e-01,-4.298030206633440820e+00,7.170144145085915327e-03,-1.055876030943067700e+00,-2.650531600630294804e+00,-3.946233250290054340e+00,-3.823547398774788775e+00,-1.088373017563931899e+00
-2.045325631237263853e+00,-2.939255850808430437e-01,-1.079340718120485459e-01,-4.298030206633440820e+00,7.170144145085915327e-03,-1.055876030943067700e+00,-2.650531600630294804e+00,-3.946233250290054340e+00,-3.823547398774788775e+00,-1.088373017563931899e+00
-2.045325631237263853e+00,-2.939255850808430437e-01,-1.079340718120485459e-01,-4.298030206633440820e+00,7.170144145085915327e-03,-1.055876030943067700e+00,-2.650531600630294804e+00,-3.946233250290054340e+00,-3.823547398774788775e+00,-1.088373017563931899e+00
-2.045325631237263853e+00,-2.939255850808430437e-01,-1.079340718120485459e-01,-4.298030206633440820e+00,7.170144145085915327e-03,-1.055876030943067700e+00,-2.650531600630294804e+00,-3.946233250290054340e+00,-3.823547398774788775e+00,-1.088373017563931899e+00
-2.045325631237263853e+00,-6.344897662431130403e-01,-1.079340718120485459e-01,-4.298030206633440820e+00,7.170144145085915327e-03,-1.055876030943067700e+00,-2.650531600630294804e+00,-3.946233250290054340e+00,-3.823547398774788775e+00,-1.088373017563931899e+00
-2.045325631237263853e+00,-7.641512759344556427e-01,-2.610181991413687008e-01,-4.298030206633440820e+00,7.170144145085915327e-03,-1.055876030943067700e+00,-2.650531600630294804e+00,-3.946233250290054340e+00,-3.823547398774788775e+00,-1.088373017563931899e+00
-2.045325631237263853e+00,-7.641512759344556427e-01,-2.610181991413687008e-01,-4.298030206633440820e+00,7.170144145085915327e-03,-1.055876030943067700e+00,-2.650531600630294804e+00,-3.946233250290054340e+00,-3.823547398774788775e+00,-1.088373017563931899e+00
-2.045325631237263853e+00,-7.641512759344556427e-01,-2.610181991413687008e-01,-4.298030206633440820e+00,7.170144145085915327e-03,-1.055876030943067700e+00,-2.650531600630294804e+00,-3.946233250290054340e+00,-3.823547398774788775e+00,-1.088373017563931899e+00
-2.045325631237263853e+00,-7.641512759344556427e-01,-2.610181991413687008e-01,-4.298030206633440820e+00,7.170144145085915327e-03,-1.055876030943067700e+00,-2.650531600630294804e+00,-3.946233250290054340e+00,-3.823547398774788775e+00,-1.088373017563931899e+00
-2.045325631237263853e+00,-7.641512759344556427e-01,-2.610181991413687008e-01,-4.298030206633440820e+00,7.170144145085915327e-03,-1.055876030943067700e+00,-2.650531600630294804e+00,-3.946233250290054340e+00,-3.823547398774788775e+00,-1.088373017563931899e+00
-2.045325631237263853e+00,-7.641512759344556427e-01,-3.675705583660692222e-01,-4.298030206633440820e+00,7.170144145085915327e-03,-1.055876030943067700e+00,-2.650531600630294804e+00,-3.946233250290054340e+00,-3.823547398774788775e+00,-1.088373017563931899e+00
-2.045325631237263853e+00,-7.641512759344556427e-01,-3.675705583660692222e-01,-4.298030206633440820e+00,7.170144145085915327e-03,-1.055876030943067700e+00,-2.650531600630294804e+00,-3.946233250290054340e+00,-3.823547398774788775e+00,-1.088373017563931899e+00
-2.045325631237263853e+00,-7.641512759344556427e-01,-3.675705583660692222e-01,-4.298030206633440820e+00,7.170144145085915327e-03,-1.055876030943067700e+00,-2.650531600630294804e+00,-3.946233250290054340e+00,-3.823547398774788775e+00,-1.088373017563931899e+00
-2.045325631237263853e+00,-7.641512759344556427e-01,-3.675705583660692222e-01,-4.298030206633440820e+00,-5.663520333578744292e-01,-1.055876030943067700e+00,-2.650531600630294804e+00,-3.946233250290054340e+00,-3.823547398774788775e+00,-1.121892010868861922e+00
-2.045325631237263853e+00,-7.641512759344556427e-01,-3.675705583660692222e-01,-4.298030206633440820e+00,-5.663520333578744292e-01,-1.055876030943067700e+00,-2.650531600630294804e+00,-3.946233250290054340e+00,-3.823547398774788775e+00,-1.121892010868861922e+00
-2.045325631237263853e+00,-7.641512759344556427e-01,-3.675705583660692222e-01,-4.298030206633440820e+00,-5.663520333578744292e-01,-1.055876030943067700e+00,-2.650531600630294804e+00,-3.946233250290054340e+00,-3.823547398774788775e+00,-1.121892010868861922e+00
-2.045325631237263853e+00,-7.641512759344556427e-01,-3.675705583660692222e-01,-4.298030206633440820e+00,-5.663520333578744292e-01,-1.055876030943067700e+00,-2.650531600630294804e+00,-3.946233250290054340e+00,-3.823547398774788775e+00,-1.121892010868861922e+00
-2.045325631237263853e+00,-7.641512759344556427e-01,-3.675705583660692222e-01,-4.298030206633440820e+00,-5.663520333578744292e-01,-1.055876030943067700e+00,-2.650531600630294804e+00,-3.946233250290054340e+00,-3.823547398774788775e+00,-1.121892010868861922e+00
-2.045325631237263853e+00,-7.641512759344556427e-01,-3.675705583660692222e-01,-4.298030206633440820e+00,-5.663520333578744292e-01,-1.055876030943067700e+00,-2.650531600630294804e+00,-3.946233250290054340e+00,-3.823547398774788775e+00,-1.121892010868861922e+00
-2.045325631237263853e+00,-9.215832826885128615e-01,-3.675705583660692222e-01,-4.298030206633440820e+00,-5.663520333578744292e-01,-1.055876030943067700e+00,-2.650531600630294804e+00,-3.946233250290054340e+00,-3.823547398774788775e+00,-1.121892010868861922e+00
-2.045325631237263853e+00,-9.215832826885128615e-01,-3.675705583660692222e-01,-4.298030206633440820e+00,-5.663520333578744292e-01,-1.055876030943067700e+00,-2.650531600630294804e+00,-3.946233250290054340e+00,-3.823547398774788775e+00,-1.121892010868861922e+00
-2.045325631237263853e+00,-9.215832826885128615e-01,-3.675705583660692222e-01,-4.298030206633440820e+00,-5.663520333578744292e-01,-1.055876030943067700e+00,-2.650531600630294804e+00,-3.946233250290054340e+00,-3.823547398774788775e+00,-1.121892010868861922e+00
-2.045325631237263853e+00,-9.215832826885128615e-01,-3.675705583660692222e-01,-4.298030206633440820e+00,-5.663520333578744292e-01,-1.055876030943067700e+00,-2.650531600630294804e+00,-3.946233250290054340e+00,-3.823547398774788775e+00,-1.121892010868861922e+00
-2.045325631237263853e+00,-9.215832826885128615e-01,-3.675705583660692222e-01,-4.298030206633440820e+00,-5.663520333578744292e-01,-1.055876030943067700e+00,-2.650531600630294804e+00,-3.946233250290054340e+00,-3.823547398774788775e+00,-1.121892010868861922e+00
-2.045325631237263853e+00,-9.215832826885128615e-01,-3.675705583660692222e-01,-4.298030206633440820e+00,-5.663520333578744292e-01,-1.055876030943067700e+00,-2.650531600630294804e+00,-3.946233250290054340e+00,-3.823547398774788775e+00,-1.121892010868861922e+00
-2.045325631237263853e+00,-9.215832826885128615e-01,-3.675705583660692222e-01,-4.298030206633440820e+00,-5.663520333578744292e-01,-1.055876030943067700e+00,-2.650531600630294804e+00,-3.946233250290054340e+00,-3.823547398774788775e+00,-1.121892010868861922e+00
-2.045325631237263853e+00,-9.215832826885128615e-01,-3.675705583660692222e-01,-4.298030206633440820e+00,-5.663520333578744292e-01,-1.055876030943067700e+00,-2.673963353884309058e+00,-3.946233250290054340e+00,-3.823547398774788775e+00,-1.121892010868861922e+00
-2.045325631237263853e+00,-9.215832826885128615e-01,-3.675705583660692222e-01,-4.298030206633440820e+00,-5.663520333578744292e-01,-1.055876030943067700e+00,-2.673963353884309058e+00,-3.946233250290054340e+00,-3.823547398774788775e+00,-1.121892010868861922e+00
-2.045325631237263853e+00,-9.215832826885128615e-01,-3.675705583660692222e-01,-4.298030206633440820e+00,-5.663520333578744292e-01,-1.055876030943067700e+00,-2.673963353884309058e+00,-3.946233250290054340e+00,-3.823547398774788775e+00,-1.121892010868861922e+00
-2.045325631237263853e+00,-1.011797589564522371e+00,-3.675705583660692222e-01,-4.298030206633440820e+00,-5.663520333578744292e-01,-1.055876030943067700e+00,-2.673963353884309058e+00,-3.946233250290054340e+00,-3.823547398774788775e+00,-1.121892010868861922e+00
-2.045325631237263853e+00,-1.011797589564522371e+00,-3.675705583660692222e-01,-4.298030206633440820e+00,-5.663520333578744292e-01,-1.055876030943067700e+00,-2.673963353884309058e+00,-3.946233250290054340e+00,-3.823547398774788775e+00,-1.121892010868861922e+00
-2.045325631237263853e+00,-1.249734733085083871e+00,-3.675705583660692222e-01,-4.298030206633440820e+00,-5.663520333578744292e-01,-1.055876030943067700e+00,-2.673963353884309058e+00,-3.946233250290054340e+00,-3.823547398774788775e+00,-1.121892010868861922e+00
-2.045325631237263853e+00,-1.249734733085083871e+00,-6.111363989435513178e-01,-4.298030206633440820e+00,-5.663520333578744292e-01,-1.055876030943067700e+00,-2.673963353884309058e+00,-3.946233250290054340e+00,-3.823547398774788775e+00,-1.121892010868861922e+00
-2.045325631237263853e+00,-1.249734733085083871e+00,-6.111363989435513178e-01,-4.298030206633440820e+00,-5.663520333578744292e-01,-1.055876030943067700e+00,-2.673963353884309058e+00,-3.946233250290054340e+00,-3.823547398774788775e+00,-1.121892010868861922e+00
-2.045325631237263853e+00,-1.249734733085083871e+00,-6.111363989435513178e-01,-4.298030206633440820e+00,-5.663520333578744292e-01,-1.055876030943067700e+00,-2.673963353884309058e+00,-3.946233250290054340e+00,-3.823547398774788775e+00,-1.121892010868861922e+00
-2.045325631237263853e+00,-1.249734733085083871e+00,-6.111363989435513178e-01,-4.298030206633440820e+00,-5.663520333578744292e-01,-1.055876030943067700e+00,-2.846349780933416174e+00,-4.079829593204159721e+00,-3.823547398774788775e+00,-1.121892010868861922e+00
-2.045325631237263853e+00,-1.249734733085083871e+00,-6.111363989435513178e-01,-4.298030206633440820e+00,-5.663520333578744292e-01,-1.055876030943067700e+00,-2.846349780933416174e+00,-4.079829593204159721e+00,-3.823547398774788775e+00,-1.121892010868861922e+00
-2.045325631237263853e+00,-1.249734733085083871e+00,-6.111363989435513178e-01,-4.298030206633440820e+00,-5.663520333578744292e-01,-1.055876030943067700e+00,-2.846349780933416174e+00,-4.079829593204159721e+00,-3.823547398774788775e+00,-1.121892010868861922e+00
-2.045325631237263853e+00,-1.249734733085083871e+00,-6.111363989435513178e-01,-4.298030206633440820e+00,-5.663520333578744292e-01,-1.055876030943067700e+00,-2.846349780933416174e+00,-4.079829593204159721e+00,-3.823547398774788775e+00,-1.121892010868861922e+00
-2.045325631237263853e+00,-1.249734733085083871e+00,-6.111363989435513178e-01,-4.298030206633440820e+00,-5.663520333578744292e-01,-1.055876030943067700e+00,-2.846349780933416174e+00,-4.079829593204159721e+00,-3.823547398774788775e+00,-1.121892010868861922e+00
-2.045325631237263853e+00,-1.249734733085083871e+00,-6.111363989435513178e-01,-4.298030206633440820e+00,-5.663520333578744292e-01,-1.055876030943067700e+00,-2.846349780933416174e+00,-4.079829593204159721e+00,-3.823547398774788775e+00,-1.121892010868861922e+00
-2.045325631237263853e+00,-1.249734733085083871e+00,-6.111363989435513178e-01,-4.298030206633440820e+00,-5.663520333578744292e-01,-1.055876030943067700e+00,-2.846349780933416174e+00,-4.079829593204159721e+00,-3.823547398774788775e+00,-1.121892010868861922e+00
-2.045325631237263853e+00,-1.249734733085083871e+00,-7.590804027561903755e-01,-4.298030206633440820e+00,-5.663520333578744292e-01,-1.055876030943067700e+00,-2.846349780933416174e+00,-4.079829593204159721e+00,-3.823547398774788775e+00,-1.121892010868861922e+00
-2.045325631237263853e+00,-1.249734733085083871e+00,-7.590804027561903755e-01,-4.298030206633440820e+00,-5.663520333578744292e-01,-1.055876030943067700e+00,-2.846349780933416174e+00,-4.079829593204159721e+00,-3.823547398774788775e+00,-1.121892010868861922e+00
-2.045325631237263853e+00,-1.249734733085083871e+00,-7.590804027561903755e-01,-4.298030206633440820e+00,-5.663520333578744292e-01,-1.055876030943067700e+00,-2.846349780933416174e+00,-4.079829593204159721e+00,-3.823547398774788775e+00,-1.121892010868861922e+00
-2.045325631237263853e+00,-1.249734733085083871e+00,-7.590804027561903755e-01,-4.298030206633440820e+00,-5.663520333578744292e-01,-1.055876030943067700e+00,-2.846349780933416174e+00,-4.079829593204159721e+00,-3.823547398774788775e+00,-1.672226279603305166e+00
-2.045325631237263853e+00,-1.249734733085083871e+00,-7.590804027561903755e-01,-4.298030206633440820e+00,-5.663520333578744292e-01,-1.055876030943067700e+00,-2.846349780933416174e+00,-4.079829593204159721e+00,-3.823547398774788775e+00,-1.672226279603305166e+00
-2.045325631237263853e+00,-1.249734733085083871e+00,-7.590804027561903755e-01,-4.298030206633440820e+00,-5.663520333578744292e-01,-1.055876030943067700e+00,-2.846349780933416174e+00,-4.079829593204159721e+00,-3.823547398774788775e+00,-1.672226279603305166e+00
-2.045325631237263853e+00,-1.249734733085083871e+00,-7.590804027561903755e-01,-4.298030206633440820e+00,-5.663520333578744292e-01,-1.055876030943067700e+00,-2.846349780933416174e+00,-4.079829593204159721e+00,-3.823547398774788775e+00,-1.672226279603305166e+00
-2.045325631237263853e+00,-1.249734733085083871e+00,-7.590804027561903755e-01,-4.298030206633440820e+00,-7.179384023750768895e-01,-1.055876030943067700e+00,-2.846349780933416174e+00,-4.079829593204159721e+00,-3.823547398774788775e+00,-1.672226279603305166e+00
-2.045325631237263853e+00,-1.249734733085083871e+00,-7.590804027561903755e-01,-4.298030206633440820e+00,-7.179384023750768895e-01,-1.055876030943067700e+00,-2.846349780933416174e+00,-4.079829593204159721e+00,-3.823547398774788775e+00,-1.672226279603305166e+00
-2.045325631237263853e+00,-1.249734733085083871e+00,-7.590804027561903755e-01,-4.298030206633440820e+00,-7.179384023750768895e-01,-1.055876030943067700e+00,-2.846667321704448028e+00,-4.079829593204159721e+00,-3.823547398774788775e+00,-1.672226279603305166e+00
