1.769293714148612473e+00,-1.137450865208462725e+00,-6.309016760916329458e-01,-7.703690997880620339e-02,-8.557374103801473897e-02,-1.645249802714651599e+00,3.726626057553223070e+00,1.417641406273791649e+00,2.369373525980463135e+00,-3.329960966787937071e-01
1.769293714148612473e+00,-1.137450865208462725e+00,-1.204635536427481446e+00,-2.538224879603340201e-01,-8.557374103801473897e-02,-1.645249802714651599e+00,2.383453163228374638e+00,6.348475287745455331e-01,2.369373525980463135e+00,-1.121868825386699076e+00
1.769293714148612473e+00,-1.137450865208462725e+00,-1.700549128714444969e+00,-2.538224879603340201e-01,-1.284647098943966892e+00,-1.830476615941032170e+00,2.383453163228374638e+00,6.348475287745455331e-01,2.369373525980463135e+00,-1.121868825386699076e+00
1.769293714148612473e+00,-1.137450865208462725e+00,-1.700549128714444969e+00,-2.538224879603340201e-01,-1.284647098943966892e+00,-1.830476615941032170e+00,2.383453163228374638e+00,6.348475287745455331e-01,2.369373525980463135e+00,-1.121868825386699076e+00
1.527280353046773786e+00,-1.137450865208462725e+00,-1.700549128714444969e+00,-3.889658558771724173e-01,-1.284647098943966892e+00,-1.830476615941032170e+00,1.902595598614213346e+00,6.348475287745455331e-01,2.369373525980463135e+00,-1.121868825386699076e+00
1.014196082348045147e+00,-1.137450865208462725e+00,-1.700549128714444969e+00,-3.889658558771724173e-01,-1.284647098943966892e+00,-1.830476615941032170e+00,1.441794939569416956e+00,5.150785143993357601e-02,2.369373525980463135e+00,-1.121868825386699076e+00
-5.140846921069374131e-01,-1.137450865208462725e+00,-1.700549128714444969e+00,-3.889658558771724173e-01,-1.284647098943966892e+00,-2.078807514454149796e+00,1.441794939569416956e+00,5.150785143993357601e-02,2.369373525980463135e+00,-1.121868825386699076e+00
-5.140846921069374131e-01,-1.137450865208462725e+00,-1.971854454636305487e+00,-3.889658558771724173e-01,-1.284647098943966892e+00,-2.078807514454149796e+00,1.441794939569416956e+00,5.150785143993357601e-02,2.369373525980463135e+00,-1.121868825386699076e+00
-5.454014945110157164e-01,-1.137450865208462725e+00,-1.971854454636305487e+00,-3.889658558771724173e-01,-1.434365333897896777e+00,-2.078807514454149796e+00,1.372120461425197502e-01,5.150785143993357601e-02,2.093992296856195701e+00,-1.121868825386699076e+00
-5.454014945110157164e-01,-1.137450865208462725e+00,-1.971854454636305487e+00,-8.971908921234046375e-01,-1.754924174772347190e+00,-2.346059167967129433e+00,1.372120461425197502e-01,5.150785143993357601e-02,2.093992296856195701e+00,-1.121868825386699076e+00
-9.413472535228364357e-01,-1.137450865208462725e+00,-1.971854454636305487e+00,-9.538488154007255249e-01,-1.754924174772347190e+00,-3.187749702043490174e+00,1.372120461425197502e-01,5.150785143993357601e-02,2.093992296856195701e+00,-1.341745019007546835e+00
-9.413472535228364357e-01,-1.137450865208462725e+00,-1.971854454636305487e+00,-9.538488154007255249e-01,-1.754924174772347190e+00,-3.187749702043490174e+00,-2.047886751454751908e-01,5.150785143993357601e-02,1.624131408191616055e+00,-1.341745019007546835e+00
-9.413472535228364357e-01,-1.137450865208462725e+00,-1.971854454636305487e+00,-9.538488154007255249e-01,-1.754924174772347190e+00,-3.187749702043490174e+00,-2.047886751454751908e-01,5.150785143993357601e-02,8.760020167249639167e-01,-1.341745019007546835e+00
-9.413472535228364357e-01,-1.137450865208462725e+00,-1.971854454636305487e+00,-1.002739458096544301e+00,-1.754924174772347190e+00,-3.187749702043490174e+00,-2.047886751454751908e-01,5.150785143993357601e-02,8.760020167249639167e-01,-2.566953302771995737e+00
-9.413472535228364357e-01,-1.137450865208462725e+00,-1.971854454636305487e+00,-1.280325158065383384e+00,-1.856760470648342709e+00,-3.187749702043490174e+00,-2.047886751454751908e-01,5.150785143993357601e-02,8.760020167249639167e-01,-3.522489287016603132e+00
-9.413472535228364357e-01,-1.137450865208462725e+00,-1.971854454636305487e+00,-1.280325158065383384e+00,-1.856760470648342709e+00,-3.187749702043490174e+00,-2.047886751454751908e-01,5.150785143993357601e-02,8.760020167249639167e-01,-3.522489287016603132e+00
-9.413472535228364357e-01,-1.137450865208462725e+00,-1.971854454636305487e+00,-1.280325158065383384e+00,-1.856760470648342709e+00,-3.187749702043490174e+00,-2.047886751454751908e-01,5.150785143993357601e-02,8.760020167249639167e-01,-3.522489287016603132e+00
-2.226813606652363831e+00,-1.137450865208462725e+00,-1.971854454636305487e+00,-1.280325158065383384e+00,-1.856760470648342709e+00,-3.187749702043490174e+00,-2.047886751454751908e-01,-2.094428508861690963e-01,8.760020167249639167e-01,-3.522489287016603132e+00
-2.226813606652363831e+00,-1.137450865208462725e+00,-1.971854454636305487e+00,-1.280325158065383384e+00,-1.856760470648342709e+00,-3.187749702043490174e+00,-2.047886751454751908e-01,-2.094428508861690963e-01,8.760020167249639167e-01,-3.522489287016603132e+00
-2.226813606652363831e+00,-1.137450865208462725e+00,-1.971854454636305487e+00,-1.280325158065383384e+00,-1.856760470648342709e+00,-3.187749702043490174e+00,-2.047886751454751908e-01,-2.094428508861690963e-01,8.760020167249639167e-01,-3.522489287016603132e+00
-2.226813606652363831e+00,-1.137450865208462725e+00,-1.971854454636305487e+00,-1.280325158065383384e+00,-1.856760470648342709e+00,-3.187749702043490174e+00,-2.047886751454751908e-01,-2.094428508861690963e-01,8.760020167249639167e-01,-3.522489287016603132e+00
-2.226813606652363831e+00,-1.137450865208462725e+00,-1.971854454636305487e+00,-1.429605439520401866e+00,-1.856760470648342709e+00,-3.187749702043490174e+00,-2.047886751454751908e-01,-2.094428508861690963e-01,8.760020167249639167e-01,-3.522489287016603132e+00
-2.226813606652363831e+00,-1.137450865208462725e+00,-1.971854454636305487e+00,-1.429605439520401866e+00,-1.987784103396438962e+00,-3.187749702043490174e+00,-2.047886751454751908e-01,-2.094428508861690963e-01,8.760020167249639167e-01,-3.522489287016603132e+00
-2.226813606652363831e+00,-1.137450865208462725e+00,-1.971854454636305487e+00,-1.429605439520401866e+00,-1.987784103396438962e+00,-3.187749702043490174e+00,-2.047886751454751908e-01,-2.094428508861690963e-01,8.760020167249639167e-01,-3.522489287016603132e+00
-2.226813606652363831e+00,-1.137450865208462725e+00,-2.018239745939189866e+00,-1.429605439520401866e+00,-1.987784103396438962e+00,-3.187749702043490174e+00,-2.047886751454751908e-01,-2.094428508861690963e-01,8.760020167249639167e-01,-3.522489287016603132e+00
-2.226813606652363831e+00,-1.137450865208462725e+00,-2.018239745939189866e+00,-1.429605439520401866e+00,-1.987784103396438962e+00,-3.187749702043490174e+00,-2.047886751454751908e-01,-2.094428508861690963e-01,8.760020167249639167e-01,-3.522489287016603132e+00
-2.226813606652363831e+00,-1.137450865208462725e+00,-2.018239745939189866e+00,-1.429605439520401866e+00,-1.987784103396438962e+00,-3.187749702043490174e+00,-2.047886751454751908e-01,-2.094428508861690963e-01,8.760020167249639167e-01,-3.522489287016603132e+00
-2.226813606652363831e+00,-1.137450865208462725e+00,-2.018239745939189866e+00,-1.429605439520401866e+00,-1.987784103396438962e+00,-3.187749702043490174e+00,-2.047886751454751908e-01,-2.094428508861690963e-01,7.122386614298430452e-01,-3.522489287016603132e+00
-2.226813606652363831e+00,-1.137450865208462725e+00,-2.018239745939189866e+00,-1.429605439520401866e+00,-1.987784103396438962e+00,-3.187749702043490174e+00,-2.047886751454751908e-01,-2.094428508861690963e-01,7.122386614298430452e-01,-3.522489287016603132e+00
-2.226813606652363831e+00,-1.137450865208462725e+00,-2.018239745939189866e+00,-1.429605439520401866e+00,-1.987784103396438962e+00,-3.553902859217910493e+00,-2.047886751454751908e-01,-2.094428508861690963e-01,7.122386614298430452e-01,-3.522489287016603132e+00
-2.226813606652363831e+00,-1.137450865208462725e+00,-2.018239745939189866e+00,-1.429605439520401866e+00,-1.987784103396438962e+00,-3.553902859217910493e+00,-2.047886751454751908e-01,-2.094428508861690963e-01,7.122386614298430452e-01,-3.522489287016603132e+00
-2.226813606652363831e+00,-1.137450865208462725e+00,-2.018239745939189866e+00,-1.429605439520401866e+00,-1.987784103396438962e+00,-3.553902859217910493e+00,-2.047886751454751908e-01,-2.094428508861690963e-01,7.122386614298430452e-01,-3.522489287016603132e+00
-2.226813606652363831e+00,-1.137450865208462725e+00,-2.018239745939189866e+00,-1.429605439520401866e+00,-1.987784103396438962e+00,-3.553902859217910493e+00,-2.047886751454751908e-01,-2.094428508861690963e-01,7.122386614298430452e-01,-3.522489287016603132e+00
-2.226813606652363831e+00,-1.137450865208462725e+00,-2.018239745939189866e+00,-1.429605439520401866e+00,-1.987784103396438962e+00,-3.629350662003887784e+00,-2.047886751454751908e-01,-2.094428508861690963e-01,7.122386614298430452e-01,-3.522489287016603132e+00
-2.226813606652363831e+00,-1.137450865208462725e+00,-2.018239745939189866e+00,-1.429605439520401866e+00,-1.987784103396438962e+00,-3.629350662003887784e+00,-2.047886751454751908e-01,-2.094428508861690963e-01,7.122386614298430452e-01,-3.522489287016603132e+00
-2.226813606652363831e+00,-2.228688970253618784e+00,-2.018239745939189866e+00,-1.429605439520401866e+00,-1.987784103396438962e+00,-3.629350662003887784e+00,-2.047886751454751908e-01,-2.094428508861690963e-01,7.122386614298430452e-01,-3.522489287016603132e+00
-2.226813606652363831e+00,-2.228688970253618784e+00,-2.018239745939189866e+00,-1.429605439520401866e+00,-1.987784103396438962e+00,-3.629350662003887784e+00,-2.047886751454751908e-01,-2.094428508861690963e-01,7.122386614298430452e-01,-3.522489287016603132e+00
-2.226813606652363831e+00,-2.228688970253618784e+00,-2.018239745939189866e+00,-1.429605439520401866e+00,-1.987784103396438962e+00,-3.629350662003887784e+00,-2.047886751454751908e-01,-2.094428508861690963e-01,7.122386614298430452e-01,-3.522489287016603132e+00
-2.226813606652363831e+00,-2.228688970253618784e+00,-2.018239745939189866e+00,-1.429605439520401866e+00,-1.987784103396438962e+00,-3.629350662003887784e+00,-2.047886751454751908e-01,-2.094428508861690963e-01,7.122386614298430452e-01,-3.522489287016603132e+00
-2.226813606652363831e+00,-2.228688970253618784e+00,-2.018239745939189866e+00,-1.429605439520401866e+00,-1.987784103396438962e+00,-3.629350662003887784e+00,-2.047886751454751908e-01,-2.094428508861690963e-01,7.122386614298430452e-01,-3.522489287016603132e+00
-2.226813606652363831e+00,-2.228688970253618784e+00,-2.018239745939189866e+00,-1.429605439520401866e+00,-1.987784103396438962e+00,-3.629350662003887784e+00,-2.047886751454751908e-01,-2.094428508861690963e-01,7.122386614298430452e-01,-3.522489287016603132e+00
-2.226813606652363831e+00,-2.228688970253618784e+00,-2.018239745939189866e+00,-1.429605439520401866e+00,-1.987784103396438962e+00,-3.629350662003887784e+00,-7.163216187373685484e-01,-9.531888212471407718e-01,7.122386614298430452e-01,-3.522489287016603132e+00
-2.226813606652363831e+00,-2.228688970253618784e+00,-2.018239745939189866e+00,-1.429605439520401866e+00,-1.987784103396438962e+00,-3.629350662003887784e+00,-2.642782988751162687e+00,-9.531888212471407718e-01,7.122386614298430452e-01,-3.522489287016603132e+00
-2.226813606652363831e+00,-2.228688970253618784e+00,-2.018239745939189866e+00,-1.429605439520401866e+00,-1.987784103396438962e+00,-3.629350662003887784e+00,-3.416261296730759067e+00,-9.531888212471407718e-01,7.122386614298430452e-01,-3.522489287016603132e+00
-2.226813606652363831e+00,-2.228688970253618784e+00,-2.018239745939189866e+00,-1.936773872808443597e+00,-1.987784103396438962e+00,-3.629350662003887784e+00,-3.416261296730759067e+00,-9.531888212471407718e-01,7.122386614298430452e-01,-3.522489287016603132e+00
-2.226813606652363831e+00,-2.228688970253618784e+00,-2.018239745939189866e+00,-1.936773872808443597e+00,-1.987784103396438962e+00,-3.629350662003887784e+00,-3.737648765128287920e+00,-9.531888212471407718e-01,7.122386614298430452e-01,-3.522489287016603132e+00
-2.226813606652363831e+00,-2.228688970253618784e+00,-2.018239745939189866e+00,-1.936773872808443597e+00,-1.987784103396438962e+00,-3.629350662003887784e+00,-3.737648765128287920e+00,-9.531888212471407718e-01,7.122386614298430452e-01,-3.522489287016603132e+00
-2.226813606652363831e+00,-2.228688970253618784e+00,-2.018239745939189866e+00,-1.936773872808443597e+00,-1.987784103396438962e+00,-3.629350662003887784e+00,-3.737648765128287920e+00,-9.531888212471407718e-01,7.122386614298430452e-01,-3.522489287016603132e+00
-2.226813606652363831e+00,-2.979789204903986466e+00,-2.018239745939189866e+00,-1.936773872808443597e+00,-1.987784103396438962e+00,-3.629350662003887784e+00,-3.737648765128287920e+00,-9.531888212471407718e-01,7.122386614298430452e-01,-3.522489287016603132e+00
-2.226813606652363831e+00,-2.979789204903986466e+00,-2.018239745939189866e+00,-1.936773872808443597e+00,-1.987784103396438962e+00,-3.629350662003887784e+00,-4.318023562290070672e+00,-9.531888212471407718e-01,7.122386614298430452e-01,-3.522489287016603132e+00
-2.226813606652363831e+00,-2.979789204903986466e+00,-2.018239745939189866e+00,-1.936773872808443597e+00,-1.987784103396438962e+00,-3.629350662003887784e+00,-4.318023562290070672e+00,-9.531888212471407718e-01,7.122386614298430452e-01,-3.522489287016603132e+00
-2.226813606652363831e+00,-2.979789204903986466e+00,-2.018239745939189866e+00,-1.936773872808443597e+00,-1.987784103396438962e+00,-3.629350662003887784e+00,-4.318023562290070672e+00,-9.531888212471407718e-01,7.122386614298430452e-01,-3.522489287016603132e+00
-2.226813606652363831e+00,-2.979789204903986466e+00,-2.018239745939189866e+00,-1.936773872808443597e+00,-1.987784103396438962e+00,-3.629350662003887784e+00,-4.927324937274263128e+00,-1.667561013411560822e+00,7.122386614298430452e-01,-3.522489287016603132e+00
-2.226813606652363831e+00,-2.979789204903986466e+00,-2.018239745939189866e+00,-1.936773872808443597e+00,-1.987784103396438962e+00,-3.629350662003887784e+00,-4.927324937274263128e+00,-1.667561013411560822e+00,7.122386614298430452e-01,-3.522489287016603132e+00
-2.226813606652363831e+00,-2.979789204903986466e+00,-2.018239745939189866e+00,-1.936773872808443597e+00,-1.987784103396438962e+00,-3.629350662003887784e+00,-4.927324937274263128e+00,-1.667561013411560822e+00,7.122386614298430452e-01,-3.522489287016603132e+00
-2.226813606652363831e+00,-2.979789204903986466e+00,-2.018239745939189866e+00,-1.936773872808443597e+00,-1.987784103396438962e+00,-3.629350662003887784e+00,-5.843670639459583427e+00,-1.667561013411560822e+00,7.122386614298430452e-01,-3.522489287016603132e+00
-2.226813606652363831e+00,-2.979789204903986466e+00,-2.018239745939189866e+00,-1.936773872808443597e+00,-2.397526365452940844e+00,-3.892815483262384024e+00,-5.843670639459583427e+00,-1.667561013411560822e+00,7.122386614298430452e-01,-3.522489287016603132e+00
-2.226813606652363831e+00,-2.979789204903986466e+00,-2.018239745939189866e+00,-1.936773872808443597e+00,-2.397526365452940844e+00,-3.892815483262384024e+00,-5.843670639459583427e+00,-1.667561013411560822e+00,7.122386614298430452e-01,-3.522489287016603132e+00
-2.226813606652363831e+00,-2.979789204903986466e+00,-2.018239745939189866e+00,-1.936773872808443597e+00,-2.397526365452940844e+00,-3.892815483262384024e+00,-5.843670639459583427e+00,-1.667561013411560822e+00,7.122386614298430452e-01,-3.522489287016603132e+00
-2.226813606652363831e+00,-2.979789204903986466e+00,-2.018239745939189866e+00,-1.936773872808443597e+00,-2.397526365452940844e+00,-3.892815483262384024e+00,-5.843670639459583427e+00,-1.667561013411560822e+00,7.122386614298430452e-01,-3.522489287016603132e+00
-2.226813606652363831e+00,-2.979789204903986466e+00,-2.018239745939189866e+00,-1.936773872808443597e+00,-2.397526365452940844e+00,-3.892815483262384024e+00,-5.843670639459583427e+00,-1.667561013411560822e+00,7.122386614298430452e-01,-3.522489287016603132e+00
-2.226813606652363831e+00,-2.979789204903986466e+00,-2.018239745939189866e+00,-1.936773872808443597e+00,-2.509633292271397309e+00,-3.892815483262384024e+00,-5.843670639459583427e+00,-1.667561013411560822e+00,7.122386614298430452e-01,-3.522489287016603132e+00
-2.226813606652363831e+00,-2.979789204903986466e+00,-2.018239745939189866e+00,-1.936773872808443597e+00,-2.509633292271397309e+00,-3.892815483262384024e+00,-5.843670639459583427e+00,-1.667561013411560822e+00,7.122386614298430452e-01,-3.522489287016603132e+00
-2.226813606652363831e+00,-2.979789204903986466e+00,-2.018239745939189866e+00,-1.936773872808443597e+00,-2.509633292271397309e+00,-3.892815483262384024e+00,-5.843670639459583427e+00,-1.667561013411560822e+00,7.122386614298430452e-01,-3.522489287016603132e+00
-2.226813606652363831e+00,-2.979789204903986466e+00,-2.190294467299683578e+00,-1.936773872808443597e+00,-2.509633292271397309e+00,-3.892815483262384024e+00,-5.843670639459583427e+00,-1.667561013411560822e+00,7.122386614298430452e-01,-3.522489287016603132e+00
-2.226813606652363831e+00,-2.979789204903986466e+00,-2.190294467299683578e+00,-1.936773872808443597e+00,-2.509633292271397309e+00,-3.892815483262384024e+00,-5.843670639459583427e+00,-2.331986572482060538e+00,7.122386614298430452e-01,-3.522489287016603132e+00
-2.226813606652363831e+00,-2.979789204903986466e+00,-2.190294467299683578e+00,-1.936773872808443597e+00,-2.509633292271397309e+00,-3.892815483262384024e+00,-5.843670639459583427e+00,-2.331986572482060538e+00,7.122386614298430452e-01,-3.522489287016603132e+00
-2.226813606652363831e+00,-3.750958232950700744e+00,-2.190294467299683578e+00,-1.936773872808443597e+00,-2.509633292271397309e+00,-3.892815483262384024e+00,-5.843670639459583427e+00,-2.331986572482060538e+00,7.122386614298430452e-01,-3.522489287016603132e+00
-2.226813606652363831e+00,-3.750958232950700744e+00,-2.190294467299683578e+00,-1.936773872808443597e+00,-2.509633292271397309e+00,-3.892815483262384024e+00,-6.146395425547922287e+00,-2.331986572482060538e+00,7.122386614298430452e-01,-3.522489287016603132e+00
-3.057631203503974326e+00,-3.750958232950700744e+00,-2.190294467299683578e+00,-1.936773872808443597e+00,-2.509633292271397309e+00,-3.892815483262384024e+00,-6.146395425547922287e+00,-2.331986572482060538e+00,7.122386614298430452e-01,-3.522489287016603132e+00
-3.057631203503974326e+00,-3.750958232950700744e+00,-2.190294467299683578e+00,-1.936773872808443597e+00,-2.509633292271397309e+00,-3.892815483262384024e+00,-6.315834974380907241e+00,-2.331986572482060538e+00,7.122386614298430452e-01,-3.522489287016603132e+00
-3.057631203503974326e+00,-3.750958232950700744e+00,-2.190294467299683578e+00,-1.936773872808443597e+00,-2.509633292271397309e+00,-3.892815483262384024e+00,-6.315834974380907241e+00,-2.331986572482060538e+00,7.122386614298430452e-01,-3.522489287016603132e+00
-3.057631203503974326e+00,-3.750958232950700744e+00,-2.190294467299683578e+00,-1.936773872808443597e+00,-2.769422127481108387e+00,-3.892815483262384024e+00,-6.315834974380907241e+00,-2.723380783794199012e+00,7.122386614298430452e-01,-3.522489287016603132e+00
-3.057631203503974326e+00,-3.750958232950700744e+00,-2.190294467299683578e+00,-1.936773872808443597e+00,-2.769422127481108387e+00,-3.892815483262384024e+00,-6.339252037839629317e+00,-2.723380783794199012e+00,7.122386614298430452e-01,-3.522489287016603132e+00
-3.057631203503974326e+00,-3.750958232950700744e+00,-2.190294467299683578e+00,-1.936773872808443597e+00,-2.769422127481108387e+00,-3.892815483262384024e+00,-6.339252037839629317e+00,-2.723380783794199012e+00,7.122386614298430452e-01,-3.522489287016603132e+00
-3.057631203503974326e+00,-3.750958232950700744e+00,-2.190294467299683578e+00,-1.936773872808443597e+00,-2.769422127481108387e+00,-3.892815483262384024e+00,-6.339252037839629317e+00,-2.723380783794199012e+00,7.122386614298430452e-01,-3.522489287016603132e+00
