7.001683403250710258e-01,4.506156976141316162e-01,1.386682842547269479e+00,1.525427120995222596e+00,5.137653217270560235e-02,-2.739387701379777246e-02,2.834781128462464661e+00,2.576476760921837084e+00,-1.301235820842642776e-01,2.109526920411265660e+00
-3.126159974278124865e-01,2.102563854687129752e-01,1.019856382047122034e+00,8.554589496172129159e-01,5.137653217270560235e-02,-2.739387701379777246e-02,2.336696891588193825e+00,9.777967647022131059e-01,-4.830067025767300071e-01,2.109526920411265660e+00
-7.738801554022530782e-01,2.102563854687129752e-01,1.695698945552035208e-01,8.554589496172129159e-01,5.137653217270560235e-02,-2.739387701379777246e-02,2.336696891588193825e+00,8.812689237860994729e-02,-9.264937235492541889e-01,2.096540957223348656e+00
-7.738801554022530782e-01,2.102563854687129752e-01,1.695698945552035208e-01,2.980657935595196761e-01,5.137653217270560235e-02,-2.739387701379777246e-02,2.336696891588193825e+00,8.812689237860994729e-02,-1.246524683468878125e+00,2.096540957223348656e+00
-7.738801554022530782e-01,-1.561799455622720378e+00,1.695698945552035208e-01,2.980657935595196761e-01,-1.464703645817187205e-01,-2.739387701379777246e-02,-1.682237638010357639e-01,8.812689237860994729e-02,-1.246524683468878125e+00,2.096540957223348656e+00
-7.738801554022530782e-01,-2.056101055540974443e+00,1.695698945552035208e-01,2.980657935595196761e-01,-1.464703645817187205e-01,-2.739387701379777246e-02,-1.682237638010357639e-01,8.812689237860994729e-02,-1.246524683468878125e+00,2.096540957223348656e+00
-7.738801554022530782e-01,-2.056101055540974443e+00,1.695698945552035208e-01,2.980657935595196761e-01,-1.464703645817187205e-01,-2.739387701379777246e-02,-1.682237638010357639e-01,8.812689237860994729e-02,-1.246524683468878125e+00,2.096540957223348656e+00
-7.738801554022530782e-01,-2.056101055540974443e+00,1.695698945552035208e-01,1.527548025398767773e-01,-1.464703645817187205e-01,-2.739387701379777246e-02,-1.682237638010357639e-01,8.812689237860994729e-02,-1.305602512114286018e+00,2.321973203782010942e-01
-7.738801554022530782e-01,-2.056101055540974443e+00,1.695698945552035208e-01,1.527548025398767773e-01,-1.464703645817187205e-01,-2.739387701379777246e-02,-1.682237638010357639e-01,8.812689237860994729e-02,-1.305602512114286018e+00,2.321973203782010942e-01
-7.738801554022530782e-01,-2.056101055540974443e+00,1.695698945552035208e-01,9.835731242016994280e-02,-1.464703645817187205e-01,-2.739387701379777246e-02,-1.682237638010357639e-01,8.812689237860994729e-02,-1.305602512114286018e+00,2.321973203782010942e-01
-7.738801554022530782e-01,-2.056101055540974443e+00,1.695698945552035208e-01,-4.932362062328621288e-01,-1.464703645817187205e-01,-2.739387701379777246e-02,-1.682237638010357639e-01,8.812689237860994729e-02,-1.305602512114286018e+00,2.321973203782010942e-01
-1.202838084780654349e+00,-2.196643749153678105e+00,1.695698945552035208e-01,-5.249761707819039502e-01,-1.464703645817187205e-01,-3.394406943232218810e-01,-1.682237638010357639e-01,8.812689237860994729e-02,-1.305602512114286018e+00,2.321973203782010942e-01
-1.202838084780654349e+00,-2.196643749153678105e+00,1.695698945552035208e-01,-5.249761707819039502e-01,-1.464703645817187205e-01,-3.394406943232218810e-01,-4.021296789547831319e-01,-4.980310967658888588e-01,-1.305602512114286018e+00,2.321973203782010942e-01
-1.202838084780654349e+00,-2.196643749153678105e+00,1.695698945552035208e-01,-5.249761707819039502e-01,-2.070835440847934583e-01,-3.394406943232218810e-01,-4.021296789547831319e-01,-8.539177193979754499e-01,-1.305602512114286018e+00,2.321973203782010942e-01
-1.202838084780654349e+00,-2.196643749153678105e+00,1.695698945552035208e-01,-5.249761707819039502e-01,-2.070835440847934583e-01,-3.394406943232218810e-01,-4.021296789547831319e-01,-8.539177193979754499e-01,-1.305602512114286018e+00,2.321973203782010942e-01
-1.202838084780654349e+00,-2.196643749153678105e+00,1.695698945552035208e-01,-1.193879729246034582e+00,-2.070835440847934583e-01,-3.394406943232218810e-01,-4.021296789547831319e-01,-2.409990204996661944e+00,-1.305602512114286018e+00,2.321973203782010942e-01
-1.202838084780654349e+00,-2.196643749153678105e+00,1.695698945552035208e-01,-1.193879729246034582e+00,-2.070835440847934583e-01,-3.394406943232218810e-01,-4.021296789547831319e-01,-2.409990204996661944e+00,-1.305602512114286018e+00,2.321973203782010942e-01
-1.202838084780654349e+00,-2.196643749153678105e+00,1.695698945552035208e-01,-1.193879729246034582e+00,-2.070835440847934583e-01,-3.394406943232218810e-01,-4.021296789547831319e-01,-2.409990204996661944e+00,-1.892290462147368846e+00,2.321973203782010942e-01
-1.202838084780654349e+00,-2.196643749153678105e+00,1.695698945552035208e-01,-1.371592543870206349e+00,-2.070835440847934583e-01,-3.394406943232218810e-01,-4.021296789547831319e-01,-2.409990204996661944e+00,-1.892290462147368846e+00,2.321973203782010942e-01
-1.202838084780654349e+00,-2.196643749153678105e+00,-1.383076402501603575e+00,-1.371592543870206349e+00,-2.070835440847934583e-01,-3.394406943232218810e-01,-4.021296789547831319e-01,-2.409990204996661944e+00,-1.892290462147368846e+00,2.321973203782010942e-01
-1.202838084780654349e+00,-2.196643749153678105e+00,-1.383076402501603575e+00,-1.371592543870206349e+00,-2.070835440847934583e-01,-3.394406943232218810e-01,-4.021296789547831319e-01,-2.409990204996661944e+00,-1.892290462147368846e+00,2.321973203782010942e-01
-1.202838084780654349e+00,-2.196643749153678105e+00,-1.383076402501603575e+00,-1.371592543870206349e+00,-2.070835440847934583e-01,-3.394406943232218810e-01,-4.021296789547831319e-01,-5.714162760635344007e+00,-1.892290462147368846e+00,2.321973203782010942e-01
-1.202838084780654349e+00,-2.196643749153678105e+00,-1.383076402501603575e+00,-1.952487500822540412e+00,-2.070835440847934583e-01,-3.394406943232218810e-01,-4.021296789547831319e-01,-5.714162760635344007e+00,-1.892290462147368846e+00,2.321973203782010942e-01
-1.202838084780654349e+00,-2.196643749153678105e+00,-1.383076402501603575e+00,-1.952487500822540412e+00,-2.070835440847934583e-01,-3.394406943232218810e-01,-4.021296789547831319e-01,-5.714162760635344007e+00,-1.892290462147368846e+00,2.321973203782010942e-01
-1.202838084780654349e+00,-2.196643749153678105e+00,-1.383076402501603575e+00,-1.952487500822540412e+00,-2.070835440847934583e-01,-3.394406943232218810e-01,-4.021296789547831319e-01,-5.714162760635344007e+00,-1.892290462147368846e+00,2.321973203782010942e-01
-1.202838084780654349e+00,-2.196643749153678105e+00,-1.383076402501603575e+00,-1.952487500822540412e+00,-2.070835440847934583e-01,-3.394406943232218810e-01,-4.021296789547831319e-01,-5.714162760635344007e+00,-1.892290462147368846e+00,-4.197030020555917451e-01
-1.202838084780654349e+00,-2.196643749153678105e+00,-1.383076402501603575e+00,-1.952487500822540412e+00,-2.070835440847934583e-01,-3.394406943232218810e-01,-4.021296789547831319e-01,-5.714162760635344007e+00,-1.892290462147368846e+00,-4.197030020555917451e-01
-1.284904763845197362e+00,-2.196643749153678105e+00,-1.383076402501603575e+00,-1.952487500822540412e+00,-2.070835440847934583e-01,-3.394406943232218810e-01,-4.021296789547831319e-01,-5.714162760635344007e+00,-1.892290462147368846e+00,-4.197030020555917451e-01
-1.284904763845197362e+00,-2.196643749153678105e+00,-1.383076402501603575e+00,-1.952487500822540412e+00,-2.070835440847934583e-01,-3.394406943232218810e-01,-4.021296789547831319e-01,-5.714162760635344007e+00,-1.892290462147368846e+00,-4.197030020555917451e-01
-1.284904763845197362e+00,-2.196643749153678105e+00,-1.383076402501603575e+00,-1.952487500822540412e+00,-2.342739174987052142e-01,-3.394406943232218810e-01,-4.021296789547831319e-01,-5.714162760635344007e+00,-1.892290462147368846e+00,-4.197030020555917451e-01
-1.284904763845197362e+00,-2.196643749153678105e+00,-1.383076402501603575e+00,-1.952487500822540412e+00,-2.342739174987052142e-01,-3.394406943232218810e-01,-4.021296789547831319e-01,-5.714162760635344007e+00,-1.892290462147368846e+00,-4.197030020555917451e-01
-1.284904763845197362e+00,-2.196643749153678105e+00,-1.383076402501603575e+00,-1.952487500822540412e+00,-2.342739174987052142e-01,-3.394406943232218810e-01,-4.021296789547831319e-01,-5.714162760635344007e+00,-1.892290462147368846e+00,-4.197030020555917451e-01
-1.378228885556190164e+00,-2.196643749153678105e+00,-1.383076402501603575e+00,-1.952487500822540412e+00,-2.342739174987052142e-01,-3.394406943232218810e-01,-4.021296789547831319e-01,-5.714162760635344007e+00,-1.892290462147368846e+00,-4.197030020555917451e-01
-1.396301137435993933e+00,-2.196643749153678105e+00,-1.383076402501603575e+00,-1.952487500822540412e+00,-2.342739174987052142e-01,-3.394406943232218810e-01,-4.021296789547831319e-01,-5.714162760635344007e+00,-1.892290462147368846e+00,-4.197030020555917451e-01
-1.396301137435993933e+00,-2.196643749153678105e+00,-1.383076402501603575e+00,-1.952487500822540412e+00,-2.342739174987052142e-01,-3.394406943232218810e-01,-4.021296789547831319e-01,-5.714162760635344007e+00,-1.892290462147368846e+00,-4.197030020555917451e-01
-1.396301137435993933e+00,-2.196643749153678105e+00,-1.383076402501603575e+00,-1.952487500822540412e+00,-2.342739174987052142e-01,-3.394406943232218810e-01,-4.021296789547831319e-01,-5.714162760635344007e+00,-1.892290462147368846e+00,-4.197030020555917451e-01
-1.558380423034770201e+00,-2.196643749153678105e+00,-1.383076402501603575e+00,-1.952487500822540412e+00,-2.342739174987052142e-01,-5.158424456805011937e-01,-4.021296789547831319e-01,-5.714162760635344007e+00,-1.892290462147368846e+00,-4.197030020555917451e-01
-1.558380423034770201e+00,-2.196643749153678105e+00,-1.383076402501603575e+00,-1.952487500822540412e+00,-2.342739174987052142e-01,-5.158424456805011937e-01,-4.021296789547831319e-01,-5.714162760635344007e+00,-1.892290462147368846e+00,-4.197030020555917451e-01
-1.558380423034770201e+00,-2.196643749153678105e+00,-1.725822784447622382e+00,-1.952487500822540412e+00,-2.342739174987052142e-01,-5.158424456805011937e-01,-4.021296789547831319e-01,-5.714162760635344007e+00,-1.892290462147368846e+00,-4.197030020555917451e-01
-1.558380423034770201e+00,-2.491938563901856085e+00,-1.725822784447622382e+00,-1.952487500822540412e+00,-2.949215345231289698e-01,-5.158424456805011937e-01,-4.523383299868011798e-01,-5.714162760635344007e+00,-1.892290462147368846e+00,-4.197030020555917451e-01
-1.558380423034770201e+00,-2.491938563901856085e+00,-1.725822784447622382e+00,-1.952487500822540412e+00,-2.949215345231289698e-01,-5.158424456805011937e-01,-4.523383299868011798e-01,-5.714162760635344007e+00,-1.892290462147368846e+00,-4.197030020555917451e-01
-1.558380423034770201e+00,-2.491938563901856085e+00,-1.743799949565888685e+00,-1.952487500822540412e+00,-6.546265933175652307e-01,-5.158424456805011937e-01,-4.523383299868011798e-01,-6.069183476571522462e+00,-1.892290462147368846e+00,-4.197030020555917451e-01
-1.558380423034770201e+00,-2.491938563901856085e+00,-1.743799949565888685e+00,-1.952487500822540412e+00,-6.546265933175652307e-01,-5.158424456805011937e-01,-4.523383299868011798e-01,-7.019486967680002465e+00,-1.892290462147368846e+00,-4.197030020555917451e-01
-1.558380423034770201e+00,-2.491938563901856085e+00,-1.743799949565888685e+00,-1.952487500822540412e+00,-6.546265933175652307e-01,-5.158424456805011937e-01,-4.523383299868011798e-01,-7.019486967680002465e+00,-1.892290462147368846e+00,-4.197030020555917451e-01
-1.558380423034770201e+00,-2.491938563901856085e+00,-1.743799949565888685e+00,-1.952487500822540412e+00,-6.546265933175652307e-01,-6.728466607740754002e-01,-4.523383299868011798e-01,-7.019486967680002465e+00,-1.892290462147368846e+00,-4.197030020555917451e-01
-1.558380423034770201e+00,-2.491938563901856085e+00,-1.743799949565888685e+00,-1.952487500822540412e+00,-6.546265933175652307e-01,-6.728466607740754002e-01,-4.523383299868011798e-01,-7.019486967680002465e+00,-1.892290462147368846e+00,-4.197030020555917451e-01
-1.558380423034770201e+00,-2.491938563901856085e+00,-1.743799949565888685e+00,-1.952487500822540412e+00,-6.546265933175652307e-01,-1.385027913640877406e+00,-4.523383299868011798e-01,-7.019486967680002465e+00,-1.892290462147368846e+00,-4.197030020555917451e-01
-1.558380423034770201e+00,-2.491938563901856085e+00,-1.743799949565888685e+00,-1.952487500822540412e+00,-6.546265933175652307e-01,-1.385027913640877406e+00,-4.523383299868011798e-01,-7.019486967680002465e+00,-1.892290462147368846e+00,-4.197030020555917451e-01
-1.558380423034770201e+00,-2.491938563901856085e+00,-1.743799949565888685e+00,-1.952487500822540412e+00,-6.546265933175652307e-01,-1.385027913640877406e+00,-4.523383299868011798e-01,-7.019486967680002465e+00,-1.892290462147368846e+00,-4.197030020555917451e-01
-1.558380423034770201e+00,-2.491938563901856085e+00,-1.743799949565888685e+00,-1.952487500822540412e+00,-6.546265933175652307e-01,-1.385027913640877406e+00,-4.523383299868011798e-01,-7.019486967680002465e+00,-1.892290462147368846e+00,-4.197030020555917451e-01
-1.558380423034770201e+00,-2.491938563901856085e+00,-1.743799949565888685e+00,-1.952487500822540412e+00,-6.546265933175652307e-01,-1.385027913640877406e+00,-4.523383299868011798e-01,-7.019486967680002465e+00,-1.892290462147368846e+00,-4.197030020555917451e-01
-1.558380423034770201e+00,-2.491938563901856085e+00,-1.759010208033871647e+00,-1.952487500822540412e+00,-6.546265933175652307e-01,-1.385027913640877406e+00,-4.523383299868011798e-01,-7.019486967680002465e+00,-1.892290462147368846e+00,-4.197030020555917451e-01
-1.558380423034770201e+00,-2.491938563901856085e+00,-1.759010208033871647e+00,-1.952487500822540412e+00,-6.546265933175652307e-01,-1.385027913640877406e+00,-5.563982006716442497e-01,-7.019486967680002465e+00,-1.892290462147368846e+00,-4.197030020555917451e-01
-1.558380423034770201e+00,-2.491938563901856085e+00,-1.759010208033871647e+00,-1.952487500822540412e+00,-6.546265933175652307e-01,-1.385027913640877406e+00,-5.563982006716442497e-01,-7.019486967680002465e+00,-1.892290462147368846e+00,-4.197030020555917451e-01
-1.671149417545808591e+00,-2.491938563901856085e+00,-1.759010208033871647e+00,-1.952487500822540412e+00,-6.546265933175652307e-01,-1.385027913640877406e+00,-5.563982006716442497e-01,-7.019486967680002465e+00,-1.892290462147368846e+00,-4.197030020555917451e-01
-1.671149417545808591e+00,-2.491938563901856085e+00,-1.759010208033871647e+00,-1.952487500822540412e+00,-6.546265933175652307e-01,-1.385027913640877406e+00,-5.563982006716442497e-01,-7.019486967680002465e+00,-1.892290462147368846e+00,-4.197030020555917451e-01
-1.671149417545808591e+00,-2.491938563901856085e+00,-1.759010208033871647e+00,-1.952487500822540412e+00,-6.546265933175652307e-01,-1.385027913640877406e+00,-5.563982006716442497e-01,-7.019486967680002465e+00,-1.961918986494082251e+00,-4.197030020555917451e-01
-1.671149417545808591e+00,-2.491938563901856085e+00,-1.759010208033871647e+00,-1.952487500822540412e+00,-6.546265933175652307e-01,-1.385027913640877406e+00,-5.563982006716442497e-01,-7.019486967680002465e+00,-1.961918986494082251e+00,-4.197030020555917451e-01
-1.671149417545808591e+00,-2.491938563901856085e+00,-1.759010208033871647e+00,-2.393192081560961082e+00,-6.546265933175652307e-01,-1.385027913640877406e+00,-5.563982006716442497e-01,-7.019486967680002465e+00,-1.961918986494082251e+00,-4.197030020555917451e-01
-1.671149417545808591e+00,-2.491938563901856085e+00,-1.759010208033871647e+00,-2.393192081560961082e+00,-6.546265933175652307e-01,-1.385027913640877406e+00,-5.563982006716442497e-01,-7.019486967680002465e+00,-1.961918986494082251e+00,-1.106795971120888122e+00
-2.675419724241385744e+00,-2.491938563901856085e+00,-1.759010208033871647e+00,-2.393192081560961082e+00,-6.546265933175652307e-01,-1.385027913640877406e+00,-5.563982006716442497e-01,-7.019486967680002465e+00,-1.961918986494082251e+00,-1.106795971120888122e+00
-2.675419724241385744e+00,-2.491938563901856085e+00,-1.759010208033871647e+00,-2.393192081560961082e+00,-6.546265933175652307e-01,-1.385027913640877406e+00,-5.563982006716442497e-01,-7.019486967680002465e+00,-1.961918986494082251e+00,-1.106795971120888122e+00
-2.675419724241385744e+00,-2.491938563901856085e+00,-1.759010208033871647e+00,-2.393192081560961082e+00,-6.546265933175652307e-01,-1.385027913640877406e+00,-5.563982006716442497e-01,-7.019486967680002465e+00,-1.961918986494082251e+00,-1.106795971120888122e+00
-2.675419724241385744e+00,-2.491938563901856085e+00,-1.886805716070085071e+00,-2.393192081560961082e+00,-6.546265933175652307e-01,-3.217635925193214064e+00,-5.563982006716442497e-01,-7.019486967680002465e+00,-2.325721869512074047e+00,-1.106795971120888122e+00
-2.675419724241385744e+00,-2.491938563901856085e+00,-1.886805716070085071e+00,-2.393192081560961082e+00,-6.546265933175652307e-01,-3.217635925193214064e+00,-5.563982006716442497e-01,-7.019486967680002465e+00,-2.325721869512074047e+00,-1.106795971120888122e+00
-2.675419724241385744e+00,-2.491938563901856085e+00,-2.779111502782077192e+00,-2.393192081560961082e+00,-6.546265933175652307e-01,-3.217635925193214064e+00,-5.563982006716442497e-01,-7.019486967680002465e+00,-2.325721869512074047e+00,-1.106795971120888122e+00
-2.675419724241385744e+00,-2.491938563901856085e+00,-2.779111502782077192e+00,-2.393192081560961082e+00,-6.546265933175652307e-01,-3.217635925193214064e+00,-5.563982006716442497e-01,-7.019486967680002465e+00,-2.325721869512074047e+00,-1.106795971120888122e+00
-2.675419724241385744e+00,-2.491938563901856085e+00,-2.779111502782077192e+00,-2.393192081560961082e+00,-6.546265933175652307e-01,-3.217635925193214064e+00,-5.563982006716442497e-01,-7.019486967680002465e+00,-2.325721869512074047e+00,-1.106795971120888122e+00
-2.675419724241385744e+00,-2.491938563901856085e+00,-2.779111502782077192e+00,-2.393192081560961082e+00,-6.546265933175652307e-01,-3.217635925193214064e+00,-5.563982006716442497e-01,-7.019486967680002465e+00,-2.325721869512074047e+00,-1.106795971120888122e+00
-2.675419724241385744e+00,-2.491938563901856085e+00,-2.779111502782077192e+00,-2.393192081560961082e+00,-6.546265933175652307e-01,-3.217635925193214064e+00,-5.563982006716442497e-01,-7.019486967680002465e+00,-2.711328106225251222e+00,-1.106795971120888122e+00
-2.675419724241385744e+00,-2.491938563901856085e+00,-2.779111502782077192e+00,-2.393192081560961082e+00,-6.546265933175652307e-01,-3.217635925193214064e+00,-8.764521352678013022e-01,-7.019486967680002465e+00,-2.711328106225251222e+00,-1.106795971120888122e+00
-2.675419724241385744e+00,-2.491938563901856085e+00,-2.779111502782077192e+00,-2.393192081560961082e+00,-6.546265933175652307e-01,-3.217635925193214064e+00,-8.764521352678013022e-01,-7.019486967680002465e+00,-4.403130635076478505e+00,-1.106795971120888122e+00
-2.675419724241385744e+00,-2.491938563901856085e+00,-2.779111502782077192e+00,-2.393192081560961082e+00,-6.546265933175652307e-01,-3.217635925193214064e+00,-8.764521352678013022e-01,-7.019486967680002465e+00,-4.403130635076478505e+00,-1.106795971120888122e+00
-2.675419724241385744e+00,-2.491938563901856085e+00,-2.779111502782077192e+00,-2.393192081560961082e+00,-6.546265933175652307e-01,-3.217635925193214064e+00,-8.764521352678013022e-01,-7.019486967680002465e+00,-4.403130635076478505e+00,-1.106795971120888122e+00
-2.675419724241385744e+00,-2.491938563901856085e+00,-2.779111502782077192e+00,-2.393192081560961082e+00,-6.546265933175652307e-01,-3.217635925193214064e+00,-8.764521352678013022e-01,-7.019486967680002465e+00,-4.403130635076478505e+00,-1.106795971120888122e+00
-2.675419724241385744e+00,-2.491938563901856085e+00,-2.779111502782077192e+00,-2.393192081560961082e+00,-6.546265933175652307e-01,-3.217635925193214064e+00,-8.764521352678013022e-01,-7.019486967680002465e+00,-4.403130635076478505e+00,-1.106795971120888122e+00
-2.675419724241385744e+00,-2.491938563901856085e+00,-2.779111502782077192e+00,-2.393192081560961082e+00,-6.546265933175652307e-01,-3.217635925193214064e+00,-8.764521352678013022e-01,-7.019486967680002465e+00,-4.403130635076478505e+00,-1.106795971120888122e+00
-2.675419724241385744e+00,-2.491938563901856085e+00,-2.779111502782077192e+00,-2.393192081560961082e+00,-6.546265933175652307e-01,-3.217635925193214064e+00,-8.764521352678013022e-01,-7.019486967680002465e+00,-4.403130635076478505e+00,-1.106795971120888122e+00
-2.675419724241385744e+00,-2.491938563901856085e+00,-2.779111502782077192e+00,-2.393192081560961082e+00,-6.546265933175652307e-01,-3.217635925193214064e+00,-8.764521352678013022e-01,-7.019486967680002465e+00,-4.403130635076478505e+00,-1.106795971120888122e+00
-2.675419724241385744e+00,-2.491938563901856085e+00,-2.779111502782077192e+00,-2.393192081560961082e+00,-6.546265933175652307e-01,-3.217635925193214064e+00,-8.764521352678013022e-01,-7.019486967680002465e+00,-4.403130635076478505e+00,-1.106795971120888122e+00
-2.675419724241385744e+00,-2.491938563901856085e+00,-2.779111502782077192e+00,-2.393192081560961082e+00,-6.546265933175652307e-01,-3.217635925193214064e+00,-8.764521352678013022e-01,-7.019486967680002465e+00,-4.403130635076478505e+00,-1.106795971120888122e+00
-2.675419724241385744e+00,-2.491938563901856085e+00,-2.779111502782077192e+00,-2.393192081560961082e+00,-6.546265933175652307e-01,-3.217635925193214064e+00,-8.764521352678013022e-01,-7.019486967680002465e+00,-4.403130635076478505e+00,-1.106795971120888122e+00
-2.675419724241385744e+00,-2.491938563901856085e+00,-2.779111502782077192e+00,-2.393192081560961082e+00,-6.546265933175652307e-01,-3.217635925193214064e+00,-8.764521352678013022e-01,-7.019486967680002465e+00,-4.403130635076478505e+00,-1.106795971120888122e+00
-2.675419724241385744e+00,-2.491938563901856085e+00,-2.779111502782077192e+00,-2.393192081560961082e+00,-6.546265933175652307e-01,-3.217635925193214064e+00,-8.764521352678013022e-01,-7.019486967680002465e+00,-4.403130635076478505e+00,-1.106795971120888122e+00
-2.675419724241385744e+00,-2.491938563901856085e+00,-2.779111502782077192e+00,-2.393192081560961082e+00,-6.546265933175652307e-01,-3.217635925193214064e+00,-8.764521352678013022e-01,-7.019486967680002465e+00,-4.403130635076478505e+00,-1.106795971120888122e+00
-2.675419724241385744e+00,-2.491938563901856085e+00,-2.779111502782077192e+00,-2.393192081560961082e+00,-6.546265933175652307e-01,-3.217635925193214064e+00,-8.764521352678013022e-01,-7.019486967680002465e+00,-4.403130635076478505e+00,-1.106795971120888122e+00
-2.675419724241385744e+00,-2.491938563901856085e+00,-2.779111502782077192e+00,-2.393192081560961082e+00,-6.546265933175652307e-01,-3.217635925193214064e+00,-8.764521352678013022e-01,-7.019486967680002465e+00,-4.403130635076478505e+00,-1.106795971120888122e+00
-2.675419724241385744e+00,-2.491938563901856085e+00,-2.779111502782077192e+00,-2.393192081560961082e+00,-6.546265933175652307e-01,-3.217635925193214064e+00,-8.764521352678013022e-01,-7.019486967680002465e+00,-4.403130635076478505e+00,-1.106795971120888122e+00
-2.675419724241385744e+00,-2.491938563901856085e+00,-2.779111502782077192e+00,-2.393192081560961082e+00,-6.546265933175652307e-01,-3.217635925193214064e+00,-8.764521352678013022e-01,-7.019486967680002465e+00,-4.403130635076478505e+00,-1.106795971120888122e+00
-2.675419724241385744e+00,-2.491938563901856085e+00,-2.779111502782077192e+00,-2.393192081560961082e+00,-6.546265933175652307e-01,-3.217635925193214064e+00,-8.764521352678013022e-01,-7.019486967680002465e+00,-4.403130635076478505e+00,-1.106795971120888122e+00
-2.675419724241385744e+00,-2.491938563901856085e+00,-2.779111502782077192e+00,-2.393192081560961082e+00,-6.546265933175652307e-01,-3.217635925193214064e+00,-8.764521352678013022e-01,-7.019486967680002465e+00,-4.403130635076478505e+00,-1.106795971120888122e+00
-2.675419724241385744e+00,-2.491938563901856085e+00,-2.779111502782077192e+00,-2.393192081560961082e+00,-6.546265933175652307e-01,-3.217635925193214064e+00,-8.764521352678013022e-01,-7.019486967680002465e+00,-4.403130635076478505e+00,-1.106795971120888122e+00
-2.675419724241385744e+00,-2.491938563901856085e+00,-2.779111502782077192e+00,-2.393192081560961082e+00,-6.546265933175652307e-01,-3.217635925193214064e+00,-8.764521352678013022e-01,-7.019486967680002465e+00,-4.403130635076478505e+00,-1.106795971120888122e+00
-2.675419724241385744e+00,-2.491938563901856085e+00,-2.779111502782077192e+00,-2.393192081560961082e+00,-6.546265933175652307e-01,-3.217635925193214064e+00,-8.764521352678013022e-01,-7.019486967680002465e+00,-4.403130635076478505e+00,-1.106795971120888122e+00
-2.675419724241385744e+00,-2.491938563901856085e+00,-2.779111502782077192e+00,-2.393192081560961082e+00,-6.546265933175652307e-01,-3.217635925193214064e+00,-8.764521352678013022e-01,-7.019486967680002465e+00,-4.403130635076478505e+00,-1.106795971120888122e+00
-2.675419724241385744e+00,-2.491938563901856085e+00,-2.779111502782077192e+00,-2.393192081560961082e+00,-6.546265933175652307e-01,-3.217635925193214064e+00,-8.764521352678013022e-01,-7.019486967680002465e+00,-4.403130635076478505e+00,-1.106795971120888122e+00
-2.675419724241385744e+00,-2.491938563901856085e+00,-2.779111502782077192e+00,-2.393192081560961082e+00,-6.546265933175652307e-01,-3.217635925193214064e+00,-8.764521352678013022e-01,-7.019486967680002465e+00,-4.403130635076478505e+00,-1.106795971120888122e+00
-2.675419724241385744e+00,-2.491938563901856085e+00,-2.779111502782077192e+00,-2.393192081560961082e+00,-6.546265933175652307e-01,-3.217635925193214064e+00,-8.764521352678013022e-01,-7.019486967680002465e+00,-4.403130635076478505e+00,-1.106795971120888122e+00
-2.675419724241385744e+00,-2.491938563901856085e+00,-2.779111502782077192e+00,-2.393192081560961082e+00,-6.546265933175652307e-01,-3.217635925193214064e+00,-8.764521352678013022e-01,-7.019486967680002465e+00,-4.403130635076478505e+00,-1.106795971120888122e+00
-2.675419724241385744e+00,-2.491938563901856085e+00,-2.779111502782077192e+00,-2.393192081560961082e+00,-6.546265933175652307e-01,-3.217635925193214064e+00,-8.764521352678013022e-01,-7.019486967680002465e+00,-4.403130635076478505e+00,-1.106795971120888122e+00
-2.675419724241385744e+00,-2.491938563901856085e+00,-2.779111502782077192e+00,-2.393192081560961082e+00,-6.546265933175652307e-01,-3.217635925193214064e+00,-8.764521352678013022e-01,-7.019486967680002465e+00,-4.403130635076478505e+00,-1.106795971120888122e+00
-2.675419724241385744e+00,-2.491938563901856085e+00,-2.779111502782077192e+00,-2.393192081560961082e+00,-6.546265933175652307e-01,-3.217635925193214064e+00,-8.764521352678013022e-01,-7.019486967680002465e+00,-4.403130635076478505e+00,-1.106795971120888122e+00
-2.675419724241385744e+00,-2.491938563901856085e+00,-3.338393264766846169e+00,-2.393192081560961082e+00,-6.546265933175652307e-01,-3.217635925193214064e+00,-8.764521352678013022e-01,-7.627338915122140683e+00,-4.403130635076478505e+00,-1.106795971120888122e+00
-2.746505134244168200e+00,-2.491938563901856085e+00,-3.338393264766846169e+00,-2.393192081560961082e+00,-6.546265933175652307e-01,-3.217635925193214064e+00,-8.764521352678013022e-01,-7.627338915122140683e+00,-4.403130635076478505e+00,-1.106795971120888122e+00
-2.746505134244168200e+00,-2.491938563901856085e+00,-3.338393264766846169e+00,-2.393192081560961082e+00,-6.546265933175652307e-01,-3.217635925193214064e+00,-8.764521352678013022e-01,-7.627338915122140683e+00,-4.403130635076478505e+00,-1.106795971120888122e+00
-2.746505134244168200e+00,-2.491938563901856085e+00,-3.338393264766846169e+00,-2.393192081560961082e+00,-6.546265933175652307e-01,-3.217635925193214064e+00,-8.764521352678013022e-01,-7.627338915122140683e+00,-4.403130635076478505e+00,-1.106795971120888122e+00
-2.746505134244168200e+00,-2.491938563901856085e+00,-3.338393264766846169e+00,-2.393192081560961082e+00,-6.546265933175652307e-01,-3.217635925193214064e+00,-1.223167369671148696e+00,-7.627338915122140683e+00,-4.403130635076478505e+00,-1.106795971120888122e+00
-2.746505134244168200e+00,-2.491938563901856085e+00,-3.338393264766846169e+00,-2.393192081560961082e+00,-6.546265933175652307e-01,-3.217635925193214064e+00,-1.223167369671148696e+00,-7.627338915122140683e+00,-4.403130635076478505e+00,-1.106795971120888122e+00
-3.376437557293193503e+00,-2.491938563901856085e+00,-3.338393264766846169e+00,-2.393192081560961082e+00,-6.546265933175652307e-01,-3.217635925193214064e+00,-1.223167369671148696e+00,-7.627338915122140683e+00,-4.403130635076478505e+00,-1.106795971120888122e+00
-3.376437557293193503e+00,-2.491938563901856085e+00,-3.338393264766846169e+00,-2.393192081560961082e+00,-6.546265933175652307e-01,-3.217635925193214064e+00,-1.223167369671148696e+00,-7.627338915122140683e+00,-4.403130635076478505e+00,-1.106795971120888122e+00
-3.376437557293193503e+00,-2.491938563901856085e+00,-3.338393264766846169e+00,-2.393192081560961082e+00,-6.546265933175652307e-01,-3.217635925193214064e+00,-1.223167369671148696e+00,-7.627338915122140683e+00,-4.403130635076478505e+00,-1.106795971120888122e+00
-3.376437557293193503e+00,-2.491938563901856085e+00,-3.338393264766846169e+00,-2.393192081560961082e+00,-6.546265933175652307e-01,-3.217635925193214064e+00,-1.223167369671148696e+00,-7.627338915122140683e+00,-4.403130635076478505e+00,-1.106795971120888122e+00
-3.376437557293193503e+00,-2.491938563901856085e+00,-3.338393264766846169e+00,-2.393192081560961082e+00,-7.486695504805025436e-01,-3.217635925193214064e+00,-1.223167369671148696e+00,-7.627338915122140683e+00,-4.403130635076478505e+00,-1.106795971120888122e+00
-3.376437557293193503e+00,-2.491938563901856085e+00,-3.338393264766846169e+00,-2.393192081560961082e+00,-7.486695504805025436e-01,-3.217635925193214064e+00,-1.223167369671148696e+00,-7.627338915122140683e+00,-4.403130635076478505e+00,-1.106795971120888122e+00
-3.376437557293193503e+00,-2.567604729317744194e+00,-3.338393264766846169e+00,-2.393192081560961082e+00,-7.486695504805025436e-01,-3.217635925193214064e+00,-1.223167369671148696e+00,-7.627338915122140683e+00,-4.403130635076478505e+00,-1.106795971120888122e+00
-3.376437557293193503e+00,-2.567604729317744194e+00,-3.338393264766846169e+00,-2.393192081560961082e+00,-7.486695504805025436e-01,-3.217635925193214064e+00,-1.223167369671148696e+00,-7.627338915122140683e+00,-4.403130635076478505e+00,-1.106795971120888122e+00
-3.376437557293193503e+00,-2.567604729317744194e+00,-3.338393264766846169e+00,-2.393192081560961082e+00,-7.486695504805025436e-01,-3.217635925193214064e+00,-1.223167369671148696e+00,-7.627338915122140683e+00,-4.403130635076478505e+00,-1.106795971120888122e+00
-3.376437557293193503e+00,-2.567604729317744194e+00,-3.338393264766846169e+00,-2.393192081560961082e+00,-7.486695504805025436e-01,-3.217635925193214064e+00,-1.223167369671148696e+00,-7.627338915122140683e+00,-4.403130635076478505e+00,-1.106795971120888122e+00
-3.376437557293193503e+00,-2.567604729317744194e+00,-3.338393264766846169e+00,-2.393192081560961082e+00,-7.486695504805025436e-01,-3.217635925193214064e+00,-1.223167369671148696e+00,-7.627338915122140683e+00,-4.403130635076478505e+00,-1.106795971120888122e+00
-3.376437557293193503e+00,-2.567604729317744194e+00,-3.338393264766846169e+00,-2.393192081560961082e+00,-7.486695504805025436e-01,-3.217635925193214064e+00,-1.223167369671148696e+00,-7.627338915122140683e+00,-4.403130635076478505e+00,-1.106795971120888122e+00
-3.376437557293193503e+00,-2.567604729317744194e+00,-3.338393264766846169e+00,-2.393192081560961082e+00,-7.486695504805025436e-01,-3.217635925193214064e+00,-1.223167369671148696e+00,-8.652617800886757138e+00,-4.403130635076478505e+00,-1.106795971120888122e+00
-3.376437557293193503e+00,-2.567604729317744194e+00,-3.338393264766846169e+00,-2.393192081560961082e+00,-7.486695504805025436e-01,-3.217635925193214064e+00,-1.223167369671148696e+00,-8.652617800886757138e+00,-4.403130635076478505e+00,-1.106795971120888122e+00
-3.376437557293193503e+00,-2.567604729317744194e+00,-3.338393264766846169e+00,-2.393192081560961082e+00,-7.486695504805025436e-01,-3.217635925193214064e+00,-1.223167369671148696e+00,-8.652617800886757138e+00,-4.403130635076478505e+00,-1.106795971120888122e+00
-3.376437557293193503e+00,-2.567604729317744194e+00,-3.338393264766846169e+00,-2.393192081560961082e+00,-7.486695504805025436e-01,-3.217635925193214064e+00,-1.557196614527924350e+00,-8.652617800886757138e+00,-4.403130635076478505e+00,-1.106795971120888122e+00
-3.376437557293193503e+00,-2.567604729317744194e+00,-3.338393264766846169e+00,-2.393192081560961082e+00,-7.486695504805025436e-01,-3.217635925193214064e+00,-1.557196614527924350e+00,-8.652617800886757138e+00,-4.403130635076478505e+00,-1.106795971120888122e+00
-3.376437557293193503e+00,-2.567604729317744194e+00,-3.338393264766846169e+00,-2.393192081560961082e+00,-7.486695504805025436e-01,-3.217635925193214064e+00,-1.557196614527924350e+00,-8.652617800886757138e+00,-4.403130635076478505e+00,-1.106795971120888122e+00
-3.376437557293193503e+00,-2.567604729317744194e+00,-3.338393264766846169e+00,-2.393192081560961082e+00,-7.486695504805025436e-01,-3.217635925193214064e+00,-1.711729449798599978e+00,-8.652617800886757138e+00,-4.403130635076478505e+00,-1.276665217763536031e+00
-3.376437557293193503e+00,-2.567604729317744194e+00,-3.338393264766846169e+00,-2.393192081560961082e+00,-7.486695504805025436e-01,-3.217635925193214064e+00,-1.711729449798599978e+00,-8.652617800886757138e+00,-4.403130635076478505e+00,-1.276665217763536031e+00
-3.376437557293193503e+00,-2.567604729317744194e+00,-3.338393264766846169e+00,-2.393192081560961082e+00,-7.486695504805025436e-01,-3.217635925193214064e+00,-1.711729449798599978e+00,-8.652617800886757138e+00,-4.403130635076478505e+00,-1.276665217763536031e+00
-3.376437557293193503e+00,-2.567604729317744194e+00,-3.338393264766846169e+00,-2.393192081560961082e+00,-7.486695504805025436e-01,-3.217635925193214064e+00,-1.840864338868146932e+00,-8.652617800886757138e+00,-4.403130635076478505e+00,-1.291507998867476026e+00
-3.376437557293193503e+00,-2.567604729317744194e+00,-3.338393264766846169e+00,-2.393192081560961082e+00,-7.486695504805025436e-01,-3.217635925193214064e+00,-1.840864338868146932e+00,-8.652617800886757138e+00,-4.403130635076478505e+00,-1.291507998867476026e+00
-3.376437557293193503e+00,-2.567604729317744194e+00,-3.338393264766846169e+00,-2.393192081560961082e+00,-7.486695504805025436e-01,-3.217635925193214064e+00,-1.840864338868146932e+00,-8.652617800886757138e+00,-4.403130635076478505e+00,-1.291507998867476026e+00
-3.376437557293193503e+00,-2.567604729317744194e+00,-3.338393264766846169e+00,-2.393192081560961082e+00,-7.486695504805025436e-01,-3.217635925193214064e+00,-1.840864338868146932e+00,-8.652617800886757138e+00,-4.403130635076478505e+00,-1.291507998867476026e+00
-3.376437557293193503e+00,-2.567604729317744194e+00,-3.338393264766846169e+00,-2.393192081560961082e+00,-7.486695504805025436e-01,-3.217635925193214064e+00,-1.840864338868146932e+00,-8.652617800886757138e+00,-4.403130635076478505e+00,-1.291507998867476026e+00
-3.376437557293193503e+00,-2.567604729317744194e+00,-3.338393264766846169e+00,-2.393192081560961082e+00,-7.486695504805025436e-01,-3.217635925193214064e+00,-1.840864338868146932e+00,-8.652617800886757138e+00,-4.403130635076478505e+00,-1.291507998867476026e+00
-3.376437557293193503e+00,-2.567604729317744194e+00,-3.338393264766846169e+00,-2.393192081560961082e+00,-7.486695504805025436e-01,-3.217635925193214064e+00,-1.840864338868146932e+00,-8.652617800886757138e+00,-4.403130635076478505e+00,-1.291507998867476026e+00
-3.376437557293193503e+00,-2.567604729317744194e+00,-3.338393264766846169e+00,-2.393192081560961082e+00,-7.486695504805025436e-01,-3.217635925193214064e+00,-1.840864338868146932e+00,-8.652617800886757138e+00,-4.403130635076478505e+00,-1.291507998867476026e+00
-3.376437557293193503e+00,-2.567604729317744194e+00,-3.338393264766846169e+00,-2.393192081560961082e+00,-7.486695504805025436e-01,-3.217635925193214064e+00,-1.840864338868146932e+00,-8.652617800886757138e+00,-4.403130635076478505e+00,-1.291507998867476026e+00
-3.376437557293193503e+00,-2.567604729317744194e+00,-3.338393264766846169e+00,-2.393192081560961082e+00,-7.486695504805025436e-01,-3.217635925193214064e+00,-1.840864338868146932e+00,-8.652617800886757138e+00,-4.403130635076478505e+00,-1.291507998867476026e+00
-3.376437557293193503e+00,-2.567604729317744194e+00,-3.338393264766846169e+00,-2.393192081560961082e+00,-7.486695504805025436e-01,-3.217635925193214064e+00,-1.840864338868146932e+00,-8.652617800886757138e+00,-4.403130635076478505e+00,-1.291507998867476026e+00
-3.376437557293193503e+00,-2.567604729317744194e+00,-3.338393264766846169e+00,-2.393192081560961082e+00,-7.486695504805025436e-01,-3.217635925193214064e+00,-1.840864338868146932e+00,-8.652617800886757138e+00,-4.403130635076478505e+00,-1.291507998867476026e+00
-3.376437557293193503e+00,-2.567604729317744194e+00,-3.338393264766846169e+00,-2.393192081560961082e+00,-9.319797779442344776e-01,-3.217635925193214064e+00,-1.840864338868146932e+00,-8.652617800886757138e+00,-4.403130635076478505e+00,-1.291507998867476026e+00
-3.376437557293193503e+00,-2.567604729317744194e+00,-3.338393264766846169e+00,-2.393192081560961082e+00,-9.319797779442344776e-01,-3.217635925193214064e+00,-1.840864338868146932e+00,-8.652617800886757138e+00,-4.403130635076478505e+00,-1.291507998867476026e+00
-3.376437557293193503e+00,-2.567604729317744194e+00,-3.338393264766846169e+00,-2.393192081560961082e+00,-9.319797779442344776e-01,-3.217635925193214064e+00,-1.840864338868146932e+00,-8.652617800886757138e+00,-4.403130635076478505e+00,-1.291507998867476026e+00
-3.376437557293193503e+00,-2.567604729317744194e+00,-3.338393264766846169e+00,-2.393192081560961082e+00,-9.319797779442344776e-01,-3.217635925193214064e+00,-1.840864338868146932e+00,-8.652617800886757138e+00,-4.403130635076478505e+00,-1.291507998867476026e+00
-3.376437557293193503e+00,-2.567604729317744194e+00,-3.338393264766846169e+00,-2.393192081560961082e+00,-9.319797779442344776e-01,-3.217635925193214064e+00,-1.840864338868146932e+00,-8.652617800886757138e+00,-4.403130635076478505e+00,-1.291507998867476026e+00
-3.376437557293193503e+00,-2.567604729317744194e+00,-3.338393264766846169e+00,-2.393192081560961082e+00,-9.319797779442344776e-01,-3.217635925193214064e+00,-1.840864338868146932e+00,-8.652617800886757138e+00,-4.403130635076478505e+00,-1.291507998867476026e+00
-3.376437557293193503e+00,-2.567604729317744194e+00,-3.338393264766846169e+00,-2.393192081560961082e+00,-9.319797779442344776e-01,-3.217635925193214064e+00,-1.840864338868146932e+00,-8.652617800886757138e+00,-4.403130635076478505e+00,-1.291507998867476026e+00
-3.376437557293193503e+00,-2.567604729317744194e+00,-3.338393264766846169e+00,-2.393192081560961082e+00,-9.319797779442344776e-01,-3.217635925193214064e+00,-1.840864338868146932e+00,-8.652617800886757138e+00,-4.403130635076478505e+00,-1.291507998867476026e+00
-3.376437557293193503e+00,-2.567604729317744194e+00,-3.338393264766846169e+00,-2.393192081560961082e+00,-1.161751030031246579e+00,-3.217635925193214064e+00,-1.840864338868146932e+00,-8.652617800886757138e+00,-4.403130635076478505e+00,-1.291507998867476026e+00
-3.376437557293193503e+00,-2.567604729317744194e+00,-3.338393264766846169e+00,-2.393192081560961082e+00,-1.161751030031246579e+00,-3.217635925193214064e+00,-1.840864338868146932e+00,-8.652617800886757138e+00,-4.403130635076478505e+00,-1.291507998867476026e+00
