8.968661076280545208e-01,1.337109782142416492e+00,3.499539484997494565e+00,1.572867525108668341e+00,3.247514825304465447e+00,-2.043038300594705703e+00,-3.144144371397794568e+00,-1.133215303782828753e+00,4.075169116732234365e+00,1.557659820529671224e+00
-1.802213537343040795e+00,1.337109782142416492e+00,2.687809786556274450e+00,6.800473735159738853e-01,3.247514825304465447e+00,-2.043038300594705703e+00,-3.144144371397794568e+00,-1.133215303782828753e+00,3.056678527668816425e+00,-1.004336439511146706e+00
-1.906295142624869987e+00,1.175866255918672332e+00,2.687809786556274450e+00,2.467456883452011362e-01,6.947870281863011144e-01,-2.043038300594705703e+00,-3.144144371397794568e+00,-1.133215303782828753e+00,3.056678527668816425e+00,-1.004336439511146706e+00
-1.906295142624869987e+00,1.175866255918672332e+00,2.687809786556274450e+00,2.467456883452011362e-01,7.610067575350741576e-02,-2.043038300594705703e+00,-3.144144371397794568e+00,-1.133215303782828753e+00,3.056678527668816425e+00,-2.003674370417069639e+00
-2.093686053232278965e+00,1.175866255918672332e+00,2.687809786556274450e+00,2.467456883452011362e-01,7.610067575350741576e-02,-2.043038300594705703e+00,-3.144144371397794568e+00,-1.133215303782828753e+00,3.056678527668816425e+00,-2.003674370417069639e+00
-2.093686053232278965e+00,9.695230675955942568e-01,2.687809786556274450e+00,2.467456883452011362e-01,7.610067575350741576e-02,-2.043038300594705703e+00,-4.430900139514544200e+00,-1.133215303782828753e+00,3.056678527668816425e+00,-2.003674370417069639e+00
-2.093686053232278965e+00,9.695230675955942568e-01,2.687809786556274450e+00,2.467456883452011362e-01,-7.648154027844916714e-01,-2.043038300594705703e+00,-4.430900139514544200e+00,-1.415236219977064502e+00,3.056678527668816425e+00,-2.003674370417069639e+00
-2.093686053232278965e+00,9.695230675955942568e-01,2.687809786556274450e+00,2.467456883452011362e-01,-7.648154027844916714e-01,-2.043038300594705703e+00,-4.430900139514544200e+00,-1.415236219977064502e+00,3.056678527668816425e+00,-2.003674370417069639e+00
-2.093686053232278965e+00,9.695230675955942568e-01,2.687809786556274450e+00,2.467456883452011362e-01,-1.900198690797361145e+00,-2.043038300594705703e+00,-4.430900139514544200e+00,-1.415236219977064502e+00,3.056678527668816425e+00,-2.003674370417069639e+00
-2.093686053232278965e+00,9.695230675955942568e-01,2.687809786556274450e+00,2.467456883452011362e-01,-1.900198690797361145e+00,-2.043038300594705703e+00,-4.430900139514544200e+00,-1.415236219977064502e+00,3.056678527668816425e+00,-2.003674370417069639e+00
-2.093686053232278965e+00,9.525306878151124090e-01,2.687809786556274450e+00,2.467456883452011362e-01,-1.900198690797361145e+00,-2.043038300594705703e+00,-4.430900139514544200e+00,-1.415236219977064502e+00,2.334395684232721813e+00,-2.003674370417069639e+00
-2.093686053232278965e+00,9.525306878151124090e-01,2.687809786556274450e+00,-5.492314396918021036e-01,-1.900198690797361145e+00,-2.043038300594705703e+00,-4.802088579154165870e+00,-1.415236219977064502e+00,1.945038347225319209e+00,-2.003674370417069639e+00
-2.093686053232278965e+00,-1.382976065542839417e-01,2.687809786556274450e+00,-5.492314396918021036e-01,-1.900198690797361145e+00,-2.043038300594705703e+00,-4.802088579154165870e+00,-1.415236219977064502e+00,1.945038347225319209e+00,-2.003674370417069639e+00
-2.093686053232278965e+00,-1.382976065542839417e-01,2.687809786556274450e+00,-1.475696391732456592e+00,-1.900198690797361145e+00,-2.043038300594705703e+00,-4.802088579154165870e+00,-1.415236219977064502e+00,1.527558466906363099e+00,-2.003674370417069639e+00
-2.093686053232278965e+00,-1.382976065542839417e-01,2.687809786556274450e+00,-1.475696391732456592e+00,-1.900198690797361145e+00,-2.043038300594705703e+00,-4.802088579154165870e+00,-1.415236219977064502e+00,6.433794527613737602e-01,-2.003674370417069639e+00
-2.093686053232278965e+00,-1.382976065542839417e-01,2.687809786556274450e+00,-1.475696391732456592e+00,-2.705666028598116668e+00,-2.043038300594705703e+00,-4.802088579154165870e+00,-1.415236219977064502e+00,3.613048485046810310e-01,-2.003674370417069639e+00
-2.093686053232278965e+00,-4.875332007358720854e-01,2.687809786556274450e+00,-1.475696391732456592e+00,-2.705666028598116668e+00,-2.043038300594705703e+00,-4.802088579154165870e+00,-1.415236219977064502e+00,-3.507883882481401261e-01,-2.003674370417069639e+00
-2.093686053232278965e+00,-4.875332007358720854e-01,2.687809786556274450e+00,-1.475696391732456592e+00,-2.705666028598116668e+00,-2.043038300594705703e+00,-4.802088579154165870e+00,-1.415236219977064502e+00,-3.507883882481401261e-01,-2.003674370417069639e+00
-2.093686053232278965e+00,-4.875332007358720854e-01,2.687809786556274450e+00,-1.499673028374251871e+00,-2.705666028598116668e+00,-2.043038300594705703e+00,-5.479214735005996317e+00,-1.415236219977064502e+00,-3.507883882481401261e-01,-2.003674370417069639e+00
-2.093686053232278965e+00,-4.875332007358720854e-01,2.687809786556274450e+00,-1.499673028374251871e+00,-2.705666028598116668e+00,-2.043038300594705703e+00,-5.479214735005996317e+00,-1.415236219977064502e+00,-3.507883882481401261e-01,-2.003674370417069639e+00
-2.093686053232278965e+00,-4.875332007358720854e-01,2.687809786556274450e+00,-1.499673028374251871e+00,-3.268700782075028677e+00,-2.043038300594705703e+00,-5.479214735005996317e+00,-1.415236219977064502e+00,-3.507883882481401261e-01,-2.003674370417069639e+00
-2.093686053232278965e+00,-4.887226960477357718e-01,2.687809786556274450e+00,-1.499673028374251871e+00,-3.268700782075028677e+00,-3.091467681630320374e+00,-5.479214735005996317e+00,-1.415236219977064502e+00,-3.507883882481401261e-01,-2.003674370417069639e+00
-2.294553556204625089e+00,-4.887226960477357718e-01,2.687809786556274450e+00,-1.499673028374251871e+00,-3.268700782075028677e+00,-3.766491724071756586e+00,-5.479214735005996317e+00,-1.415236219977064502e+00,-3.507883882481401261e-01,-2.003674370417069639e+00
-2.294553556204625089e+00,-4.887226960477357718e-01,1.817759898684168762e+00,-1.499673028374251871e+00,-3.268700782075028677e+00,-3.766491724071756586e+00,-5.479214735005996317e+00,-1.415236219977064502e+00,-3.507883882481401261e-01,-2.003674370417069639e+00
-2.294553556204625089e+00,-4.887226960477357718e-01,1.817759898684168762e+00,-1.499673028374251871e+00,-3.268700782075028677e+00,-3.766491724071756586e+00,-5.479214735005996317e+00,-1.415236219977064502e+00,-3.507883882481401261e-01,-2.003674370417069639e+00
-2.294553556204625089e+00,-4.887226960477357718e-01,1.817759898684168762e+00,-1.499673028374251871e+00,-3.268700782075028677e+00,-3.766491724071756586e+00,-5.479214735005996317e+00,-1.415236219977064502e+00,-3.507883882481401261e-01,-2.003674370417069639e+00
-2.294553556204625089e+00,-4.887226960477357718e-01,1.817759898684168762e+00,-1.602071059044887669e+00,-3.268700782075028677e+00,-3.766491724071756586e+00,-5.479214735005996317e+00,-1.415236219977064502e+00,-3.507883882481401261e-01,-2.003674370417069639e+00
-2.294553556204625089e+00,-1.126906248553975587e+00,1.817759898684168762e+00,-1.602071059044887669e+00,-3.268700782075028677e+00,-3.766491724071756586e+00,-5.479214735005996317e+00,-1.415236219977064502e+00,-3.507883882481401261e-01,-2.003674370417069639e+00
-2.294553556204625089e+00,-1.126906248553975587e+00,7.417902904520291552e-01,-1.602071059044887669e+00,-3.268700782075028677e+00,-3.766491724071756586e+00,-5.479214735005996317e+00,-1.415236219977064502e+00,-3.507883882481401261e-01,-2.003674370417069639e+00
-2.294553556204625089e+00,-1.126906248553975587e+00,3.262156371418575285e-01,-1.602071059044887669e+00,-3.268700782075028677e+00,-4.594129066215471902e+00,-5.479214735005996317e+00,-1.415236219977064502e+00,-3.507883882481401261e-01,-2.003674370417069639e+00
-2.294553556204625089e+00,-1.126906248553975587e+00,2.994584160254020189e-01,-1.602071059044887669e+00,-3.268700782075028677e+00,-4.594129066215471902e+00,-5.479214735005996317e+00,-1.415236219977064502e+00,-3.507883882481401261e-01,-2.003674370417069639e+00
-2.294553556204625089e+00,-1.126906248553975587e+00,2.994584160254020189e-01,-1.637444108725763625e+00,-3.268700782075028677e+00,-4.594129066215471902e+00,-5.479214735005996317e+00,-1.415236219977064502e+00,-3.507883882481401261e-01,-2.003674370417069639e+00
-2.294553556204625089e+00,-1.228385717143179345e+00,2.994584160254020189e-01,-1.637444108725763625e+00,-3.268700782075028677e+00,-4.594129066215471902e+00,-5.479214735005996317e+00,-1.415236219977064502e+00,-3.507883882481401261e-01,-2.003674370417069639e+00
-2.294553556204625089e+00,-1.228385717143179345e+00,2.994584160254020189e-01,-1.637444108725763625e+00,-3.268700782075028677e+00,-4.594129066215471902e+00,-5.479214735005996317e+00,-1.415236219977064502e+00,-3.507883882481401261e-01,-2.003674370417069639e+00
-2.294553556204625089e+00,-1.228385717143179345e+00,2.994584160254020189e-01,-1.637444108725763625e+00,-3.268700782075028677e+00,-4.594129066215471902e+00,-5.479214735005996317e+00,-1.415236219977064502e+00,-3.507883882481401261e-01,-2.003674370417069639e+00
-2.294553556204625089e+00,-1.228385717143179345e+00,2.994584160254020189e-01,-1.637444108725763625e+00,-3.268700782075028677e+00,-4.594129066215471902e+00,-5.479214735005996317e+00,-1.415236219977064502e+00,-6.496641081020065878e-01,-2.003674370417069639e+00
-2.294553556204625089e+00,-1.228385717143179345e+00,2.994584160254020189e-01,-1.637444108725763625e+00,-3.268700782075028677e+00,-4.594129066215471902e+00,-5.479214735005996317e+00,-1.415236219977064502e+00,-6.496641081020065878e-01,-2.003674370417069639e+00
-2.294553556204625089e+00,-1.264950971664193125e+00,-4.713679602694776510e-02,-1.637444108725763625e+00,-3.268700782075028677e+00,-4.594129066215471902e+00,-5.479214735005996317e+00,-1.415236219977064502e+00,-6.496641081020065878e-01,-2.003674370417069639e+00
-2.294553556204625089e+00,-1.264950971664193125e+00,-3.139213285203424353e-01,-1.637444108725763625e+00,-3.268700782075028677e+00,-4.594129066215471902e+00,-5.841189160598251107e+00,-1.415236219977064502e+00,-6.496641081020065878e-01,-2.003674370417069639e+00
-2.294553556204625089e+00,-1.264950971664193125e+00,-3.139213285203424353e-01,-1.637444108725763625e+00,-3.268700782075028677e+00,-4.594129066215471902e+00,-5.841189160598251107e+00,-1.415236219977064502e+00,-6.496641081020065878e-01,-2.003674370417069639e+00
-2.294553556204625089e+00,-1.351214425523803886e+00,-3.139213285203424353e-01,-1.637444108725763625e+00,-3.268700782075028677e+00,-4.594129066215471902e+00,-5.841189160598251107e+00,-1.415236219977064502e+00,-6.496641081020065878e-01,-2.003674370417069639e+00
-2.294553556204625089e+00,-1.351214425523803886e+00,-3.139213285203424353e-01,-1.637444108725763625e+00,-3.268700782075028677e+00,-4.594129066215471902e+00,-5.841189160598251107e+00,-1.415236219977064502e+00,-6.496641081020065878e-01,-2.003674370417069639e+00
-2.294553556204625089e+00,-1.351214425523803886e+00,-3.139213285203424353e-01,-1.637444108725763625e+00,-3.268700782075028677e+00,-4.594129066215471902e+00,-5.841189160598251107e+00,-1.415236219977064502e+00,-6.496641081020065878e-01,-2.003674370417069639e+00
-2.294553556204625089e+00,-1.351214425523803886e+00,-3.139213285203424353e-01,-1.637444108725763625e+00,-3.268700782075028677e+00,-4.594129066215471902e+00,-5.841189160598251107e+00,-1.415236219977064502e+00,-6.496641081020065878e-01,-2.003674370417069639e+00
-2.294553556204625089e+00,-1.351214425523803886e+00,-3.139213285203424353e-01,-1.637444108725763625e+00,-3.268700782075028677e+00,-4.594129066215471902e+00,-5.841189160598251107e+00,-1.415236219977064502e+00,-6.496641081020065878e-01,-2.003674370417069639e+00
-2.294553556204625089e+00,-1.351214425523803886e+00,-3.139213285203424353e-01,-1.637444108725763625e+00,-3.268700782075028677e+00,-4.594129066215471902e+00,-5.841189160598251107e+00,-1.415236219977064502e+00,-6.496641081020065878e-01,-2.003674370417069639e+00
-2.294553556204625089e+00,-1.351214425523803886e+00,-3.139213285203424353e-01,-1.637444108725763625e+00,-3.268700782075028677e+00,-4.594129066215471902e+00,-5.841189160598251107e+00,-1.415236219977064502e+00,-6.496641081020065878e-01,-2.003674370417069639e+00
-2.294553556204625089e+00,-1.351214425523803886e+00,-3.139213285203424353e-01,-1.637444108725763625e+00,-3.268700782075028677e+00,-4.594129066215471902e+00,-5.841189160598251107e+00,-1.415236219977064502e+00,-6.496641081020065878e-01,-2.003674370417069639e+00
-2.294553556204625089e+00,-1.351214425523803886e+00,-3.139213285203424353e-01,-1.637444108725763625e+00,-3.268700782075028677e+00,-4.594129066215471902e+00,-5.841189160598251107e+00,-1.415236219977064502e+00,-6.496641081020065878e-01,-2.003674370417069639e+00
-2.294553556204625089e+00,-1.351214425523803886e+00,-3.139213285203424353e-01,-1.637444108725763625e+00,-3.268700782075028677e+00,-4.594129066215471902e+00,-5.841189160598251107e+00,-1.415236219977064502e+00,-6.496641081020065878e-01,-2.003674370417069639e+00
-2.294553556204625089e+00,-1.351214425523803886e+00,-3.139213285203424353e-01,-1.637444108725763625e+00,-3.268700782075028677e+00,-4.594129066215471902e+00,-5.841189160598251107e+00,-1.415236219977064502e+00,-6.496641081020065878e-01,-2.003674370417069639e+00
-2.364094788544492953e+00,-1.351214425523803886e+00,-3.139213285203424353e-01,-1.650518134969827466e+00,-3.268700782075028677e+00,-4.695803978389982092e+00,-5.841189160598251107e+00,-1.415236219977064502e+00,-6.496641081020065878e-01,-2.003674370417069639e+00
-2.364094788544492953e+00,-1.351214425523803886e+00,-3.139213285203424353e-01,-1.650518134969827466e+00,-3.268700782075028677e+00,-4.695803978389982092e+00,-5.841189160598251107e+00,-1.415236219977064502e+00,-1.380729395496247403e+00,-2.003674370417069639e+00
-2.364094788544492953e+00,-1.351214425523803886e+00,-5.240825487248597092e-01,-1.650518134969827466e+00,-3.268700782075028677e+00,-4.695803978389982092e+00,-5.841189160598251107e+00,-1.415236219977064502e+00,-1.380729395496247403e+00,-2.003674370417069639e+00
-2.364094788544492953e+00,-1.351214425523803886e+00,-5.240825487248597092e-01,-1.650518134969827466e+00,-3.268700782075028677e+00,-4.695803978389982092e+00,-5.841189160598251107e+00,-1.415236219977064502e+00,-1.380729395496247403e+00,-2.003674370417069639e+00
-2.364094788544492953e+00,-1.351214425523803886e+00,-5.240825487248597092e-01,-1.650518134969827466e+00,-3.268700782075028677e+00,-4.695803978389982092e+00,-5.841189160598251107e+00,-1.415236219977064502e+00,-1.380729395496247403e+00,-2.003674370417069639e+00
-2.364094788544492953e+00,-1.351214425523803886e+00,-5.240825487248597092e-01,-1.650518134969827466e+00,-3.268700782075028677e+00,-4.695803978389982092e+00,-5.841189160598251107e+00,-1.415236219977064502e+00,-1.380729395496247403e+00,-2.003674370417069639e+00
-2.985203337304094262e+00,-1.351214425523803886e+00,-5.240825487248597092e-01,-1.650518134969827466e+00,-3.268700782075028677e+00,-4.695803978389982092e+00,-5.841189160598251107e+00,-1.415236219977064502e+00,-1.380729395496247403e+00,-2.003674370417069639e+00
-2.985203337304094262e+00,-1.351214425523803886e+00,-5.240825487248597092e-01,-1.650518134969827466e+00,-3.268700782075028677e+00,-4.695803978389982092e+00,-5.841189160598251107e+00,-1.415236219977064502e+00,-1.380729395496247403e+00,-2.003674370417069639e+00
-2.985203337304094262e+00,-1.351214425523803886e+00,-5.240825487248597092e-01,-1.650518134969827466e+00,-3.268700782075028677e+00,-4.695803978389982092e+00,-5.841189160598251107e+00,-1.415236219977064502e+00,-1.380729395496247403e+00,-2.003674370417069639e+00
-2.985203337304094262e+00,-1.351214425523803886e+00,-5.240825487248597092e-01,-1.650518134969827466e+00,-3.268700782075028677e+00,-4.695803978389982092e+00,-5.841189160598251107e+00,-1.415236219977064502e+00,-1.380729395496247403e+00,-2.003674370417069639e+00
-2.985203337304094262e+00,-1.351214425523803886e+00,-5.240825487248597092e-01,-1.650518134969827466e+00,-3.268700782075028677e+00,-4.695803978389982092e+00,-5.841189160598251107e+00,-1.415236219977064502e+00,-1.380729395496247403e+00,-2.003674370417069639e+00
-2.985203337304094262e+00,-1.351214425523803886e+00,-5.240825487248597092e-01,-1.650518134969827466e+00,-3.268700782075028677e+00,-4.695803978389982092e+00,-5.841189160598251107e+00,-1.415236219977064502e+00,-1.380729395496247403e+00,-2.003674370417069639e+00
-2.985203337304094262e+00,-1.351214425523803886e+00,-5.240825487248597092e-01,-1.650518134969827466e+00,-3.268700782075028677e+00,-4.695803978389982092e+00,-5.841189160598251107e+00,-1.415236219977064502e+00,-1.380729395496247403e+00,-2.003674370417069639e+00
-2.985203337304094262e+00,-1.351214425523803886e+00,-5.240825487248597092e-01,-1.650518134969827466e+00,-3.268700782075028677e+00,-4.695803978389982092e+00,-5.841189160598251107e+00,-1.415236219977064502e+00,-1.380729395496247403e+00,-2.003674370417069639e+00
-2.985203337304094262e+00,-1.351214425523803886e+00,-8.085232897251293238e-01,-1.650518134969827466e+00,-3.268700782075028677e+00,-4.695803978389982092e+00,-5.841189160598251107e+00,-1.415236219977064502e+00,-1.380729395496247403e+00,-2.003674370417069639e+00
-2.985203337304094262e+00,-1.351214425523803886e+00,-8.085232897251293238e-01,-1.650518134969827466e+00,-3.268700782075028677e+00,-4.695803978389982092e+00,-5.841189160598251107e+00,-1.415236219977064502e+00,-1.380729395496247403e+00,-2.003674370417069639e+00
-2.985203337304094262e+00,-1.351214425523803886e+00,-8.085232897251293238e-01,-1.650518134969827466e+00,-3.268700782075028677e+00,-4.695803978389982092e+00,-5.841189160598251107e+00,-1.415236219977064502e+00,-1.380729395496247403e+00,-2.003674370417069639e+00
-2.985203337304094262e+00,-1.351214425523803886e+00,-8.085232897251293238e-01,-1.650518134969827466e+00,-3.268700782075028677e+00,-4.695803978389982092e+00,-5.841189160598251107e+00,-1.415236219977064502e+00,-1.380729395496247403e+00,-2.003674370417069639e+00
-2.985203337304094262e+00,-1.351214425523803886e+00,-8.085232897251293238e-01,-1.650518134969827466e+00,-3.268700782075028677e+00,-4.695803978389982092e+00,-5.841189160598251107e+00,-1.415236219977064502e+00,-1.380729395496247403e+00,-2.003674370417069639e+00
-2.985203337304094262e+00,-1.351214425523803886e+00,-8.085232897251293238e-01,-1.650518134969827466e+00,-3.268700782075028677e+00,-4.695803978389982092e+00,-5.841189160598251107e+00,-1.415236219977064502e+00,-1.380729395496247403e+00,-2.003674370417069639e+00
-2.985203337304094262e+00,-1.351214425523803886e+00,-8.085232897251293238e-01,-1.650518134969827466e+00,-3.268700782075028677e+00,-4.695803978389982092e+00,-5.841189160598251107e+00,-1.415236219977064502e+00,-1.380729395496247403e+00,-2.003674370417069639e+00
-5.087923082643730943e+00,-1.351214425523803886e+00,-8.085232897251293238e-01,-1.650518134969827466e+00,-3.268700782075028677e+00,-4.695803978389982092e+00,-5.841189160598251107e+00,-1.415236219977064502e+00,-1.380729395496247403e+00,-2.003674370417069639e+00
-5.087923082643730943e+00,-1.351214425523803886e+00,-8.085232897251293238e-01,-1.650518134969827466e+00,-3.268700782075028677e+00,-4.695803978389982092e+00,-5.841189160598251107e+00,-1.415236219977064502e+00,-1.380729395496247403e+00,-2.003674370417069639e+00
-5.087923082643730943e+00,-1.351214425523803886e+00,-8.085232897251293238e-01,-1.650518134969827466e+00,-3.268700782075028677e+00,-4.695803978389982092e+00,-5.841189160598251107e+00,-1.415236219977064502e+00,-1.380729395496247403e+00,-2.003674370417069639e+00
-5.087923082643730943e+00,-1.351214425523803886e+00,-8.085232897251293238e-01,-1.650518134969827466e+00,-3.268700782075028677e+00,-4.695803978389982092e+00,-5.841189160598251107e+00,-1.415236219977064502e+00,-1.380729395496247403e+00,-2.003674370417069639e+00
-5.087923082643730943e+00,-1.351214425523803886e+00,-8.085232897251293238e-01,-1.650518134969827466e+00,-3.268700782075028677e+00,-4.695803978389982092e+00,-5.841189160598251107e+00,-1.415236219977064502e+00,-1.380729395496247403e+00,-2.003674370417069639e+00
-5.087923082643730943e+00,-1.351214425523803886e+00,-8.085232897251293238e-01,-1.650518134969827466e+00,-3.268700782075028677e+00,-4.695803978389982092e+00,-5.841189160598251107e+00,-1.415236219977064502e+00,-1.380729395496247403e+00,-2.003674370417069639e+00
-5.087923082643730943e+00,-1.351214425523803886e+00,-8.085232897251293238e-01,-1.650518134969827466e+00,-3.268700782075028677e+00,-4.695803978389982092e+00,-5.841189160598251107e+00,-1.415236219977064502e+00,-1.380729395496247403e+00,-2.003674370417069639e+00
-5.087923082643730943e+00,-1.351214425523803886e+00,-1.404376998563974022e+00,-1.650518134969827466e+00,-3.268700782075028677e+00,-4.695803978389982092e+00,-5.841189160598251107e+00,-1.415236219977064502e+00,-1.380729395496247403e+00,-2.003674370417069639e+00
-5.087923082643730943e+00,-1.351214425523803886e+00,-1.404376998563974022e+00,-1.650518134969827466e+00,-3.268700782075028677e+00,-4.695803978389982092e+00,-5.841189160598251107e+00,-1.415236219977064502e+00,-1.380729395496247403e+00,-2.003674370417069639e+00
-5.087923082643730943e+00,-1.351214425523803886e+00,-1.404376998563974022e+00,-1.650518134969827466e+00,-3.268700782075028677e+00,-4.695803978389982092e+00,-5.841189160598251107e+00,-1.415236219977064502e+00,-1.380729395496247403e+00,-2.003674370417069639e+00
-5.087923082643730943e+00,-1.351214425523803886e+00,-1.404376998563974022e+00,-1.650518134969827466e+00,-3.268700782075028677e+00,-4.695803978389982092e+00,-6.522491589230528852e+00,-1.415236219977064502e+00,-1.380729395496247403e+00,-2.003674370417069639e+00
-5.087923082643730943e+00,-1.351214425523803886e+00,-1.404376998563974022e+00,-1.650518134969827466e+00,-3.268700782075028677e+00,-4.695803978389982092e+00,-6.522491589230528852e+00,-1.415236219977064502e+00,-1.380729395496247403e+00,-2.003674370417069639e+00
-5.087923082643730943e+00,-1.351214425523803886e+00,-1.404376998563974022e+00,-1.650518134969827466e+00,-3.268700782075028677e+00,-4.695803978389982092e+00,-6.522491589230528852e+00,-1.415236219977064502e+00,-1.380729395496247403e+00,-2.003674370417069639e+00
-5.087923082643730943e+00,-1.351214425523803886e+00,-1.404376998563974022e+00,-1.650518134969827466e+00,-3.268700782075028677e+00,-4.695803978389982092e+00,-6.522491589230528852e+00,-1.415236219977064502e+00,-1.380729395496247403e+00,-2.003674370417069639e+00
-5.087923082643730943e+00,-1.351214425523803886e+00,-1.404376998563974022e+00,-1.650518134969827466e+00,-3.268700782075028677e+00,-4.695803978389982092e+00,-6.522491589230528852e+00,-1.415236219977064502e+00,-1.380729395496247403e+00,-2.003674370417069639e+00
-5.087923082643730943e+00,-1.351214425523803886e+00,-1.404376998563974022e+00,-1.650518134969827466e+00,-3.268700782075028677e+00,-4.695803978389982092e+00,-6.522491589230528852e+00,-1.415236219977064502e+00,-1.380729395496247403e+00,-2.003674370417069639e+00
-5.087923082643730943e+00,-1.351214425523803886e+00,-1.404376998563974022e+00,-1.735431564018899753e+00,-3.268700782075028677e+00,-4.695803978389982092e+00,-6.522491589230528852e+00,-1.415236219977064502e+00,-1.380729395496247403e+00,-2.003674370417069639e+00
-5.087923082643730943e+00,-1.351214425523803886e+00,-1.404376998563974022e+00,-1.735431564018899753e+00,-3.268700782075028677e+00,-4.695803978389982092e+00,-6.522491589230528852e+00,-1.415236219977064502e+00,-1.380729395496247403e+00,-2.003674370417069639e+00
-5.087923082643730943e+00,-1.351214425523803886e+00,-1.404376998563974022e+00,-1.735431564018899753e+00,-3.268700782075028677e+00,-4.695803978389982092e+00,-6.522491589230528852e+00,-1.415236219977064502e+00,-1.380729395496247403e+00,-2.003674370417069639e+00
-5.087923082643730943e+00,-1.351214425523803886e+00,-1.404376998563974022e+00,-1.735431564018899753e+00,-3.268700782075028677e+00,-4.695803978389982092e+00,-6.522491589230528852e+00,-1.415236219977064502e+00,-1.380729395496247403e+00,-2.003674370417069639e+00
-5.087923082643730943e+00,-1.351214425523803886e+00,-1.404376998563974022e+00,-1.735431564018899753e+00,-3.268700782075028677e+00,-4.695803978389982092e+00,-6.522491589230528852e+00,-1.415236219977064502e+00,-1.380729395496247403e+00,-2.003674370417069639e+00
-5.087923082643730943e+00,-1.351214425523803886e+00,-1.404376998563974022e+00,-1.735431564018899753e+00,-3.268700782075028677e+00,-4.695803978389982092e+00,-6.522491589230528852e+00,-1.415236219977064502e+00,-1.380729395496247403e+00,-2.003674370417069639e+00
-5.087923082643730943e+00,-1.351214425523803886e+00,-1.404376998563974022e+00,-1.735431564018899753e+00,-3.268700782075028677e+00,-4.695803978389982092e+00,-6.522491589230528852e+00,-1.415236219977064502e+00,-1.380729395496247403e+00,-2.003674370417069639e+00
-5.087923082643730943e+00,-1.351214425523803886e+00,-1.404376998563974022e+00,-1.735431564018899753e+00,-3.268700782075028677e+00,-4.695803978389982092e+00,-6.522491589230528852e+00,-1.415236219977064502e+00,-1.380729395496247403e+00,-2.003674370417069639e+00
-5.087923082643730943e+00,-1.351214425523803886e+00,-1.404376998563974022e+00,-1.735431564018899753e+00,-3.268700782075028677e+00,-4.695803978389982092e+00,-6.522491589230528852e+00,-1.415236219977064502e+00,-1.380729395496247403e+00,-2.003674370417069639e+00
-5.087923082643730943e+00,-1.351214425523803886e+00,-1.404376998563974022e+00,-1.735431564018899753e+00,-3.268700782075028677e+00,-4.695803978389982092e+00,-6.522491589230528852e+00,-1.415236219977064502e+00,-1.380729395496247403e+00,-2.003674370417069639e+00
-5.087923082643730943e+00,-1.351214425523803886e+00,-1.404376998563974022e+00,-1.735431564018899753e+00,-3.268700782075028677e+00,-4.695803978389982092e+00,-6.522491589230528852e+00,-1.415236219977064502e+00,-1.380729395496247403e+00,-2.003674370417069639e+00
-5.087923082643730943e+00,-1.351214425523803886e+00,-1.404376998563974022e+00,-1.735431564018899753e+00,-3.268700782075028677e+00,-4.695803978389982092e+00,-6.522491589230528852e+00,-1.415236219977064502e+00,-1.380729395496247403e+00,-2.003674370417069639e+00
-5.087923082643730943e+00,-1.351214425523803886e+00,-1.404376998563974022e+00,-1.735431564018899753e+00,-3.268700782075028677e+00,-4.695803978389982092e+00,-6.522491589230528852e+00,-1.415236219977064502e+00,-1.380729395496247403e+00,-2.003674370417069639e+00
-5.087923082643730943e+00,-1.351214425523803886e+00,-1.404376998563974022e+00,-1.735431564018899753e+00,-3.268700782075028677e+00,-4.695803978389982092e+00,-6.522491589230528852e+00,-1.415236219977064502e+00,-1.380729395496247403e+00,-2.054069542243335711e+00
-5.087923082643730943e+00,-1.351214425523803886e+00,-1.404376998563974022e+00,-1.735431564018899753e+00,-3.268700782075028677e+00,-4.695803978389982092e+00,-6.522491589230528852e+00,-1.415236219977064502e+00,-1.380729395496247403e+00,-2.054069542243335711e+00
-5.087923082643730943e+00,-1.351214425523803886e+00,-1.404376998563974022e+00,-1.735431564018899753e+00,-3.268700782075028677e+00,-4.695803978389982092e+00,-6.522491589230528852e+00,-1.415236219977064502e+00,-1.380729395496247403e+00,-2.054069542243335711e+00
-5.087923082643730943e+00,-1.351214425523803886e+00,-1.404376998563974022e+00,-1.735431564018899753e+00,-3.268700782075028677e+00,-4.695803978389982092e+00,-6.522491589230528852e+00,-1.415236219977064502e+00,-1.380729395496247403e+00,-2.054069542243335711e+00
-5.087923082643730943e+00,-1.351214425523803886e+00,-1.404376998563974022e+00,-1.735431564018899753e+00,-3.268700782075028677e+00,-4.695803978389982092e+00,-6.522491589230528852e+00,-1.415236219977064502e+00,-1.380729395496247403e+00,-2.054069542243335711e+00
-5.087923082643730943e+00,-1.351214425523803886e+00,-1.404376998563974022e+00,-1.735431564018899753e+00,-3.268700782075028677e+00,-4.695803978389982092e+00,-6.522491589230528852e+00,-1.415236219977064502e+00,-1.380729395496247403e+00,-2.054069542243335711e+00
-5.087923082643730943e+00,-1.351214425523803886e+00,-1.404376998563974022e+00,-1.735431564018899753e+00,-3.268700782075028677e+00,-4.695803978389982092e+00,-6.522491589230528852e+00,-1.415236219977064502e+00,-1.380729395496247403e+00,-2.054069542243335711e+00
-5.087923082643730943e+00,-1.351214425523803886e+00,-1.404376998563974022e+00,-1.735431564018899753e+00,-3.268700782075028677e+00,-4.695803978389982092e+00,-6.522491589230528852e+00,-1.415236219977064502e+00,-1.380729395496247403e+00,-2.054069542243335711e+00
-5.087923082643730943e+00,-1.351214425523803886e+00,-1.404376998563974022e+00,-1.735431564018899753e+00,-3.268700782075028677e+00,-4.695803978389982092e+00,-6.522491589230528852e+00,-1.415236219977064502e+00,-1.380729395496247403e+00,-2.054069542243335711e+00
-5.087923082643730943e+00,-1.351214425523803886e+00,-1.404376998563974022e+00,-1.735431564018899753e+00,-3.268700782075028677e+00,-4.695803978389982092e+00,-6.522491589230528852e+00,-1.415236219977064502e+00,-1.380729395496247403e+00,-2.054069542243335711e+00
-5.087923082643730943e+00,-1.351214425523803886e+00,-1.404376998563974022e+00,-1.735431564018899753e+00,-3.268700782075028677e+00,-4.695803978389982092e+00,-6.522491589230528852e+00,-1.415236219977064502e+00,-1.380729395496247403e+00,-2.054069542243335711e+00
-5.087923082643730943e+00,-1.351214425523803886e+00,-1.404376998563974022e+00,-1.735431564018899753e+00,-3.268700782075028677e+00,-4.695803978389982092e+00,-6.522491589230528852e+00,-1.415236219977064502e+00,-1.380729395496247403e+00,-2.054069542243335711e+00
-5.087923082643730943e+00,-1.351214425523803886e+00,-1.404376998563974022e+00,-1.735431564018899753e+00,-3.268700782075028677e+00,-4.695803978389982092e+00,-6.522491589230528852e+00,-1.415236219977064502e+00,-1.380729395496247403e+00,-2.054069542243335711e+00
-5.087923082643730943e+00,-1.351214425523803886e+00,-1.404376998563974022e+00,-1.735431564018899753e+00,-3.268700782075028677e+00,-4.695803978389982092e+00,-6.522491589230528852e+00,-1.415236219977064502e+00,-1.380729395496247403e+00,-2.054069542243335711e+00
-5.087923082643730943e+00,-1.351214425523803886e+00,-1.404376998563974022e+00,-1.735431564018899753e+00,-3.268700782075028677e+00,-4.695803978389982092e+00,-6.522491589230528852e+00,-1.415236219977064502e+00,-1.380729395496247403e+00,-2.054069542243335711e+00
-5.087923082643730943e+00,-1.351214425523803886e+00,-1.404376998563974022e+00,-1.735431564018899753e+00,-3.268700782075028677e+00,-4.695803978389982092e+00,-6.522491589230528852e+00,-1.415236219977064502e+00,-1.380729395496247403e+00,-2.054069542243335711e+00
-5.087923082643730943e+00,-1.351214425523803886e+00,-1.404376998563974022e+00,-1.735431564018899753e+00,-3.268700782075028677e+00,-4.695803978389982092e+00,-6.522491589230528852e+00,-1.415236219977064502e+00,-1.380729395496247403e+00,-2.054069542243335711e+00
-5.087923082643730943e+00,-1.351214425523803886e+00,-1.404376998563974022e+00,-1.735431564018899753e+00,-3.268700782075028677e+00,-4.695803978389982092e+00,-6.522491589230528852e+00,-1.415236219977064502e+00,-1.380729395496247403e+00,-2.054069542243335711e+00
-5.087923082643730943e+00,-1.351214425523803886e+00,-1.507907498881492225e+00,-1.735431564018899753e+00,-3.268700782075028677e+00,-4.695803978389982092e+00,-6.522491589230528852e+00,-1.415236219977064502e+00,-1.380729395496247403e+00,-2.054069542243335711e+00
-5.087923082643730943e+00,-1.351214425523803886e+00,-1.507907498881492225e+00,-1.735431564018899753e+00,-3.268700782075028677e+00,-4.695803978389982092e+00,-6.522491589230528852e+00,-1.415236219977064502e+00,-1.380729395496247403e+00,-2.054069542243335711e+00
-5.087923082643730943e+00,-1.351214425523803886e+00,-1.507907498881492225e+00,-1.735431564018899753e+00,-3.268700782075028677e+00,-4.695803978389982092e+00,-6.522491589230528852e+00,-1.415236219977064502e+00,-1.380729395496247403e+00,-2.054069542243335711e+00
-5.087923082643730943e+00,-1.351214425523803886e+00,-1.507907498881492225e+00,-1.735431564018899753e+00,-3.268700782075028677e+00,-4.695803978389982092e+00,-6.522491589230528852e+00,-1.415236219977064502e+00,-1.380729395496247403e+00,-2.054069542243335711e+00
-5.087923082643730943e+00,-1.351214425523803886e+00,-1.507907498881492225e+00,-1.735431564018899753e+00,-3.268700782075028677e+00,-4.695803978389982092e+00,-6.522491589230528852e+00,-1.415236219977064502e+00,-1.380729395496247403e+00,-2.054069542243335711e+00
-5.087923082643730943e+00,-1.351214425523803886e+00,-2.030747261976642015e+00,-1.735431564018899753e+00,-3.268700782075028677e+00,-4.695803978389982092e+00,-6.522491589230528852e+00,-1.415236219977064502e+00,-1.380729395496247403e+00,-2.054069542243335711e+00
-5.087923082643730943e+00,-1.351214425523803886e+00,-2.030747261976642015e+00,-1.735431564018899753e+00,-3.268700782075028677e+00,-4.695803978389982092e+00,-6.522491589230528852e+00,-1.415236219977064502e+00,-1.380729395496247403e+00,-2.054069542243335711e+00
-5.087923082643730943e+00,-1.351214425523803886e+00,-2.030747261976642015e+00,-1.735431564018899753e+00,-3.268700782075028677e+00,-4.695803978389982092e+00,-6.522491589230528852e+00,-1.415236219977064502e+00,-1.380729395496247403e+00,-2.054069542243335711e+00
-5.087923082643730943e+00,-1.351214425523803886e+00,-2.030747261976642015e+00,-1.735431564018899753e+00,-3.268700782075028677e+00,-4.695803978389982092e+00,-6.522491589230528852e+00,-1.415236219977064502e+00,-1.380729395496247403e+00,-2.054069542243335711e+00
-5.087923082643730943e+00,-1.351214425523803886e+00,-2.030747261976642015e+00,-1.735431564018899753e+00,-3.268700782075028677e+00,-4.695803978389982092e+00,-6.522491589230528852e+00,-1.415236219977064502e+00,-1.380729395496247403e+00,-2.054069542243335711e+00
-5.087923082643730943e+00,-1.351214425523803886e+00,-2.495610692067394609e+00,-1.735431564018899753e+00,-3.268700782075028677e+00,-4.695803978389982092e+00,-6.522491589230528852e+00,-1.415236219977064502e+00,-1.380729395496247403e+00,-2.054069542243335711e+00
-5.087923082643730943e+00,-1.659130375167142013e+00,-2.495610692067394609e+00,-1.735431564018899753e+00,-3.268700782075028677e+00,-4.695803978389982092e+00,-6.522491589230528852e+00,-1.415236219977064502e+00,-1.380729395496247403e+00,-2.054069542243335711e+00
-5.087923082643730943e+00,-1.659130375167142013e+00,-2.495610692067394609e+00,-1.735431564018899753e+00,-3.268700782075028677e+00,-4.695803978389982092e+00,-6.522491589230528852e+00,-1.415236219977064502e+00,-1.380729395496247403e+00,-2.054069542243335711e+00
-5.087923082643730943e+00,-1.659130375167142013e+00,-2.495610692067394609e+00,-1.735431564018899753e+00,-3.268700782075028677e+00,-4.695803978389982092e+00,-6.522491589230528852e+00,-1.415236219977064502e+00,-1.380729395496247403e+00,-2.054069542243335711e+00
-5.087923082643730943e+00,-1.659130375167142013e+00,-2.495610692067394609e+00,-1.735431564018899753e+00,-3.268700782075028677e+00,-4.695803978389982092e+00,-6.522491589230528852e+00,-1.415236219977064502e+00,-1.380729395496247403e+00,-2.054069542243335711e+00
-5.087923082643730943e+00,-1.659130375167142013e+00,-2.495610692067394609e+00,-1.735431564018899753e+00,-3.268700782075028677e+00,-4.695803978389982092e+00,-6.522491589230528852e+00,-1.415236219977064502e+00,-1.380729395496247403e+00,-2.054069542243335711e+00
-5.087923082643730943e+00,-1.659130375167142013e+00,-2.495610692067394609e+00,-1.735431564018899753e+00,-3.268700782075028677e+00,-4.695803978389982092e+00,-6.522491589230528852e+00,-1.415236219977064502e+00,-1.380729395496247403e+00,-2.054069542243335711e+00
-5.087923082643730943e+00,-1.659130375167142013e+00,-2.495610692067394609e+00,-1.735431564018899753e+00,-3.268700782075028677e+00,-4.695803978389982092e+00,-6.522491589230528852e+00,-1.415236219977064502e+00,-1.380729395496247403e+00,-2.054069542243335711e+00
-5.087923082643730943e+00,-1.659130375167142013e+00,-2.495610692067394609e+00,-1.735431564018899753e+00,-3.268700782075028677e+00,-4.695803978389982092e+00,-6.522491589230528852e+00,-1.415236219977064502e+00,-1.380729395496247403e+00,-2.054069542243335711e+00
-5.087923082643730943e+00,-1.659130375167142013e+00,-2.495610692067394609e+00,-1.735431564018899753e+00,-3.268700782075028677e+00,-4.695803978389982092e+00,-6.522491589230528852e+00,-1.415236219977064502e+00,-1.380729395496247403e+00,-2.054069542243335711e+00
-5.087923082643730943e+00,-1.659130375167142013e+00,-2.495610692067394609e+00,-1.735431564018899753e+00,-3.268700782075028677e+00,-4.695803978389982092e+00,-6.522491589230528852e+00,-1.415236219977064502e+00,-1.380729395496247403e+00,-2.054069542243335711e+00
-5.087923082643730943e+00,-1.659130375167142013e+00,-2.495610692067394609e+00,-1.735431564018899753e+00,-3.268700782075028677e+00,-4.695803978389982092e+00,-6.522491589230528852e+00,-1.415236219977064502e+00,-1.380729395496247403e+00,-2.054069542243335711e+00
-5.087923082643730943e+00,-1.659130375167142013e+00,-2.495610692067394609e+00,-1.735431564018899753e+00,-3.268700782075028677e+00,-4.695803978389982092e+00,-6.522491589230528852e+00,-1.415236219977064502e+00,-1.380729395496247403e+00,-2.054069542243335711e+00
-5.087923082643730943e+00,-1.659130375167142013e+00,-2.495610692067394609e+00,-1.735431564018899753e+00,-3.268700782075028677e+00,-4.695803978389982092e+00,-6.522491589230528852e+00,-1.415236219977064502e+00,-1.380729395496247403e+00,-2.054069542243335711e+00
-5.087923082643730943e+00,-1.659130375167142013e+00,-2.495610692067394609e+00,-1.735431564018899753e+00,-3.268700782075028677e+00,-4.695803978389982092e+00,-6.522491589230528852e+00,-1.415236219977064502e+00,-1.380729395496247403e+00,-2.054069542243335711e+00
-5.087923082643730943e+00,-1.659130375167142013e+00,-2.495610692067394609e+00,-1.735431564018899753e+00,-3.268700782075028677e+00,-4.695803978389982092e+00,-6.522491589230528852e+00,-1.415236219977064502e+00,-1.380729395496247403e+00,-2.054069542243335711e+00
-5.087923082643730943e+00,-1.659130375167142013e+00,-2.495610692067394609e+00,-1.735431564018899753e+00,-3.268700782075028677e+00,-4.695803978389982092e+00,-6.522491589230528852e+00,-1.415236219977064502e+00,-1.380729395496247403e+00,-2.054069542243335711e+00
-5.087923082643730943e+00,-1.659130375167142013e+00,-2.495610692067394609e+00,-1.735431564018899753e+00,-3.268700782075028677e+00,-4.695803978389982092e+00,-6.522491589230528852e+00,-1.415236219977064502e+00,-1.380729395496247403e+00,-2.054069542243335711e+00
-5.087923082643730943e+00,-1.659130375167142013e+00,-2.495610692067394609e+00,-1.735431564018899753e+00,-3.268700782075028677e+00,-4.695803978389982092e+00,-6.522491589230528852e+00,-1.415236219977064502e+00,-1.380729395496247403e+00,-2.054069542243335711e+00
-5.087923082643730943e+00,-1.659130375167142013e+00,-2.495610692067394609e+00,-1.735431564018899753e+00,-3.268700782075028677e+00,-4.695803978389982092e+00,-6.522491589230528852e+00,-1.415236219977064502e+00,-1.380729395496247403e+00,-2.054069542243335711e+00
-5.087923082643730943e+00,-1.659130375167142013e+00,-2.495610692067394609e+00,-1.735431564018899753e+00,-3.268700782075028677e+00,-4.695803978389982092e+00,-6.522491589230528852e+00,-1.415236219977064502e+00,-1.380729395496247403e+00,-2.054069542243335711e+00
-5.087923082643730943e+00,-1.659130375167142013e+00,-2.495610692067394609e+00,-1.735431564018899753e+00,-3.268700782075028677e+00,-4.695803978389982092e+00,-6.522491589230528852e+00,-1.415236219977064502e+00,-1.380729395496247403e+00,-2.054069542243335711e+00
