3.742695931162203782e-01,7.282797926487847295e-01,2.036868057388288911e+00,8.134803927081705188e-01,2.805496620976496658e+00,4.738243596325581564e+00,1.975400845577534703e+00,-8.306877969628055913e-01,9.062250512234085731e-01,1.460741935424109572e+00
3.742695931162203782e-01,-2.874783110247331130e+00,1.710801921855319208e+00,8.134803927081705188e-01,2.547074548832720442e+00,2.105958424266972440e+00,1.883348242557771446e+00,-8.331296628597498755e-01,-1.900615570729678794e+00,1.460741935424109572e+00
3.742695931162203782e-01,-2.874783110247331130e+00,-1.709167381958466514e+00,8.134803927081705188e-01,2.547074548832720442e+00,2.105958424266972440e+00,1.088894025894034057e+00,-8.331296628597498755e-01,-1.900615570729678794e+00,1.460741935424109572e+00
3.742695931162203782e-01,-2.874783110247331130e+00,-1.709167381958466514e+00,8.134803927081705188e-01,2.547074548832720442e+00,2.105958424266972440e+00,1.088894025894034057e+00,-1.139037904350874708e+00,-1.900615570729678794e+00,1.460741935424109572e+00
3.742695931162203782e-01,-2.874783110247331130e+00,-1.709167381958466514e+00,2.244097857740719182e-01,2.547074548832720442e+00,2.105958424266972440e+00,1.088894025894034057e+00,-1.139037904350874708e+00,-1.900615570729678794e+00,1.460741935424109572e+00
-2.451650747226661875e-01,-2.874783110247331130e+00,-1.709167381958466514e+00,2.244097857740719182e-01,2.547074548832720442e+00,2.105958424266972440e+00,5.655154032366996875e-01,-1.139037904350874708e+00,-1.900615570729678794e+00,1.460741935424109572e+00
-2.451650747226661875e-01,-2.874783110247331130e+00,-1.709167381958466514e+00,2.244097857740719182e-01,2.095488531302965640e+00,2.105958424266972440e+00,5.655154032366996875e-01,-1.139037904350874708e+00,-2.238505186886173171e+00,1.457019598890107792e+00
-2.451650747226661875e-01,-2.874783110247331130e+00,-1.709167381958466514e+00,2.244097857740719182e-01,2.095488531302965640e+00,2.105958424266972440e+00,5.655154032366996875e-01,-1.139037904350874708e+00,-2.238505186886173171e+00,1.457019598890107792e+00
-2.451650747226661875e-01,-2.874783110247331130e+00,-1.709167381958466514e+00,2.244097857740719182e-01,2.095488531302965640e+00,2.105958424266972440e+00,5.655154032366996875e-01,-2.746740769253356085e+00,-2.238505186886173171e+00,1.457019598890107792e+00
-3.325819484451151276e-01,-2.874783110247331130e+00,-1.709167381958466514e+00,2.244097857740719182e-01,2.095488531302965640e+00,2.105958424266972440e+00,5.655154032366996875e-01,-2.746740769253356085e+00,-2.238505186886173171e+00,1.457019598890107792e+00
-3.325819484451151276e-01,-2.874783110247331130e+00,-1.709167381958466514e+00,-1.446141354841189997e-01,2.095488531302965640e+00,2.105958424266972440e+00,5.655154032366996875e-01,-2.746740769253356085e+00,-2.238505186886173171e+00,1.457019598890107792e+00
-5.314414261628899183e-01,-2.874783110247331130e+00,-1.709167381958466514e+00,-1.446141354841189997e-01,2.095488531302965640e+00,2.105958424266972440e+00,5.655154032366996875e-01,-2.746740769253356085e+00,-2.238505186886173171e+00,1.457019598890107792e+00
-7.036007449883771026e-01,-2.874783110247331130e+00,-1.709167381958466514e+00,-1.446141354841189997e-01,8.698794683298901598e-01,1.230382256510237804e+00,5.655154032366996875e-01,-2.746740769253356085e+00,-2.238505186886173171e+00,1.457019598890107792e+00
-7.036007449883771026e-01,-2.874783110247331130e+00,-1.709167381958466514e+00,-1.446141354841189997e-01,8.698794683298901598e-01,8.174827871078449437e-01,5.655154032366996875e-01,-2.746740769253356085e+00,-2.238505186886173171e+00,1.457019598890107792e+00
-7.036007449883771026e-01,-2.874783110247331130e+00,-1.709167381958466514e+00,-1.446141354841189997e-01,1.807665277447755292e-01,8.174827871078449437e-01,5.361484820464151868e-01,-2.746740769253356085e+00,-2.238505186886173171e+00,1.457019598890107792e+00
-8.171431001940570038e-01,-2.874783110247331130e+00,-1.733673618101202685e+00,-1.446141354841189997e-01,1.807665277447755292e-01,8.174827871078449437e-01,5.361484820464151868e-01,-2.746740769253356085e+00,-2.238505186886173171e+00,1.457019598890107792e+00
-9.646177381371510151e-01,-2.874783110247331130e+00,-1.733673618101202685e+00,-1.446141354841189997e-01,1.807665277447755292e-01,8.174827871078449437e-01,4.002479153630885134e-01,-2.746740769253356085e+00,-2.238505186886173171e+00,1.142065877820309217e+00
-9.646177381371510151e-01,-2.874783110247331130e+00,-1.733673618101202685e+00,-1.446141354841189997e-01,-4.114870574327440522e+00,4.866426133065267501e-01,4.002479153630885134e-01,-2.746740769253356085e+00,-2.238505186886173171e+00,1.142065877820309217e+00
-1.158277151162889540e+00,-2.874783110247331130e+00,-1.733673618101202685e+00,-1.446141354841189997e-01,-4.114870574327440522e+00,4.866426133065267501e-01,4.002479153630885134e-01,-2.746740769253356085e+00,-2.238505186886173171e+00,1.142065877820309217e+00
-1.158277151162889540e+00,-2.874783110247331130e+00,-1.883890707694893640e+00,-1.446141354841189997e-01,-4.114870574327440522e+00,2.082902874266224780e-01,4.002479153630885134e-01,-2.746740769253356085e+00,-2.238505186886173171e+00,1.142065877820309217e+00
-1.158277151162889540e+00,-2.874783110247331130e+00,-1.883890707694893640e+00,-1.446141354841189997e-01,-4.114870574327440522e+00,2.082902874266224780e-01,-2.476849419524839724e-01,-2.746740769253356085e+00,-2.238505186886173171e+00,1.142065877820309217e+00
-1.158277151162889540e+00,-2.874783110247331130e+00,-1.883890707694893640e+00,-1.446141354841189997e-01,-4.114870574327440522e+00,2.082902874266224780e-01,-6.133173465017601744e-01,-2.946609085418768981e+00,-2.238505186886173171e+00,1.142065877820309217e+00
-1.158277151162889540e+00,-2.874783110247331130e+00,-2.356115825758763549e+00,-1.446141354841189997e-01,-4.114870574327440522e+00,2.082902874266224780e-01,-6.133173465017601744e-01,-2.946609085418768981e+00,-2.238505186886173171e+00,1.142065877820309217e+00
-1.158277151162889540e+00,-2.874783110247331130e+00,-2.356115825758763549e+00,-1.446141354841189997e-01,-4.114870574327440522e+00,2.082902874266224780e-01,-6.133173465017601744e-01,-2.946609085418768981e+00,-2.238505186886173171e+00,1.142065877820309217e+00
-1.158277151162889540e+00,-2.874783110247331130e+00,-2.356115825758763549e+00,-1.446141354841189997e-01,-4.114870574327440522e+00,2.082902874266224780e-01,-6.133173465017601744e-01,-2.946609085418768981e+00,-2.634698432457363904e+00,1.142065877820309217e+00
-1.158277151162889540e+00,-2.874783110247331130e+00,-2.356115825758763549e+00,-1.446141354841189997e-01,-4.114870574327440522e+00,2.082902874266224780e-01,-6.133173465017601744e-01,-2.946609085418768981e+00,-3.267216142473436946e+00,1.142065877820309217e+00
-1.158277151162889540e+00,-2.874783110247331130e+00,-2.356115825758763549e+00,-1.446141354841189997e-01,-4.114870574327440522e+00,1.226028840725291134e-03,-6.133173465017601744e-01,-2.946609085418768981e+00,-3.721258970113738851e+00,1.142065877820309217e+00
-1.158277151162889540e+00,-2.874783110247331130e+00,-2.356115825758763549e+00,-1.446141354841189997e-01,-4.114870574327440522e+00,-1.060595364839084925e-01,-7.681530887701358834e-01,-2.946609085418768981e+00,-3.721258970113738851e+00,1.142065877820309217e+00
-1.158277151162889540e+00,-2.874783110247331130e+00,-2.356115825758763549e+00,-4.917965570519556850e-01,-4.114870574327440522e+00,-1.060595364839084925e-01,-7.681530887701358834e-01,-2.946609085418768981e+00,-3.721258970113738851e+00,1.142065877820309217e+00
-1.158277151162889540e+00,-2.874783110247331130e+00,-2.356115825758763549e+00,-1.475791184324972694e+00,-4.114870574327440522e+00,-1.060595364839084925e-01,-7.681530887701358834e-01,-2.946609085418768981e+00,-3.721258970113738851e+00,1.142065877820309217e+00
-1.158277151162889540e+00,-2.874783110247331130e+00,-2.356115825758763549e+00,-1.475791184324972694e+00,-4.114870574327440522e+00,-1.060595364839084925e-01,-1.725915869375073797e+00,-3.190884874772404789e+00,-3.721258970113738851e+00,1.142065877820309217e+00
-1.158277151162889540e+00,-2.874783110247331130e+00,-2.356115825758763549e+00,-1.475791184324972694e+00,-4.114870574327440522e+00,-1.060595364839084925e-01,-1.725915869375073797e+00,-3.190884874772404789e+00,-3.721258970113738851e+00,1.142065877820309217e+00
-1.158277151162889540e+00,-2.874783110247331130e+00,-2.356115825758763549e+00,-1.475791184324972694e+00,-4.114870574327440522e+00,-1.060595364839084925e-01,-1.725915869375073797e+00,-3.190884874772404789e+00,-3.721258970113738851e+00,1.142065877820309217e+00
-1.158277151162889540e+00,-2.874783110247331130e+00,-2.356115825758763549e+00,-1.475791184324972694e+00,-4.114870574327440522e+00,-1.060595364839084925e-01,-1.725915869375073797e+00,-3.190884874772404789e+00,-3.721258970113738851e+00,1.142065877820309217e+00
-1.158277151162889540e+00,-2.874783110247331130e+00,-2.356115825758763549e+00,-1.475791184324972694e+00,-4.114870574327440522e+00,-1.060595364839084925e-01,-1.725915869375073797e+00,-3.190884874772404789e+00,-3.721258970113738851e+00,1.110170218785462959e+00
-1.158277151162889540e+00,-2.874783110247331130e+00,-2.356115825758763549e+00,-1.475791184324972694e+00,-4.114870574327440522e+00,-1.060595364839084925e-01,-1.725915869375073797e+00,-3.190884874772404789e+00,-3.721258970113738851e+00,1.110170218785462959e+00
-1.158277151162889540e+00,-2.874783110247331130e+00,-2.356115825758763549e+00,-1.475791184324972694e+00,-4.114870574327440522e+00,-1.060595364839084925e-01,-1.725915869375073797e+00,-3.190884874772404789e+00,-3.721258970113738851e+00,1.110170218785462959e+00
-1.158277151162889540e+00,-2.874783110247331130e+00,-2.356115825758763549e+00,-1.475791184324972694e+00,-4.114870574327440522e+00,-1.060595364839084925e-01,-1.725915869375073797e+00,-3.190884874772404789e+00,-3.721258970113738851e+00,1.110170218785462959e+00
-1.158277151162889540e+00,-2.874783110247331130e+00,-2.356115825758763549e+00,-1.475791184324972694e+00,-4.114870574327440522e+00,-1.060595364839084925e-01,-1.725915869375073797e+00,-3.190884874772404789e+00,-3.721258970113738851e+00,1.110170218785462959e+00
-1.319862539255200584e+00,-2.874783110247331130e+00,-2.356115825758763549e+00,-1.475791184324972694e+00,-4.114870574327440522e+00,-1.060595364839084925e-01,-1.725915869375073797e+00,-3.190884874772404789e+00,-3.721258970113738851e+00,1.110170218785462959e+00
-1.319862539255200584e+00,-2.874783110247331130e+00,-2.356115825758763549e+00,-1.475791184324972694e+00,-4.114870574327440522e+00,-1.060595364839084925e-01,-1.725915869375073797e+00,-3.190884874772404789e+00,-3.721258970113738851e+00,1.110170218785462959e+00
-1.650973300982516712e+00,-2.874783110247331130e+00,-2.356115825758763549e+00,-1.475791184324972694e+00,-4.114870574327440522e+00,-1.060595364839084925e-01,-1.725915869375073797e+00,-3.190884874772404789e+00,-3.721258970113738851e+00,1.110170218785462959e+00
-2.200706077060191834e+00,-2.874783110247331130e+00,-2.356115825758763549e+00,-1.475791184324972694e+00,-4.114870574327440522e+00,-1.060595364839084925e-01,-1.725915869375073797e+00,-3.190884874772404789e+00,-3.721258970113738851e+00,1.110170218785462959e+00
-2.200706077060191834e+00,-2.874783110247331130e+00,-2.356115825758763549e+00,-1.475791184324972694e+00,-4.114870574327440522e+00,-1.060595364839084925e-01,-1.725915869375073797e+00,-3.190884874772404789e+00,-3.721258970113738851e+00,1.110170218785462959e+00
-2.200706077060191834e+00,-2.874783110247331130e+00,-2.356115825758763549e+00,-1.488362318344883306e+00,-4.114870574327440522e+00,-1.060595364839084925e-01,-1.725915869375073797e+00,-3.190884874772404789e+00,-3.721258970113738851e+00,1.110170218785462959e+00
-2.200706077060191834e+00,-2.874783110247331130e+00,-2.356115825758763549e+00,-1.488362318344883306e+00,-4.114870574327440522e+00,-1.060595364839084925e-01,-1.725915869375073797e+00,-3.190884874772404789e+00,-3.721258970113738851e+00,1.110170218785462959e+00
-2.200706077060191834e+00,-2.874783110247331130e+00,-2.356115825758763549e+00,-1.488362318344883306e+00,-4.114870574327440522e+00,-1.060595364839084925e-01,-1.725915869375073797e+00,-3.190884874772404789e+00,-3.721258970113738851e+00,1.110170218785462959e+00
-2.200706077060191834e+00,-2.874783110247331130e+00,-2.356115825758763549e+00,-1.488362318344883306e+00,-4.114870574327440522e+00,-5.133169156715721160e-01,-1.725915869375073797e+00,-3.190884874772404789e+00,-3.721258970113738851e+00,1.110170218785462959e+00
-2.200706077060191834e+00,-2.874783110247331130e+00,-2.356115825758763549e+00,-1.488362318344883306e+00,-4.114870574327440522e+00,-5.133169156715721160e-01,-1.725915869375073797e+00,-3.190884874772404789e+00,-3.721258970113738851e+00,1.110170218785462959e+00
-2.362855762760153411e+00,-2.874783110247331130e+00,-2.356115825758763549e+00,-1.488362318344883306e+00,-4.114870574327440522e+00,-5.133169156715721160e-01,-1.725915869375073797e+00,-3.190884874772404789e+00,-3.721258970113738851e+00,1.110170218785462959e+00
-2.362855762760153411e+00,-2.874783110247331130e+00,-2.356115825758763549e+00,-1.488362318344883306e+00,-4.114870574327440522e+00,-5.133169156715721160e-01,-1.725915869375073797e+00,-3.190884874772404789e+00,-3.721258970113738851e+00,9.667428184447707240e-01
-2.362855762760153411e+00,-2.874783110247331130e+00,-2.356115825758763549e+00,-1.488362318344883306e+00,-4.114870574327440522e+00,-5.133169156715721160e-01,-1.725915869375073797e+00,-3.190884874772404789e+00,-3.721258970113738851e+00,9.667428184447707240e-01
-2.362855762760153411e+00,-2.874783110247331130e+00,-2.356115825758763549e+00,-3.652126172775808310e+00,-4.114870574327440522e+00,-5.133169156715721160e-01,-1.725915869375073797e+00,-3.190884874772404789e+00,-3.721258970113738851e+00,9.667428184447707240e-01
-2.362855762760153411e+00,-2.874783110247331130e+00,-2.356115825758763549e+00,-3.652126172775808310e+00,-4.114870574327440522e+00,-5.133169156715721160e-01,-1.725915869375073797e+00,-3.190884874772404789e+00,-3.721258970113738851e+00,4.490632209574475509e-01
-2.362855762760153411e+00,-2.874783110247331130e+00,-2.356115825758763549e+00,-3.652126172775808310e+00,-4.114870574327440522e+00,-5.133169156715721160e-01,-1.725915869375073797e+00,-3.190884874772404789e+00,-3.721258970113738851e+00,4.490632209574475509e-01
-3.278840250301381598e+00,-2.874783110247331130e+00,-2.356115825758763549e+00,-3.652126172775808310e+00,-4.114870574327440522e+00,-5.133169156715721160e-01,-1.725915869375073797e+00,-3.190884874772404789e+00,-3.721258970113738851e+00,4.490632209574475509e-01
-3.278840250301381598e+00,-2.874783110247331130e+00,-2.356115825758763549e+00,-4.166712858095323213e+00,-4.114870574327440522e+00,-5.133169156715721160e-01,-1.725915869375073797e+00,-3.190884874772404789e+00,-3.855020958219574467e+00,4.490632209574475509e-01
-3.278840250301381598e+00,-2.874783110247331130e+00,-2.356115825758763549e+00,-4.166712858095323213e+00,-4.114870574327440522e+00,-5.133169156715721160e-01,-1.725915869375073797e+00,-3.190884874772404789e+00,-3.855020958219574467e+00,4.490632209574475509e-01
-3.278840250301381598e+00,-2.874783110247331130e+00,-2.356115825758763549e+00,-4.166712858095323213e+00,-4.114870574327440522e+00,-5.133169156715721160e-01,-1.725915869375073797e+00,-3.190884874772404789e+00,-3.855020958219574467e+00,4.490632209574475509e-01
-4.247811337461777192e+00,-2.874783110247331130e+00,-2.356115825758763549e+00,-4.166712858095323213e+00,-4.114870574327440522e+00,-5.133169156715721160e-01,-1.725915869375073797e+00,-3.190884874772404789e+00,-3.855020958219574467e+00,-1.491613876214829826e-01
-4.247811337461777192e+00,-2.874783110247331130e+00,-2.356115825758763549e+00,-4.166712858095323213e+00,-4.114870574327440522e+00,-5.133169156715721160e-01,-1.725915869375073797e+00,-3.190884874772404789e+00,-3.855020958219574467e+00,-1.491613876214829826e-01
-4.247811337461777192e+00,-2.874783110247331130e+00,-2.356115825758763549e+00,-4.166712858095323213e+00,-4.114870574327440522e+00,-5.133169156715721160e-01,-1.725915869375073797e+00,-3.190884874772404789e+00,-3.855020958219574467e+00,-1.491613876214829826e-01
-4.247811337461777192e+00,-2.874783110247331130e+00,-2.356115825758763549e+00,-4.166712858095323213e+00,-4.114870574327440522e+00,-5.133169156715721160e-01,-1.725915869375073797e+00,-3.190884874772404789e+00,-3.855020958219574467e+00,-1.491613876214829826e-01
-4.247811337461777192e+00,-2.874783110247331130e+00,-2.356115825758763549e+00,-4.166712858095323213e+00,-4.114870574327440522e+00,-5.133169156715721160e-01,-1.725915869375073797e+00,-3.190884874772404789e+00,-3.855020958219574467e+00,-1.491613876214829826e-01
-4.247811337461777192e+00,-2.874783110247331130e+00,-2.356115825758763549e+00,-4.166712858095323213e+00,-4.114870574327440522e+00,-5.133169156715721160e-01,-1.725915869375073797e+00,-3.190884874772404789e+00,-3.855020958219574467e+00,-1.491613876214829826e-01
-4.247811337461777192e+00,-2.874783110247331130e+00,-2.356115825758763549e+00,-4.166712858095323213e+00,-4.114870574327440522e+00,-5.133169156715721160e-01,-1.725915869375073797e+00,-3.190884874772404789e+00,-4.301563660372450748e+00,-1.491613876214829826e-01
-4.247811337461777192e+00,-2.874783110247331130e+00,-2.356115825758763549e+00,-4.166712858095323213e+00,-4.114870574327440522e+00,-5.133169156715721160e-01,-1.725915869375073797e+00,-3.190884874772404789e+00,-4.301563660372450748e+00,-1.951836301449081656e-01
-4.247811337461777192e+00,-2.874783110247331130e+00,-2.356115825758763549e+00,-4.166712858095323213e+00,-4.114870574327440522e+00,-5.133169156715721160e-01,-1.725915869375073797e+00,-3.190884874772404789e+00,-4.301563660372450748e+00,-1.951836301449081656e-01
-4.247811337461777192e+00,-2.874783110247331130e+00,-2.356115825758763549e+00,-4.166712858095323213e+00,-4.114870574327440522e+00,-5.133169156715721160e-01,-1.725915869375073797e+00,-3.190884874772404789e+00,-4.301563660372450748e+00,-1.951836301449081656e-01
-4.247811337461777192e+00,-2.874783110247331130e+00,-2.356115825758763549e+00,-4.166712858095323213e+00,-4.114870574327440522e+00,-5.133169156715721160e-01,-1.725915869375073797e+00,-3.190884874772404789e+00,-4.301563660372450748e+00,-1.951836301449081656e-01
-4.247811337461777192e+00,-2.874783110247331130e+00,-2.356115825758763549e+00,-4.414109370295480339e+00,-4.114870574327440522e+00,-5.133169156715721160e-01,-1.725915869375073797e+00,-3.190884874772404789e+00,-4.301563660372450748e+00,-1.951836301449081656e-01
-4.247811337461777192e+00,-2.874783110247331130e+00,-2.356115825758763549e+00,-4.414109370295480339e+00,-4.114870574327440522e+00,-7.320578165348509136e-01,-1.725915869375073797e+00,-3.190884874772404789e+00,-4.301563660372450748e+00,-1.951836301449081656e-01
-4.247811337461777192e+00,-2.874783110247331130e+00,-2.356115825758763549e+00,-4.414109370295480339e+00,-4.114870574327440522e+00,-7.320578165348509136e-01,-1.725915869375073797e+00,-3.190884874772404789e+00,-4.301563660372450748e+00,-1.951836301449081656e-01
-4.247811337461777192e+00,-2.874783110247331130e+00,-2.356115825758763549e+00,-4.414109370295480339e+00,-4.114870574327440522e+00,-7.320578165348509136e-01,-1.725915869375073797e+00,-3.190884874772404789e+00,-4.301563660372450748e+00,-1.951836301449081656e-01
-4.247811337461777192e+00,-2.874783110247331130e+00,-2.356115825758763549e+00,-4.414109370295480339e+00,-4.114870574327440522e+00,-7.320578165348509136e-01,-1.725915869375073797e+00,-3.190884874772404789e+00,-4.301563660372450748e+00,-1.951836301449081656e-01
-4.247811337461777192e+00,-2.874783110247331130e+00,-2.356115825758763549e+00,-4.414109370295480339e+00,-4.114870574327440522e+00,-7.320578165348509136e-01,-1.725915869375073797e+00,-3.190884874772404789e+00,-4.301563660372450748e+00,-1.951836301449081656e-01
-4.247811337461777192e+00,-2.874783110247331130e+00,-2.356115825758763549e+00,-4.414109370295480339e+00,-4.114870574327440522e+00,-7.320578165348509136e-01,-1.725915869375073797e+00,-3.190884874772404789e+00,-4.301563660372450748e+00,-1.951836301449081656e-01
-4.247811337461777192e+00,-2.874783110247331130e+00,-2.356115825758763549e+00,-4.414109370295480339e+00,-4.114870574327440522e+00,-7.320578165348509136e-01,-1.725915869375073797e+00,-3.190884874772404789e+00,-4.301563660372450748e+00,-1.951836301449081656e-01
-4.247811337461777192e+00,-2.874783110247331130e+00,-2.356115825758763549e+00,-4.414109370295480339e+00,-4.114870574327440522e+00,-7.320578165348509136e-01,-1.725915869375073797e+00,-3.190884874772404789e+00,-4.301563660372450748e+00,-8.063923563771433489e-01
-4.247811337461777192e+00,-2.874783110247331130e+00,-2.356115825758763549e+00,-5.370321773255404274e+00,-4.114870574327440522e+00,-7.320578165348509136e-01,-1.725915869375073797e+00,-3.190884874772404789e+00,-4.301563660372450748e+00,-8.063923563771433489e-01
-4.247811337461777192e+00,-2.874783110247331130e+00,-2.356115825758763549e+00,-5.370321773255404274e+00,-4.114870574327440522e+00,-7.320578165348509136e-01,-1.725915869375073797e+00,-3.190884874772404789e+00,-4.301563660372450748e+00,-8.063923563771433489e-01
-4.247811337461777192e+00,-2.874783110247331130e+00,-2.356115825758763549e+00,-5.370321773255404274e+00,-4.114870574327440522e+00,-7.320578165348509136e-01,-1.725915869375073797e+00,-3.190884874772404789e+00,-4.301563660372450748e+00,-8.063923563771433489e-01
-4.247811337461777192e+00,-2.874783110247331130e+00,-2.356115825758763549e+00,-5.370321773255404274e+00,-4.114870574327440522e+00,-7.320578165348509136e-01,-1.725915869375073797e+00,-3.190884874772404789e+00,-4.301563660372450748e+00,-8.063923563771433489e-01
-4.247811337461777192e+00,-2.874783110247331130e+00,-2.854711908212025584e+00,-5.370321773255404274e+00,-4.114870574327440522e+00,-7.320578165348509136e-01,-1.725915869375073797e+00,-3.190884874772404789e+00,-4.301563660372450748e+00,-8.063923563771433489e-01
-4.247811337461777192e+00,-2.874783110247331130e+00,-2.854711908212025584e+00,-5.370321773255404274e+00,-4.114870574327440522e+00,-7.320578165348509136e-01,-1.725915869375073797e+00,-3.190884874772404789e+00,-4.301563660372450748e+00,-9.217551637187331171e-01
-4.247811337461777192e+00,-2.874783110247331130e+00,-2.854711908212025584e+00,-5.370321773255404274e+00,-4.114870574327440522e+00,-7.320578165348509136e-01,-1.725915869375073797e+00,-3.190884874772404789e+00,-4.301563660372450748e+00,-9.217551637187331171e-01
-4.247811337461777192e+00,-2.874783110247331130e+00,-2.854711908212025584e+00,-5.370321773255404274e+00,-4.114870574327440522e+00,-7.320578165348509136e-01,-1.725915869375073797e+00,-3.190884874772404789e+00,-4.301563660372450748e+00,-9.217551637187331171e-01
-4.247811337461777192e+00,-2.874783110247331130e+00,-2.854711908212025584e+00,-5.370321773255404274e+00,-4.114870574327440522e+00,-7.320578165348509136e-01,-1.725915869375073797e+00,-3.190884874772404789e+00,-4.301563660372450748e+00,-9.217551637187331171e-01
-4.247811337461777192e+00,-2.874783110247331130e+00,-2.854711908212025584e+00,-5.370321773255404274e+00,-4.114870574327440522e+00,-7.320578165348509136e-01,-1.725915869375073797e+00,-3.190884874772404789e+00,-4.301563660372450748e+00,-9.217551637187331171e-01
-4.247811337461777192e+00,-2.874783110247331130e+00,-2.854711908212025584e+00,-5.370321773255404274e+00,-4.114870574327440522e+00,-7.320578165348509136e-01,-1.725915869375073797e+00,-3.190884874772404789e+00,-4.301563660372450748e+00,-9.217551637187331171e-01
-5.281898178159343260e+00,-2.874783110247331130e+00,-2.854711908212025584e+00,-5.370321773255404274e+00,-4.114870574327440522e+00,-7.320578165348509136e-01,-1.725915869375073797e+00,-3.190884874772404789e+00,-4.301563660372450748e+00,-9.217551637187331171e-01
-5.281898178159343260e+00,-2.874783110247331130e+00,-2.854711908212025584e+00,-5.370321773255404274e+00,-4.114870574327440522e+00,-7.320578165348509136e-01,-1.725915869375073797e+00,-3.190884874772404789e+00,-4.301563660372450748e+00,-1.187821035467401476e+00
-5.281898178159343260e+00,-2.874783110247331130e+00,-3.908668461032295038e+00,-5.370321773255404274e+00,-4.114870574327440522e+00,-7.320578165348509136e-01,-1.725915869375073797e+00,-3.190884874772404789e+00,-4.301563660372450748e+00,-1.187821035467401476e+00
-5.281898178159343260e+00,-2.874783110247331130e+00,-3.908668461032295038e+00,-5.370321773255404274e+00,-4.114870574327440522e+00,-7.320578165348509136e-01,-1.725915869375073797e+00,-3.190884874772404789e+00,-4.301563660372450748e+00,-1.187821035467401476e+00
-5.281898178159343260e+00,-2.874783110247331130e+00,-3.908668461032295038e+00,-5.370321773255404274e+00,-4.114870574327440522e+00,-7.320578165348509136e-01,-1.725915869375073797e+00,-3.190884874772404789e+00,-4.301563660372450748e+00,-1.187821035467401476e+00
-5.281898178159343260e+00,-2.874783110247331130e+00,-3.908668461032295038e+00,-5.370321773255404274e+00,-4.114870574327440522e+00,-7.320578165348509136e-01,-1.725915869375073797e+00,-3.190884874772404789e+00,-4.301563660372450748e+00,-1.187821035467401476e+00
-5.281898178159343260e+00,-2.874783110247331130e+00,-3.908668461032295038e+00,-5.370321773255404274e+00,-4.114870574327440522e+00,-7.320578165348509136e-01,-1.725915869375073797e+00,-3.190884874772404789e+00,-4.301563660372450748e+00,-1.187821035467401476e+00
-5.281898178159343260e+00,-2.874783110247331130e+00,-3.908668461032295038e+00,-5.370321773255404274e+00,-4.114870574327440522e+00,-7.320578165348509136e-01,-1.725915869375073797e+00,-3.190884874772404789e+00,-4.301563660372450748e+00,-1.187821035467401476e+00
-5.281898178159343260e+00,-2.874783110247331130e+00,-3.908668461032295038e+00,-5.370321773255404274e+00,-4.114870574327440522e+00,-7.320578165348509136e-01,-1.725915869375073797e+00,-3.190884874772404789e+00,-4.301563660372450748e+00,-1.187821035467401476e+00
-5.281898178159343260e+00,-2.874783110247331130e+00,-3.908668461032295038e+00,-5.370321773255404274e+00,-4.114870574327440522e+00,-7.320578165348509136e-01,-1.725915869375073797e+00,-3.190884874772404789e+00,-4.301563660372450748e+00,-1.187821035467401476e+00
-5.281898178159343260e+00,-2.874783110247331130e+00,-3.908668461032295038e+00,-5.370321773255404274e+00,-4.114870574327440522e+00,-1.377147788775573423e+00,-1.725915869375073797e+00,-3.190884874772404789e+00,-4.301563660372450748e+00,-1.187821035467401476e+00
-5.281898178159343260e+00,-2.874783110247331130e+00,-3.908668461032295038e+00,-5.370321773255404274e+00,-4.114870574327440522e+00,-1.377147788775573423e+00,-1.725915869375073797e+00,-3.190884874772404789e+00,-4.301563660372450748e+00,-1.187821035467401476e+00
-5.281898178159343260e+00,-2.874783110247331130e+00,-3.908668461032295038e+00,-5.370321773255404274e+00,-4.114870574327440522e+00,-1.377147788775573423e+00,-1.725915869375073797e+00,-3.190884874772404789e+00,-4.301563660372450748e+00,-1.187821035467401476e+00
-5.281898178159343260e+00,-3.390155140844710147e+00,-3.908668461032295038e+00,-5.370321773255404274e+00,-4.114870574327440522e+00,-1.377147788775573423e+00,-1.725915869375073797e+00,-3.190884874772404789e+00,-4.301563660372450748e+00,-1.187821035467401476e+00
-5.281898178159343260e+00,-3.390155140844710147e+00,-3.908668461032295038e+00,-5.370321773255404274e+00,-4.114870574327440522e+00,-1.377147788775573423e+00,-1.725915869375073797e+00,-3.190884874772404789e+00,-4.301563660372450748e+00,-1.187821035467401476e+00
-5.281898178159343260e+00,-3.390155140844710147e+00,-3.908668461032295038e+00,-5.370321773255404274e+00,-4.114870574327440522e+00,-1.377147788775573423e+00,-1.725915869375073797e+00,-3.190884874772404789e+00,-4.301563660372450748e+00,-1.187821035467401476e+00
-5.281898178159343260e+00,-3.390155140844710147e+00,-3.918128547594397215e+00,-5.370321773255404274e+00,-4.114870574327440522e+00,-1.377147788775573423e+00,-1.725915869375073797e+00,-3.190884874772404789e+00,-4.301563660372450748e+00,-1.187821035467401476e+00
-5.281898178159343260e+00,-3.390155140844710147e+00,-3.918128547594397215e+00,-5.370321773255404274e+00,-4.114870574327440522e+00,-1.377147788775573423e+00,-1.725915869375073797e+00,-3.190884874772404789e+00,-4.301563660372450748e+00,-1.187821035467401476e+00
-5.281898178159343260e+00,-3.390155140844710147e+00,-3.918128547594397215e+00,-5.370321773255404274e+00,-4.114870574327440522e+00,-1.377147788775573423e+00,-1.725915869375073797e+00,-3.190884874772404789e+00,-4.301563660372450748e+00,-1.187821035467401476e+00
-5.281898178159343260e+00,-3.390155140844710147e+00,-3.918128547594397215e+00,-5.370321773255404274e+00,-4.114870574327440522e+00,-1.377147788775573423e+00,-1.725915869375073797e+00,-3.190884874772404789e+00,-4.301563660372450748e+00,-1.187821035467401476e+00
-5.281898178159343260e+00,-3.390155140844710147e+00,-3.918128547594397215e+00,-5.370321773255404274e+00,-4.114870574327440522e+00,-1.377147788775573423e+00,-1.725915869375073797e+00,-3.190884874772404789e+00,-4.301563660372450748e+00,-1.187821035467401476e+00
-5.281898178159343260e+00,-3.390155140844710147e+00,-3.918128547594397215e+00,-5.370321773255404274e+00,-4.114870574327440522e+00,-1.377147788775573423e+00,-1.725915869375073797e+00,-3.190884874772404789e+00,-4.301563660372450748e+00,-1.187821035467401476e+00
-5.281898178159343260e+00,-3.390155140844710147e+00,-3.918128547594397215e+00,-5.370321773255404274e+00,-4.114870574327440522e+00,-1.377147788775573423e+00,-1.725915869375073797e+00,-3.190884874772404789e+00,-4.301563660372450748e+00,-1.187821035467401476e+00
-5.281898178159343260e+00,-3.390155140844710147e+00,-3.918128547594397215e+00,-5.370321773255404274e+00,-4.114870574327440522e+00,-1.377147788775573423e+00,-1.725915869375073797e+00,-3.190884874772404789e+00,-4.301563660372450748e+00,-1.187821035467401476e+00
-5.281898178159343260e+00,-3.390155140844710147e+00,-3.918128547594397215e+00,-5.370321773255404274e+00,-4.114870574327440522e+00,-1.377147788775573423e+00,-1.725915869375073797e+00,-3.190884874772404789e+00,-4.301563660372450748e+00,-2.731896066024660286e+00
-5.281898178159343260e+00,-3.390155140844710147e+00,-3.918128547594397215e+00,-5.370321773255404274e+00,-4.114870574327440522e+00,-1.377147788775573423e+00,-1.725915869375073797e+00,-3.190884874772404789e+00,-4.301563660372450748e+00,-2.731896066024660286e+00
-5.281898178159343260e+00,-3.390155140844710147e+00,-3.918128547594397215e+00,-5.370321773255404274e+00,-4.114870574327440522e+00,-1.377147788775573423e+00,-1.725915869375073797e+00,-3.190884874772404789e+00,-4.301563660372450748e+00,-2.731896066024660286e+00
-5.281898178159343260e+00,-3.569535904568691631e+00,-3.918128547594397215e+00,-5.370321773255404274e+00,-4.114870574327440522e+00,-1.377147788775573423e+00,-1.725915869375073797e+00,-3.190884874772404789e+00,-4.301563660372450748e+00,-2.731896066024660286e+00
-5.281898178159343260e+00,-3.569535904568691631e+00,-3.918128547594397215e+00,-5.370321773255404274e+00,-4.114870574327440522e+00,-1.377147788775573423e+00,-1.725915869375073797e+00,-3.190884874772404789e+00,-4.301563660372450748e+00,-2.731896066024660286e+00
-5.281898178159343260e+00,-3.569535904568691631e+00,-3.918128547594397215e+00,-5.370321773255404274e+00,-4.114870574327440522e+00,-1.377147788775573423e+00,-1.725915869375073797e+00,-3.190884874772404789e+00,-4.301563660372450748e+00,-2.731896066024660286e+00
-5.281898178159343260e+00,-3.569535904568691631e+00,-3.918128547594397215e+00,-5.370321773255404274e+00,-4.114870574327440522e+00,-1.377147788775573423e+00,-1.725915869375073797e+00,-3.190884874772404789e+00,-4.301563660372450748e+00,-2.731896066024660286e+00
-5.281898178159343260e+00,-3.569535904568691631e+00,-3.918128547594397215e+00,-5.370321773255404274e+00,-4.114870574327440522e+00,-1.377147788775573423e+00,-1.725915869375073797e+00,-3.190884874772404789e+00,-4.301563660372450748e+00,-2.731896066024660286e+00
-5.281898178159343260e+00,-3.569535904568691631e+00,-3.918128547594397215e+00,-5.370321773255404274e+00,-4.114870574327440522e+00,-1.377147788775573423e+00,-1.725915869375073797e+00,-3.190884874772404789e+00,-4.301563660372450748e+00,-2.731896066024660286e+00
-5.281898178159343260e+00,-3.569535904568691631e+00,-3.918128547594397215e+00,-5.370321773255404274e+00,-4.114870574327440522e+00,-1.377147788775573423e+00,-1.725915869375073797e+00,-3.190884874772404789e+00,-4.301563660372450748e+00,-2.731896066024660286e+00
-5.281898178159343260e+00,-3.569535904568691631e+00,-3.918128547594397215e+00,-5.370321773255404274e+00,-4.114870574327440522e+00,-1.377147788775573423e+00,-1.725915869375073797e+00,-3.190884874772404789e+00,-4.301563660372450748e+00,-2.731896066024660286e+00
-5.281898178159343260e+00,-3.569535904568691631e+00,-3.918128547594397215e+00,-5.370321773255404274e+00,-4.114870574327440522e+00,-1.377147788775573423e+00,-1.725915869375073797e+00,-3.190884874772404789e+00,-4.301563660372450748e+00,-2.731896066024660286e+00
-5.281898178159343260e+00,-3.569535904568691631e+00,-3.918128547594397215e+00,-5.370321773255404274e+00,-4.114870574327440522e+00,-1.377147788775573423e+00,-1.725915869375073797e+00,-3.190884874772404789e+00,-4.301563660372450748e+00,-2.731896066024660286e+00
-5.281898178159343260e+00,-3.569535904568691631e+00,-3.918128547594397215e+00,-5.370321773255404274e+00,-4.114870574327440522e+00,-1.377147788775573423e+00,-1.725915869375073797e+00,-3.190884874772404789e+00,-4.301563660372450748e+00,-2.731896066024660286e+00
-5.281898178159343260e+00,-3.569535904568691631e+00,-3.918128547594397215e+00,-5.370321773255404274e+00,-4.114870574327440522e+00,-1.377147788775573423e+00,-1.725915869375073797e+00,-3.190884874772404789e+00,-4.301563660372450748e+00,-2.778250877707208577e+00
-5.281898178159343260e+00,-3.569535904568691631e+00,-3.918128547594397215e+00,-5.370321773255404274e+00,-4.114870574327440522e+00,-1.377147788775573423e+00,-1.725915869375073797e+00,-3.190884874772404789e+00,-4.301563660372450748e+00,-2.778250877707208577e+00
-5.281898178159343260e+00,-3.569535904568691631e+00,-3.918128547594397215e+00,-5.370321773255404274e+00,-4.114870574327440522e+00,-1.377147788775573423e+00,-1.725915869375073797e+00,-3.190884874772404789e+00,-4.301563660372450748e+00,-2.778250877707208577e+00
-5.281898178159343260e+00,-3.569535904568691631e+00,-3.918128547594397215e+00,-5.370321773255404274e+00,-4.114870574327440522e+00,-1.377147788775573423e+00,-1.725915869375073797e+00,-3.190884874772404789e+00,-4.301563660372450748e+00,-2.778250877707208577e+00
-5.281898178159343260e+00,-3.569535904568691631e+00,-3.918128547594397215e+00,-5.370321773255404274e+00,-4.114870574327440522e+00,-1.377147788775573423e+00,-1.725915869375073797e+00,-3.190884874772404789e+00,-4.904130924112613421e+00,-2.778250877707208577e+00
-5.281898178159343260e+00,-3.569535904568691631e+00,-3.918128547594397215e+00,-5.370321773255404274e+00,-4.114870574327440522e+00,-1.377147788775573423e+00,-1.725915869375073797e+00,-3.190884874772404789e+00,-4.904130924112613421e+00,-2.778250877707208577e+00
-5.281898178159343260e+00,-3.569535904568691631e+00,-3.918128547594397215e+00,-5.370321773255404274e+00,-4.114870574327440522e+00,-1.377147788775573423e+00,-1.725915869375073797e+00,-3.190884874772404789e+00,-4.904130924112613421e+00,-2.778250877707208577e+00
-5.281898178159343260e+00,-3.569535904568691631e+00,-3.918128547594397215e+00,-5.370321773255404274e+00,-4.114870574327440522e+00,-1.377147788775573423e+00,-1.725915869375073797e+00,-3.190884874772404789e+00,-4.904130924112613421e+00,-2.782509552973337463e+00
-5.281898178159343260e+00,-3.569535904568691631e+00,-3.918128547594397215e+00,-5.370321773255404274e+00,-4.114870574327440522e+00,-1.377147788775573423e+00,-1.725915869375073797e+00,-3.190884874772404789e+00,-4.904130924112613421e+00,-2.782509552973337463e+00
-5.281898178159343260e+00,-3.569535904568691631e+00,-3.918128547594397215e+00,-5.370321773255404274e+00,-4.114870574327440522e+00,-1.377147788775573423e+00,-1.725915869375073797e+00,-3.190884874772404789e+00,-4.904130924112613421e+00,-2.782509552973337463e+00
-5.281898178159343260e+00,-3.569535904568691631e+00,-3.918128547594397215e+00,-5.370321773255404274e+00,-4.114870574327440522e+00,-1.377147788775573423e+00,-1.725915869375073797e+00,-3.190884874772404789e+00,-4.904130924112613421e+00,-2.782509552973337463e+00
-5.281898178159343260e+00,-3.569535904568691631e+00,-3.918128547594397215e+00,-5.370321773255404274e+00,-4.841746209219622621e+00,-1.377147788775573423e+00,-1.725915869375073797e+00,-3.190884874772404789e+00,-4.904130924112613421e+00,-2.782509552973337463e+00
-5.281898178159343260e+00,-3.569535904568691631e+00,-3.918128547594397215e+00,-5.370321773255404274e+00,-4.841746209219622621e+00,-1.377147788775573423e+00,-1.725915869375073797e+00,-3.190884874772404789e+00,-4.904130924112613421e+00,-2.782509552973337463e+00
-5.281898178159343260e+00,-3.569535904568691631e+00,-3.918128547594397215e+00,-5.370321773255404274e+00,-4.841746209219622621e+00,-1.377147788775573423e+00,-1.725915869375073797e+00,-3.190884874772404789e+00,-4.904130924112613421e+00,-2.782509552973337463e+00
-5.281898178159343260e+00,-3.569535904568691631e+00,-3.918128547594397215e+00,-5.370321773255404274e+00,-5.082820336522818394e+00,-1.377147788775573423e+00,-1.725915869375073797e+00,-3.190884874772404789e+00,-4.904130924112613421e+00,-2.782509552973337463e+00
-5.281898178159343260e+00,-3.569535904568691631e+00,-3.918128547594397215e+00,-5.370321773255404274e+00,-5.082820336522818394e+00,-1.377147788775573423e+00,-1.725915869375073797e+00,-3.190884874772404789e+00,-4.904130924112613421e+00,-2.782509552973337463e+00
-5.281898178159343260e+00,-3.569535904568691631e+00,-3.918128547594397215e+00,-5.370321773255404274e+00,-5.082820336522818394e+00,-1.377147788775573423e+00,-1.725915869375073797e+00,-3.190884874772404789e+00,-4.904130924112613421e+00,-2.782509552973337463e+00
-5.281898178159343260e+00,-3.569535904568691631e+00,-3.918128547594397215e+00,-5.370321773255404274e+00,-5.082820336522818394e+00,-1.377147788775573423e+00,-1.725915869375073797e+00,-3.190884874772404789e+00,-4.904130924112613421e+00,-2.782509552973337463e+00
-5.281898178159343260e+00,-3.569535904568691631e+00,-3.918128547594397215e+00,-5.370321773255404274e+00,-5.082820336522818394e+00,-1.377147788775573423e+00,-1.725915869375073797e+00,-3.190884874772404789e+00,-4.904130924112613421e+00,-2.925797585309319881e+00
-5.281898178159343260e+00,-3.638802098019328302e+00,-3.918128547594397215e+00,-5.370321773255404274e+00,-5.082820336522818394e+00,-1.377147788775573423e+00,-1.725915869375073797e+00,-3.190884874772404789e+00,-4.904130924112613421e+00,-2.925797585309319881e+00
-5.281898178159343260e+00,-3.638802098019328302e+00,-3.918128547594397215e+00,-5.370321773255404274e+00,-5.082820336522818394e+00,-1.377147788775573423e+00,-1.725915869375073797e+00,-3.190884874772404789e+00,-4.904130924112613421e+00,-2.925797585309319881e+00
-5.281898178159343260e+00,-3.638802098019328302e+00,-3.918128547594397215e+00,-5.370321773255404274e+00,-5.082820336522818394e+00,-1.377147788775573423e+00,-1.725915869375073797e+00,-3.190884874772404789e+00,-4.904130924112613421e+00,-2.925797585309319881e+00
-5.281898178159343260e+00,-3.674081404484792035e+00,-3.918128547594397215e+00,-5.370321773255404274e+00,-5.082820336522818394e+00,-1.377147788775573423e+00,-1.725915869375073797e+00,-3.190884874772404789e+00,-4.904130924112613421e+00,-2.925797585309319881e+00
