6.020153520770598066e-01,3.476780546005185712e+00,1.449535317178555216e+00,-3.708956066388527373e-01,1.656260628433278370e+00,-3.788982559172739822e-02,1.973200346494069723e+00,5.444948209701112596e-01,6.398347005471016757e-01,4.785050247267523815e-01
4.440605048266740851e-01,3.396436828934181307e+00,1.449535317178555216e+00,-3.708956066388527373e-01,1.511296006750818544e+00,-1.846033444621333341e+00,1.973200346494069723e+00,-8.617190555765085191e-01,6.398347005471016757e-01,1.755831043378600909e-01
-3.645128296724846340e-02,3.396436828934181307e+00,1.449535317178555216e+00,-3.708956066388527373e-01,1.511296006750818544e+00,-1.846033444621333341e+00,1.973200346494069723e+00,-8.617190555765085191e-01,6.398347005471016757e-01,-3.192631845955195419e-02
-1.392205093125093551e+00,3.396436828934181307e+00,1.396321218179661816e+00,-3.708956066388527373e-01,8.931196256396486399e-01,-1.846033444621333341e+00,1.973200346494069723e+00,-8.617190555765085191e-01,6.398347005471016757e-01,-1.758278376838030121e+00
-1.392205093125093551e+00,2.793291865128328055e+00,-4.303818544917927258e-01,-3.708956066388527373e-01,8.931196256396486399e-01,-1.846033444621333341e+00,1.973200346494069723e+00,-8.617190555765085191e-01,6.398347005471016757e-01,-1.758278376838030121e+00
-1.419430699550040309e+00,2.591647487999901855e+00,-4.303818544917927258e-01,-3.708956066388527373e-01,8.931196256396486399e-01,-1.846033444621333341e+00,1.973200346494069723e+00,-8.617190555765085191e-01,6.398347005471016757e-01,-1.758278376838030121e+00
-1.615792040338908331e+00,2.591647487999901855e+00,-4.303818544917927258e-01,-3.708956066388527373e-01,8.931196256396486399e-01,-1.846033444621333341e+00,1.182548443953261197e+00,-8.617190555765085191e-01,6.398347005471016757e-01,-1.758278376838030121e+00
-1.615792040338908331e+00,2.591647487999901855e+00,-4.303818544917927258e-01,-3.708956066388527373e-01,2.254496283995868489e-01,-1.846033444621333341e+00,1.182548443953261197e+00,-8.617190555765085191e-01,6.398347005471016757e-01,-1.758278376838030121e+00
-1.877912916737443760e+00,2.450426914202326945e+00,-4.303818544917927258e-01,-3.708956066388527373e-01,2.254496283995868489e-01,-2.187056814715087061e+00,1.182548443953261197e+00,-8.617190555765085191e-01,6.398347005471016757e-01,-1.758278376838030121e+00
-1.877912916737443760e+00,2.450426914202326945e+00,-4.303818544917927258e-01,-3.708956066388527373e-01,-6.444743189484574142e-01,-2.187056814715087061e+00,1.182548443953261197e+00,-8.617190555765085191e-01,6.398347005471016757e-01,-1.758278376838030121e+00
-2.109926826745004647e+00,2.450426914202326945e+00,-4.303818544917927258e-01,-3.848313860667425534e-01,-6.444743189484574142e-01,-2.187056814715087061e+00,1.182548443953261197e+00,-8.617190555765085191e-01,5.680209753987169874e-01,-1.758278376838030121e+00
-2.209959429538486120e+00,2.450426914202326945e+00,-4.303818544917927258e-01,-3.848313860667425534e-01,-6.444743189484574142e-01,-2.187056814715087061e+00,1.182548443953261197e+00,-8.617190555765085191e-01,5.680209753987169874e-01,-1.758278376838030121e+00
-2.369975376148588886e+00,2.450426914202326945e+00,-4.303818544917927258e-01,-3.848313860667425534e-01,-6.444743189484574142e-01,-2.187056814715087061e+00,1.182548443953261197e+00,-8.617190555765085191e-01,-1.014416500365512563e+00,-1.758278376838030121e+00
-2.369975376148588886e+00,2.256436469578612769e+00,-4.303818544917927258e-01,-4.737494211346042206e-01,-6.444743189484574142e-01,-2.187056814715087061e+00,1.128123275678234450e+00,-8.617190555765085191e-01,-1.014416500365512563e+00,-1.758278376838030121e+00
-2.369975376148588886e+00,1.866609027720032454e+00,-4.303818544917927258e-01,-4.737494211346042206e-01,-6.444743189484574142e-01,-2.187056814715087061e+00,1.128123275678234450e+00,-8.617190555765085191e-01,-1.014416500365512563e+00,-1.758278376838030121e+00
-3.374053560118181139e+00,1.866609027720032454e+00,-4.303818544917927258e-01,-4.737494211346042206e-01,-6.444743189484574142e-01,-2.187056814715087061e+00,1.128123275678234450e+00,-8.617190555765085191e-01,-1.014416500365512563e+00,-1.758278376838030121e+00
-3.374053560118181139e+00,1.866609027720032454e+00,-4.303818544917927258e-01,-4.737494211346042206e-01,-6.444743189484574142e-01,-2.187056814715087061e+00,2.523363456185979958e-02,-8.617190555765085191e-01,-1.014416500365512563e+00,-1.758278376838030121e+00
-3.374053560118181139e+00,1.866609027720032454e+00,-4.303818544917927258e-01,-4.737494211346042206e-01,-6.444743189484574142e-01,-2.187056814715087061e+00,-1.559809263076050501e+00,-8.617190555765085191e-01,-1.014416500365512563e+00,-2.473436985609059668e+00
-3.374053560118181139e+00,1.866609027720032454e+00,-4.303818544917927258e-01,-4.737494211346042206e-01,-6.444743189484574142e-01,-2.543597356477973026e+00,-1.559809263076050501e+00,-8.617190555765085191e-01,-1.014416500365512563e+00,-2.473436985609059668e+00
-3.374053560118181139e+00,1.866609027720032454e+00,-4.303818544917927258e-01,-1.141280637723296021e+00,-6.444743189484574142e-01,-2.543597356477973026e+00,-1.559809263076050501e+00,-8.617190555765085191e-01,-1.014416500365512563e+00,-2.473436985609059668e+00
-3.374053560118181139e+00,1.866609027720032454e+00,-4.303818544917927258e-01,-1.141280637723296021e+00,-6.444743189484574142e-01,-2.543597356477973026e+00,-1.559809263076050501e+00,-8.617190555765085191e-01,-1.014416500365512563e+00,-2.473436985609059668e+00
-3.391562176752201285e+00,1.866609027720032454e+00,-4.303818544917927258e-01,-1.141280637723296021e+00,-6.444743189484574142e-01,-2.543597356477973026e+00,-1.559809263076050501e+00,-8.617190555765085191e-01,-2.033359966997022372e+00,-2.473436985609059668e+00
-3.391562176752201285e+00,1.866609027720032454e+00,-4.303818544917927258e-01,-1.141280637723296021e+00,-6.444743189484574142e-01,-2.543597356477973026e+00,-1.559809263076050501e+00,-1.839802506228939150e+00,-2.033359966997022372e+00,-2.473436985609059668e+00
-3.535159068640184366e+00,1.467425711604663841e+00,-4.303818544917927258e-01,-1.141280637723296021e+00,-6.444743189484574142e-01,-2.543597356477973026e+00,-1.559809263076050501e+00,-1.839802506228939150e+00,-2.033359966997022372e+00,-2.473436985609059668e+00
-3.535159068640184366e+00,1.467425711604663841e+00,-4.303818544917927258e-01,-1.141280637723296021e+00,-6.444743189484574142e-01,-2.543597356477973026e+00,-1.559809263076050501e+00,-1.839802506228939150e+00,-2.033359966997022372e+00,-2.473436985609059668e+00
-3.535159068640184366e+00,1.467425711604663841e+00,-4.303818544917927258e-01,-1.141280637723296021e+00,-6.444743189484574142e-01,-2.543597356477973026e+00,-1.559809263076050501e+00,-1.839802506228939150e+00,-2.033359966997022372e+00,-2.473436985609059668e+00
-3.535159068640184366e+00,1.467425711604663841e+00,-4.303818544917927258e-01,-1.141280637723296021e+00,-6.444743189484574142e-01,-3.034228402758516463e+00,-1.559809263076050501e+00,-1.839802506228939150e+00,-2.033359966997022372e+00,-2.473436985609059668e+00
-3.535159068640184366e+00,1.467425711604663841e+00,-4.303818544917927258e-01,-1.141280637723296021e+00,-6.444743189484574142e-01,-3.034228402758516463e+00,-1.559809263076050501e+00,-1.839802506228939150e+00,-2.033359966997022372e+00,-2.473436985609059668e+00
-3.535159068640184366e+00,1.467425711604663841e+00,-4.303818544917927258e-01,-1.141280637723296021e+00,-6.444743189484574142e-01,-3.034228402758516463e+00,-1.559809263076050501e+00,-1.839802506228939150e+00,-2.033359966997022372e+00,-2.473436985609059668e+00
-3.535159068640184366e+00,1.467425711604663841e+00,-4.303818544917927258e-01,-1.141280637723296021e+00,-6.444743189484574142e-01,-3.034228402758516463e+00,-1.559809263076050501e+00,-1.839802506228939150e+00,-2.033359966997022372e+00,-2.473436985609059668e+00
-3.535159068640184366e+00,1.467425711604663841e+00,-7.007256319086423435e-01,-1.141280637723296021e+00,-6.444743189484574142e-01,-3.034228402758516463e+00,-1.559809263076050501e+00,-1.839802506228939150e+00,-2.033359966997022372e+00,-2.473436985609059668e+00
-3.535159068640184366e+00,1.467425711604663841e+00,-7.007256319086423435e-01,-1.141280637723296021e+00,-6.444743189484574142e-01,-3.034228402758516463e+00,-1.559809263076050501e+00,-1.839802506228939150e+00,-2.033359966997022372e+00,-2.473436985609059668e+00
-3.535159068640184366e+00,1.467425711604663841e+00,-7.007256319086423435e-01,-1.141280637723296021e+00,-6.444743189484574142e-01,-3.034228402758516463e+00,-1.559809263076050501e+00,-1.839802506228939150e+00,-2.033359966997022372e+00,-2.473436985609059668e+00
-3.535159068640184366e+00,1.467425711604663841e+00,-7.007256319086423435e-01,-1.141280637723296021e+00,-6.444743189484574142e-01,-3.034228402758516463e+00,-1.559809263076050501e+00,-1.839802506228939150e+00,-2.033359966997022372e+00,-2.473436985609059668e+00
-3.535159068640184366e+00,1.467425711604663841e+00,-7.007256319086423435e-01,-1.141280637723296021e+00,-6.444743189484574142e-01,-3.034228402758516463e+00,-1.559809263076050501e+00,-1.839802506228939150e+00,-2.033359966997022372e+00,-2.473436985609059668e+00
-3.535159068640184366e+00,1.467425711604663841e+00,-7.007256319086423435e-01,-1.141280637723296021e+00,-6.444743189484574142e-01,-3.034228402758516463e+00,-1.559809263076050501e+00,-1.839802506228939150e+00,-2.033359966997022372e+00,-2.473436985609059668e+00
-3.535159068640184366e+00,1.467425711604663841e+00,-7.007256319086423435e-01,-1.141280637723296021e+00,-6.444743189484574142e-01,-3.034228402758516463e+00,-1.559809263076050501e+00,-1.839802506228939150e+00,-2.033359966997022372e+00,-2.473436985609059668e+00
-3.535159068640184366e+00,1.407759429766118009e+00,-7.007256319086423435e-01,-1.141280637723296021e+00,-6.444743189484574142e-01,-3.034228402758516463e+00,-1.559809263076050501e+00,-1.839802506228939150e+00,-2.033359966997022372e+00,-2.473436985609059668e+00
-3.535159068640184366e+00,1.407759429766118009e+00,-7.007256319086423435e-01,-1.141280637723296021e+00,-6.444743189484574142e-01,-3.034228402758516463e+00,-1.559809263076050501e+00,-1.839802506228939150e+00,-2.033359966997022372e+00,-2.473436985609059668e+00
-3.535159068640184366e+00,1.407759429766118009e+00,-1.118084610164976178e+00,-1.190889371087124671e+00,-6.444743189484574142e-01,-3.034228402758516463e+00,-1.559809263076050501e+00,-1.839802506228939150e+00,-2.033359966997022372e+00,-2.473436985609059668e+00
-3.535159068640184366e+00,1.407759429766118009e+00,-1.118084610164976178e+00,-1.190889371087124671e+00,-6.444743189484574142e-01,-3.034228402758516463e+00,-1.559809263076050501e+00,-1.839802506228939150e+00,-2.033359966997022372e+00,-2.473436985609059668e+00
-3.535159068640184366e+00,1.407759429766118009e+00,-1.118084610164976178e+00,-1.190889371087124671e+00,-6.444743189484574142e-01,-3.034228402758516463e+00,-1.559809263076050501e+00,-1.839802506228939150e+00,-2.033359966997022372e+00,-2.473436985609059668e+00
-3.535159068640184366e+00,1.407759429766118009e+00,-1.118084610164976178e+00,-1.190889371087124671e+00,-6.444743189484574142e-01,-3.034228402758516463e+00,-1.559809263076050501e+00,-1.839802506228939150e+00,-2.033359966997022372e+00,-2.473436985609059668e+00
-3.840624425105140016e+00,1.407759429766118009e+00,-1.118084610164976178e+00,-1.190889371087124671e+00,-6.444743189484574142e-01,-3.034228402758516463e+00,-1.559809263076050501e+00,-1.839802506228939150e+00,-2.033359966997022372e+00,-2.473436985609059668e+00
-3.840624425105140016e+00,1.407759429766118009e+00,-1.118084610164976178e+00,-1.190889371087124671e+00,-6.444743189484574142e-01,-3.034228402758516463e+00,-1.559809263076050501e+00,-1.839802506228939150e+00,-2.033359966997022372e+00,-2.473436985609059668e+00
-3.840624425105140016e+00,1.407759429766118009e+00,-1.118084610164976178e+00,-1.190889371087124671e+00,-6.444743189484574142e-01,-3.034228402758516463e+00,-1.559809263076050501e+00,-1.839802506228939150e+00,-2.033359966997022372e+00,-2.473436985609059668e+00
-3.917816873596654315e+00,1.407759429766118009e+00,-1.118084610164976178e+00,-1.190889371087124671e+00,-6.444743189484574142e-01,-3.034228402758516463e+00,-1.685099499889978869e+00,-1.839802506228939150e+00,-2.033359966997022372e+00,-2.473436985609059668e+00
-3.917816873596654315e+00,1.407759429766118009e+00,-1.118084610164976178e+00,-1.190889371087124671e+00,-6.444743189484574142e-01,-3.034228402758516463e+00,-1.685099499889978869e+00,-1.839802506228939150e+00,-2.033359966997022372e+00,-2.473436985609059668e+00
-3.917816873596654315e+00,1.407759429766118009e+00,-1.118084610164976178e+00,-1.190889371087124671e+00,-6.444743189484574142e-01,-3.034228402758516463e+00,-1.685099499889978869e+00,-1.839802506228939150e+00,-2.033359966997022372e+00,-2.473436985609059668e+00
-3.917816873596654315e+00,1.407759429766118009e+00,-1.118084610164976178e+00,-1.190889371087124671e+00,-6.444743189484574142e-01,-3.034228402758516463e+00,-1.685099499889978869e+00,-1.839802506228939150e+00,-2.033359966997022372e+00,-2.473436985609059668e+00
-3.917816873596654315e+00,1.407759429766118009e+00,-1.118084610164976178e+00,-1.190889371087124671e+00,-6.444743189484574142e-01,-3.034228402758516463e+00,-1.685099499889978869e+00,-1.839802506228939150e+00,-2.033359966997022372e+00,-2.473436985609059668e+00
-3.917816873596654315e+00,1.407759429766118009e+00,-1.118084610164976178e+00,-1.190889371087124671e+00,-6.444743189484574142e-01,-3.034228402758516463e+00,-1.685099499889978869e+00,-2.335381150132627592e+00,-2.033359966997022372e+00,-2.473436985609059668e+00
-3.917816873596654315e+00,1.407759429766118009e+00,-1.784086000718229759e+00,-1.190889371087124671e+00,-6.444743189484574142e-01,-3.034228402758516463e+00,-1.685099499889978869e+00,-2.335381150132627592e+00,-2.033359966997022372e+00,-2.473436985609059668e+00
-3.917816873596654315e+00,1.407759429766118009e+00,-1.784086000718229759e+00,-1.190889371087124671e+00,-6.444743189484574142e-01,-3.034228402758516463e+00,-1.685099499889978869e+00,-2.905478588431718023e+00,-2.033359966997022372e+00,-2.473436985609059668e+00
-3.917816873596654315e+00,1.407759429766118009e+00,-1.784086000718229759e+00,-1.190889371087124671e+00,-6.444743189484574142e-01,-3.034228402758516463e+00,-1.963598544827033665e+00,-2.905478588431718023e+00,-2.033359966997022372e+00,-2.473436985609059668e+00
-3.917816873596654315e+00,1.407759429766118009e+00,-1.784086000718229759e+00,-1.190889371087124671e+00,-6.444743189484574142e-01,-3.034228402758516463e+00,-1.963598544827033665e+00,-2.905478588431718023e+00,-2.033359966997022372e+00,-2.473436985609059668e+00
-3.917816873596654315e+00,1.407759429766118009e+00,-1.784086000718229759e+00,-1.190889371087124671e+00,-6.444743189484574142e-01,-3.034228402758516463e+00,-1.963598544827033665e+00,-2.905478588431718023e+00,-2.033359966997022372e+00,-2.473436985609059668e+00
-3.917816873596654315e+00,1.407759429766118009e+00,-1.784086000718229759e+00,-1.190889371087124671e+00,-6.444743189484574142e-01,-3.034228402758516463e+00,-1.963598544827033665e+00,-2.905478588431718023e+00,-2.033359966997022372e+00,-2.473436985609059668e+00
-3.917816873596654315e+00,1.407759429766118009e+00,-1.784086000718229759e+00,-1.190889371087124671e+00,-6.444743189484574142e-01,-3.034228402758516463e+00,-1.963598544827033665e+00,-2.905478588431718023e+00,-2.033359966997022372e+00,-2.473436985609059668e+00
-3.917816873596654315e+00,1.407759429766118009e+00,-1.784086000718229759e+00,-1.190889371087124671e+00,-6.444743189484574142e-01,-3.034228402758516463e+00,-1.963598544827033665e+00,-2.905478588431718023e+00,-2.033359966997022372e+00,-2.473436985609059668e+00
-3.917816873596654315e+00,1.407759429766118009e+00,-1.784086000718229759e+00,-1.190889371087124671e+00,-6.444743189484574142e-01,-3.034228402758516463e+00,-1.963598544827033665e+00,-2.905478588431718023e+00,-2.033359966997022372e+00,-2.473436985609059668e+00
-3.917816873596654315e+00,1.407759429766118009e+00,-1.784086000718229759e+00,-1.190889371087124671e+00,-6.444743189484574142e-01,-3.034228402758516463e+00,-1.963598544827033665e+00,-2.905478588431718023e+00,-2.033359966997022372e+00,-2.473436985609059668e+00
-3.917816873596654315e+00,1.407759429766118009e+00,-1.784086000718229759e+00,-1.190889371087124671e+00,-6.444743189484574142e-01,-3.034228402758516463e+00,-1.963598544827033665e+00,-2.905478588431718023e+00,-2.033359966997022372e+00,-2.473436985609059668e+00
-3.917816873596654315e+00,1.407759429766118009e+00,-1.784086000718229759e+00,-1.190889371087124671e+00,-6.444743189484574142e-01,-3.034228402758516463e+00,-1.963598544827033665e+00,-2.905478588431718023e+00,-2.033359966997022372e+00,-2.473436985609059668e+00
-3.917816873596654315e+00,1.407759429766118009e+00,-1.784086000718229759e+00,-1.190889371087124671e+00,-6.444743189484574142e-01,-3.034228402758516463e+00,-1.963598544827033665e+00,-2.905478588431718023e+00,-2.033359966997022372e+00,-2.473436985609059668e+00
-3.917816873596654315e+00,1.407759429766118009e+00,-1.784086000718229759e+00,-1.190889371087124671e+00,-6.444743189484574142e-01,-3.034228402758516463e+00,-2.457251286668540757e+00,-2.905478588431718023e+00,-2.033359966997022372e+00,-2.473436985609059668e+00
-3.917816873596654315e+00,1.407759429766118009e+00,-1.784086000718229759e+00,-1.190889371087124671e+00,-6.444743189484574142e-01,-3.034228402758516463e+00,-2.457251286668540757e+00,-2.905478588431718023e+00,-2.033359966997022372e+00,-2.473436985609059668e+00
-3.917816873596654315e+00,1.407759429766118009e+00,-1.784086000718229759e+00,-1.190889371087124671e+00,-6.444743189484574142e-01,-3.034228402758516463e+00,-2.457251286668540757e+00,-2.905478588431718023e+00,-2.033359966997022372e+00,-2.473436985609059668e+00
-3.917816873596654315e+00,-7.902507223481780585e-01,-1.784086000718229759e+00,-1.190889371087124671e+00,-6.444743189484574142e-01,-3.034228402758516463e+00,-2.457251286668540757e+00,-2.905478588431718023e+00,-2.033359966997022372e+00,-2.473436985609059668e+00
-3.917816873596654315e+00,-7.902507223481780585e-01,-1.784086000718229759e+00,-1.190889371087124671e+00,-6.444743189484574142e-01,-3.034228402758516463e+00,-2.457251286668540757e+00,-2.905478588431718023e+00,-2.033359966997022372e+00,-2.473436985609059668e+00
-3.917816873596654315e+00,-7.902507223481780585e-01,-1.784086000718229759e+00,-1.190889371087124671e+00,-6.444743189484574142e-01,-3.034228402758516463e+00,-2.457251286668540757e+00,-2.905478588431718023e+00,-2.033359966997022372e+00,-2.473436985609059668e+00
-4.126204998002990898e+00,-9.244855598678928255e-01,-1.784086000718229759e+00,-1.190889371087124671e+00,-6.444743189484574142e-01,-3.034228402758516463e+00,-2.457251286668540757e+00,-2.905478588431718023e+00,-2.033359966997022372e+00,-2.473436985609059668e+00
-4.126204998002990898e+00,-9.244855598678928255e-01,-1.784086000718229759e+00,-1.190889371087124671e+00,-6.444743189484574142e-01,-3.034228402758516463e+00,-2.645344902311778768e+00,-2.905478588431718023e+00,-2.033359966997022372e+00,-2.473436985609059668e+00
-4.126204998002990898e+00,-9.244855598678928255e-01,-1.784086000718229759e+00,-1.190889371087124671e+00,-6.444743189484574142e-01,-3.034228402758516463e+00,-2.645344902311778768e+00,-2.905478588431718023e+00,-2.033359966997022372e+00,-2.473436985609059668e+00
-4.126204998002990898e+00,-9.244855598678928255e-01,-1.784086000718229759e+00,-1.190889371087124671e+00,-6.444743189484574142e-01,-3.034228402758516463e+00,-2.645344902311778768e+00,-2.905478588431718023e+00,-2.033359966997022372e+00,-2.473436985609059668e+00
-4.126204998002990898e+00,-9.244855598678928255e-01,-1.784086000718229759e+00,-1.190889371087124671e+00,-6.444743189484574142e-01,-3.034228402758516463e+00,-2.645344902311778768e+00,-2.905478588431718023e+00,-2.033359966997022372e+00,-2.473436985609059668e+00
-4.126204998002990898e+00,-9.244855598678928255e-01,-1.784086000718229759e+00,-1.190889371087124671e+00,-6.444743189484574142e-01,-3.034228402758516463e+00,-2.645344902311778768e+00,-2.905478588431718023e+00,-2.033359966997022372e+00,-2.473436985609059668e+00
-4.126204998002990898e+00,-9.244855598678928255e-01,-1.784086000718229759e+00,-1.190889371087124671e+00,-6.444743189484574142e-01,-3.034228402758516463e+00,-2.645344902311778768e+00,-2.905478588431718023e+00,-2.033359966997022372e+00,-2.473436985609059668e+00
-4.126204998002990898e+00,-9.244855598678928255e-01,-1.784086000718229759e+00,-1.279924793581480813e+00,-6.444743189484574142e-01,-3.034228402758516463e+00,-2.645344902311778768e+00,-2.905478588431718023e+00,-2.033359966997022372e+00,-2.473436985609059668e+00
-4.126204998002990898e+00,-9.244855598678928255e-01,-1.784086000718229759e+00,-1.279924793581480813e+00,-6.444743189484574142e-01,-3.034228402758516463e+00,-2.645344902311778768e+00,-2.905478588431718023e+00,-2.033359966997022372e+00,-2.473436985609059668e+00
-4.126204998002990898e+00,-9.244855598678928255e-01,-1.784086000718229759e+00,-1.279924793581480813e+00,-6.444743189484574142e-01,-3.294024372235146103e+00,-2.645344902311778768e+00,-2.905478588431718023e+00,-2.033359966997022372e+00,-2.473436985609059668e+00
-4.126204998002990898e+00,-9.244855598678928255e-01,-1.784086000718229759e+00,-1.279924793581480813e+00,-6.444743189484574142e-01,-3.294024372235146103e+00,-2.645344902311778768e+00,-2.905478588431718023e+00,-2.033359966997022372e+00,-2.473436985609059668e+00
-4.126204998002990898e+00,-9.244855598678928255e-01,-1.784086000718229759e+00,-1.279924793581480813e+00,-6.444743189484574142e-01,-3.294024372235146103e+00,-2.645344902311778768e+00,-2.905478588431718023e+00,-2.033359966997022372e+00,-2.473436985609059668e+00
-4.126204998002990898e+00,-9.244855598678928255e-01,-1.784086000718229759e+00,-1.279924793581480813e+00,-6.444743189484574142e-01,-3.294024372235146103e+00,-2.645344902311778768e+00,-2.905478588431718023e+00,-2.033359966997022372e+00,-2.473436985609059668e+00
-4.126204998002990898e+00,-9.244855598678928255e-01,-1.784086000718229759e+00,-1.279924793581480813e+00,-6.444743189484574142e-01,-3.294024372235146103e+00,-2.645344902311778768e+00,-2.905478588431718023e+00,-2.033359966997022372e+00,-2.473436985609059668e+00
-4.126204998002990898e+00,-9.987244895219716811e-01,-1.784086000718229759e+00,-1.279924793581480813e+00,-6.444743189484574142e-01,-3.294024372235146103e+00,-2.645344902311778768e+00,-2.905478588431718023e+00,-2.033359966997022372e+00,-2.473436985609059668e+00
-4.126204998002990898e+00,-9.987244895219716811e-01,-1.784086000718229759e+00,-1.279924793581480813e+00,-6.444743189484574142e-01,-3.294024372235146103e+00,-2.645344902311778768e+00,-2.905478588431718023e+00,-2.033359966997022372e+00,-2.473436985609059668e+00
-4.126204998002990898e+00,-9.987244895219716811e-01,-1.784086000718229759e+00,-1.279924793581480813e+00,-6.444743189484574142e-01,-3.294024372235146103e+00,-2.645344902311778768e+00,-2.905478588431718023e+00,-2.033359966997022372e+00,-2.752305754863190845e+00
-4.126204998002990898e+00,-9.987244895219716811e-01,-1.784086000718229759e+00,-1.279924793581480813e+00,-6.444743189484574142e-01,-3.294024372235146103e+00,-2.645344902311778768e+00,-2.905478588431718023e+00,-2.033359966997022372e+00,-2.752305754863190845e+00
-4.126204998002990898e+00,-9.987244895219716811e-01,-1.784086000718229759e+00,-1.279924793581480813e+00,-6.444743189484574142e-01,-3.445143402079136941e+00,-2.645344902311778768e+00,-2.905478588431718023e+00,-2.033359966997022372e+00,-2.752305754863190845e+00
-4.701418905029822959e+00,-9.987244895219716811e-01,-1.784086000718229759e+00,-1.279924793581480813e+00,-6.444743189484574142e-01,-3.445143402079136941e+00,-2.645344902311778768e+00,-2.905478588431718023e+00,-2.033359966997022372e+00,-2.752305754863190845e+00
-4.701418905029822959e+00,-9.987244895219716811e-01,-1.784086000718229759e+00,-1.279924793581480813e+00,-6.444743189484574142e-01,-3.445143402079136941e+00,-2.645344902311778768e+00,-2.905478588431718023e+00,-2.033359966997022372e+00,-2.752305754863190845e+00
-4.701418905029822959e+00,-9.987244895219716811e-01,-1.784086000718229759e+00,-1.279924793581480813e+00,-6.444743189484574142e-01,-3.445143402079136941e+00,-2.645344902311778768e+00,-2.905478588431718023e+00,-2.033359966997022372e+00,-2.752305754863190845e+00
-4.701418905029822959e+00,-9.987244895219716811e-01,-1.784086000718229759e+00,-1.279924793581480813e+00,-6.444743189484574142e-01,-3.445143402079136941e+00,-2.645344902311778768e+00,-2.905478588431718023e+00,-2.033359966997022372e+00,-2.752305754863190845e+00
-4.701418905029822959e+00,-9.987244895219716811e-01,-1.784086000718229759e+00,-1.279924793581480813e+00,-6.444743189484574142e-01,-3.445143402079136941e+00,-2.645344902311778768e+00,-2.905478588431718023e+00,-2.033359966997022372e+00,-2.972021520618887802e+00
-4.701418905029822959e+00,-9.987244895219716811e-01,-1.784086000718229759e+00,-1.279924793581480813e+00,-6.444743189484574142e-01,-3.445143402079136941e+00,-2.645344902311778768e+00,-2.905478588431718023e+00,-2.033359966997022372e+00,-2.972021520618887802e+00
-4.701418905029822959e+00,-9.987244895219716811e-01,-1.784086000718229759e+00,-1.279924793581480813e+00,-6.444743189484574142e-01,-3.445143402079136941e+00,-2.645344902311778768e+00,-2.905478588431718023e+00,-2.033359966997022372e+00,-2.972021520618887802e+00
-4.701418905029822959e+00,-9.987244895219716811e-01,-1.784086000718229759e+00,-1.279924793581480813e+00,-6.444743189484574142e-01,-3.445143402079136941e+00,-2.645344902311778768e+00,-2.905478588431718023e+00,-2.033359966997022372e+00,-2.972021520618887802e+00
-4.701418905029822959e+00,-9.987244895219716811e-01,-1.784086000718229759e+00,-1.279924793581480813e+00,-6.444743189484574142e-01,-3.445143402079136941e+00,-2.645344902311778768e+00,-2.905478588431718023e+00,-2.033359966997022372e+00,-2.972021520618887802e+00
-4.701418905029822959e+00,-9.987244895219716811e-01,-1.784086000718229759e+00,-1.279924793581480813e+00,-6.444743189484574142e-01,-3.445143402079136941e+00,-2.645344902311778768e+00,-2.905478588431718023e+00,-2.033359966997022372e+00,-2.972021520618887802e+00
-4.701418905029822959e+00,-9.987244895219716811e-01,-1.784086000718229759e+00,-1.279924793581480813e+00,-6.444743189484574142e-01,-3.445143402079136941e+00,-2.645344902311778768e+00,-2.905478588431718023e+00,-2.033359966997022372e+00,-2.972021520618887802e+00
-4.701418905029822959e+00,-9.987244895219716811e-01,-1.784086000718229759e+00,-1.279924793581480813e+00,-6.444743189484574142e-01,-3.445143402079136941e+00,-2.645344902311778768e+00,-2.905478588431718023e+00,-2.033359966997022372e+00,-2.972021520618887802e+00
-4.701418905029822959e+00,-9.987244895219716811e-01,-1.784086000718229759e+00,-1.279924793581480813e+00,-6.444743189484574142e-01,-3.445143402079136941e+00,-2.645344902311778768e+00,-2.905478588431718023e+00,-2.033359966997022372e+00,-2.972021520618887802e+00
-4.701418905029822959e+00,-9.987244895219716811e-01,-1.784086000718229759e+00,-1.279924793581480813e+00,-6.444743189484574142e-01,-3.445143402079136941e+00,-2.645344902311778768e+00,-2.905478588431718023e+00,-2.033359966997022372e+00,-2.972021520618887802e+00
-4.701418905029822959e+00,-9.987244895219716811e-01,-1.784086000718229759e+00,-1.279924793581480813e+00,-6.444743189484574142e-01,-3.631663968967303813e+00,-2.645344902311778768e+00,-2.905478588431718023e+00,-2.033359966997022372e+00,-2.972021520618887802e+00
-4.701418905029822959e+00,-9.987244895219716811e-01,-1.784086000718229759e+00,-1.279924793581480813e+00,-6.444743189484574142e-01,-3.631663968967303813e+00,-2.645344902311778768e+00,-2.905478588431718023e+00,-2.033359966997022372e+00,-2.972021520618887802e+00
-4.701418905029822959e+00,-9.987244895219716811e-01,-1.784086000718229759e+00,-1.279924793581480813e+00,-6.444743189484574142e-01,-3.631663968967303813e+00,-2.645344902311778768e+00,-2.905478588431718023e+00,-2.033359966997022372e+00,-2.972021520618887802e+00
-4.701418905029822959e+00,-9.987244895219716811e-01,-1.784086000718229759e+00,-1.279924793581480813e+00,-6.444743189484574142e-01,-3.631663968967303813e+00,-2.645344902311778768e+00,-2.905478588431718023e+00,-2.033359966997022372e+00,-2.972021520618887802e+00
-4.701418905029822959e+00,-9.987244895219716811e-01,-1.784086000718229759e+00,-1.279924793581480813e+00,-6.444743189484574142e-01,-3.631663968967303813e+00,-2.645344902311778768e+00,-2.905478588431718023e+00,-2.033359966997022372e+00,-2.972021520618887802e+00
-4.701418905029822959e+00,-9.987244895219716811e-01,-1.784086000718229759e+00,-1.279924793581480813e+00,-6.444743189484574142e-01,-3.631663968967303813e+00,-2.645344902311778768e+00,-2.905478588431718023e+00,-2.033359966997022372e+00,-2.972021520618887802e+00
-4.701418905029822959e+00,-9.987244895219716811e-01,-1.784086000718229759e+00,-1.279924793581480813e+00,-6.444743189484574142e-01,-3.631663968967303813e+00,-2.645344902311778768e+00,-2.905478588431718023e+00,-2.033359966997022372e+00,-2.972021520618887802e+00
-4.701418905029822959e+00,-9.987244895219716811e-01,-1.784086000718229759e+00,-1.279924793581480813e+00,-6.444743189484574142e-01,-3.631663968967303813e+00,-2.645344902311778768e+00,-2.905478588431718023e+00,-2.033359966997022372e+00,-2.972021520618887802e+00
-4.701418905029822959e+00,-9.987244895219716811e-01,-1.784086000718229759e+00,-1.279924793581480813e+00,-6.444743189484574142e-01,-3.809032661250844054e+00,-2.645344902311778768e+00,-2.905478588431718023e+00,-2.033359966997022372e+00,-2.972021520618887802e+00
-4.701418905029822959e+00,-9.987244895219716811e-01,-1.784086000718229759e+00,-1.279924793581480813e+00,-6.444743189484574142e-01,-3.809032661250844054e+00,-2.645344902311778768e+00,-2.905478588431718023e+00,-2.033359966997022372e+00,-2.972021520618887802e+00
-4.701418905029822959e+00,-9.987244895219716811e-01,-1.784086000718229759e+00,-1.279924793581480813e+00,-6.444743189484574142e-01,-3.809032661250844054e+00,-2.645344902311778768e+00,-2.905478588431718023e+00,-2.033359966997022372e+00,-2.972021520618887802e+00
-4.701418905029822959e+00,-9.987244895219716811e-01,-1.784086000718229759e+00,-1.279924793581480813e+00,-6.444743189484574142e-01,-3.809032661250844054e+00,-2.645344902311778768e+00,-2.905478588431718023e+00,-2.033359966997022372e+00,-2.972021520618887802e+00
-4.701418905029822959e+00,-9.987244895219716811e-01,-1.784086000718229759e+00,-1.279924793581480813e+00,-6.444743189484574142e-01,-3.809032661250844054e+00,-2.645344902311778768e+00,-2.905478588431718023e+00,-2.033359966997022372e+00,-2.972021520618887802e+00
-4.701418905029822959e+00,-9.987244895219716811e-01,-1.784086000718229759e+00,-1.279924793581480813e+00,-6.444743189484574142e-01,-3.809032661250844054e+00,-3.725495041169835986e+00,-2.905478588431718023e+00,-2.033359966997022372e+00,-2.972021520618887802e+00
-4.701418905029822959e+00,-9.987244895219716811e-01,-1.784086000718229759e+00,-1.279924793581480813e+00,-6.444743189484574142e-01,-3.809032661250844054e+00,-3.725495041169835986e+00,-2.905478588431718023e+00,-2.033359966997022372e+00,-2.972021520618887802e+00
-4.701418905029822959e+00,-9.987244895219716811e-01,-1.784086000718229759e+00,-1.317972436137957004e+00,-6.444743189484574142e-01,-3.809032661250844054e+00,-3.725495041169835986e+00,-2.905478588431718023e+00,-2.033359966997022372e+00,-2.972021520618887802e+00
-4.701418905029822959e+00,-9.987244895219716811e-01,-1.784086000718229759e+00,-1.398404276805770952e+00,-6.444743189484574142e-01,-3.809032661250844054e+00,-3.725495041169835986e+00,-2.905478588431718023e+00,-2.033359966997022372e+00,-2.972021520618887802e+00
-4.701418905029822959e+00,-9.987244895219716811e-01,-1.784086000718229759e+00,-1.398404276805770952e+00,-6.444743189484574142e-01,-3.809032661250844054e+00,-3.725495041169835986e+00,-2.905478588431718023e+00,-2.033359966997022372e+00,-2.972021520618887802e+00
-4.701418905029822959e+00,-9.987244895219716811e-01,-1.784086000718229759e+00,-1.398404276805770952e+00,-6.444743189484574142e-01,-3.809032661250844054e+00,-3.725495041169835986e+00,-2.905478588431718023e+00,-2.033359966997022372e+00,-2.972021520618887802e+00
-4.701418905029822959e+00,-9.987244895219716811e-01,-1.784086000718229759e+00,-1.517710539239630396e+00,-6.444743189484574142e-01,-3.809032661250844054e+00,-3.725495041169835986e+00,-2.905478588431718023e+00,-2.033359966997022372e+00,-2.972021520618887802e+00
-4.701418905029822959e+00,-9.987244895219716811e-01,-1.784086000718229759e+00,-1.517710539239630396e+00,-6.444743189484574142e-01,-3.809032661250844054e+00,-3.725495041169835986e+00,-2.905478588431718023e+00,-2.033359966997022372e+00,-2.972021520618887802e+00
-4.701418905029822959e+00,-9.987244895219716811e-01,-1.784086000718229759e+00,-1.517710539239630396e+00,-6.444743189484574142e-01,-3.809032661250844054e+00,-3.725495041169835986e+00,-2.905478588431718023e+00,-2.033359966997022372e+00,-2.972021520618887802e+00
-4.701418905029822959e+00,-9.987244895219716811e-01,-1.784086000718229759e+00,-1.517710539239630396e+00,-6.444743189484574142e-01,-3.809032661250844054e+00,-3.725495041169835986e+00,-2.905478588431718023e+00,-2.033359966997022372e+00,-2.972021520618887802e+00
-4.701418905029822959e+00,-9.987244895219716811e-01,-1.784086000718229759e+00,-1.517710539239630396e+00,-6.444743189484574142e-01,-3.809032661250844054e+00,-3.725495041169835986e+00,-2.905478588431718023e+00,-2.033359966997022372e+00,-2.972021520618887802e+00
-4.701418905029822959e+00,-9.987244895219716811e-01,-1.784086000718229759e+00,-1.517710539239630396e+00,-6.444743189484574142e-01,-3.809032661250844054e+00,-3.725495041169835986e+00,-2.905478588431718023e+00,-2.033359966997022372e+00,-2.972021520618887802e+00
-4.701418905029822959e+00,-9.987244895219716811e-01,-1.784086000718229759e+00,-1.517710539239630396e+00,-6.444743189484574142e-01,-3.809032661250844054e+00,-3.725495041169835986e+00,-2.905478588431718023e+00,-2.033359966997022372e+00,-2.972021520618887802e+00
-4.701418905029822959e+00,-9.987244895219716811e-01,-1.911968221706766835e+00,-1.517710539239630396e+00,-6.444743189484574142e-01,-3.809032661250844054e+00,-3.725495041169835986e+00,-2.905478588431718023e+00,-2.033359966997022372e+00,-2.972021520618887802e+00
-4.701418905029822959e+00,-9.987244895219716811e-01,-1.911968221706766835e+00,-1.517710539239630396e+00,-6.444743189484574142e-01,-3.809032661250844054e+00,-3.725495041169835986e+00,-2.905478588431718023e+00,-2.033359966997022372e+00,-2.972021520618887802e+00
-4.701418905029822959e+00,-9.987244895219716811e-01,-1.911968221706766835e+00,-1.517710539239630396e+00,-6.444743189484574142e-01,-3.838761991006387042e+00,-3.725495041169835986e+00,-2.905478588431718023e+00,-2.033359966997022372e+00,-2.972021520618887802e+00
-4.701418905029822959e+00,-9.987244895219716811e-01,-1.911968221706766835e+00,-1.517710539239630396e+00,-6.444743189484574142e-01,-3.838761991006387042e+00,-3.725495041169835986e+00,-2.905478588431718023e+00,-2.033359966997022372e+00,-2.972021520618887802e+00
-4.701418905029822959e+00,-9.987244895219716811e-01,-1.911968221706766835e+00,-1.517710539239630396e+00,-6.444743189484574142e-01,-3.838761991006387042e+00,-3.725495041169835986e+00,-2.905478588431718023e+00,-2.033359966997022372e+00,-2.972021520618887802e+00
-4.701418905029822959e+00,-9.987244895219716811e-01,-1.911968221706766835e+00,-1.517710539239630396e+00,-6.444743189484574142e-01,-3.838761991006387042e+00,-3.725495041169835986e+00,-2.905478588431718023e+00,-2.033359966997022372e+00,-2.972021520618887802e+00
-4.701418905029822959e+00,-9.987244895219716811e-01,-1.911968221706766835e+00,-1.517710539239630396e+00,-6.444743189484574142e-01,-3.838761991006387042e+00,-3.725495041169835986e+00,-2.905478588431718023e+00,-2.033359966997022372e+00,-2.972021520618887802e+00
-4.701418905029822959e+00,-9.987244895219716811e-01,-1.911968221706766835e+00,-1.517710539239630396e+00,-6.444743189484574142e-01,-3.838761991006387042e+00,-3.725495041169835986e+00,-2.905478588431718023e+00,-2.033359966997022372e+00,-2.972021520618887802e+00
-4.701418905029822959e+00,-9.987244895219716811e-01,-1.911968221706766835e+00,-1.517710539239630396e+00,-6.444743189484574142e-01,-3.838761991006387042e+00,-3.725495041169835986e+00,-2.905478588431718023e+00,-2.033359966997022372e+00,-2.972021520618887802e+00
-4.701418905029822959e+00,-9.987244895219716811e-01,-1.911968221706766835e+00,-1.517710539239630396e+00,-6.444743189484574142e-01,-3.838761991006387042e+00,-3.725495041169835986e+00,-2.905478588431718023e+00,-2.033359966997022372e+00,-2.972021520618887802e+00
-4.701418905029822959e+00,-9.987244895219716811e-01,-1.911968221706766835e+00,-1.517710539239630396e+00,-6.444743189484574142e-01,-3.838761991006387042e+00,-3.725495041169835986e+00,-2.905478588431718023e+00,-2.033359966997022372e+00,-2.972021520618887802e+00
-4.701418905029822959e+00,-9.987244895219716811e-01,-1.911968221706766835e+00,-1.517710539239630396e+00,-6.444743189484574142e-01,-3.838761991006387042e+00,-3.725495041169835986e+00,-2.905478588431718023e+00,-2.033359966997022372e+00,-2.972021520618887802e+00
-4.701418905029822959e+00,-9.987244895219716811e-01,-1.911968221706766835e+00,-1.517710539239630396e+00,-6.444743189484574142e-01,-3.838761991006387042e+00,-3.725495041169835986e+00,-2.905478588431718023e+00,-2.033359966997022372e+00,-2.972021520618887802e+00
-4.701418905029822959e+00,-9.987244895219716811e-01,-1.911968221706766835e+00,-1.517710539239630396e+00,-6.444743189484574142e-01,-3.838761991006387042e+00,-3.725495041169835986e+00,-2.905478588431718023e+00,-2.033359966997022372e+00,-2.972021520618887802e+00
-4.701418905029822959e+00,-9.987244895219716811e-01,-1.911968221706766835e+00,-1.517710539239630396e+00,-6.444743189484574142e-01,-3.838761991006387042e+00,-3.725495041169835986e+00,-2.905478588431718023e+00,-2.033359966997022372e+00,-2.972021520618887802e+00
-4.701418905029822959e+00,-9.987244895219716811e-01,-1.911968221706766835e+00,-1.517710539239630396e+00,-6.444743189484574142e-01,-3.838761991006387042e+00,-3.725495041169835986e+00,-2.905478588431718023e+00,-2.033359966997022372e+00,-2.972021520618887802e+00
-4.701418905029822959e+00,-9.987244895219716811e-01,-1.911968221706766835e+00,-1.517710539239630396e+00,-6.444743189484574142e-01,-3.838761991006387042e+00,-3.725495041169835986e+00,-2.905478588431718023e+00,-2.033359966997022372e+00,-2.972021520618887802e+00
-4.701418905029822959e+00,-9.987244895219716811e-01,-1.911968221706766835e+00,-1.517710539239630396e+00,-6.444743189484574142e-01,-3.909369820333814527e+00,-3.725495041169835986e+00,-2.905478588431718023e+00,-2.033359966997022372e+00,-2.972021520618887802e+00
-4.701418905029822959e+00,-9.987244895219716811e-01,-2.057471573205502224e+00,-1.517710539239630396e+00,-6.444743189484574142e-01,-3.909369820333814527e+00,-3.725495041169835986e+00,-2.905478588431718023e+00,-2.033359966997022372e+00,-2.972021520618887802e+00
-4.701418905029822959e+00,-9.987244895219716811e-01,-2.057471573205502224e+00,-1.517710539239630396e+00,-6.444743189484574142e-01,-3.909369820333814527e+00,-3.725495041169835986e+00,-2.905478588431718023e+00,-2.033359966997022372e+00,-2.972021520618887802e+00
-4.701418905029822959e+00,-9.987244895219716811e-01,-2.057471573205502224e+00,-1.517710539239630396e+00,-6.444743189484574142e-01,-3.909369820333814527e+00,-3.725495041169835986e+00,-2.905478588431718023e+00,-2.033359966997022372e+00,-2.972021520618887802e+00
