1.325964759914091129e+00,6.126518287003193119e-01,1.704427734348334944e-01,4.579728991488467571e+00,2.202505824414696889e+00,3.490354526878332475e+00,-5.463700913674781612e-01,2.281986408066454697e+00,-6.167958791766815496e-01,1.950308548002287035e+00
1.325964759914091129e+00,6.126518287003193119e-01,1.704427734348334944e-01,4.220186162959126186e+00,2.202505824414696889e+00,3.425669964265454670e+00,-5.463700913674781612e-01,1.415168000590061537e+00,-6.167958791766815496e-01,1.583433831125193647e+00
1.325964759914091129e+00,6.126518287003193119e-01,1.399411559082338607e-01,3.824258493817973115e+00,2.202505824414696889e+00,3.238427423992756182e+00,-5.463700913674781612e-01,1.415168000590061537e+00,-2.802577606953803535e+00,9.871136374421840554e-01
1.325964759914091129e+00,6.126518287003193119e-01,1.399411559082338607e-01,2.010980333353210359e+00,2.202505824414696889e+00,1.584828060697601737e+00,-5.463700913674781612e-01,1.415168000590061537e+00,-2.802577606953803535e+00,9.871136374421840554e-01
1.325964759914091129e+00,6.126518287003193119e-01,1.399411559082338607e-01,2.010980333353210359e+00,2.202505824414696889e+00,1.584828060697601737e+00,-5.463700913674781612e-01,2.018455806821816134e-01,-2.802577606953803535e+00,9.871136374421840554e-01
1.325964759914091129e+00,6.126518287003193119e-01,1.399411559082338607e-01,2.010980333353210359e+00,-4.104311432435282514e-01,-6.790395550317916973e-01,-5.463700913674781612e-01,2.018455806821816134e-01,-2.802577606953803535e+00,7.172031840485737497e-01
1.325964759914091129e+00,6.126518287003193119e-01,-1.090595791298388351e+00,2.010980333353210359e+00,-4.104311432435282514e-01,-6.790395550317916973e-01,-5.463700913674781612e-01,2.018455806821816134e-01,-2.802577606953803535e+00,7.172031840485737497e-01
1.325964759914091129e+00,6.126518287003193119e-01,-1.104039590887561761e+00,2.010980333353210359e+00,-4.104311432435282514e-01,-6.790395550317916973e-01,-1.084107017904546666e+00,-3.581474321478721884e-02,-2.802577606953803535e+00,7.172031840485737497e-01
1.325964759914091129e+00,3.057687227603989588e-01,-1.104039590887561761e+00,2.010980333353210359e+00,-4.104311432435282514e-01,-6.790395550317916973e-01,-1.972724713221635229e+00,-3.581474321478721884e-02,-2.802577606953803535e+00,7.172031840485737497e-01
1.325964759914091129e+00,3.057687227603989588e-01,-1.104039590887561761e+00,3.773665617962600471e-01,-4.104311432435282514e-01,-6.790395550317916973e-01,-1.972724713221635229e+00,-3.581474321478721884e-02,-2.802577606953803535e+00,2.026971922377150404e-01
1.325964759914091129e+00,3.057687227603989588e-01,-1.104039590887561761e+00,3.773665617962600471e-01,-4.104311432435282514e-01,-6.790395550317916973e-01,-1.972724713221635229e+00,-3.581474321478721884e-02,-2.802577606953803535e+00,1.732293979848547882e-01
1.325964759914091129e+00,3.057687227603989588e-01,-1.104039590887561761e+00,3.773665617962600471e-01,-4.104311432435282514e-01,-1.834717784894702053e+00,-1.972724713221635229e+00,-1.025414315450962510e+00,-2.802577606953803535e+00,1.732293979848547882e-01
1.325964759914091129e+00,3.057687227603989588e-01,-1.104039590887561761e+00,3.773665617962600471e-01,-4.104311432435282514e-01,-1.834717784894702053e+00,-1.972724713221635229e+00,-1.025414315450962510e+00,-2.978010811153287030e+00,-1.200902173227272607e-01
1.325964759914091129e+00,3.057687227603989588e-01,-1.104039590887561761e+00,3.773665617962600471e-01,-4.104311432435282514e-01,-1.834717784894702053e+00,-1.972724713221635229e+00,-1.025414315450962510e+00,-3.887504359834247136e+00,-1.200902173227272607e-01
1.325964759914091129e+00,1.024639289412844212e-01,-1.104039590887561761e+00,3.773665617962600471e-01,-4.104311432435282514e-01,-3.809667184150914210e+00,-1.972724713221635229e+00,-1.025414315450962510e+00,-3.887504359834247136e+00,-1.209823836700460176e-01
1.325964759914091129e+00,1.024639289412844212e-01,-1.104039590887561761e+00,3.773665617962600471e-01,-4.104311432435282514e-01,-3.809667184150914210e+00,-1.972724713221635229e+00,-1.025414315450962510e+00,-3.887504359834247136e+00,-1.209823836700460176e-01
1.325964759914091129e+00,1.024639289412844212e-01,-1.104039590887561761e+00,3.773665617962600471e-01,-4.104311432435282514e-01,-3.809667184150914210e+00,-1.972724713221635229e+00,-1.025414315450962510e+00,-3.887504359834247136e+00,-4.482897970566332435e-01
1.129894224943520209e+00,1.024639289412844212e-01,-1.104039590887561761e+00,3.773665617962600471e-01,-1.977110817556578359e+00,-3.809667184150914210e+00,-1.972724713221635229e+00,-1.025414315450962510e+00,-3.887504359834247136e+00,-4.482897970566332435e-01
1.129894224943520209e+00,1.024639289412844212e-01,-1.104039590887561761e+00,3.773665617962600471e-01,-1.977110817556578359e+00,-3.809667184150914210e+00,-2.044822194131305171e+00,-1.025414315450962510e+00,-3.887504359834247136e+00,-5.446025593524691510e-01
1.129894224943520209e+00,1.024639289412844212e-01,-1.104039590887561761e+00,3.773665617962600471e-01,-1.977110817556578359e+00,-3.809667184150914210e+00,-2.044822194131305171e+00,-1.985482627557777713e+00,-3.887504359834247136e+00,-5.446025593524691510e-01
1.129894224943520209e+00,1.024639289412844212e-01,-1.104039590887561761e+00,3.773665617962600471e-01,-1.977110817556578359e+00,-3.809667184150914210e+00,-2.044822194131305171e+00,-1.985482627557777713e+00,-3.887504359834247136e+00,-5.446025593524691510e-01
1.129894224943520209e+00,1.024639289412844212e-01,-1.104039590887561761e+00,3.773665617962600471e-01,-1.977110817556578359e+00,-3.809667184150914210e+00,-2.132081973206391812e+00,-1.985482627557777713e+00,-3.887504359834247136e+00,-5.446025593524691510e-01
1.129894224943520209e+00,1.024639289412844212e-01,-1.104039590887561761e+00,3.773665617962600471e-01,-1.977110817556578359e+00,-3.809667184150914210e+00,-2.132081973206391812e+00,-1.985482627557777713e+00,-3.887504359834247136e+00,-1.761592557730221165e+00
1.129894224943520209e+00,1.024639289412844212e-01,-1.104039590887561761e+00,3.773665617962600471e-01,-1.977110817556578359e+00,-3.809667184150914210e+00,-2.132081973206391812e+00,-1.985482627557777713e+00,-3.887504359834247136e+00,-1.761592557730221165e+00
1.129894224943520209e+00,1.024639289412844212e-01,-1.104039590887561761e+00,3.773665617962600471e-01,-1.977110817556578359e+00,-3.809667184150914210e+00,-2.132081973206391812e+00,-1.985482627557777713e+00,-3.887504359834247136e+00,-1.761592557730221165e+00
1.129894224943520209e+00,1.024639289412844212e-01,-1.104039590887561761e+00,3.773665617962600471e-01,-1.977110817556578359e+00,-3.809667184150914210e+00,-2.282726961460741499e+00,-1.985482627557777713e+00,-3.887504359834247136e+00,-2.692290565968968874e+00
1.129894224943520209e+00,1.024639289412844212e-01,-1.104039590887561761e+00,3.773665617962600471e-01,-1.977110817556578359e+00,-3.809667184150914210e+00,-2.282726961460741499e+00,-1.985482627557777713e+00,-3.887504359834247136e+00,-2.692290565968968874e+00
1.129894224943520209e+00,1.024639289412844212e-01,-1.104039590887561761e+00,3.773665617962600471e-01,-1.977110817556578359e+00,-3.809667184150914210e+00,-2.282726961460741499e+00,-1.985482627557777713e+00,-3.887504359834247136e+00,-2.692290565968968874e+00
1.129894224943520209e+00,1.024639289412844212e-01,-1.104039590887561761e+00,-4.557578882231664297e-01,-1.977110817556578359e+00,-3.809667184150914210e+00,-2.282726961460741499e+00,-1.985482627557777713e+00,-3.910795381430825390e+00,-2.692290565968968874e+00
1.129894224943520209e+00,1.024639289412844212e-01,-1.104039590887561761e+00,-4.557578882231664297e-01,-1.977110817556578359e+00,-3.809667184150914210e+00,-2.282726961460741499e+00,-1.985482627557777713e+00,-3.910795381430825390e+00,-2.692290565968968874e+00
7.831034221402457529e-01,-1.518641370524202450e-01,-1.104039590887561761e+00,-4.557578882231664297e-01,-1.977110817556578359e+00,-3.809667184150914210e+00,-2.282726961460741499e+00,-1.985482627557777713e+00,-3.910795381430825390e+00,-2.692290565968968874e+00
7.831034221402457529e-01,-1.518641370524202450e-01,-1.104039590887561761e+00,-4.557578882231664297e-01,-1.977110817556578359e+00,-3.809667184150914210e+00,-2.282726961460741499e+00,-1.985482627557777713e+00,-3.910795381430825390e+00,-2.692290565968968874e+00
7.831034221402457529e-01,-1.518641370524202450e-01,-1.104039590887561761e+00,-4.557578882231664297e-01,-1.977110817556578359e+00,-3.809667184150914210e+00,-2.282726961460741499e+00,-1.985482627557777713e+00,-3.910795381430825390e+00,-2.692290565968968874e+00
7.831034221402457529e-01,-1.518641370524202450e-01,-1.104039590887561761e+00,-4.557578882231664297e-01,-1.977110817556578359e+00,-3.809667184150914210e+00,-2.282726961460741499e+00,-1.985482627557777713e+00,-3.910795381430825390e+00,-2.692290565968968874e+00
7.831034221402457529e-01,-1.518641370524202450e-01,-1.104039590887561761e+00,-4.557578882231664297e-01,-1.977110817556578359e+00,-3.809667184150914210e+00,-2.282726961460741499e+00,-1.985482627557777713e+00,-3.910795381430825390e+00,-2.692290565968968874e+00
7.831034221402457529e-01,-1.518641370524202450e-01,-1.104039590887561761e+00,-4.557578882231664297e-01,-1.977110817556578359e+00,-3.809667184150914210e+00,-2.282726961460741499e+00,-1.985482627557777713e+00,-3.910795381430825390e+00,-2.692290565968968874e+00
7.831034221402457529e-01,-1.518641370524202450e-01,-1.104039590887561761e+00,-4.557578882231664297e-01,-1.977110817556578359e+00,-3.809667184150914210e+00,-2.282726961460741499e+00,-1.985482627557777713e+00,-3.910795381430825390e+00,-2.692290565968968874e+00
7.831034221402457529e-01,-1.518641370524202450e-01,-1.104039590887561761e+00,-4.557578882231664297e-01,-1.977110817556578359e+00,-3.809667184150914210e+00,-2.282726961460741499e+00,-1.985482627557777713e+00,-3.910795381430825390e+00,-2.692290565968968874e+00
7.831034221402457529e-01,-1.518641370524202450e-01,-1.104039590887561761e+00,-9.761071459566335040e-01,-1.977110817556578359e+00,-3.809667184150914210e+00,-2.282726961460741499e+00,-1.985482627557777713e+00,-3.910795381430825390e+00,-2.692290565968968874e+00
7.831034221402457529e-01,-1.518641370524202450e-01,-1.104039590887561761e+00,-9.761071459566335040e-01,-1.977110817556578359e+00,-3.809667184150914210e+00,-2.282726961460741499e+00,-1.985482627557777713e+00,-3.910795381430825390e+00,-2.692290565968968874e+00
7.831034221402457529e-01,-1.518641370524202450e-01,-1.104039590887561761e+00,-9.761071459566335040e-01,-1.977110817556578359e+00,-3.809667184150914210e+00,-2.282726961460741499e+00,-1.985482627557777713e+00,-3.910795381430825390e+00,-2.692290565968968874e+00
7.831034221402457529e-01,-1.518641370524202450e-01,-1.104039590887561761e+00,-9.761071459566335040e-01,-1.977110817556578359e+00,-3.809667184150914210e+00,-2.282726961460741499e+00,-1.985482627557777713e+00,-3.910795381430825390e+00,-2.692290565968968874e+00
7.831034221402457529e-01,-1.518641370524202450e-01,-1.104039590887561761e+00,-9.761071459566335040e-01,-1.977110817556578359e+00,-3.809667184150914210e+00,-2.282726961460741499e+00,-1.985482627557777713e+00,-3.910795381430825390e+00,-2.692290565968968874e+00
7.831034221402457529e-01,-1.518641370524202450e-01,-1.104039590887561761e+00,-9.761071459566335040e-01,-1.977110817556578359e+00,-3.809667184150914210e+00,-2.282726961460741499e+00,-1.985482627557777713e+00,-3.910795381430825390e+00,-2.692290565968968874e+00
7.831034221402457529e-01,-1.014785727779359048e+00,-1.104039590887561761e+00,-9.761071459566335040e-01,-1.977110817556578359e+00,-3.809667184150914210e+00,-2.282726961460741499e+00,-1.985482627557777713e+00,-4.190504669269314419e+00,-2.692290565968968874e+00
7.831034221402457529e-01,-1.014785727779359048e+00,-1.104039590887561761e+00,-9.761071459566335040e-01,-1.977110817556578359e+00,-3.809667184150914210e+00,-2.282726961460741499e+00,-1.985482627557777713e+00,-4.190504669269314419e+00,-2.692290565968968874e+00
7.831034221402457529e-01,-1.014785727779359048e+00,-1.104039590887561761e+00,-9.761071459566335040e-01,-1.977110817556578359e+00,-3.809667184150914210e+00,-2.282726961460741499e+00,-1.985482627557777713e+00,-4.190504669269314419e+00,-2.692290565968968874e+00
7.831034221402457529e-01,-1.014785727779359048e+00,-1.104039590887561761e+00,-9.761071459566335040e-01,-1.977110817556578359e+00,-3.809667184150914210e+00,-2.282726961460741499e+00,-1.985482627557777713e+00,-4.190504669269314419e+00,-2.692290565968968874e+00
-6.069477447589203267e-01,-1.014785727779359048e+00,-1.104039590887561761e+00,-9.761071459566335040e-01,-1.977110817556578359e+00,-3.809667184150914210e+00,-2.282726961460741499e+00,-1.985482627557777713e+00,-4.190504669269314419e+00,-2.692290565968968874e+00
-6.069477447589203267e-01,-1.014785727779359048e+00,-1.104039590887561761e+00,-9.761071459566335040e-01,-1.977110817556578359e+00,-3.809667184150914210e+00,-2.282726961460741499e+00,-1.985482627557777713e+00,-4.190504669269314419e+00,-2.692290565968968874e+00
-6.069477447589203267e-01,-1.014785727779359048e+00,-1.104039590887561761e+00,-9.761071459566335040e-01,-1.977110817556578359e+00,-3.809667184150914210e+00,-2.282726961460741499e+00,-1.985482627557777713e+00,-4.190504669269314419e+00,-2.692290565968968874e+00
-6.069477447589203267e-01,-1.014785727779359048e+00,-1.104039590887561761e+00,-9.761071459566335040e-01,-1.977110817556578359e+00,-3.809667184150914210e+00,-2.282726961460741499e+00,-1.985482627557777713e+00,-4.190504669269314419e+00,-2.692290565968968874e+00
-1.258813027198859347e+00,-1.014785727779359048e+00,-1.104039590887561761e+00,-9.761071459566335040e-01,-1.977110817556578359e+00,-3.809667184150914210e+00,-2.282726961460741499e+00,-1.985482627557777713e+00,-4.190504669269314419e+00,-2.692290565968968874e+00
-1.258813027198859347e+00,-1.014785727779359048e+00,-1.104039590887561761e+00,-1.182477699557011652e+00,-1.977110817556578359e+00,-3.809667184150914210e+00,-2.602548342082219079e+00,-1.985482627557777713e+00,-4.190504669269314419e+00,-2.692290565968968874e+00
-1.258813027198859347e+00,-1.014785727779359048e+00,-1.104039590887561761e+00,-1.182477699557011652e+00,-1.977110817556578359e+00,-3.809667184150914210e+00,-2.602548342082219079e+00,-1.985482627557777713e+00,-4.190504669269314419e+00,-2.692290565968968874e+00
-2.697882318780238098e+00,-1.014785727779359048e+00,-1.104039590887561761e+00,-1.182477699557011652e+00,-1.977110817556578359e+00,-3.809667184150914210e+00,-2.602548342082219079e+00,-1.985482627557777713e+00,-4.190504669269314419e+00,-2.692290565968968874e+00
-2.697882318780238098e+00,-1.014785727779359048e+00,-1.104039590887561761e+00,-1.182477699557011652e+00,-1.977110817556578359e+00,-3.809667184150914210e+00,-2.602548342082219079e+00,-1.985482627557777713e+00,-4.190504669269314419e+00,-2.692290565968968874e+00
-2.697882318780238098e+00,-1.014785727779359048e+00,-1.104039590887561761e+00,-1.182477699557011652e+00,-1.977110817556578359e+00,-3.809667184150914210e+00,-2.602548342082219079e+00,-1.985482627557777713e+00,-4.190504669269314419e+00,-2.692290565968968874e+00
-2.697882318780238098e+00,-1.014785727779359048e+00,-1.104039590887561761e+00,-1.795599601412328550e+00,-1.977110817556578359e+00,-3.809667184150914210e+00,-5.597589445248699391e+00,-1.985482627557777713e+00,-4.190504669269314419e+00,-2.692290565968968874e+00
-2.697882318780238098e+00,-1.014785727779359048e+00,-1.104039590887561761e+00,-1.795599601412328550e+00,-1.977110817556578359e+00,-3.809667184150914210e+00,-5.597589445248699391e+00,-1.985482627557777713e+00,-4.190504669269314419e+00,-2.692290565968968874e+00
-2.697882318780238098e+00,-1.014785727779359048e+00,-1.104039590887561761e+00,-1.795599601412328550e+00,-1.977110817556578359e+00,-3.809667184150914210e+00,-5.597589445248699391e+00,-1.985482627557777713e+00,-4.190504669269314419e+00,-2.692290565968968874e+00
-2.697882318780238098e+00,-1.014785727779359048e+00,-1.104039590887561761e+00,-1.795599601412328550e+00,-1.977110817556578359e+00,-3.809667184150914210e+00,-5.597589445248699391e+00,-1.985482627557777713e+00,-4.190504669269314419e+00,-2.692290565968968874e+00
-2.697882318780238098e+00,-1.014785727779359048e+00,-1.104039590887561761e+00,-1.795599601412328550e+00,-1.977110817556578359e+00,-3.809667184150914210e+00,-5.597589445248699391e+00,-1.985482627557777713e+00,-4.190504669269314419e+00,-2.692290565968968874e+00
-2.697882318780238098e+00,-1.014785727779359048e+00,-1.104039590887561761e+00,-1.795599601412328550e+00,-1.977110817556578359e+00,-3.809667184150914210e+00,-5.597589445248699391e+00,-1.985482627557777713e+00,-4.190504669269314419e+00,-2.692290565968968874e+00
-2.697882318780238098e+00,-1.014785727779359048e+00,-1.104039590887561761e+00,-1.795599601412328550e+00,-1.977110817556578359e+00,-3.809667184150914210e+00,-5.597589445248699391e+00,-1.985482627557777713e+00,-4.190504669269314419e+00,-2.692290565968968874e+00
-2.697882318780238098e+00,-1.014785727779359048e+00,-1.104039590887561761e+00,-1.795599601412328550e+00,-1.977110817556578359e+00,-3.809667184150914210e+00,-5.597589445248699391e+00,-1.985482627557777713e+00,-4.190504669269314419e+00,-2.692290565968968874e+00
-2.697882318780238098e+00,-1.014785727779359048e+00,-1.104039590887561761e+00,-1.795599601412328550e+00,-1.977110817556578359e+00,-3.809667184150914210e+00,-5.597589445248699391e+00,-1.985482627557777713e+00,-4.190504669269314419e+00,-2.692290565968968874e+00
-2.697882318780238098e+00,-1.014785727779359048e+00,-1.104039590887561761e+00,-1.795599601412328550e+00,-1.977110817556578359e+00,-3.809667184150914210e+00,-5.597589445248699391e+00,-1.985482627557777713e+00,-4.190504669269314419e+00,-2.692290565968968874e+00
-2.697882318780238098e+00,-1.014785727779359048e+00,-1.104039590887561761e+00,-1.795599601412328550e+00,-1.977110817556578359e+00,-3.809667184150914210e+00,-5.597589445248699391e+00,-1.985482627557777713e+00,-4.190504669269314419e+00,-2.692290565968968874e+00
-2.697882318780238098e+00,-1.014785727779359048e+00,-1.104039590887561761e+00,-1.795599601412328550e+00,-1.977110817556578359e+00,-3.809667184150914210e+00,-6.226030335075209088e+00,-1.985482627557777713e+00,-4.190504669269314419e+00,-2.692290565968968874e+00
-2.697882318780238098e+00,-1.014785727779359048e+00,-1.104039590887561761e+00,-2.966939980838996682e+00,-1.977110817556578359e+00,-3.809667184150914210e+00,-6.226030335075209088e+00,-1.985482627557777713e+00,-4.190504669269314419e+00,-2.692290565968968874e+00
-2.697882318780238098e+00,-1.014785727779359048e+00,-1.104039590887561761e+00,-2.966939980838996682e+00,-1.977110817556578359e+00,-3.809667184150914210e+00,-6.226030335075209088e+00,-1.985482627557777713e+00,-4.190504669269314419e+00,-2.692290565968968874e+00
-2.697882318780238098e+00,-1.014785727779359048e+00,-1.104039590887561761e+00,-2.966939980838996682e+00,-1.977110817556578359e+00,-3.809667184150914210e+00,-6.226030335075209088e+00,-1.985482627557777713e+00,-4.190504669269314419e+00,-2.692290565968968874e+00
-2.697882318780238098e+00,-1.014785727779359048e+00,-1.104039590887561761e+00,-2.966939980838996682e+00,-1.977110817556578359e+00,-3.809667184150914210e+00,-6.226030335075209088e+00,-1.985482627557777713e+00,-4.190504669269314419e+00,-2.692290565968968874e+00
-2.697882318780238098e+00,-1.014785727779359048e+00,-1.104039590887561761e+00,-2.966939980838996682e+00,-1.977110817556578359e+00,-3.809667184150914210e+00,-6.226030335075209088e+00,-1.985482627557777713e+00,-4.190504669269314419e+00,-2.692290565968968874e+00
-2.697882318780238098e+00,-1.014785727779359048e+00,-1.104039590887561761e+00,-2.966939980838996682e+00,-1.977110817556578359e+00,-3.809667184150914210e+00,-6.226030335075209088e+00,-1.985482627557777713e+00,-4.190504669269314419e+00,-2.692290565968968874e+00
-2.697882318780238098e+00,-1.014785727779359048e+00,-1.104039590887561761e+00,-2.966939980838996682e+00,-1.977110817556578359e+00,-3.809667184150914210e+00,-6.226030335075209088e+00,-1.985482627557777713e+00,-4.190504669269314419e+00,-2.692290565968968874e+00
-2.697882318780238098e+00,-1.014785727779359048e+00,-1.104039590887561761e+00,-2.966939980838996682e+00,-1.977110817556578359e+00,-3.809667184150914210e+00,-6.226030335075209088e+00,-1.985482627557777713e+00,-4.190504669269314419e+00,-2.692290565968968874e+00
-2.697882318780238098e+00,-1.014785727779359048e+00,-1.104039590887561761e+00,-2.966939980838996682e+00,-1.977110817556578359e+00,-3.809667184150914210e+00,-6.226030335075209088e+00,-1.985482627557777713e+00,-4.190504669269314419e+00,-2.692290565968968874e+00
-2.697882318780238098e+00,-1.014785727779359048e+00,-1.104039590887561761e+00,-2.966939980838996682e+00,-1.977110817556578359e+00,-3.809667184150914210e+00,-6.226030335075209088e+00,-1.985482627557777713e+00,-4.190504669269314419e+00,-2.692290565968968874e+00
-2.697882318780238098e+00,-1.014785727779359048e+00,-1.104039590887561761e+00,-2.966939980838996682e+00,-1.977110817556578359e+00,-3.809667184150914210e+00,-6.226030335075209088e+00,-1.985482627557777713e+00,-4.190504669269314419e+00,-2.692290565968968874e+00
-2.697882318780238098e+00,-1.014785727779359048e+00,-1.104039590887561761e+00,-2.966939980838996682e+00,-1.977110817556578359e+00,-3.809667184150914210e+00,-6.226030335075209088e+00,-1.985482627557777713e+00,-4.190504669269314419e+00,-2.692290565968968874e+00
-2.697882318780238098e+00,-1.014785727779359048e+00,-1.104039590887561761e+00,-2.966939980838996682e+00,-1.977110817556578359e+00,-3.809667184150914210e+00,-6.226030335075209088e+00,-1.985482627557777713e+00,-4.190504669269314419e+00,-2.692290565968968874e+00
-2.697882318780238098e+00,-1.014785727779359048e+00,-1.104039590887561761e+00,-2.966939980838996682e+00,-1.977110817556578359e+00,-3.809667184150914210e+00,-6.226030335075209088e+00,-1.985482627557777713e+00,-4.190504669269314419e+00,-2.692290565968968874e+00
-2.697882318780238098e+00,-1.014785727779359048e+00,-1.104039590887561761e+00,-2.966939980838996682e+00,-1.977110817556578359e+00,-3.809667184150914210e+00,-6.226030335075209088e+00,-1.985482627557777713e+00,-4.190504669269314419e+00,-2.692290565968968874e+00
-2.697882318780238098e+00,-1.014785727779359048e+00,-1.104039590887561761e+00,-2.966939980838996682e+00,-1.977110817556578359e+00,-3.809667184150914210e+00,-6.226030335075209088e+00,-1.985482627557777713e+00,-4.190504669269314419e+00,-2.692290565968968874e+00
-2.697882318780238098e+00,-1.014785727779359048e+00,-1.104039590887561761e+00,-2.966939980838996682e+00,-1.977110817556578359e+00,-3.809667184150914210e+00,-6.226030335075209088e+00,-1.985482627557777713e+00,-4.190504669269314419e+00,-2.692290565968968874e+00
-2.697882318780238098e+00,-1.014785727779359048e+00,-1.636506212703097152e+00,-2.966939980838996682e+00,-1.977110817556578359e+00,-3.809667184150914210e+00,-6.226030335075209088e+00,-1.985482627557777713e+00,-4.190504669269314419e+00,-2.692290565968968874e+00
-2.697882318780238098e+00,-1.014785727779359048e+00,-1.636506212703097152e+00,-3.417385202782602160e+00,-1.977110817556578359e+00,-3.809667184150914210e+00,-6.226030335075209088e+00,-1.985482627557777713e+00,-4.190504669269314419e+00,-2.692290565968968874e+00
-2.697882318780238098e+00,-1.014785727779359048e+00,-1.636506212703097152e+00,-3.417385202782602160e+00,-1.977110817556578359e+00,-3.809667184150914210e+00,-6.226030335075209088e+00,-1.985482627557777713e+00,-4.302734991410780196e+00,-2.692290565968968874e+00
-2.697882318780238098e+00,-1.014785727779359048e+00,-1.636506212703097152e+00,-3.417385202782602160e+00,-1.977110817556578359e+00,-3.809667184150914210e+00,-6.226030335075209088e+00,-1.985482627557777713e+00,-4.631062384336375182e+00,-2.692290565968968874e+00
-2.697882318780238098e+00,-1.014785727779359048e+00,-1.636506212703097152e+00,-3.417385202782602160e+00,-1.977110817556578359e+00,-3.809667184150914210e+00,-6.226030335075209088e+00,-1.985482627557777713e+00,-4.631062384336375182e+00,-2.692290565968968874e+00
-2.697882318780238098e+00,-1.014785727779359048e+00,-1.636506212703097152e+00,-3.417385202782602160e+00,-1.977110817556578359e+00,-3.809667184150914210e+00,-6.226030335075209088e+00,-1.985482627557777713e+00,-4.631062384336375182e+00,-2.692290565968968874e+00
-2.697882318780238098e+00,-1.014785727779359048e+00,-1.636506212703097152e+00,-3.417385202782602160e+00,-1.977110817556578359e+00,-3.809667184150914210e+00,-6.954725864306465333e+00,-1.985482627557777713e+00,-4.631062384336375182e+00,-2.692290565968968874e+00
-2.697882318780238098e+00,-1.014785727779359048e+00,-1.636506212703097152e+00,-3.417385202782602160e+00,-1.977110817556578359e+00,-3.809667184150914210e+00,-6.954725864306465333e+00,-1.985482627557777713e+00,-4.631062384336375182e+00,-2.692290565968968874e+00
-2.697882318780238098e+00,-1.014785727779359048e+00,-1.636506212703097152e+00,-3.417385202782602160e+00,-1.977110817556578359e+00,-3.809667184150914210e+00,-6.954725864306465333e+00,-1.985482627557777713e+00,-4.631062384336375182e+00,-2.692290565968968874e+00
-2.697882318780238098e+00,-1.014785727779359048e+00,-1.636506212703097152e+00,-3.417385202782602160e+00,-1.977110817556578359e+00,-3.809667184150914210e+00,-6.954725864306465333e+00,-1.985482627557777713e+00,-4.631062384336375182e+00,-2.692290565968968874e+00
-2.697882318780238098e+00,-1.014785727779359048e+00,-1.636506212703097152e+00,-3.417385202782602160e+00,-1.977110817556578359e+00,-3.809667184150914210e+00,-7.886869600439037065e+00,-1.985482627557777713e+00,-4.631062384336375182e+00,-2.692290565968968874e+00
-2.697882318780238098e+00,-1.014785727779359048e+00,-1.636506212703097152e+00,-3.417385202782602160e+00,-1.977110817556578359e+00,-3.809667184150914210e+00,-7.886869600439037065e+00,-1.985482627557777713e+00,-4.631062384336375182e+00,-2.692290565968968874e+00
-2.697882318780238098e+00,-1.014785727779359048e+00,-1.636506212703097152e+00,-3.417385202782602160e+00,-1.977110817556578359e+00,-3.809667184150914210e+00,-7.886869600439037065e+00,-1.985482627557777713e+00,-4.631062384336375182e+00,-2.692290565968968874e+00
-2.697882318780238098e+00,-1.014785727779359048e+00,-1.636506212703097152e+00,-3.417385202782602160e+00,-1.977110817556578359e+00,-3.809667184150914210e+00,-7.886869600439037065e+00,-1.985482627557777713e+00,-4.631062384336375182e+00,-2.692290565968968874e+00
-2.697882318780238098e+00,-1.014785727779359048e+00,-1.636506212703097152e+00,-3.417385202782602160e+00,-1.977110817556578359e+00,-3.809667184150914210e+00,-7.886869600439037065e+00,-1.985482627557777713e+00,-4.631062384336375182e+00,-2.692290565968968874e+00
-2.697882318780238098e+00,-1.014785727779359048e+00,-1.636506212703097152e+00,-3.417385202782602160e+00,-1.977110817556578359e+00,-3.809667184150914210e+00,-7.886869600439037065e+00,-1.985482627557777713e+00,-4.631062384336375182e+00,-2.692290565968968874e+00
-2.697882318780238098e+00,-1.014785727779359048e+00,-1.636506212703097152e+00,-3.417385202782602160e+00,-1.977110817556578359e+00,-3.809667184150914210e+00,-7.886869600439037065e+00,-1.985482627557777713e+00,-4.631062384336375182e+00,-2.692290565968968874e+00
-2.697882318780238098e+00,-1.014785727779359048e+00,-1.636506212703097152e+00,-3.417385202782602160e+00,-1.977110817556578359e+00,-3.809667184150914210e+00,-7.886869600439037065e+00,-1.985482627557777713e+00,-4.631062384336375182e+00,-2.692290565968968874e+00
-2.697882318780238098e+00,-1.014785727779359048e+00,-1.636506212703097152e+00,-3.417385202782602160e+00,-1.977110817556578359e+00,-3.809667184150914210e+00,-7.886869600439037065e+00,-1.985482627557777713e+00,-4.631062384336375182e+00,-2.692290565968968874e+00
-2.697882318780238098e+00,-1.014785727779359048e+00,-1.636506212703097152e+00,-3.417385202782602160e+00,-1.977110817556578359e+00,-3.809667184150914210e+00,-8.684357218285976288e+00,-1.985482627557777713e+00,-4.676243312068445235e+00,-2.692290565968968874e+00
-2.697882318780238098e+00,-1.014785727779359048e+00,-1.636506212703097152e+00,-3.417385202782602160e+00,-1.977110817556578359e+00,-3.809667184150914210e+00,-8.684357218285976288e+00,-1.985482627557777713e+00,-4.676243312068445235e+00,-2.692290565968968874e+00
-2.697882318780238098e+00,-1.014785727779359048e+00,-1.636506212703097152e+00,-3.417385202782602160e+00,-1.977110817556578359e+00,-3.809667184150914210e+00,-8.684357218285976288e+00,-1.985482627557777713e+00,-4.676243312068445235e+00,-2.692290565968968874e+00
-2.697882318780238098e+00,-1.014785727779359048e+00,-1.636506212703097152e+00,-3.417385202782602160e+00,-1.977110817556578359e+00,-3.809667184150914210e+00,-8.684357218285976288e+00,-1.985482627557777713e+00,-4.676243312068445235e+00,-2.692290565968968874e+00
-2.697882318780238098e+00,-1.014785727779359048e+00,-1.636506212703097152e+00,-3.417385202782602160e+00,-1.977110817556578359e+00,-3.809667184150914210e+00,-8.684357218285976288e+00,-1.985482627557777713e+00,-4.676243312068445235e+00,-2.692290565968968874e+00
-2.697882318780238098e+00,-1.014785727779359048e+00,-1.636506212703097152e+00,-3.417385202782602160e+00,-1.977110817556578359e+00,-3.809667184150914210e+00,-8.684357218285976288e+00,-1.985482627557777713e+00,-4.676243312068445235e+00,-2.692290565968968874e+00
-2.697882318780238098e+00,-1.014785727779359048e+00,-1.636506212703097152e+00,-3.417385202782602160e+00,-1.977110817556578359e+00,-3.809667184150914210e+00,-8.684357218285976288e+00,-1.985482627557777713e+00,-4.676243312068445235e+00,-2.692290565968968874e+00
-2.697882318780238098e+00,-1.014785727779359048e+00,-1.636506212703097152e+00,-3.417385202782602160e+00,-1.977110817556578359e+00,-3.809667184150914210e+00,-8.684357218285976288e+00,-1.985482627557777713e+00,-4.676243312068445235e+00,-2.692290565968968874e+00
-2.697882318780238098e+00,-1.014785727779359048e+00,-1.636506212703097152e+00,-3.417385202782602160e+00,-1.977110817556578359e+00,-3.809667184150914210e+00,-8.684357218285976288e+00,-1.985482627557777713e+00,-4.676243312068445235e+00,-2.692290565968968874e+00
-2.697882318780238098e+00,-1.014785727779359048e+00,-1.636506212703097152e+00,-3.417385202782602160e+00,-1.977110817556578359e+00,-3.809667184150914210e+00,-8.684357218285976288e+00,-1.985482627557777713e+00,-4.676243312068445235e+00,-2.692290565968968874e+00
-2.697882318780238098e+00,-1.014785727779359048e+00,-1.636506212703097152e+00,-3.417385202782602160e+00,-1.977110817556578359e+00,-3.809667184150914210e+00,-8.684357218285976288e+00,-1.985482627557777713e+00,-4.676243312068445235e+00,-2.692290565968968874e+00
-2.697882318780238098e+00,-1.014785727779359048e+00,-1.636506212703097152e+00,-3.417385202782602160e+00,-1.977110817556578359e+00,-3.809667184150914210e+00,-8.684357218285976288e+00,-1.985482627557777713e+00,-4.676243312068445235e+00,-2.692290565968968874e+00
-2.697882318780238098e+00,-1.701374010578244667e+00,-1.636506212703097152e+00,-3.417385202782602160e+00,-1.977110817556578359e+00,-3.809667184150914210e+00,-8.684357218285976288e+00,-1.985482627557777713e+00,-4.676243312068445235e+00,-2.692290565968968874e+00
-2.697882318780238098e+00,-1.701374010578244667e+00,-1.636506212703097152e+00,-3.417385202782602160e+00,-1.977110817556578359e+00,-3.809667184150914210e+00,-8.684357218285976288e+00,-1.985482627557777713e+00,-4.676243312068445235e+00,-2.692290565968968874e+00
-2.697882318780238098e+00,-1.701374010578244667e+00,-1.636506212703097152e+00,-3.417385202782602160e+00,-1.977110817556578359e+00,-3.809667184150914210e+00,-8.684357218285976288e+00,-1.985482627557777713e+00,-4.676243312068445235e+00,-2.692290565968968874e+00
-2.697882318780238098e+00,-1.701374010578244667e+00,-1.636506212703097152e+00,-3.417385202782602160e+00,-1.977110817556578359e+00,-3.809667184150914210e+00,-8.684357218285976288e+00,-1.985482627557777713e+00,-4.676243312068445235e+00,-2.692290565968968874e+00
-2.697882318780238098e+00,-1.701374010578244667e+00,-1.636506212703097152e+00,-3.417385202782602160e+00,-1.977110817556578359e+00,-3.809667184150914210e+00,-8.684357218285976288e+00,-1.985482627557777713e+00,-4.676243312068445235e+00,-2.692290565968968874e+00
-2.697882318780238098e+00,-1.701374010578244667e+00,-1.636506212703097152e+00,-3.417385202782602160e+00,-1.977110817556578359e+00,-3.809667184150914210e+00,-8.684357218285976288e+00,-1.985482627557777713e+00,-4.676243312068445235e+00,-2.692290565968968874e+00
-2.697882318780238098e+00,-1.701374010578244667e+00,-1.636506212703097152e+00,-3.417385202782602160e+00,-1.977110817556578359e+00,-3.809667184150914210e+00,-8.684357218285976288e+00,-1.985482627557777713e+00,-4.676243312068445235e+00,-2.692290565968968874e+00
-2.697882318780238098e+00,-1.701374010578244667e+00,-1.636506212703097152e+00,-3.417385202782602160e+00,-1.977110817556578359e+00,-3.809667184150914210e+00,-8.684357218285976288e+00,-1.985482627557777713e+00,-5.123895301988233619e+00,-2.692290565968968874e+00
-2.697882318780238098e+00,-1.701374010578244667e+00,-1.636506212703097152e+00,-3.417385202782602160e+00,-2.726923414931269107e+00,-3.809667184150914210e+00,-8.684357218285976288e+00,-1.985482627557777713e+00,-5.123895301988233619e+00,-2.692290565968968874e+00
-2.697882318780238098e+00,-1.701374010578244667e+00,-1.636506212703097152e+00,-3.417385202782602160e+00,-2.726923414931269107e+00,-3.809667184150914210e+00,-8.684357218285976288e+00,-1.985482627557777713e+00,-5.123895301988233619e+00,-2.692290565968968874e+00
-2.697882318780238098e+00,-1.977573880393219241e+00,-1.636506212703097152e+00,-3.417385202782602160e+00,-2.726923414931269107e+00,-3.809667184150914210e+00,-8.684357218285976288e+00,-1.985482627557777713e+00,-5.123895301988233619e+00,-2.692290565968968874e+00
-2.697882318780238098e+00,-1.977573880393219241e+00,-1.636506212703097152e+00,-3.417385202782602160e+00,-2.726923414931269107e+00,-3.809667184150914210e+00,-8.684357218285976288e+00,-1.985482627557777713e+00,-5.123895301988233619e+00,-2.692290565968968874e+00
-2.697882318780238098e+00,-1.977573880393219241e+00,-1.636506212703097152e+00,-3.417385202782602160e+00,-2.726923414931269107e+00,-3.809667184150914210e+00,-8.684357218285976288e+00,-1.985482627557777713e+00,-5.123895301988233619e+00,-2.692290565968968874e+00
-2.697882318780238098e+00,-1.977573880393219241e+00,-1.636506212703097152e+00,-3.417385202782602160e+00,-2.726923414931269107e+00,-3.809667184150914210e+00,-8.684357218285976288e+00,-1.985482627557777713e+00,-5.123895301988233619e+00,-2.692290565968968874e+00
-2.697882318780238098e+00,-1.977573880393219241e+00,-1.636506212703097152e+00,-3.417385202782602160e+00,-2.726923414931269107e+00,-3.809667184150914210e+00,-8.684357218285976288e+00,-1.985482627557777713e+00,-5.123895301988233619e+00,-2.692290565968968874e+00
-2.697882318780238098e+00,-1.977573880393219241e+00,-1.636506212703097152e+00,-3.417385202782602160e+00,-2.726923414931269107e+00,-3.809667184150914210e+00,-8.684357218285976288e+00,-1.985482627557777713e+00,-5.123895301988233619e+00,-2.692290565968968874e+00
-2.697882318780238098e+00,-1.977573880393219241e+00,-1.661374700772833002e+00,-3.417385202782602160e+00,-2.726923414931269107e+00,-3.809667184150914210e+00,-8.684357218285976288e+00,-1.985482627557777713e+00,-5.123895301988233619e+00,-2.692290565968968874e+00
-2.697882318780238098e+00,-1.977573880393219241e+00,-2.651894980485848041e+00,-3.417385202782602160e+00,-2.726923414931269107e+00,-3.809667184150914210e+00,-8.684357218285976288e+00,-1.985482627557777713e+00,-5.123895301988233619e+00,-2.692290565968968874e+00
-2.697882318780238098e+00,-1.977573880393219241e+00,-2.651894980485848041e+00,-3.417385202782602160e+00,-2.726923414931269107e+00,-3.809667184150914210e+00,-8.684357218285976288e+00,-1.985482627557777713e+00,-5.123895301988233619e+00,-2.692290565968968874e+00
-2.697882318780238098e+00,-1.977573880393219241e+00,-2.651894980485848041e+00,-3.417385202782602160e+00,-2.726923414931269107e+00,-3.809667184150914210e+00,-8.684357218285976288e+00,-1.985482627557777713e+00,-5.123895301988233619e+00,-2.692290565968968874e+00
-2.697882318780238098e+00,-1.977573880393219241e+00,-2.651894980485848041e+00,-3.417385202782602160e+00,-2.726923414931269107e+00,-3.809667184150914210e+00,-8.684357218285976288e+00,-1.985482627557777713e+00,-5.123895301988233619e+00,-2.692290565968968874e+00
-2.697882318780238098e+00,-1.977573880393219241e+00,-2.651894980485848041e+00,-3.417385202782602160e+00,-2.726923414931269107e+00,-3.809667184150914210e+00,-8.684357218285976288e+00,-1.985482627557777713e+00,-5.123895301988233619e+00,-2.692290565968968874e+00
-2.697882318780238098e+00,-1.977573880393219241e+00,-2.651894980485848041e+00,-3.417385202782602160e+00,-2.726923414931269107e+00,-3.809667184150914210e+00,-8.684357218285976288e+00,-1.985482627557777713e+00,-5.123895301988233619e+00,-2.692290565968968874e+00
-2.697882318780238098e+00,-1.977573880393219241e+00,-2.651894980485848041e+00,-3.417385202782602160e+00,-2.726923414931269107e+00,-3.809667184150914210e+00,-8.684357218285976288e+00,-1.985482627557777713e+00,-5.123895301988233619e+00,-2.692290565968968874e+00
-2.697882318780238098e+00,-1.977573880393219241e+00,-2.651894980485848041e+00,-3.417385202782602160e+00,-2.726923414931269107e+00,-3.809667184150914210e+00,-8.684357218285976288e+00,-1.985482627557777713e+00,-5.123895301988233619e+00,-2.692290565968968874e+00
-2.697882318780238098e+00,-1.977573880393219241e+00,-2.651894980485848041e+00,-3.417385202782602160e+00,-2.726923414931269107e+00,-3.809667184150914210e+00,-8.684357218285976288e+00,-1.985482627557777713e+00,-5.123895301988233619e+00,-2.692290565968968874e+00
-2.697882318780238098e+00,-1.977573880393219241e+00,-2.651894980485848041e+00,-3.417385202782602160e+00,-2.726923414931269107e+00,-3.809667184150914210e+00,-8.684357218285976288e+00,-1.985482627557777713e+00,-5.123895301988233619e+00,-2.692290565968968874e+00
-2.697882318780238098e+00,-1.977573880393219241e+00,-2.651894980485848041e+00,-3.417385202782602160e+00,-2.726923414931269107e+00,-3.809667184150914210e+00,-8.684357218285976288e+00,-1.985482627557777713e+00,-5.123895301988233619e+00,-2.692290565968968874e+00
-2.697882318780238098e+00,-1.977573880393219241e+00,-2.651894980485848041e+00,-3.417385202782602160e+00,-2.726923414931269107e+00,-3.809667184150914210e+00,-8.684357218285976288e+00,-1.985482627557777713e+00,-5.123895301988233619e+00,-2.692290565968968874e+00
-2.697882318780238098e+00,-1.977573880393219241e+00,-2.651894980485848041e+00,-3.417385202782602160e+00,-2.726923414931269107e+00,-3.809667184150914210e+00,-8.684357218285976288e+00,-1.985482627557777713e+00,-5.123895301988233619e+00,-2.692290565968968874e+00
-2.697882318780238098e+00,-1.977573880393219241e+00,-2.651894980485848041e+00,-3.417385202782602160e+00,-2.726923414931269107e+00,-3.809667184150914210e+00,-8.684357218285976288e+00,-1.985482627557777713e+00,-5.123895301988233619e+00,-2.692290565968968874e+00
-2.697882318780238098e+00,-1.977573880393219241e+00,-2.651894980485848041e+00,-3.417385202782602160e+00,-2.726923414931269107e+00,-3.809667184150914210e+00,-8.684357218285976288e+00,-1.985482627557777713e+00,-5.123895301988233619e+00,-2.692290565968968874e+00
-2.697882318780238098e+00,-1.977573880393219241e+00,-2.651894980485848041e+00,-3.417385202782602160e+00,-2.726923414931269107e+00,-3.809667184150914210e+00,-8.684357218285976288e+00,-1.985482627557777713e+00,-5.123895301988233619e+00,-2.692290565968968874e+00
