7.525352810166705542e-01,-4.011591761909891196e-01,-7.047520859772636870e-01,1.032800341757070139e+00,5.966544142664607087e-01,-1.686633260939307821e-01,-4.891078704351295992e-01,8.877477942307743231e-01,4.495352354759423186e-01,2.424179720647420044e+00
7.525352810166705542e-01,-4.011591761909891196e-01,-7.047520859772636870e-01,1.032800341757070139e+00,5.966544142664607087e-01,-1.142116062964244172e+00,-6.689103555482486252e-01,6.158544100308244520e-03,4.495352354759423186e-01,1.770639109444541059e+00
-1.178717129097170302e+00,-4.011591761909891196e-01,-7.047520859772636870e-01,1.032800341757070139e+00,5.966544142664607087e-01,-1.142116062964244172e+00,-6.689103555482486252e-01,6.158544100308244520e-03,-1.896218518252289487e-01,1.770639109444541059e+00
-1.178717129097170302e+00,-4.011591761909891196e-01,-7.047520859772636870e-01,9.733904793146000989e-01,-1.969648716459641014e-01,-1.726209229059009864e+00,-7.419430376861108067e-01,6.158544100308244520e-03,-1.896218518252289487e-01,1.770639109444541059e+00
-1.897113001096124574e+00,-4.011591761909891196e-01,-7.047520859772636870e-01,1.982467471332401976e-01,-1.969648716459641014e-01,-1.726209229059009864e+00,-7.419430376861108067e-01,-1.000404819237159737e+00,-1.037289528294135454e+00,1.770639109444541059e+00
-1.897113001096124574e+00,-4.011591761909891196e-01,-7.047520859772636870e-01,-1.161761561404334731e-01,-1.969648716459641014e-01,-1.726209229059009864e+00,-7.419430376861108067e-01,-1.000404819237159737e+00,-1.037289528294135454e+00,4.700531753911111887e-01
-1.897113001096124574e+00,-4.011591761909891196e-01,-1.496687270104255951e+00,-1.161761561404334731e-01,-1.969648716459641014e-01,-1.726209229059009864e+00,-7.419430376861108067e-01,-1.000404819237159737e+00,-1.037289528294135454e+00,-8.291865028933705917e-01
-1.897113001096124574e+00,-4.011591761909891196e-01,-1.496687270104255951e+00,-4.618435410550452147e-01,-4.990497415538243664e-01,-2.185793965820237439e+00,-7.419430376861108067e-01,-1.000404819237159737e+00,-1.037289528294135454e+00,-1.467934044447641195e+00
-1.897113001096124574e+00,-4.011591761909891196e-01,-1.496687270104255951e+00,-4.618435410550452147e-01,-4.990497415538243664e-01,-2.185793965820237439e+00,-7.419430376861108067e-01,-1.000404819237159737e+00,-1.037289528294135454e+00,-3.246053687578467795e+00
-1.897113001096124574e+00,-1.204663756366667560e+00,-1.496687270104255951e+00,-4.618435410550452147e-01,-4.990497415538243664e-01,-2.185793965820237439e+00,-1.122318292888476066e+00,-1.452170051393345984e+00,-1.037289528294135454e+00,-3.246053687578467795e+00
-1.897113001096124574e+00,-1.204663756366667560e+00,-1.496687270104255951e+00,-4.618435410550452147e-01,-4.990497415538243664e-01,-2.185793965820237439e+00,-1.122318292888476066e+00,-1.452170051393345984e+00,-1.037289528294135454e+00,-3.246053687578467795e+00
-1.897113001096124574e+00,-1.204663756366667560e+00,-1.496687270104255951e+00,-4.618435410550452147e-01,-4.990497415538243664e-01,-2.185793965820237439e+00,-1.462325332714938586e+00,-1.452170051393345984e+00,-1.037289528294135454e+00,-3.246053687578467795e+00
-1.897113001096124574e+00,-1.204663756366667560e+00,-1.496687270104255951e+00,-7.131153530409561903e-01,-4.990497415538243664e-01,-2.185793965820237439e+00,-1.462325332714938586e+00,-1.452170051393345984e+00,-1.037289528294135454e+00,-3.246053687578467795e+00
-1.897113001096124574e+00,-1.204663756366667560e+00,-1.496687270104255951e+00,-7.131153530409561903e-01,-4.990497415538243664e-01,-2.185793965820237439e+00,-1.673765523724246584e+00,-1.452170051393345984e+00,-1.037289528294135454e+00,-3.246053687578467795e+00
-1.897113001096124574e+00,-1.204663756366667560e+00,-1.496687270104255951e+00,-1.030021523647706161e+00,-4.990497415538243664e-01,-2.185793965820237439e+00,-1.673765523724246584e+00,-1.452170051393345984e+00,-1.037289528294135454e+00,-3.246053687578467795e+00
-1.897113001096124574e+00,-1.204663756366667560e+00,-1.496687270104255951e+00,-1.030021523647706161e+00,-4.990497415538243664e-01,-2.185793965820237439e+00,-1.673765523724246584e+00,-1.452170051393345984e+00,-1.037289528294135454e+00,-3.246053687578467795e+00
-1.897113001096124574e+00,-1.204663756366667560e+00,-1.496687270104255951e+00,-1.030021523647706161e+00,-4.990497415538243664e-01,-2.185793965820237439e+00,-2.083907213723655616e+00,-1.452170051393345984e+00,-1.037289528294135454e+00,-3.831579116722165335e+00
-1.897113001096124574e+00,-1.204663756366667560e+00,-1.496687270104255951e+00,-1.030021523647706161e+00,-4.990497415538243664e-01,-2.185793965820237439e+00,-2.083907213723655616e+00,-1.452170051393345984e+00,-1.037289528294135454e+00,-3.831579116722165335e+00
-1.897113001096124574e+00,-1.204663756366667560e+00,-1.496687270104255951e+00,-1.030021523647706161e+00,-4.990497415538243664e-01,-2.185793965820237439e+00,-2.083907213723655616e+00,-1.452170051393345984e+00,-1.037289528294135454e+00,-3.831579116722165335e+00
-1.897113001096124574e+00,-1.204663756366667560e+00,-1.496687270104255951e+00,-1.030021523647706161e+00,-4.990497415538243664e-01,-2.185793965820237439e+00,-2.083907213723655616e+00,-1.452170051393345984e+00,-1.037289528294135454e+00,-4.026580043318432445e+00
-1.897113001096124574e+00,-1.204663756366667560e+00,-1.496687270104255951e+00,-1.030021523647706161e+00,-4.990497415538243664e-01,-2.185793965820237439e+00,-2.083907213723655616e+00,-1.452170051393345984e+00,-1.037289528294135454e+00,-4.026580043318432445e+00
-1.897113001096124574e+00,-1.204663756366667560e+00,-1.496687270104255951e+00,-1.030021523647706161e+00,-4.990497415538243664e-01,-2.185793965820237439e+00,-2.083907213723655616e+00,-1.452170051393345984e+00,-1.037289528294135454e+00,-4.026580043318432445e+00
-1.897113001096124574e+00,-1.204663756366667560e+00,-1.496687270104255951e+00,-1.030021523647706161e+00,-4.990497415538243664e-01,-2.415154536173911737e+00,-2.261014496157534470e+00,-1.452170051393345984e+00,-1.037289528294135454e+00,-4.026580043318432445e+00
-1.897113001096124574e+00,-1.204663756366667560e+00,-1.496687270104255951e+00,-1.030021523647706161e+00,-4.990497415538243664e-01,-2.415154536173911737e+00,-2.697572264333864211e+00,-1.452170051393345984e+00,-1.037289528294135454e+00,-4.026580043318432445e+00
-1.897113001096124574e+00,-1.204663756366667560e+00,-1.496687270104255951e+00,-1.030021523647706161e+00,-4.990497415538243664e-01,-2.415154536173911737e+00,-2.697572264333864211e+00,-1.452170051393345984e+00,-1.037289528294135454e+00,-4.074954031819029154e+00
-1.897113001096124574e+00,-1.204663756366667560e+00,-1.496687270104255951e+00,-1.030021523647706161e+00,-4.990497415538243664e-01,-2.415154536173911737e+00,-2.697572264333864211e+00,-1.452170051393345984e+00,-1.037289528294135454e+00,-4.074954031819029154e+00
-1.897113001096124574e+00,-1.204663756366667560e+00,-1.496687270104255951e+00,-1.030021523647706161e+00,-4.990497415538243664e-01,-2.415154536173911737e+00,-2.697572264333864211e+00,-1.452170051393345984e+00,-1.037289528294135454e+00,-4.074954031819029154e+00
-1.897113001096124574e+00,-1.204663756366667560e+00,-1.496687270104255951e+00,-1.030021523647706161e+00,-4.990497415538243664e-01,-2.415154536173911737e+00,-2.697572264333864211e+00,-1.452170051393345984e+00,-1.037289528294135454e+00,-4.074954031819029154e+00
-1.897113001096124574e+00,-1.204663756366667560e+00,-1.496687270104255951e+00,-1.030021523647706161e+00,-4.990497415538243664e-01,-2.415154536173911737e+00,-2.697572264333864211e+00,-1.452170051393345984e+00,-1.037289528294135454e+00,-4.074954031819029154e+00
-1.897113001096124574e+00,-1.204663756366667560e+00,-1.496687270104255951e+00,-1.030021523647706161e+00,-4.990497415538243664e-01,-2.415154536173911737e+00,-2.697572264333864211e+00,-1.452170051393345984e+00,-1.037289528294135454e+00,-4.074954031819029154e+00
-1.897113001096124574e+00,-1.204663756366667560e+00,-1.496687270104255951e+00,-1.030021523647706161e+00,-4.990497415538243664e-01,-2.415154536173911737e+00,-2.697572264333864211e+00,-1.452170051393345984e+00,-1.067442352284498464e+00,-4.074954031819029154e+00
-1.897113001096124574e+00,-1.204663756366667560e+00,-1.496687270104255951e+00,-1.030021523647706161e+00,-4.990497415538243664e-01,-2.415154536173911737e+00,-2.697572264333864211e+00,-1.573742619541099730e+00,-1.067442352284498464e+00,-4.074954031819029154e+00
-1.897113001096124574e+00,-1.204663756366667560e+00,-1.496687270104255951e+00,-1.030021523647706161e+00,-4.990497415538243664e-01,-2.415154536173911737e+00,-2.697572264333864211e+00,-1.573742619541099730e+00,-1.067442352284498464e+00,-4.074954031819029154e+00
-1.897113001096124574e+00,-1.204663756366667560e+00,-1.496687270104255951e+00,-1.030021523647706161e+00,-4.990497415538243664e-01,-2.415154536173911737e+00,-2.697572264333864211e+00,-1.666887967810825044e+00,-1.067442352284498464e+00,-4.237822614294755930e+00
-1.897113001096124574e+00,-1.204663756366667560e+00,-1.496687270104255951e+00,-1.030021523647706161e+00,-4.990497415538243664e-01,-2.415154536173911737e+00,-2.697572264333864211e+00,-1.666887967810825044e+00,-1.067442352284498464e+00,-4.237822614294755930e+00
-1.897113001096124574e+00,-1.204663756366667560e+00,-1.496687270104255951e+00,-1.030021523647706161e+00,-4.990497415538243664e-01,-2.415154536173911737e+00,-2.697572264333864211e+00,-1.666887967810825044e+00,-1.067442352284498464e+00,-4.237822614294755930e+00
-1.897113001096124574e+00,-1.204663756366667560e+00,-1.496687270104255951e+00,-1.030021523647706161e+00,-4.990497415538243664e-01,-2.415154536173911737e+00,-2.697572264333864211e+00,-1.666887967810825044e+00,-1.067442352284498464e+00,-4.237822614294755930e+00
-1.897113001096124574e+00,-1.204663756366667560e+00,-1.496687270104255951e+00,-2.067054956256527465e+00,-4.990497415538243664e-01,-2.415154536173911737e+00,-2.697572264333864211e+00,-1.666887967810825044e+00,-1.067442352284498464e+00,-4.237822614294755930e+00
-1.897113001096124574e+00,-1.204663756366667560e+00,-1.496687270104255951e+00,-2.067054956256527465e+00,-4.990497415538243664e-01,-2.415154536173911737e+00,-2.697572264333864211e+00,-1.666887967810825044e+00,-1.067442352284498464e+00,-4.237822614294755930e+00
-1.897113001096124574e+00,-1.204663756366667560e+00,-1.496687270104255951e+00,-2.067054956256527465e+00,-4.990497415538243664e-01,-2.415154536173911737e+00,-2.973679985075492915e+00,-1.666887967810825044e+00,-1.067442352284498464e+00,-4.237822614294755930e+00
-1.897113001096124574e+00,-1.204663756366667560e+00,-1.496687270104255951e+00,-2.067054956256527465e+00,-4.990497415538243664e-01,-2.415154536173911737e+00,-2.973679985075492915e+00,-1.666887967810825044e+00,-1.067442352284498464e+00,-4.237822614294755930e+00
-1.897113001096124574e+00,-1.204663756366667560e+00,-1.496687270104255951e+00,-2.067054956256527465e+00,-4.990497415538243664e-01,-2.415154536173911737e+00,-2.973679985075492915e+00,-1.826411175789509178e+00,-1.067442352284498464e+00,-4.237822614294755930e+00
-1.897113001096124574e+00,-1.204663756366667560e+00,-1.496687270104255951e+00,-2.067054956256527465e+00,-4.990497415538243664e-01,-2.415154536173911737e+00,-2.973679985075492915e+00,-1.826411175789509178e+00,-1.646503251378650834e+00,-4.237822614294755930e+00
-1.897113001096124574e+00,-1.204663756366667560e+00,-1.496687270104255951e+00,-2.067054956256527465e+00,-4.990497415538243664e-01,-2.415154536173911737e+00,-2.973679985075492915e+00,-1.826411175789509178e+00,-1.646503251378650834e+00,-4.237822614294755930e+00
-1.897113001096124574e+00,-2.036616019809667666e+00,-1.496687270104255951e+00,-2.067054956256527465e+00,-4.990497415538243664e-01,-2.415154536173911737e+00,-2.973679985075492915e+00,-1.826411175789509178e+00,-1.646503251378650834e+00,-4.237822614294755930e+00
-1.897113001096124574e+00,-2.036616019809667666e+00,-1.496687270104255951e+00,-2.067054956256527465e+00,-4.990497415538243664e-01,-2.415154536173911737e+00,-2.973679985075492915e+00,-1.826411175789509178e+00,-1.646503251378650834e+00,-4.237822614294755930e+00
-1.897113001096124574e+00,-2.036616019809667666e+00,-1.496687270104255951e+00,-2.067054956256527465e+00,-4.990497415538243664e-01,-2.415154536173911737e+00,-2.973679985075492915e+00,-1.826411175789509178e+00,-1.646503251378650834e+00,-4.237822614294755930e+00
-1.897113001096124574e+00,-2.036616019809667666e+00,-1.496687270104255951e+00,-2.067054956256527465e+00,-4.990497415538243664e-01,-2.415154536173911737e+00,-2.973679985075492915e+00,-1.826411175789509178e+00,-1.646503251378650834e+00,-4.237822614294755930e+00
-1.897113001096124574e+00,-2.036616019809667666e+00,-1.496687270104255951e+00,-2.067054956256527465e+00,-4.990497415538243664e-01,-2.415154536173911737e+00,-2.973679985075492915e+00,-1.826411175789509178e+00,-1.890565175283281496e+00,-4.237822614294755930e+00
-1.897113001096124574e+00,-2.036616019809667666e+00,-1.496687270104255951e+00,-2.067054956256527465e+00,-4.990497415538243664e-01,-2.415154536173911737e+00,-2.973679985075492915e+00,-1.826411175789509178e+00,-1.890565175283281496e+00,-4.237822614294755930e+00
-1.897113001096124574e+00,-2.036616019809667666e+00,-1.496687270104255951e+00,-2.067054956256527465e+00,-4.990497415538243664e-01,-2.415154536173911737e+00,-2.973679985075492915e+00,-1.826411175789509178e+00,-1.890565175283281496e+00,-4.237822614294755930e+00
-1.897113001096124574e+00,-2.036616019809667666e+00,-1.496687270104255951e+00,-2.067054956256527465e+00,-4.990497415538243664e-01,-2.415154536173911737e+00,-2.973679985075492915e+00,-1.826411175789509178e+00,-1.890565175283281496e+00,-4.237822614294755930e+00
-1.897113001096124574e+00,-2.036616019809667666e+00,-1.496687270104255951e+00,-2.067054956256527465e+00,-4.990497415538243664e-01,-2.415154536173911737e+00,-2.973679985075492915e+00,-1.826411175789509178e+00,-1.890565175283281496e+00,-4.237822614294755930e+00
-1.897113001096124574e+00,-2.036616019809667666e+00,-1.496687270104255951e+00,-2.067054956256527465e+00,-4.990497415538243664e-01,-2.415154536173911737e+00,-2.973679985075492915e+00,-1.826411175789509178e+00,-1.890565175283281496e+00,-4.237822614294755930e+00
-1.897113001096124574e+00,-2.036616019809667666e+00,-1.496687270104255951e+00,-2.067054956256527465e+00,-4.990497415538243664e-01,-2.415154536173911737e+00,-2.973679985075492915e+00,-1.826411175789509178e+00,-3.367499582255824020e+00,-4.237822614294755930e+00
-1.897113001096124574e+00,-2.036616019809667666e+00,-1.496687270104255951e+00,-2.159722292040386460e+00,-4.990497415538243664e-01,-2.415154536173911737e+00,-2.973679985075492915e+00,-1.826411175789509178e+00,-3.367499582255824020e+00,-4.237822614294755930e+00
-1.897113001096124574e+00,-2.036616019809667666e+00,-1.496687270104255951e+00,-2.159722292040386460e+00,-5.829508195310516561e-01,-2.966853627569335572e+00,-2.973679985075492915e+00,-1.826411175789509178e+00,-3.367499582255824020e+00,-4.237822614294755930e+00
-1.897113001096124574e+00,-2.036616019809667666e+00,-1.496687270104255951e+00,-2.396869341468046866e+00,-5.829508195310516561e-01,-2.966853627569335572e+00,-2.973679985075492915e+00,-1.826411175789509178e+00,-3.367499582255824020e+00,-4.237822614294755930e+00
-2.400568391999666762e+00,-2.036616019809667666e+00,-2.260199106304135785e+00,-2.396869341468046866e+00,-5.829508195310516561e-01,-2.966853627569335572e+00,-2.975318875060477097e+00,-1.826411175789509178e+00,-3.367499582255824020e+00,-4.237822614294755930e+00
-2.400568391999666762e+00,-2.036616019809667666e+00,-2.260199106304135785e+00,-2.396869341468046866e+00,-5.829508195310516561e-01,-2.966853627569335572e+00,-2.975318875060477097e+00,-1.826411175789509178e+00,-3.367499582255824020e+00,-4.237822614294755930e+00
-2.400568391999666762e+00,-2.036616019809667666e+00,-2.260199106304135785e+00,-2.762885992387614120e+00,-5.829508195310516561e-01,-2.966853627569335572e+00,-2.975318875060477097e+00,-1.826411175789509178e+00,-3.367499582255824020e+00,-4.237822614294755930e+00
-2.400568391999666762e+00,-2.036616019809667666e+00,-2.260199106304135785e+00,-2.762885992387614120e+00,-8.569475766123891836e-01,-2.966853627569335572e+00,-2.975318875060477097e+00,-1.826411175789509178e+00,-3.367499582255824020e+00,-4.237822614294755930e+00
-2.400568391999666762e+00,-2.036616019809667666e+00,-2.260199106304135785e+00,-3.658240054549119158e+00,-8.569475766123891836e-01,-2.966853627569335572e+00,-2.975318875060477097e+00,-1.826411175789509178e+00,-3.367499582255824020e+00,-4.237822614294755930e+00
-2.400568391999666762e+00,-2.036616019809667666e+00,-2.260199106304135785e+00,-3.658240054549119158e+00,-8.569475766123891836e-01,-3.476459752080877763e+00,-2.975318875060477097e+00,-1.826411175789509178e+00,-3.367499582255824020e+00,-4.237822614294755930e+00
-2.400568391999666762e+00,-2.036616019809667666e+00,-2.260199106304135785e+00,-3.658240054549119158e+00,-8.569475766123891836e-01,-3.476459752080877763e+00,-3.126733006024864370e+00,-1.826411175789509178e+00,-3.367499582255824020e+00,-4.237822614294755930e+00
-2.400568391999666762e+00,-2.036616019809667666e+00,-2.260199106304135785e+00,-3.658240054549119158e+00,-8.569475766123891836e-01,-3.476459752080877763e+00,-3.126733006024864370e+00,-1.826411175789509178e+00,-3.367499582255824020e+00,-4.237822614294755930e+00
-2.400568391999666762e+00,-2.036616019809667666e+00,-2.260199106304135785e+00,-3.658240054549119158e+00,-8.569475766123891836e-01,-3.476459752080877763e+00,-3.126733006024864370e+00,-1.826411175789509178e+00,-3.367499582255824020e+00,-4.237822614294755930e+00
-2.400568391999666762e+00,-2.036616019809667666e+00,-2.260199106304135785e+00,-4.207924757390260062e+00,-8.569475766123891836e-01,-3.812625276286210507e+00,-3.126733006024864370e+00,-1.826411175789509178e+00,-3.367499582255824020e+00,-4.237822614294755930e+00
-2.400568391999666762e+00,-2.036616019809667666e+00,-2.260199106304135785e+00,-4.207924757390260062e+00,-8.569475766123891836e-01,-3.812625276286210507e+00,-3.126733006024864370e+00,-1.826411175789509178e+00,-3.367499582255824020e+00,-4.237822614294755930e+00
-2.400568391999666762e+00,-2.036616019809667666e+00,-2.260199106304135785e+00,-4.207924757390260062e+00,-8.569475766123891836e-01,-3.812625276286210507e+00,-3.126733006024864370e+00,-1.826411175789509178e+00,-3.367499582255824020e+00,-4.237822614294755930e+00
-2.400568391999666762e+00,-2.036616019809667666e+00,-2.776135988040082658e+00,-4.207924757390260062e+00,-8.569475766123891836e-01,-3.812625276286210507e+00,-3.126733006024864370e+00,-1.826411175789509178e+00,-3.367499582255824020e+00,-4.307573318633922455e+00
-2.400568391999666762e+00,-2.036616019809667666e+00,-2.776135988040082658e+00,-4.207924757390260062e+00,-8.569475766123891836e-01,-3.812625276286210507e+00,-3.126733006024864370e+00,-1.826411175789509178e+00,-3.367499582255824020e+00,-4.307573318633922455e+00
-2.400568391999666762e+00,-2.036616019809667666e+00,-2.776135988040082658e+00,-4.207924757390260062e+00,-8.569475766123891836e-01,-3.812625276286210507e+00,-3.126733006024864370e+00,-1.826411175789509178e+00,-3.367499582255824020e+00,-4.307573318633922455e+00
-2.400568391999666762e+00,-2.036616019809667666e+00,-2.776135988040082658e+00,-4.207924757390260062e+00,-8.569475766123891836e-01,-3.812625276286210507e+00,-3.126733006024864370e+00,-1.826411175789509178e+00,-3.367499582255824020e+00,-4.307573318633922455e+00
-2.400568391999666762e+00,-2.036616019809667666e+00,-2.776135988040082658e+00,-4.207924757390260062e+00,-8.569475766123891836e-01,-3.812625276286210507e+00,-3.126733006024864370e+00,-1.887139897958790780e+00,-3.367499582255824020e+00,-4.307573318633922455e+00
-2.400568391999666762e+00,-2.036616019809667666e+00,-2.776135988040082658e+00,-4.207924757390260062e+00,-8.569475766123891836e-01,-3.812625276286210507e+00,-3.126733006024864370e+00,-1.887139897958790780e+00,-3.367499582255824020e+00,-4.307573318633922455e+00
-2.400568391999666762e+00,-2.036616019809667666e+00,-2.776135988040082658e+00,-4.207924757390260062e+00,-8.569475766123891836e-01,-3.812625276286210507e+00,-3.126733006024864370e+00,-1.887139897958790780e+00,-3.367499582255824020e+00,-4.307573318633922455e+00
-2.400568391999666762e+00,-2.036616019809667666e+00,-2.776135988040082658e+00,-4.207924757390260062e+00,-9.193002155335842085e-01,-3.812625276286210507e+00,-3.126733006024864370e+00,-1.887139897958790780e+00,-3.408142513868294809e+00,-4.393459849586242250e+00
-2.400568391999666762e+00,-2.036616019809667666e+00,-2.776135988040082658e+00,-4.207924757390260062e+00,-9.193002155335842085e-01,-3.812625276286210507e+00,-3.126733006024864370e+00,-1.935582243283788140e+00,-3.408142513868294809e+00,-4.393459849586242250e+00
-2.400568391999666762e+00,-2.036616019809667666e+00,-2.776135988040082658e+00,-4.207924757390260062e+00,-9.193002155335842085e-01,-3.812625276286210507e+00,-3.126733006024864370e+00,-1.935582243283788140e+00,-3.408142513868294809e+00,-4.393459849586242250e+00
-2.400568391999666762e+00,-2.036616019809667666e+00,-2.776135988040082658e+00,-4.207924757390260062e+00,-9.193002155335842085e-01,-3.812625276286210507e+00,-3.126733006024864370e+00,-1.935582243283788140e+00,-3.408142513868294809e+00,-4.393459849586242250e+00
-2.400568391999666762e+00,-2.036616019809667666e+00,-2.776135988040082658e+00,-4.207924757390260062e+00,-9.193002155335842085e-01,-3.812625276286210507e+00,-3.126733006024864370e+00,-2.655344263609764166e+00,-3.408142513868294809e+00,-4.393459849586242250e+00
-2.400568391999666762e+00,-2.036616019809667666e+00,-2.776135988040082658e+00,-4.207924757390260062e+00,-9.193002155335842085e-01,-3.812625276286210507e+00,-3.126733006024864370e+00,-2.655344263609764166e+00,-3.408142513868294809e+00,-4.393459849586242250e+00
-2.400568391999666762e+00,-2.036616019809667666e+00,-2.776135988040082658e+00,-4.207924757390260062e+00,-9.193002155335842085e-01,-3.812625276286210507e+00,-3.126733006024864370e+00,-2.655344263609764166e+00,-3.408142513868294809e+00,-4.393459849586242250e+00
-2.400568391999666762e+00,-2.036616019809667666e+00,-2.776135988040082658e+00,-4.207924757390260062e+00,-9.193002155335842085e-01,-3.812625276286210507e+00,-3.126733006024864370e+00,-2.655344263609764166e+00,-3.408142513868294809e+00,-4.393459849586242250e+00
-2.400568391999666762e+00,-2.036616019809667666e+00,-2.776135988040082658e+00,-4.207924757390260062e+00,-9.193002155335842085e-01,-3.812625276286210507e+00,-3.126733006024864370e+00,-2.655344263609764166e+00,-3.408142513868294809e+00,-4.393459849586242250e+00
-2.400568391999666762e+00,-2.036616019809667666e+00,-2.776135988040082658e+00,-4.207924757390260062e+00,-9.193002155335842085e-01,-3.971124684863326593e+00,-3.126733006024864370e+00,-2.655344263609764166e+00,-3.408142513868294809e+00,-4.393459849586242250e+00
-2.400568391999666762e+00,-2.036616019809667666e+00,-2.776135988040082658e+00,-4.207924757390260062e+00,-9.193002155335842085e-01,-4.423220950103815774e+00,-3.126733006024864370e+00,-2.655344263609764166e+00,-3.408142513868294809e+00,-4.393459849586242250e+00
-2.400568391999666762e+00,-2.036616019809667666e+00,-2.776135988040082658e+00,-4.207924757390260062e+00,-9.193002155335842085e-01,-4.423220950103815774e+00,-3.126733006024864370e+00,-2.655344263609764166e+00,-3.408142513868294809e+00,-4.393459849586242250e+00
-2.400568391999666762e+00,-2.036616019809667666e+00,-2.776135988040082658e+00,-4.207924757390260062e+00,-9.193002155335842085e-01,-4.423220950103815774e+00,-3.126733006024864370e+00,-2.655344263609764166e+00,-3.408142513868294809e+00,-4.393459849586242250e+00
-2.400568391999666762e+00,-2.036616019809667666e+00,-2.776135988040082658e+00,-4.207924757390260062e+00,-9.193002155335842085e-01,-4.423220950103815774e+00,-3.126733006024864370e+00,-2.655344263609764166e+00,-3.408142513868294809e+00,-4.393459849586242250e+00
-2.400568391999666762e+00,-2.036616019809667666e+00,-2.776135988040082658e+00,-4.207924757390260062e+00,-9.193002155335842085e-01,-4.423220950103815774e+00,-3.126733006024864370e+00,-2.655344263609764166e+00,-3.408142513868294809e+00,-4.393459849586242250e+00
-2.400568391999666762e+00,-2.036616019809667666e+00,-2.776135988040082658e+00,-4.207924757390260062e+00,-9.193002155335842085e-01,-4.423220950103815774e+00,-3.126733006024864370e+00,-2.655344263609764166e+00,-3.408142513868294809e+00,-4.393459849586242250e+00
-2.400568391999666762e+00,-2.036616019809667666e+00,-2.776135988040082658e+00,-4.207924757390260062e+00,-9.193002155335842085e-01,-4.423220950103815774e+00,-3.126733006024864370e+00,-2.655344263609764166e+00,-3.408142513868294809e+00,-4.393459849586242250e+00
-2.400568391999666762e+00,-2.036616019809667666e+00,-2.776135988040082658e+00,-4.207924757390260062e+00,-9.193002155335842085e-01,-4.423220950103815774e+00,-3.126733006024864370e+00,-2.655344263609764166e+00,-3.408142513868294809e+00,-4.393459849586242250e+00
-2.400568391999666762e+00,-2.036616019809667666e+00,-2.776135988040082658e+00,-4.207924757390260062e+00,-9.193002155335842085e-01,-4.423220950103815774e+00,-3.126733006024864370e+00,-2.655344263609764166e+00,-3.408142513868294809e+00,-5.390187756959053722e+00
-2.400568391999666762e+00,-2.036616019809667666e+00,-2.776135988040082658e+00,-4.207924757390260062e+00,-9.193002155335842085e-01,-4.423220950103815774e+00,-3.126733006024864370e+00,-2.655344263609764166e+00,-3.408142513868294809e+00,-5.390187756959053722e+00
-2.400568391999666762e+00,-2.036616019809667666e+00,-2.776135988040082658e+00,-4.207924757390260062e+00,-9.193002155335842085e-01,-4.423220950103815774e+00,-3.126733006024864370e+00,-2.655344263609764166e+00,-3.408142513868294809e+00,-5.390187756959053722e+00
-2.400568391999666762e+00,-2.036616019809667666e+00,-2.776135988040082658e+00,-4.207924757390260062e+00,-9.193002155335842085e-01,-4.423220950103815774e+00,-3.126733006024864370e+00,-2.655344263609764166e+00,-3.408142513868294809e+00,-5.390187756959053722e+00
-2.400568391999666762e+00,-2.036616019809667666e+00,-2.776135988040082658e+00,-4.207924757390260062e+00,-9.193002155335842085e-01,-4.423220950103815774e+00,-3.126733006024864370e+00,-2.655344263609764166e+00,-3.408142513868294809e+00,-5.390187756959053722e+00
-2.400568391999666762e+00,-2.036616019809667666e+00,-2.776135988040082658e+00,-4.207924757390260062e+00,-9.193002155335842085e-01,-4.423220950103815774e+00,-3.407209159854573954e+00,-2.655344263609764166e+00,-3.408142513868294809e+00,-5.390187756959053722e+00
-2.400568391999666762e+00,-2.036616019809667666e+00,-2.776135988040082658e+00,-4.207924757390260062e+00,-9.193002155335842085e-01,-4.423220950103815774e+00,-3.407209159854573954e+00,-2.655344263609764166e+00,-3.408142513868294809e+00,-5.390187756959053722e+00
-2.400568391999666762e+00,-2.036616019809667666e+00,-3.443627371525011416e+00,-4.207924757390260062e+00,-9.193002155335842085e-01,-4.423220950103815774e+00,-3.407209159854573954e+00,-3.026875692372060556e+00,-3.408142513868294809e+00,-5.390187756959053722e+00
-2.400568391999666762e+00,-2.036616019809667666e+00,-3.443627371525011416e+00,-4.207924757390260062e+00,-9.193002155335842085e-01,-4.423220950103815774e+00,-3.407209159854573954e+00,-3.026875692372060556e+00,-3.408142513868294809e+00,-5.390187756959053722e+00
-2.400568391999666762e+00,-2.036616019809667666e+00,-3.443627371525011416e+00,-4.207924757390260062e+00,-9.193002155335842085e-01,-4.423220950103815774e+00,-3.407209159854573954e+00,-3.026875692372060556e+00,-3.408142513868294809e+00,-5.390187756959053722e+00
-2.400568391999666762e+00,-2.036616019809667666e+00,-3.443627371525011416e+00,-4.207924757390260062e+00,-1.308270530853415270e+00,-4.423220950103815774e+00,-3.407209159854573954e+00,-3.026875692372060556e+00,-3.408142513868294809e+00,-5.390187756959053722e+00
-2.400568391999666762e+00,-2.036616019809667666e+00,-3.443627371525011416e+00,-4.207924757390260062e+00,-1.308270530853415270e+00,-4.423220950103815774e+00,-3.407209159854573954e+00,-3.026875692372060556e+00,-3.408142513868294809e+00,-5.390187756959053722e+00
-2.400568391999666762e+00,-2.036616019809667666e+00,-3.443627371525011416e+00,-4.207924757390260062e+00,-1.308270530853415270e+00,-4.423220950103815774e+00,-3.407209159854573954e+00,-3.259904076586840560e+00,-3.408142513868294809e+00,-5.390187756959053722e+00
-2.400568391999666762e+00,-2.036616019809667666e+00,-3.443627371525011416e+00,-4.207924757390260062e+00,-1.308270530853415270e+00,-4.423220950103815774e+00,-3.407209159854573954e+00,-3.259904076586840560e+00,-3.408142513868294809e+00,-5.390187756959053722e+00
-2.400568391999666762e+00,-2.036616019809667666e+00,-3.443627371525011416e+00,-4.207924757390260062e+00,-1.308270530853415270e+00,-4.423220950103815774e+00,-3.407209159854573954e+00,-3.259904076586840560e+00,-3.408142513868294809e+00,-5.390187756959053722e+00
-2.400568391999666762e+00,-2.036616019809667666e+00,-3.443627371525011416e+00,-4.207924757390260062e+00,-1.308270530853415270e+00,-4.423220950103815774e+00,-3.407209159854573954e+00,-3.259904076586840560e+00,-3.408142513868294809e+00,-5.390187756959053722e+00
-2.400568391999666762e+00,-2.036616019809667666e+00,-3.443627371525011416e+00,-4.207924757390260062e+00,-1.308270530853415270e+00,-4.423220950103815774e+00,-3.407209159854573954e+00,-3.259904076586840560e+00,-3.408142513868294809e+00,-5.390187756959053722e+00
-2.400568391999666762e+00,-2.036616019809667666e+00,-3.443627371525011416e+00,-4.207924757390260062e+00,-1.308270530853415270e+00,-4.423220950103815774e+00,-3.407209159854573954e+00,-3.259904076586840560e+00,-3.408142513868294809e+00,-5.390187756959053722e+00
-2.400568391999666762e+00,-2.036616019809667666e+00,-3.443627371525011416e+00,-4.207924757390260062e+00,-1.308270530853415270e+00,-4.423220950103815774e+00,-3.407209159854573954e+00,-3.259904076586840560e+00,-3.408142513868294809e+00,-5.390187756959053722e+00
-2.400568391999666762e+00,-2.036616019809667666e+00,-3.443627371525011416e+00,-4.207924757390260062e+00,-1.308270530853415270e+00,-4.423220950103815774e+00,-3.407209159854573954e+00,-3.259904076586840560e+00,-3.408142513868294809e+00,-5.390187756959053722e+00
-2.400568391999666762e+00,-2.036616019809667666e+00,-3.443627371525011416e+00,-4.207924757390260062e+00,-1.308270530853415270e+00,-4.423220950103815774e+00,-3.407209159854573954e+00,-3.259904076586840560e+00,-3.408142513868294809e+00,-5.390187756959053722e+00
-2.400568391999666762e+00,-2.036616019809667666e+00,-3.443627371525011416e+00,-4.207924757390260062e+00,-1.308270530853415270e+00,-4.423220950103815774e+00,-3.407209159854573954e+00,-3.259904076586840560e+00,-3.408142513868294809e+00,-5.390187756959053722e+00
-2.400568391999666762e+00,-2.036616019809667666e+00,-3.443627371525011416e+00,-4.207924757390260062e+00,-1.308270530853415270e+00,-4.423220950103815774e+00,-3.407209159854573954e+00,-3.259904076586840560e+00,-3.408142513868294809e+00,-5.390187756959053722e+00
-2.400568391999666762e+00,-2.036616019809667666e+00,-3.443627371525011416e+00,-4.207924757390260062e+00,-1.308270530853415270e+00,-4.423220950103815774e+00,-3.407209159854573954e+00,-3.259904076586840560e+00,-3.408142513868294809e+00,-5.390187756959053722e+00
-2.400568391999666762e+00,-2.036616019809667666e+00,-3.443627371525011416e+00,-4.207924757390260062e+00,-1.308270530853415270e+00,-4.423220950103815774e+00,-3.407209159854573954e+00,-3.259904076586840560e+00,-3.408142513868294809e+00,-5.390187756959053722e+00
-2.400568391999666762e+00,-2.036616019809667666e+00,-3.443627371525011416e+00,-4.207924757390260062e+00,-1.308270530853415270e+00,-4.423220950103815774e+00,-3.407209159854573954e+00,-3.259904076586840560e+00,-3.408142513868294809e+00,-5.390187756959053722e+00
-2.400568391999666762e+00,-2.036616019809667666e+00,-3.443627371525011416e+00,-4.207924757390260062e+00,-1.308270530853415270e+00,-4.423220950103815774e+00,-3.407209159854573954e+00,-3.259904076586840560e+00,-3.408142513868294809e+00,-5.390187756959053722e+00
-2.400568391999666762e+00,-2.036616019809667666e+00,-3.443627371525011416e+00,-4.207924757390260062e+00,-1.308270530853415270e+00,-4.423220950103815774e+00,-3.407209159854573954e+00,-3.259904076586840560e+00,-3.408142513868294809e+00,-5.390187756959053722e+00
-2.400568391999666762e+00,-2.036616019809667666e+00,-3.443627371525011416e+00,-4.207924757390260062e+00,-1.308270530853415270e+00,-4.423220950103815774e+00,-3.407209159854573954e+00,-3.259904076586840560e+00,-3.408142513868294809e+00,-5.390187756959053722e+00
-2.400568391999666762e+00,-2.036616019809667666e+00,-3.443627371525011416e+00,-4.207924757390260062e+00,-1.308270530853415270e+00,-4.423220950103815774e+00,-3.407209159854573954e+00,-3.259904076586840560e+00,-3.408142513868294809e+00,-5.390187756959053722e+00
-2.400568391999666762e+00,-2.036616019809667666e+00,-3.443627371525011416e+00,-4.207924757390260062e+00,-1.308270530853415270e+00,-4.423220950103815774e+00,-3.407209159854573954e+00,-3.259904076586840560e+00,-3.408142513868294809e+00,-5.390187756959053722e+00
-2.400568391999666762e+00,-2.036616019809667666e+00,-3.443627371525011416e+00,-4.207924757390260062e+00,-1.308270530853415270e+00,-4.423220950103815774e+00,-3.407209159854573954e+00,-3.259904076586840560e+00,-3.408142513868294809e+00,-5.390187756959053722e+00
-2.400568391999666762e+00,-2.036616019809667666e+00,-3.443627371525011416e+00,-4.207924757390260062e+00,-1.308270530853415270e+00,-4.423220950103815774e+00,-3.407209159854573954e+00,-3.259904076586840560e+00,-3.731075682498106616e+00,-5.390187756959053722e+00
-2.400568391999666762e+00,-2.036616019809667666e+00,-3.443627371525011416e+00,-4.207924757390260062e+00,-1.308270530853415270e+00,-4.423220950103815774e+00,-3.407209159854573954e+00,-3.259904076586840560e+00,-3.731075682498106616e+00,-5.390187756959053722e+00
-2.400568391999666762e+00,-2.036616019809667666e+00,-3.443627371525011416e+00,-4.207924757390260062e+00,-1.308270530853415270e+00,-4.423220950103815774e+00,-3.407209159854573954e+00,-3.259904076586840560e+00,-3.731075682498106616e+00,-5.390187756959053722e+00
-2.400568391999666762e+00,-2.036616019809667666e+00,-3.443627371525011416e+00,-4.207924757390260062e+00,-1.308270530853415270e+00,-4.423220950103815774e+00,-3.407209159854573954e+00,-3.259904076586840560e+00,-3.731075682498106616e+00,-5.390187756959053722e+00
-2.400568391999666762e+00,-2.036616019809667666e+00,-3.443627371525011416e+00,-4.207924757390260062e+00,-1.308270530853415270e+00,-4.423220950103815774e+00,-3.407209159854573954e+00,-3.259904076586840560e+00,-3.731075682498106616e+00,-5.390187756959053722e+00
-2.400568391999666762e+00,-2.036616019809667666e+00,-3.443627371525011416e+00,-4.207924757390260062e+00,-1.308270530853415270e+00,-4.423220950103815774e+00,-3.407209159854573954e+00,-3.259904076586840560e+00,-3.731075682498106616e+00,-5.390187756959053722e+00
-2.400568391999666762e+00,-2.036616019809667666e+00,-3.443627371525011416e+00,-4.207924757390260062e+00,-1.308270530853415270e+00,-4.423220950103815774e+00,-3.494063514820407335e+00,-3.259904076586840560e+00,-3.731075682498106616e+00,-5.390187756959053722e+00
-2.400568391999666762e+00,-2.036616019809667666e+00,-3.443627371525011416e+00,-4.207924757390260062e+00,-1.308270530853415270e+00,-4.423220950103815774e+00,-3.494063514820407335e+00,-3.259904076586840560e+00,-3.731075682498106616e+00,-5.390187756959053722e+00
-2.400568391999666762e+00,-2.036616019809667666e+00,-3.443627371525011416e+00,-4.207924757390260062e+00,-1.308270530853415270e+00,-4.423220950103815774e+00,-3.494063514820407335e+00,-3.259904076586840560e+00,-3.731075682498106616e+00,-5.390187756959053722e+00
-2.400568391999666762e+00,-2.036616019809667666e+00,-3.443627371525011416e+00,-4.207924757390260062e+00,-1.308270530853415270e+00,-4.423220950103815774e+00,-3.494063514820407335e+00,-3.259904076586840560e+00,-3.731075682498106616e+00,-5.390187756959053722e+00
-2.400568391999666762e+00,-2.036616019809667666e+00,-3.443627371525011416e+00,-4.207924757390260062e+00,-1.308270530853415270e+00,-4.423220950103815774e+00,-3.494063514820407335e+00,-3.259904076586840560e+00,-3.731075682498106616e+00,-5.390187756959053722e+00
-2.400568391999666762e+00,-2.036616019809667666e+00,-3.443627371525011416e+00,-4.207924757390260062e+00,-1.308270530853415270e+00,-4.423220950103815774e+00,-3.494063514820407335e+00,-3.448129582767209822e+00,-3.731075682498106616e+00,-5.390187756959053722e+00
-2.400568391999666762e+00,-2.036616019809667666e+00,-3.443627371525011416e+00,-4.207924757390260062e+00,-1.308270530853415270e+00,-4.423220950103815774e+00,-3.494063514820407335e+00,-3.448129582767209822e+00,-3.731075682498106616e+00,-5.390187756959053722e+00
-2.400568391999666762e+00,-2.036616019809667666e+00,-3.443627371525011416e+00,-4.207924757390260062e+00,-1.308270530853415270e+00,-4.423220950103815774e+00,-3.494063514820407335e+00,-3.448129582767209822e+00,-3.731075682498106616e+00,-5.390187756959053722e+00
-2.400568391999666762e+00,-2.036616019809667666e+00,-3.443627371525011416e+00,-4.207924757390260062e+00,-1.308270530853415270e+00,-4.423220950103815774e+00,-3.494063514820407335e+00,-3.448129582767209822e+00,-3.731075682498106616e+00,-5.390187756959053722e+00
-2.400568391999666762e+00,-2.036616019809667666e+00,-3.443627371525011416e+00,-4.207924757390260062e+00,-1.308270530853415270e+00,-4.423220950103815774e+00,-3.494063514820407335e+00,-3.448129582767209822e+00,-3.731075682498106616e+00,-5.390187756959053722e+00
-2.400568391999666762e+00,-2.036616019809667666e+00,-3.443627371525011416e+00,-4.207924757390260062e+00,-1.308270530853415270e+00,-4.423220950103815774e+00,-3.494063514820407335e+00,-3.448129582767209822e+00,-3.731075682498106616e+00,-5.390187756959053722e+00
-2.400568391999666762e+00,-2.036616019809667666e+00,-3.443627371525011416e+00,-4.207924757390260062e+00,-1.308270530853415270e+00,-4.423220950103815774e+00,-3.494063514820407335e+00,-3.448129582767209822e+00,-3.731075682498106616e+00,-5.390187756959053722e+00
-2.400568391999666762e+00,-2.036616019809667666e+00,-3.443627371525011416e+00,-4.207924757390260062e+00,-1.308270530853415270e+00,-4.423220950103815774e+00,-3.494063514820407335e+00,-5.424062200897648900e+00,-3.731075682498106616e+00,-5.390187756959053722e+00
-2.400568391999666762e+00,-2.036616019809667666e+00,-3.443627371525011416e+00,-4.207924757390260062e+00,-1.308270530853415270e+00,-4.423220950103815774e+00,-3.494063514820407335e+00,-5.424062200897648900e+00,-3.731075682498106616e+00,-5.390187756959053722e+00
-2.400568391999666762e+00,-2.036616019809667666e+00,-3.443627371525011416e+00,-4.207924757390260062e+00,-1.308270530853415270e+00,-4.423220950103815774e+00,-3.494063514820407335e+00,-5.424062200897648900e+00,-3.731075682498106616e+00,-5.390187756959053722e+00
-2.400568391999666762e+00,-2.036616019809667666e+00,-3.443627371525011416e+00,-4.207924757390260062e+00,-1.308270530853415270e+00,-4.423220950103815774e+00,-3.494063514820407335e+00,-5.424062200897648900e+00,-3.731075682498106616e+00,-5.390187756959053722e+00
-2.400568391999666762e+00,-2.036616019809667666e+00,-3.443627371525011416e+00,-4.207924757390260062e+00,-1.308270530853415270e+00,-4.423220950103815774e+00,-3.494063514820407335e+00,-5.424062200897648900e+00,-3.731075682498106616e+00,-5.390187756959053722e+00
-2.400568391999666762e+00,-2.036616019809667666e+00,-3.443627371525011416e+00,-4.207924757390260062e+00,-1.308270530853415270e+00,-4.423220950103815774e+00,-3.494063514820407335e+00,-5.424062200897648900e+00,-3.731075682498106616e+00,-5.390187756959053722e+00
