-2.254799844700124734e+00,8.339999518436133075e-01,3.468132709261428470e+00,1.402525842191317373e+00,1.181323061763334792e+00,2.610274614447233299e-01,1.567920836075270552e+00,-6.613290545780267093e-01,8.523493067779548404e-01,1.831606083406901675e+00
-2.254799844700124734e+00,8.339999518436133075e-01,2.921487302571616596e+00,9.093370610025391931e-01,1.181323061763334792e+00,-2.063455006846534878e-01,1.264535193401327806e+00,-6.613290545780267093e-01,8.523493067779548404e-01,1.831606083406901675e+00
-2.254799844700124734e+00,8.339999518436133075e-01,2.921487302571616596e+00,9.093370610025391931e-01,1.460149342915418591e-01,-2.063455006846534878e-01,1.257466871564320687e+00,-6.613290545780267093e-01,8.523493067779548404e-01,1.831606083406901675e+00
-2.254799844700124734e+00,8.339999518436133075e-01,2.103050323263454757e+00,9.093370610025391931e-01,7.721527603175738774e-02,-2.063455006846534878e-01,1.257466871564320687e+00,-6.613290545780267093e-01,8.523493067779548404e-01,1.831606083406901675e+00
-2.254799844700124734e+00,7.682182184552029947e-01,2.103050323263454757e+00,9.093370610025391931e-01,7.721527603175738774e-02,-1.326758160042138979e+00,-2.609667283121374082e-01,-6.613290545780267093e-01,8.523493067779548404e-01,1.831606083406901675e+00
-2.254799844700124734e+00,-6.898444177279412504e-01,2.103050323263454757e+00,-6.012697824447633954e-02,7.721527603175738774e-02,-1.326758160042138979e+00,-6.162855741820892908e-01,-6.613290545780267093e-01,8.523493067779548404e-01,1.831606083406901675e+00
-2.254799844700124734e+00,-6.898444177279412504e-01,2.103050323263454757e+00,-6.012697824447633954e-02,7.721527603175738774e-02,-1.326758160042138979e+00,-6.162855741820892908e-01,-6.613290545780267093e-01,8.523493067779548404e-01,1.831606083406901675e+00
-4.073144262729045728e+00,-6.898444177279412504e-01,2.103050323263454757e+00,-2.217697143187328024e+00,7.721527603175738774e-02,-1.326758160042138979e+00,-6.162855741820892908e-01,-1.169876218569939175e+00,8.523493067779548404e-01,-6.541274025919930901e-01
-4.073144262729045728e+00,-6.898444177279412504e-01,2.103050323263454757e+00,-2.217697143187328024e+00,7.721527603175738774e-02,-1.949715292040125281e+00,-6.162855741820892908e-01,-1.169876218569939175e+00,8.523493067779548404e-01,-6.541274025919930901e-01
-4.073144262729045728e+00,-6.898444177279412504e-01,2.103050323263454757e+00,-2.217697143187328024e+00,7.721527603175738774e-02,-1.949715292040125281e+00,-6.162855741820892908e-01,-1.169876218569939175e+00,8.523493067779548404e-01,-6.541274025919930901e-01
-4.073144262729045728e+00,-6.898444177279412504e-01,2.103050323263454757e+00,-2.217697143187328024e+00,7.721527603175738774e-02,-1.949715292040125281e+00,-6.162855741820892908e-01,-1.169876218569939175e+00,8.184179365546799534e-02,-6.541274025919930901e-01
-4.073144262729045728e+00,-6.898444177279412504e-01,2.103050323263454757e+00,-2.217697143187328024e+00,-9.244632790489534790e-02,-1.949715292040125281e+00,-1.693511354616808795e+00,-1.169876218569939175e+00,8.184179365546799534e-02,-6.541274025919930901e-01
-4.073144262729045728e+00,-6.898444177279412504e-01,2.103050323263454757e+00,-2.217697143187328024e+00,-9.244632790489534790e-02,-1.949715292040125281e+00,-1.693511354616808795e+00,-1.169876218569939175e+00,8.184179365546799534e-02,-6.541274025919930901e-01
-4.073144262729045728e+00,-6.898444177279412504e-01,2.103050323263454757e+00,-2.217697143187328024e+00,-9.244632790489534790e-02,-3.992634406974677308e+00,-1.693511354616808795e+00,-1.169876218569939175e+00,-3.596237094796357336e-01,-6.541274025919930901e-01
-4.073144262729045728e+00,-6.898444177279412504e-01,2.103050323263454757e+00,-2.217697143187328024e+00,-9.244632790489534790e-02,-3.992634406974677308e+00,-1.693511354616808795e+00,-1.169876218569939175e+00,-3.596237094796357336e-01,-6.541274025919930901e-01
-4.073144262729045728e+00,-6.898444177279412504e-01,2.103050323263454757e+00,-2.217697143187328024e+00,-1.447808992181174037e-01,-3.992634406974677308e+00,-1.693511354616808795e+00,-1.169876218569939175e+00,-3.596237094796357336e-01,-6.541274025919930901e-01
-4.073144262729045728e+00,-6.898444177279412504e-01,2.103050323263454757e+00,-2.217697143187328024e+00,-1.447808992181174037e-01,-3.992634406974677308e+00,-1.693511354616808795e+00,-1.169876218569939175e+00,-3.596237094796357336e-01,-6.541274025919930901e-01
-4.073144262729045728e+00,-6.898444177279412504e-01,-2.539442952492981798e-01,-2.217697143187328024e+00,-1.447808992181174037e-01,-3.992634406974677308e+00,-1.693511354616808795e+00,-1.169876218569939175e+00,-3.596237094796357336e-01,-6.541274025919930901e-01
-4.073144262729045728e+00,-6.898444177279412504e-01,-2.539442952492981798e-01,-2.217697143187328024e+00,-2.303998852153573695e-01,-3.992634406974677308e+00,-1.693511354616808795e+00,-1.169876218569939175e+00,-3.596237094796357336e-01,-6.541274025919930901e-01
-4.073144262729045728e+00,-6.898444177279412504e-01,-2.539442952492981798e-01,-2.217697143187328024e+00,-2.303998852153573695e-01,-3.992634406974677308e+00,-1.693511354616808795e+00,-1.169876218569939175e+00,-3.596237094796357336e-01,-6.541274025919930901e-01
-4.073144262729045728e+00,-6.898444177279412504e-01,-2.539442952492981798e-01,-2.217697143187328024e+00,-2.303998852153573695e-01,-3.992634406974677308e+00,-1.693511354616808795e+00,-1.169876218569939175e+00,-3.596237094796357336e-01,-6.541274025919930901e-01
-4.073144262729045728e+00,-6.898444177279412504e-01,-2.752514050931854084e-01,-2.217697143187328024e+00,-2.303998852153573695e-01,-3.992634406974677308e+00,-1.693511354616808795e+00,-1.169876218569939175e+00,-3.596237094796357336e-01,-6.541274025919930901e-01
-4.073144262729045728e+00,-6.898444177279412504e-01,-2.752514050931854084e-01,-2.226126233850039604e+00,-1.138061829650357071e+00,-3.992634406974677308e+00,-1.693511354616808795e+00,-1.169876218569939175e+00,-3.596237094796357336e-01,-6.541274025919930901e-01
-4.073144262729045728e+00,-6.898444177279412504e-01,-2.752514050931854084e-01,-2.226126233850039604e+00,-1.474778945237504191e+00,-3.992634406974677308e+00,-1.693511354616808795e+00,-1.169876218569939175e+00,-3.596237094796357336e-01,-6.541274025919930901e-01
-4.073144262729045728e+00,-6.898444177279412504e-01,-2.752514050931854084e-01,-2.226126233850039604e+00,-1.474778945237504191e+00,-3.992634406974677308e+00,-1.693511354616808795e+00,-1.169876218569939175e+00,-3.596237094796357336e-01,-6.541274025919930901e-01
-4.073144262729045728e+00,-6.898444177279412504e-01,-2.752514050931854084e-01,-2.226126233850039604e+00,-1.474778945237504191e+00,-3.992634406974677308e+00,-1.693511354616808795e+00,-1.169876218569939175e+00,-3.596237094796357336e-01,-6.541274025919930901e-01
-4.073144262729045728e+00,-8.948851930078864925e-01,-2.752514050931854084e-01,-2.226126233850039604e+00,-1.474778945237504191e+00,-3.992634406974677308e+00,-1.693511354616808795e+00,-1.979471021178536683e+00,-3.596237094796357336e-01,-6.541274025919930901e-01
-4.073144262729045728e+00,-8.948851930078864925e-01,-2.752514050931854084e-01,-2.226126233850039604e+00,-1.474778945237504191e+00,-3.992634406974677308e+00,-1.693511354616808795e+00,-1.979471021178536683e+00,-3.596237094796357336e-01,-6.541274025919930901e-01
-4.073144262729045728e+00,-8.948851930078864925e-01,-2.752514050931854084e-01,-2.226126233850039604e+00,-1.474778945237504191e+00,-3.992634406974677308e+00,-1.693511354616808795e+00,-1.979471021178536683e+00,-3.596237094796357336e-01,-6.541274025919930901e-01
-4.073144262729045728e+00,-8.948851930078864925e-01,-2.752514050931854084e-01,-2.226126233850039604e+00,-1.474778945237504191e+00,-3.992634406974677308e+00,-1.693511354616808795e+00,-1.979471021178536683e+00,-3.596237094796357336e-01,-6.541274025919930901e-01
-4.073144262729045728e+00,-8.948851930078864925e-01,-2.752514050931854084e-01,-2.226126233850039604e+00,-1.474778945237504191e+00,-3.992634406974677308e+00,-1.693511354616808795e+00,-1.979471021178536683e+00,-3.596237094796357336e-01,-6.541274025919930901e-01
-4.073144262729045728e+00,-8.948851930078864925e-01,-2.752514050931854084e-01,-2.226126233850039604e+00,-1.474778945237504191e+00,-3.992634406974677308e+00,-1.693511354616808795e+00,-1.979471021178536683e+00,-3.596237094796357336e-01,-6.541274025919930901e-01
-4.073144262729045728e+00,-8.948851930078864925e-01,-2.752514050931854084e-01,-2.226126233850039604e+00,-1.474778945237504191e+00,-3.992634406974677308e+00,-1.693511354616808795e+00,-1.979471021178536683e+00,-3.596237094796357336e-01,-6.541274025919930901e-01
-4.073144262729045728e+00,-8.948851930078864925e-01,-2.752514050931854084e-01,-2.226126233850039604e+00,-1.474778945237504191e+00,-3.992634406974677308e+00,-1.693511354616808795e+00,-1.979471021178536683e+00,-3.596237094796357336e-01,-6.541274025919930901e-01
-4.073144262729045728e+00,-8.948851930078864925e-01,-2.752514050931854084e-01,-2.226126233850039604e+00,-1.474778945237504191e+00,-3.992634406974677308e+00,-1.693511354616808795e+00,-1.979471021178536683e+00,-3.596237094796357336e-01,-6.541274025919930901e-01
-4.073144262729045728e+00,-8.948851930078864925e-01,-2.752514050931854084e-01,-2.226126233850039604e+00,-1.474778945237504191e+00,-3.992634406974677308e+00,-1.693511354616808795e+00,-1.979471021178536683e+00,-3.596237094796357336e-01,-6.541274025919930901e-01
-4.073144262729045728e+00,-8.948851930078864925e-01,-2.752514050931854084e-01,-2.226126233850039604e+00,-1.474778945237504191e+00,-3.992634406974677308e+00,-1.693511354616808795e+00,-1.979471021178536683e+00,-9.059000274686275223e-01,-6.541274025919930901e-01
-4.073144262729045728e+00,-8.948851930078864925e-01,-2.752514050931854084e-01,-2.226126233850039604e+00,-1.474778945237504191e+00,-3.992634406974677308e+00,-1.693511354616808795e+00,-1.979471021178536683e+00,-9.059000274686275223e-01,-6.541274025919930901e-01
-4.073144262729045728e+00,-8.948851930078864925e-01,-2.752514050931854084e-01,-2.226126233850039604e+00,-1.474778945237504191e+00,-3.992634406974677308e+00,-1.971009121320926871e+00,-1.979471021178536683e+00,-9.059000274686275223e-01,-6.541274025919930901e-01
-4.073144262729045728e+00,-8.948851930078864925e-01,-1.024258817479533512e+00,-2.226126233850039604e+00,-2.890206116949911141e+00,-3.992634406974677308e+00,-1.971009121320926871e+00,-1.979471021178536683e+00,-9.059000274686275223e-01,-6.541274025919930901e-01
-4.073144262729045728e+00,-8.948851930078864925e-01,-1.024258817479533512e+00,-2.226126233850039604e+00,-2.890206116949911141e+00,-3.992634406974677308e+00,-1.971009121320926871e+00,-1.979471021178536683e+00,-9.059000274686275223e-01,-6.541274025919930901e-01
-4.073144262729045728e+00,-8.948851930078864925e-01,-1.024258817479533512e+00,-2.226126233850039604e+00,-2.890206116949911141e+00,-3.992634406974677308e+00,-1.971009121320926871e+00,-1.979471021178536683e+00,-9.059000274686275223e-01,-6.541274025919930901e-01
-4.073144262729045728e+00,-8.948851930078864925e-01,-1.024258817479533512e+00,-2.226126233850039604e+00,-2.890206116949911141e+00,-3.992634406974677308e+00,-1.971009121320926871e+00,-1.979471021178536683e+00,-9.059000274686275223e-01,-6.541274025919930901e-01
-4.073144262729045728e+00,-8.948851930078864925e-01,-1.024258817479533512e+00,-2.226126233850039604e+00,-2.890206116949911141e+00,-3.992634406974677308e+00,-1.971009121320926871e+00,-1.979471021178536683e+00,-9.059000274686275223e-01,-6.541274025919930901e-01
-4.073144262729045728e+00,-8.948851930078864925e-01,-1.024258817479533512e+00,-2.226126233850039604e+00,-2.890206116949911141e+00,-3.992634406974677308e+00,-1.971009121320926871e+00,-1.979471021178536683e+00,-9.059000274686275223e-01,-6.541274025919930901e-01
-4.073144262729045728e+00,-1.161324934591896563e+00,-1.249655947577835269e+00,-2.226126233850039604e+00,-2.890206116949911141e+00,-3.992634406974677308e+00,-1.971009121320926871e+00,-1.979471021178536683e+00,-9.059000274686275223e-01,-6.541274025919930901e-01
-4.073144262729045728e+00,-1.191946300832492645e+00,-1.249655947577835269e+00,-2.226126233850039604e+00,-2.890206116949911141e+00,-3.992634406974677308e+00,-1.971009121320926871e+00,-1.979471021178536683e+00,-9.059000274686275223e-01,-6.541274025919930901e-01
-4.073144262729045728e+00,-1.191946300832492645e+00,-1.249655947577835269e+00,-2.226126233850039604e+00,-2.890206116949911141e+00,-3.992634406974677308e+00,-1.971009121320926871e+00,-1.979471021178536683e+00,-9.059000274686275223e-01,-6.541274025919930901e-01
-4.073144262729045728e+00,-1.191946300832492645e+00,-1.249655947577835269e+00,-2.226126233850039604e+00,-2.890206116949911141e+00,-3.992634406974677308e+00,-1.971009121320926871e+00,-1.979471021178536683e+00,-9.059000274686275223e-01,-6.541274025919930901e-01
-4.073144262729045728e+00,-1.191946300832492645e+00,-1.497963332012129278e+00,-2.226126233850039604e+00,-2.890206116949911141e+00,-3.992634406974677308e+00,-1.971009121320926871e+00,-1.979471021178536683e+00,-9.059000274686275223e-01,-6.541274025919930901e-01
-4.073144262729045728e+00,-1.191946300832492645e+00,-2.647835335495457354e+00,-2.226126233850039604e+00,-2.890206116949911141e+00,-3.992634406974677308e+00,-1.971009121320926871e+00,-1.979471021178536683e+00,-9.059000274686275223e-01,-6.541274025919930901e-01
-4.073144262729045728e+00,-1.191946300832492645e+00,-2.647835335495457354e+00,-2.226126233850039604e+00,-2.890206116949911141e+00,-3.992634406974677308e+00,-1.971009121320926871e+00,-1.979471021178536683e+00,-9.059000274686275223e-01,-6.541274025919930901e-01
-4.073144262729045728e+00,-1.191946300832492645e+00,-2.647835335495457354e+00,-2.226126233850039604e+00,-2.890206116949911141e+00,-3.992634406974677308e+00,-1.971009121320926871e+00,-1.979471021178536683e+00,-9.059000274686275223e-01,-6.541274025919930901e-01
-4.073144262729045728e+00,-1.191946300832492645e+00,-2.647835335495457354e+00,-2.226126233850039604e+00,-2.890206116949911141e+00,-3.992634406974677308e+00,-1.971009121320926871e+00,-1.979471021178536683e+00,-9.059000274686275223e-01,-6.541274025919930901e-01
-4.073144262729045728e+00,-1.191946300832492645e+00,-2.647835335495457354e+00,-2.226126233850039604e+00,-2.890206116949911141e+00,-3.992634406974677308e+00,-1.971009121320926871e+00,-1.979471021178536683e+00,-9.059000274686275223e-01,-6.541274025919930901e-01
-4.073144262729045728e+00,-1.191946300832492645e+00,-2.647835335495457354e+00,-2.226126233850039604e+00,-2.890206116949911141e+00,-3.992634406974677308e+00,-1.971009121320926871e+00,-1.979471021178536683e+00,-9.059000274686275223e-01,-6.541274025919930901e-01
-4.073144262729045728e+00,-1.191946300832492645e+00,-2.647835335495457354e+00,-2.226126233850039604e+00,-2.890206116949911141e+00,-4.421441420449438553e+00,-1.971009121320926871e+00,-1.979471021178536683e+00,-9.059000274686275223e-01,-6.541274025919930901e-01
-4.073144262729045728e+00,-1.191946300832492645e+00,-2.647835335495457354e+00,-3.171285336919179798e+00,-2.890206116949911141e+00,-4.421441420449438553e+00,-1.971009121320926871e+00,-1.979471021178536683e+00,-9.059000274686275223e-01,-6.541274025919930901e-01
-4.073144262729045728e+00,-1.191946300832492645e+00,-2.647835335495457354e+00,-3.171285336919179798e+00,-2.890206116949911141e+00,-4.421441420449438553e+00,-1.971009121320926871e+00,-1.979471021178536683e+00,-9.059000274686275223e-01,-6.541274025919930901e-01
-4.073144262729045728e+00,-1.191946300832492645e+00,-2.647835335495457354e+00,-3.171285336919179798e+00,-2.890206116949911141e+00,-4.421441420449438553e+00,-1.971009121320926871e+00,-1.979471021178536683e+00,-9.059000274686275223e-01,-6.541274025919930901e-01
-4.073144262729045728e+00,-1.191946300832492645e+00,-2.647835335495457354e+00,-3.171285336919179798e+00,-2.890206116949911141e+00,-4.421441420449438553e+00,-1.971009121320926871e+00,-1.979471021178536683e+00,-9.059000274686275223e-01,-6.541274025919930901e-01
-4.073144262729045728e+00,-1.191946300832492645e+00,-2.647835335495457354e+00,-4.244814994940360187e+00,-2.890206116949911141e+00,-4.421441420449438553e+00,-1.971009121320926871e+00,-1.979471021178536683e+00,-9.059000274686275223e-01,-6.541274025919930901e-01
-4.073144262729045728e+00,-1.191946300832492645e+00,-2.647835335495457354e+00,-4.244814994940360187e+00,-2.890206116949911141e+00,-4.421441420449438553e+00,-1.971009121320926871e+00,-1.979471021178536683e+00,-9.059000274686275223e-01,-6.541274025919930901e-01
-4.073144262729045728e+00,-1.344464566699741459e+00,-2.647835335495457354e+00,-4.244814994940360187e+00,-2.890206116949911141e+00,-4.421441420449438553e+00,-1.971009121320926871e+00,-1.979471021178536683e+00,-9.059000274686275223e-01,-6.541274025919930901e-01
-4.073144262729045728e+00,-1.344464566699741459e+00,-2.647835335495457354e+00,-4.244814994940360187e+00,-2.890206116949911141e+00,-4.421441420449438553e+00,-1.971009121320926871e+00,-1.979471021178536683e+00,-9.059000274686275223e-01,-6.541274025919930901e-01
-4.073144262729045728e+00,-1.344464566699741459e+00,-2.647835335495457354e+00,-4.244814994940360187e+00,-2.890206116949911141e+00,-4.421441420449438553e+00,-1.971009121320926871e+00,-1.979471021178536683e+00,-9.059000274686275223e-01,-6.541274025919930901e-01
-4.073144262729045728e+00,-1.344464566699741459e+00,-2.647835335495457354e+00,-4.244814994940360187e+00,-2.890206116949911141e+00,-4.421441420449438553e+00,-1.971009121320926871e+00,-1.979471021178536683e+00,-9.059000274686275223e-01,-6.541274025919930901e-01
-4.073144262729045728e+00,-1.344464566699741459e+00,-2.647835335495457354e+00,-5.858328510614001949e+00,-2.890206116949911141e+00,-4.421441420449438553e+00,-1.971009121320926871e+00,-1.979471021178536683e+00,-9.059000274686275223e-01,-6.541274025919930901e-01
-4.073144262729045728e+00,-1.344464566699741459e+00,-2.647835335495457354e+00,-5.858328510614001949e+00,-2.890206116949911141e+00,-4.421441420449438553e+00,-1.971009121320926871e+00,-1.979471021178536683e+00,-9.059000274686275223e-01,-6.541274025919930901e-01
-4.073144262729045728e+00,-1.344464566699741459e+00,-2.647835335495457354e+00,-5.858328510614001949e+00,-2.890206116949911141e+00,-4.421441420449438553e+00,-1.971009121320926871e+00,-1.979471021178536683e+00,-9.059000274686275223e-01,-6.541274025919930901e-01
-4.073144262729045728e+00,-1.344464566699741459e+00,-2.647835335495457354e+00,-5.858328510614001949e+00,-2.890206116949911141e+00,-4.421441420449438553e+00,-1.971009121320926871e+00,-1.979471021178536683e+00,-9.059000274686275223e-01,-6.541274025919930901e-01
-4.073144262729045728e+00,-1.344464566699741459e+00,-2.647835335495457354e+00,-5.858328510614001949e+00,-2.890206116949911141e+00,-4.421441420449438553e+00,-1.971009121320926871e+00,-1.979471021178536683e+00,-9.059000274686275223e-01,-6.541274025919930901e-01
-4.073144262729045728e+00,-1.344464566699741459e+00,-2.647835335495457354e+00,-5.858328510614001949e+00,-2.890206116949911141e+00,-4.421441420449438553e+00,-1.971009121320926871e+00,-1.979471021178536683e+00,-9.059000274686275223e-01,-6.541274025919930901e-01
-4.073144262729045728e+00,-1.344464566699741459e+00,-2.647835335495457354e+00,-5.858328510614001949e+00,-2.890206116949911141e+00,-4.421441420449438553e+00,-1.971009121320926871e+00,-1.979471021178536683e+00,-9.059000274686275223e-01,-6.541274025919930901e-01
-4.073144262729045728e+00,-1.344464566699741459e+00,-2.647835335495457354e+00,-5.858328510614001949e+00,-2.890206116949911141e+00,-4.421441420449438553e+00,-1.971009121320926871e+00,-1.979471021178536683e+00,-9.059000274686275223e-01,-6.541274025919930901e-01
-4.073144262729045728e+00,-1.344464566699741459e+00,-2.647835335495457354e+00,-5.858328510614001949e+00,-2.890206116949911141e+00,-4.421441420449438553e+00,-1.971009121320926871e+00,-1.979471021178536683e+00,-9.059000274686275223e-01,-6.541274025919930901e-01
-4.073144262729045728e+00,-1.344464566699741459e+00,-2.647835335495457354e+00,-5.858328510614001949e+00,-2.890206116949911141e+00,-4.421441420449438553e+00,-1.971009121320926871e+00,-1.979471021178536683e+00,-9.059000274686275223e-01,-6.541274025919930901e-01
-4.073144262729045728e+00,-1.344464566699741459e+00,-2.647835335495457354e+00,-5.858328510614001949e+00,-2.890206116949911141e+00,-4.421441420449438553e+00,-1.971009121320926871e+00,-1.979471021178536683e+00,-9.059000274686275223e-01,-6.541274025919930901e-01
-4.073144262729045728e+00,-1.344464566699741459e+00,-2.647835335495457354e+00,-5.858328510614001949e+00,-2.890206116949911141e+00,-4.421441420449438553e+00,-1.971009121320926871e+00,-1.979471021178536683e+00,-9.059000274686275223e-01,-6.541274025919930901e-01
-4.073144262729045728e+00,-1.344464566699741459e+00,-2.647835335495457354e+00,-5.858328510614001949e+00,-2.890206116949911141e+00,-4.421441420449438553e+00,-1.971009121320926871e+00,-1.979471021178536683e+00,-9.059000274686275223e-01,-6.541274025919930901e-01
-4.073144262729045728e+00,-1.344464566699741459e+00,-2.647835335495457354e+00,-5.858328510614001949e+00,-2.890206116949911141e+00,-4.421441420449438553e+00,-1.971009121320926871e+00,-1.979471021178536683e+00,-1.210171822552959631e+00,-6.541274025919930901e-01
-4.073144262729045728e+00,-1.344464566699741459e+00,-2.647835335495457354e+00,-5.858328510614001949e+00,-2.890206116949911141e+00,-4.421441420449438553e+00,-1.971009121320926871e+00,-1.979471021178536683e+00,-1.210171822552959631e+00,-6.541274025919930901e-01
-4.073144262729045728e+00,-1.344464566699741459e+00,-2.647835335495457354e+00,-5.858328510614001949e+00,-2.890206116949911141e+00,-4.421441420449438553e+00,-1.971009121320926871e+00,-1.979471021178536683e+00,-1.210171822552959631e+00,-6.541274025919930901e-01
-4.073144262729045728e+00,-1.344464566699741459e+00,-2.647835335495457354e+00,-5.858328510614001949e+00,-2.890206116949911141e+00,-4.421441420449438553e+00,-1.971009121320926871e+00,-1.979471021178536683e+00,-1.210171822552959631e+00,-6.541274025919930901e-01
-4.073144262729045728e+00,-1.344464566699741459e+00,-2.647835335495457354e+00,-5.858328510614001949e+00,-2.890206116949911141e+00,-4.421441420449438553e+00,-1.971009121320926871e+00,-1.979471021178536683e+00,-1.210171822552959631e+00,-6.541274025919930901e-01
-4.073144262729045728e+00,-1.344464566699741459e+00,-2.647835335495457354e+00,-5.858328510614001949e+00,-2.890206116949911141e+00,-4.421441420449438553e+00,-1.971009121320926871e+00,-1.979471021178536683e+00,-1.210171822552959631e+00,-6.541274025919930901e-01
-4.073144262729045728e+00,-1.344464566699741459e+00,-2.647835335495457354e+00,-5.858328510614001949e+00,-2.890206116949911141e+00,-4.421441420449438553e+00,-1.971009121320926871e+00,-1.979471021178536683e+00,-1.210171822552959631e+00,-6.541274025919930901e-01
-4.073144262729045728e+00,-1.587255270930655104e+00,-2.647835335495457354e+00,-5.858328510614001949e+00,-2.890206116949911141e+00,-4.421441420449438553e+00,-1.971009121320926871e+00,-1.979471021178536683e+00,-1.210171822552959631e+00,-6.541274025919930901e-01
-4.073144262729045728e+00,-1.587255270930655104e+00,-2.647835335495457354e+00,-5.858328510614001949e+00,-2.890206116949911141e+00,-4.421441420449438553e+00,-1.971009121320926871e+00,-1.979471021178536683e+00,-1.210171822552959631e+00,-6.541274025919930901e-01
-4.073144262729045728e+00,-1.587255270930655104e+00,-2.647835335495457354e+00,-5.858328510614001949e+00,-2.890206116949911141e+00,-4.421441420449438553e+00,-1.971009121320926871e+00,-1.979471021178536683e+00,-1.210171822552959631e+00,-6.541274025919930901e-01
-4.073144262729045728e+00,-1.587255270930655104e+00,-2.647835335495457354e+00,-5.858328510614001949e+00,-2.890206116949911141e+00,-4.421441420449438553e+00,-1.971009121320926871e+00,-1.979471021178536683e+00,-1.210171822552959631e+00,-6.541274025919930901e-01
-4.073144262729045728e+00,-1.587255270930655104e+00,-2.647835335495457354e+00,-5.858328510614001949e+00,-2.890206116949911141e+00,-4.421441420449438553e+00,-1.971009121320926871e+00,-1.979471021178536683e+00,-1.210171822552959631e+00,-6.541274025919930901e-01
-4.073144262729045728e+00,-1.587255270930655104e+00,-2.647835335495457354e+00,-5.858328510614001949e+00,-2.890206116949911141e+00,-4.421441420449438553e+00,-1.971009121320926871e+00,-1.979471021178536683e+00,-1.210171822552959631e+00,-6.541274025919930901e-01
-4.073144262729045728e+00,-1.587255270930655104e+00,-2.647835335495457354e+00,-5.858328510614001949e+00,-2.890206116949911141e+00,-4.421441420449438553e+00,-1.971009121320926871e+00,-1.979471021178536683e+00,-1.210171822552959631e+00,-6.541274025919930901e-01
-4.073144262729045728e+00,-1.587255270930655104e+00,-2.647835335495457354e+00,-5.858328510614001949e+00,-2.890206116949911141e+00,-4.421441420449438553e+00,-1.971009121320926871e+00,-1.979471021178536683e+00,-1.210171822552959631e+00,-6.541274025919930901e-01
-4.073144262729045728e+00,-1.587255270930655104e+00,-2.647835335495457354e+00,-5.858328510614001949e+00,-2.890206116949911141e+00,-4.421441420449438553e+00,-1.971009121320926871e+00,-1.979471021178536683e+00,-1.210171822552959631e+00,-6.541274025919930901e-01
-4.073144262729045728e+00,-1.587255270930655104e+00,-2.647835335495457354e+00,-5.858328510614001949e+00,-2.890206116949911141e+00,-4.421441420449438553e+00,-1.971009121320926871e+00,-1.979471021178536683e+00,-1.210171822552959631e+00,-6.541274025919930901e-01
-4.073144262729045728e+00,-1.587255270930655104e+00,-2.647835335495457354e+00,-5.858328510614001949e+00,-2.890206116949911141e+00,-4.421441420449438553e+00,-1.971009121320926871e+00,-1.979471021178536683e+00,-1.210171822552959631e+00,-6.541274025919930901e-01
-4.073144262729045728e+00,-1.587255270930655104e+00,-2.647835335495457354e+00,-5.858328510614001949e+00,-2.890206116949911141e+00,-4.421441420449438553e+00,-1.971009121320926871e+00,-1.979471021178536683e+00,-1.210171822552959631e+00,-6.541274025919930901e-01
-4.073144262729045728e+00,-1.587255270930655104e+00,-2.647835335495457354e+00,-5.858328510614001949e+00,-2.890206116949911141e+00,-4.421441420449438553e+00,-1.971009121320926871e+00,-1.979471021178536683e+00,-1.424533516751481654e+00,-6.541274025919930901e-01
-4.073144262729045728e+00,-1.587255270930655104e+00,-2.647835335495457354e+00,-5.858328510614001949e+00,-2.890206116949911141e+00,-4.421441420449438553e+00,-1.971009121320926871e+00,-1.996916730478143442e+00,-1.494368685231562299e+00,-6.541274025919930901e-01
-4.073144262729045728e+00,-1.587255270930655104e+00,-2.647835335495457354e+00,-5.858328510614001949e+00,-2.890206116949911141e+00,-4.421441420449438553e+00,-1.971009121320926871e+00,-1.996916730478143442e+00,-1.494368685231562299e+00,-6.541274025919930901e-01
-4.073144262729045728e+00,-1.587255270930655104e+00,-2.647835335495457354e+00,-5.858328510614001949e+00,-2.890206116949911141e+00,-4.421441420449438553e+00,-1.971009121320926871e+00,-1.996916730478143442e+00,-1.494368685231562299e+00,-6.541274025919930901e-01
-4.073144262729045728e+00,-1.587255270930655104e+00,-2.647835335495457354e+00,-5.858328510614001949e+00,-2.890206116949911141e+00,-4.421441420449438553e+00,-1.971009121320926871e+00,-1.996916730478143442e+00,-1.494368685231562299e+00,-6.541274025919930901e-01
-4.073144262729045728e+00,-1.587255270930655104e+00,-2.647835335495457354e+00,-5.858328510614001949e+00,-2.890206116949911141e+00,-4.421441420449438553e+00,-1.971009121320926871e+00,-1.996916730478143442e+00,-1.945376417371731836e+00,-6.541274025919930901e-01
-4.073144262729045728e+00,-1.587255270930655104e+00,-2.647835335495457354e+00,-5.858328510614001949e+00,-2.890206116949911141e+00,-4.421441420449438553e+00,-1.971009121320926871e+00,-1.996916730478143442e+00,-1.945376417371731836e+00,-6.541274025919930901e-01
-4.073144262729045728e+00,-1.587255270930655104e+00,-2.647835335495457354e+00,-5.858328510614001949e+00,-2.890206116949911141e+00,-4.421441420449438553e+00,-1.971009121320926871e+00,-1.996916730478143442e+00,-1.945376417371731836e+00,-6.541274025919930901e-01
-4.073144262729045728e+00,-1.587255270930655104e+00,-2.647835335495457354e+00,-5.858328510614001949e+00,-2.890206116949911141e+00,-4.421441420449438553e+00,-1.971009121320926871e+00,-1.996916730478143442e+00,-1.945376417371731836e+00,-6.541274025919930901e-01
-4.073144262729045728e+00,-1.587255270930655104e+00,-2.647835335495457354e+00,-5.858328510614001949e+00,-2.890206116949911141e+00,-4.421441420449438553e+00,-1.971009121320926871e+00,-1.996916730478143442e+00,-1.945376417371731836e+00,-6.541274025919930901e-01
-4.073144262729045728e+00,-1.587255270930655104e+00,-2.647835335495457354e+00,-5.858328510614001949e+00,-2.890206116949911141e+00,-4.421441420449438553e+00,-1.971009121320926871e+00,-1.996916730478143442e+00,-1.945376417371731836e+00,-6.541274025919930901e-01
-4.073144262729045728e+00,-1.587255270930655104e+00,-2.647835335495457354e+00,-5.858328510614001949e+00,-2.890206116949911141e+00,-4.421441420449438553e+00,-1.971009121320926871e+00,-1.996916730478143442e+00,-1.945376417371731836e+00,-6.541274025919930901e-01
-4.073144262729045728e+00,-1.587255270930655104e+00,-2.647835335495457354e+00,-5.858328510614001949e+00,-2.890206116949911141e+00,-4.421441420449438553e+00,-1.971009121320926871e+00,-1.996916730478143442e+00,-1.945376417371731836e+00,-6.541274025919930901e-01
-4.073144262729045728e+00,-1.587255270930655104e+00,-2.647835335495457354e+00,-5.858328510614001949e+00,-2.890206116949911141e+00,-4.421441420449438553e+00,-1.971009121320926871e+00,-1.996916730478143442e+00,-1.945376417371731836e+00,-6.541274025919930901e-01
-4.073144262729045728e+00,-1.587255270930655104e+00,-2.647835335495457354e+00,-5.858328510614001949e+00,-2.890206116949911141e+00,-4.421441420449438553e+00,-1.971009121320926871e+00,-1.996916730478143442e+00,-1.945376417371731836e+00,-6.541274025919930901e-01
-4.073144262729045728e+00,-1.587255270930655104e+00,-2.647835335495457354e+00,-5.858328510614001949e+00,-2.890206116949911141e+00,-4.421441420449438553e+00,-1.971009121320926871e+00,-1.996916730478143442e+00,-1.945376417371731836e+00,-6.541274025919930901e-01
-4.073144262729045728e+00,-1.587255270930655104e+00,-2.647835335495457354e+00,-5.858328510614001949e+00,-2.890206116949911141e+00,-4.421441420449438553e+00,-1.971009121320926871e+00,-1.996916730478143442e+00,-1.945376417371731836e+00,-6.541274025919930901e-01
-4.073144262729045728e+00,-1.587255270930655104e+00,-2.647835335495457354e+00,-5.858328510614001949e+00,-2.890206116949911141e+00,-4.421441420449438553e+00,-1.971009121320926871e+00,-1.996916730478143442e+00,-1.945376417371731836e+00,-6.541274025919930901e-01
-4.073144262729045728e+00,-1.587255270930655104e+00,-2.647835335495457354e+00,-5.858328510614001949e+00,-2.890206116949911141e+00,-4.421441420449438553e+00,-1.971009121320926871e+00,-1.996916730478143442e+00,-1.945376417371731836e+00,-6.541274025919930901e-01
-4.073144262729045728e+00,-1.587255270930655104e+00,-2.647835335495457354e+00,-5.858328510614001949e+00,-2.890206116949911141e+00,-4.421441420449438553e+00,-1.971009121320926871e+00,-1.996916730478143442e+00,-1.945376417371731836e+00,-6.541274025919930901e-01
-4.073144262729045728e+00,-1.587255270930655104e+00,-2.647835335495457354e+00,-5.858328510614001949e+00,-2.890206116949911141e+00,-4.421441420449438553e+00,-1.971009121320926871e+00,-1.996916730478143442e+00,-1.945376417371731836e+00,-6.541274025919930901e-01
-4.073144262729045728e+00,-1.587255270930655104e+00,-2.647835335495457354e+00,-5.858328510614001949e+00,-2.890206116949911141e+00,-4.421441420449438553e+00,-1.971009121320926871e+00,-1.996916730478143442e+00,-1.945376417371731836e+00,-6.541274025919930901e-01
-4.073144262729045728e+00,-1.587255270930655104e+00,-2.647835335495457354e+00,-5.858328510614001949e+00,-2.890206116949911141e+00,-4.421441420449438553e+00,-1.971009121320926871e+00,-1.996916730478143442e+00,-1.945376417371731836e+00,-6.541274025919930901e-01
-4.073144262729045728e+00,-1.587255270930655104e+00,-2.647835335495457354e+00,-5.858328510614001949e+00,-2.890206116949911141e+00,-4.421441420449438553e+00,-1.971009121320926871e+00,-1.996916730478143442e+00,-1.945376417371731836e+00,-6.541274025919930901e-01
-4.073144262729045728e+00,-1.587255270930655104e+00,-2.647835335495457354e+00,-5.858328510614001949e+00,-2.890206116949911141e+00,-4.421441420449438553e+00,-1.971009121320926871e+00,-1.996916730478143442e+00,-1.945376417371731836e+00,-6.541274025919930901e-01
-4.073144262729045728e+00,-1.587255270930655104e+00,-2.647835335495457354e+00,-5.858328510614001949e+00,-2.890206116949911141e+00,-4.421441420449438553e+00,-1.971009121320926871e+00,-1.996916730478143442e+00,-1.945376417371731836e+00,-6.541274025919930901e-01
-4.073144262729045728e+00,-1.587255270930655104e+00,-2.647835335495457354e+00,-5.858328510614001949e+00,-2.890206116949911141e+00,-4.421441420449438553e+00,-1.971009121320926871e+00,-1.996916730478143442e+00,-1.945376417371731836e+00,-6.541274025919930901e-01
-4.073144262729045728e+00,-1.587255270930655104e+00,-2.647835335495457354e+00,-5.858328510614001949e+00,-2.890206116949911141e+00,-4.421441420449438553e+00,-1.971009121320926871e+00,-1.996916730478143442e+00,-1.945376417371731836e+00,-6.541274025919930901e-01
-4.073144262729045728e+00,-1.587255270930655104e+00,-2.647835335495457354e+00,-5.858328510614001949e+00,-2.890206116949911141e+00,-4.421441420449438553e+00,-1.971009121320926871e+00,-1.996916730478143442e+00,-1.945376417371731836e+00,-6.541274025919930901e-01
-4.073144262729045728e+00,-1.587255270930655104e+00,-2.647835335495457354e+00,-5.858328510614001949e+00,-2.890206116949911141e+00,-4.421441420449438553e+00,-1.971009121320926871e+00,-1.996916730478143442e+00,-1.945376417371731836e+00,-6.541274025919930901e-01
-4.073144262729045728e+00,-1.587255270930655104e+00,-2.647835335495457354e+00,-5.858328510614001949e+00,-2.890206116949911141e+00,-4.421441420449438553e+00,-1.971009121320926871e+00,-1.996916730478143442e+00,-2.317799929243294699e+00,-6.541274025919930901e-01
-4.073144262729045728e+00,-1.587255270930655104e+00,-2.647835335495457354e+00,-5.858328510614001949e+00,-2.890206116949911141e+00,-4.421441420449438553e+00,-1.971009121320926871e+00,-1.996916730478143442e+00,-2.317799929243294699e+00,-6.541274025919930901e-01
-4.073144262729045728e+00,-1.587255270930655104e+00,-2.647835335495457354e+00,-5.858328510614001949e+00,-2.890206116949911141e+00,-4.421441420449438553e+00,-1.971009121320926871e+00,-1.996916730478143442e+00,-2.317799929243294699e+00,-6.541274025919930901e-01
-4.073144262729045728e+00,-1.587255270930655104e+00,-2.647835335495457354e+00,-5.858328510614001949e+00,-2.890206116949911141e+00,-4.421441420449438553e+00,-1.971009121320926871e+00,-1.996916730478143442e+00,-2.317799929243294699e+00,-6.541274025919930901e-01
-4.073144262729045728e+00,-1.587255270930655104e+00,-2.647835335495457354e+00,-5.858328510614001949e+00,-2.890206116949911141e+00,-4.421441420449438553e+00,-1.971009121320926871e+00,-1.996916730478143442e+00,-2.317799929243294699e+00,-6.541274025919930901e-01
-4.073144262729045728e+00,-1.587255270930655104e+00,-2.647835335495457354e+00,-5.858328510614001949e+00,-2.890206116949911141e+00,-4.421441420449438553e+00,-1.971009121320926871e+00,-1.996916730478143442e+00,-2.317799929243294699e+00,-6.541274025919930901e-01
-4.073144262729045728e+00,-1.587255270930655104e+00,-2.647835335495457354e+00,-5.858328510614001949e+00,-2.890206116949911141e+00,-4.421441420449438553e+00,-1.971009121320926871e+00,-1.996916730478143442e+00,-2.317799929243294699e+00,-6.541274025919930901e-01
-4.073144262729045728e+00,-1.587255270930655104e+00,-2.647835335495457354e+00,-5.858328510614001949e+00,-2.890206116949911141e+00,-4.421441420449438553e+00,-1.971009121320926871e+00,-1.996916730478143442e+00,-2.317799929243294699e+00,-6.541274025919930901e-01
-4.073144262729045728e+00,-1.587255270930655104e+00,-2.647835335495457354e+00,-5.858328510614001949e+00,-2.890206116949911141e+00,-4.421441420449438553e+00,-1.971009121320926871e+00,-1.996916730478143442e+00,-2.317799929243294699e+00,-6.541274025919930901e-01
-4.073144262729045728e+00,-1.587255270930655104e+00,-2.647835335495457354e+00,-5.858328510614001949e+00,-2.890206116949911141e+00,-4.421441420449438553e+00,-1.971009121320926871e+00,-1.996916730478143442e+00,-2.317799929243294699e+00,-6.541274025919930901e-01
-4.073144262729045728e+00,-1.587255270930655104e+00,-2.647835335495457354e+00,-5.858328510614001949e+00,-2.890206116949911141e+00,-4.421441420449438553e+00,-1.971009121320926871e+00,-1.996916730478143442e+00,-2.317799929243294699e+00,-6.541274025919930901e-01
-4.073144262729045728e+00,-1.587255270930655104e+00,-2.647835335495457354e+00,-5.858328510614001949e+00,-2.890206116949911141e+00,-4.421441420449438553e+00,-1.971009121320926871e+00,-1.996916730478143442e+00,-2.317799929243294699e+00,-6.541274025919930901e-01
-4.073144262729045728e+00,-1.587255270930655104e+00,-2.647835335495457354e+00,-5.858328510614001949e+00,-2.890206116949911141e+00,-4.421441420449438553e+00,-1.971009121320926871e+00,-1.996916730478143442e+00,-2.317799929243294699e+00,-6.541274025919930901e-01
-4.073144262729045728e+00,-1.587255270930655104e+00,-2.647835335495457354e+00,-5.858328510614001949e+00,-2.890206116949911141e+00,-4.421441420449438553e+00,-1.971009121320926871e+00,-1.996916730478143442e+00,-2.317799929243294699e+00,-6.541274025919930901e-01
-4.073144262729045728e+00,-1.587255270930655104e+00,-2.647835335495457354e+00,-5.858328510614001949e+00,-2.890206116949911141e+00,-4.421441420449438553e+00,-1.971009121320926871e+00,-1.996916730478143442e+00,-2.317799929243294699e+00,-6.541274025919930901e-01
-4.073144262729045728e+00,-1.587255270930655104e+00,-2.647835335495457354e+00,-5.858328510614001949e+00,-2.890206116949911141e+00,-4.421441420449438553e+00,-1.971009121320926871e+00,-1.996916730478143442e+00,-2.816777631167349139e+00,-6.541274025919930901e-01
-4.073144262729045728e+00,-1.654906771310713953e+00,-2.647835335495457354e+00,-5.858328510614001949e+00,-2.890206116949911141e+00,-4.916032503318646718e+00,-1.971009121320926871e+00,-1.996916730478143442e+00,-2.816777631167349139e+00,-6.541274025919930901e-01
-4.073144262729045728e+00,-1.654906771310713953e+00,-2.647835335495457354e+00,-5.858328510614001949e+00,-2.890206116949911141e+00,-4.916032503318646718e+00,-1.971009121320926871e+00,-1.996916730478143442e+00,-2.816777631167349139e+00,-6.541274025919930901e-01
-4.073144262729045728e+00,-1.654906771310713953e+00,-2.647835335495457354e+00,-5.858328510614001949e+00,-2.890206116949911141e+00,-4.916032503318646718e+00,-1.971009121320926871e+00,-1.996916730478143442e+00,-2.816777631167349139e+00,-6.541274025919930901e-01
-4.073144262729045728e+00,-1.654906771310713953e+00,-2.647835335495457354e+00,-5.858328510614001949e+00,-2.890206116949911141e+00,-4.916032503318646718e+00,-1.971009121320926871e+00,-1.996916730478143442e+00,-2.816777631167349139e+00,-6.541274025919930901e-01
-4.073144262729045728e+00,-1.654906771310713953e+00,-2.647835335495457354e+00,-5.858328510614001949e+00,-2.890206116949911141e+00,-4.916032503318646718e+00,-1.971009121320926871e+00,-1.996916730478143442e+00,-2.816777631167349139e+00,-6.541274025919930901e-01
-4.073144262729045728e+00,-1.654906771310713953e+00,-2.647835335495457354e+00,-5.858328510614001949e+00,-2.890206116949911141e+00,-4.916032503318646718e+00,-1.971009121320926871e+00,-1.996916730478143442e+00,-2.816777631167349139e+00,-6.541274025919930901e-01
