-1.957438735201371349e+00,1.075987958470308259e+00,1.141985821188985639e+01,2.260339622502838708e+00,1.468568748171316551e+00,-7.691883855301062667e-01,1.962492729987983742e+00,5.075464690865385542e+00,7.288368646453540212e-01,-3.597771030663249325e-02
-1.957438735201371349e+00,7.232187158937293248e-01,8.658383050295327621e+00,1.113699267868178522e+00,1.468568748171316551e+00,-1.473305646399791557e+00,1.028692897685137053e+00,2.665806340859085743e+00,-1.661499375169237291e+00,-3.597771030663249325e-02
-1.957438735201371349e+00,7.232187158937293248e-01,8.658383050295327621e+00,1.113699267868178522e+00,1.468568748171316551e+00,-1.473305646399791557e+00,1.028692897685137053e+00,2.015567676925630991e+00,-2.197385422228167684e+00,-3.597771030663249325e-02
-1.957438735201371349e+00,-1.575435717998542318e+00,7.430127784091451915e+00,1.113699267868178522e+00,1.387394525294361136e+00,-1.473305646399791557e+00,1.028692897685137053e+00,1.885744721690415293e+00,-2.197385422228167684e+00,-3.597771030663249325e-02
-1.957438735201371349e+00,-2.119800293394489721e+00,7.430127784091451915e+00,1.059004824489927499e+00,5.025183617965398586e-01,-1.473305646399791557e+00,1.028692897685137053e+00,1.866147240907219285e+00,-2.197385422228167684e+00,-3.597771030663249325e-02
-2.683274586191247035e+00,-2.119800293394489721e+00,7.430127784091451915e+00,-7.036924157698067894e-01,5.025183617965398586e-01,-1.473305646399791557e+00,1.028692897685137053e+00,1.318961173486985716e+00,-2.197385422228167684e+00,-8.793637366678733192e-02
-2.683274586191247035e+00,-2.119800293394489721e+00,7.430127784091451915e+00,-7.036924157698067894e-01,5.025183617965398586e-01,-1.473305646399791557e+00,1.028692897685137053e+00,1.318961173486985716e+00,-2.197385422228167684e+00,-9.507230031279948479e-01
-2.683274586191247035e+00,-2.119800293394489721e+00,7.430127784091451915e+00,-7.036924157698067894e-01,5.025183617965398586e-01,-1.473305646399791557e+00,1.028692897685137053e+00,1.318961173486985716e+00,-2.197385422228167684e+00,-1.228417223919791024e+00
-2.683274586191247035e+00,-2.119800293394489721e+00,7.430127784091451915e+00,-7.036924157698067894e-01,5.025183617965398586e-01,-1.473305646399791557e+00,1.028692897685137053e+00,1.318961173486985716e+00,-2.197385422228167684e+00,-1.228417223919791024e+00
-2.683274586191247035e+00,-2.119800293394489721e+00,5.977056712169548369e+00,-7.036924157698067894e-01,5.025183617965398586e-01,-1.473305646399791557e+00,1.028692897685137053e+00,1.318961173486985716e+00,-2.197385422228167684e+00,-1.228417223919791024e+00
-2.683274586191247035e+00,-2.119800293394489721e+00,5.977056712169548369e+00,-7.036924157698067894e-01,-4.642644509047777479e-01,-1.473305646399791557e+00,1.028692897685137053e+00,1.031092961618618631e+00,-2.197385422228167684e+00,-1.228417223919791024e+00
-2.683274586191247035e+00,-2.242795036138097498e+00,5.977056712169548369e+00,-7.036924157698067894e-01,-8.654333357374727198e-01,-1.473305646399791557e+00,1.028692897685137053e+00,1.031092961618618631e+00,-2.197385422228167684e+00,-1.228417223919791024e+00
-2.683274586191247035e+00,-2.242795036138097498e+00,5.977056712169548369e+00,-7.036924157698067894e-01,-8.654333357374727198e-01,-1.473305646399791557e+00,1.028692897685137053e+00,1.031092961618618631e+00,-2.197385422228167684e+00,-1.228417223919791024e+00
-2.683274586191247035e+00,-2.242795036138097498e+00,5.977056712169548369e+00,-1.392930165834100897e+00,-8.654333357374727198e-01,-1.473305646399791557e+00,1.028692897685137053e+00,1.031092961618618631e+00,-2.197385422228167684e+00,-1.228417223919791024e+00
-2.683274586191247035e+00,-2.242795036138097498e+00,5.977056712169548369e+00,-1.392930165834100897e+00,-8.654333357374727198e-01,-1.473305646399791557e+00,1.028692897685137053e+00,1.031092961618618631e+00,-2.197385422228167684e+00,-1.228417223919791024e+00
-2.683274586191247035e+00,-2.242795036138097498e+00,5.977056712169548369e+00,-1.392930165834100897e+00,-1.303563610935520645e+00,-1.473305646399791557e+00,1.028692897685137053e+00,1.031092961618618631e+00,-2.197385422228167684e+00,-1.228417223919791024e+00
-2.683274586191247035e+00,-2.242795036138097498e+00,5.447747405572126667e+00,-1.392930165834100897e+00,-1.303563610935520645e+00,-1.473305646399791557e+00,6.333416719101805925e-02,1.031092961618618631e+00,-2.197385422228167684e+00,-1.228417223919791024e+00
-2.683274586191247035e+00,-2.447628695925586850e+00,5.447747405572126667e+00,-1.392930165834100897e+00,-1.303563610935520645e+00,-1.473305646399791557e+00,6.333416719101805925e-02,1.031092961618618631e+00,-2.197385422228167684e+00,-1.228417223919791024e+00
-2.683274586191247035e+00,-2.447628695925586850e+00,5.447747405572126667e+00,-1.392930165834100897e+00,-2.136604615926522843e+00,-1.473305646399791557e+00,6.333416719101805925e-02,1.031092961618618631e+00,-2.197385422228167684e+00,-1.562847520567571369e+00
-2.683274586191247035e+00,-2.447628695925586850e+00,2.174393600038453833e+00,-1.392930165834100897e+00,-2.136604615926522843e+00,-1.473305646399791557e+00,4.901024637477004176e-02,1.031092961618618631e+00,-2.197385422228167684e+00,-1.562847520567571369e+00
-2.683274586191247035e+00,-2.447628695925586850e+00,2.174393600038453833e+00,-1.392930165834100897e+00,-2.136604615926522843e+00,-1.473305646399791557e+00,4.901024637477004176e-02,1.031092961618618631e+00,-2.197385422228167684e+00,-1.562847520567571369e+00
-2.683274586191247035e+00,-2.447628695925586850e+00,2.174393600038453833e+00,-1.392930165834100897e+00,-2.136604615926522843e+00,-1.473305646399791557e+00,4.901024637477004176e-02,1.031092961618618631e+00,-2.197385422228167684e+00,-1.562847520567571369e+00
-2.683274586191247035e+00,-2.447628695925586850e+00,2.174393600038453833e+00,-1.392930165834100897e+00,-2.136604615926522843e+00,-1.473305646399791557e+00,4.901024637477004176e-02,1.031092961618618631e+00,-2.197385422228167684e+00,-1.562847520567571369e+00
-2.819820766905034581e+00,-2.447628695925586850e+00,-5.718300732684594018e-02,-1.392930165834100897e+00,-2.136604615926522843e+00,-1.473305646399791557e+00,4.901024637477004176e-02,1.031092961618618631e+00,-2.197385422228167684e+00,-1.562847520567571369e+00
-2.819820766905034581e+00,-2.447628695925586850e+00,-1.570763772234233246e-01,-1.392930165834100897e+00,-2.136604615926522843e+00,-1.473305646399791557e+00,4.901024637477004176e-02,5.291558855237502579e-01,-2.197385422228167684e+00,-1.562847520567571369e+00
-2.819820766905034581e+00,-2.447628695925586850e+00,-1.570763772234233246e-01,-1.392930165834100897e+00,-2.136604615926522843e+00,-1.473305646399791557e+00,4.901024637477004176e-02,5.291558855237502579e-01,-2.197385422228167684e+00,-1.562847520567571369e+00
-2.819820766905034581e+00,-2.447628695925586850e+00,-1.570763772234233246e-01,-1.392930165834100897e+00,-2.136604615926522843e+00,-1.473305646399791557e+00,4.901024637477004176e-02,5.291558855237502579e-01,-2.197385422228167684e+00,-1.562847520567571369e+00
-2.819820766905034581e+00,-2.447628695925586850e+00,-5.494791767138594851e-01,-1.682448071796457389e+00,-2.136604615926522843e+00,-1.473305646399791557e+00,4.901024637477004176e-02,5.291558855237502579e-01,-2.197385422228167684e+00,-1.562847520567571369e+00
-2.819820766905034581e+00,-2.447628695925586850e+00,-5.507170790756454881e-01,-1.682448071796457389e+00,-2.136604615926522843e+00,-2.096564440357013837e+00,4.901024637477004176e-02,5.291558855237502579e-01,-2.197385422228167684e+00,-1.562847520567571369e+00
-2.819820766905034581e+00,-2.843680379354094789e+00,-5.507170790756454881e-01,-1.682448071796457389e+00,-2.136604615926522843e+00,-2.096564440357013837e+00,4.901024637477004176e-02,5.291558855237502579e-01,-2.197385422228167684e+00,-1.562847520567571369e+00
-2.819820766905034581e+00,-2.843680379354094789e+00,-5.507170790756454881e-01,-1.682448071796457389e+00,-2.136604615926522843e+00,-2.096564440357013837e+00,4.901024637477004176e-02,5.291558855237502579e-01,-2.197385422228167684e+00,-1.562847520567571369e+00
-2.819820766905034581e+00,-2.843680379354094789e+00,-1.353431100685834831e+00,-1.682448071796457389e+00,-2.136604615926522843e+00,-2.096564440357013837e+00,4.901024637477004176e-02,5.291558855237502579e-01,-2.197385422228167684e+00,-1.562847520567571369e+00
-2.819820766905034581e+00,-2.843680379354094789e+00,-1.353431100685834831e+00,-1.682448071796457389e+00,-2.136604615926522843e+00,-2.096564440357013837e+00,4.901024637477004176e-02,1.844464918772898213e-02,-2.197385422228167684e+00,-1.562847520567571369e+00
-2.819820766905034581e+00,-2.843680379354094789e+00,-1.353431100685834831e+00,-1.682448071796457389e+00,-2.136604615926522843e+00,-2.096564440357013837e+00,4.901024637477004176e-02,1.844464918772898213e-02,-2.197385422228167684e+00,-1.562847520567571369e+00
-2.819820766905034581e+00,-2.843680379354094789e+00,-1.353431100685834831e+00,-1.682448071796457389e+00,-2.136604615926522843e+00,-2.096564440357013837e+00,3.926747769691320278e-02,1.844464918772898213e-02,-2.197385422228167684e+00,-1.562847520567571369e+00
-2.819820766905034581e+00,-2.843680379354094789e+00,-1.353431100685834831e+00,-1.682448071796457389e+00,-2.136604615926522843e+00,-2.096564440357013837e+00,3.926747769691320278e-02,1.844464918772898213e-02,-2.197385422228167684e+00,-1.562847520567571369e+00
-2.819820766905034581e+00,-2.843680379354094789e+00,-1.353431100685834831e+00,-1.682448071796457389e+00,-2.136604615926522843e+00,-2.096564440357013837e+00,3.926747769691320278e-02,1.844464918772898213e-02,-2.197385422228167684e+00,-1.562847520567571369e+00
-2.819820766905034581e+00,-2.843680379354094789e+00,-1.353431100685834831e+00,-1.682448071796457389e+00,-2.136604615926522843e+00,-2.096564440357013837e+00,3.926747769691320278e-02,1.844464918772898213e-02,-2.197385422228167684e+00,-1.562847520567571369e+00
-2.819820766905034581e+00,-2.843680379354094789e+00,-1.353431100685834831e+00,-1.682448071796457389e+00,-2.136604615926522843e+00,-2.096564440357013837e+00,3.926747769691320278e-02,1.844464918772898213e-02,-2.197385422228167684e+00,-1.562847520567571369e+00
-2.819820766905034581e+00,-3.312021495194640508e+00,-1.353431100685834831e+00,-1.923878156981183141e+00,-2.136604615926522843e+00,-2.096564440357013837e+00,-8.346701994740679531e-02,1.844464918772898213e-02,-2.197385422228167684e+00,-1.562847520567571369e+00
-2.819820766905034581e+00,-3.312021495194640508e+00,-1.353431100685834831e+00,-1.923878156981183141e+00,-2.136604615926522843e+00,-2.096564440357013837e+00,-8.346701994740679531e-02,1.844464918772898213e-02,-2.197385422228167684e+00,-1.562847520567571369e+00
-2.819820766905034581e+00,-3.312021495194640508e+00,-1.353431100685834831e+00,-1.923878156981183141e+00,-2.136604615926522843e+00,-2.096564440357013837e+00,-8.346701994740679531e-02,1.844464918772898213e-02,-2.197385422228167684e+00,-1.562847520567571369e+00
-2.819820766905034581e+00,-3.312021495194640508e+00,-1.353431100685834831e+00,-1.923878156981183141e+00,-2.136604615926522843e+00,-2.096564440357013837e+00,-8.346701994740679531e-02,1.844464918772898213e-02,-2.197385422228167684e+00,-1.562847520567571369e+00
-2.819820766905034581e+00,-3.312021495194640508e+00,-1.353431100685834831e+00,-1.923878156981183141e+00,-2.136604615926522843e+00,-2.096564440357013837e+00,-8.346701994740679531e-02,1.844464918772898213e-02,-2.197385422228167684e+00,-1.562847520567571369e+00
-2.819820766905034581e+00,-3.312021495194640508e+00,-1.353431100685834831e+00,-1.923878156981183141e+00,-2.136604615926522843e+00,-2.096564440357013837e+00,-8.346701994740679531e-02,1.844464918772898213e-02,-2.197385422228167684e+00,-1.562847520567571369e+00
-2.819820766905034581e+00,-3.312021495194640508e+00,-1.353431100685834831e+00,-1.923878156981183141e+00,-2.136604615926522843e+00,-2.096564440357013837e+00,-8.346701994740679531e-02,1.844464918772898213e-02,-2.197385422228167684e+00,-1.562847520567571369e+00
-2.819820766905034581e+00,-3.312021495194640508e+00,-1.353431100685834831e+00,-1.923878156981183141e+00,-2.136604615926522843e+00,-2.096564440357013837e+00,-8.346701994740679531e-02,1.844464918772898213e-02,-2.197385422228167684e+00,-1.562847520567571369e+00
-2.819820766905034581e+00,-3.312021495194640508e+00,-1.353431100685834831e+00,-1.923878156981183141e+00,-2.136604615926522843e+00,-2.096564440357013837e+00,-1.765438706336948660e-01,1.844464918772898213e-02,-2.197385422228167684e+00,-1.562847520567571369e+00
-3.226036361021495935e+00,-3.386222027068284568e+00,-1.353431100685834831e+00,-1.923878156981183141e+00,-2.136604615926522843e+00,-2.096564440357013837e+00,-1.765438706336948660e-01,1.844464918772898213e-02,-2.197385422228167684e+00,-1.562847520567571369e+00
-3.226036361021495935e+00,-3.386222027068284568e+00,-1.353431100685834831e+00,-1.923878156981183141e+00,-2.136604615926522843e+00,-2.096564440357013837e+00,-1.765438706336948660e-01,1.844464918772898213e-02,-2.197385422228167684e+00,-1.562847520567571369e+00
-3.226036361021495935e+00,-3.386222027068284568e+00,-1.353431100685834831e+00,-1.923878156981183141e+00,-2.136604615926522843e+00,-2.096564440357013837e+00,-2.923053904496413780e-01,1.844464918772898213e-02,-2.197385422228167684e+00,-1.562847520567571369e+00
-3.226036361021495935e+00,-3.386222027068284568e+00,-1.353431100685834831e+00,-1.923878156981183141e+00,-2.136604615926522843e+00,-2.096564440357013837e+00,-2.923053904496413780e-01,1.844464918772898213e-02,-2.197385422228167684e+00,-1.562847520567571369e+00
-3.226036361021495935e+00,-3.386222027068284568e+00,-1.353431100685834831e+00,-1.923878156981183141e+00,-2.136604615926522843e+00,-2.096564440357013837e+00,-2.923053904496413780e-01,1.844464918772898213e-02,-2.197385422228167684e+00,-1.562847520567571369e+00
-3.226036361021495935e+00,-3.386222027068284568e+00,-1.353431100685834831e+00,-1.923878156981183141e+00,-2.136604615926522843e+00,-2.134057029370477032e+00,-2.923053904496413780e-01,1.844464918772898213e-02,-2.197385422228167684e+00,-1.562847520567571369e+00
-3.226036361021495935e+00,-3.386222027068284568e+00,-1.353431100685834831e+00,-1.923878156981183141e+00,-2.136604615926522843e+00,-2.648503624050690508e+00,-2.923053904496413780e-01,1.844464918772898213e-02,-2.197385422228167684e+00,-1.562847520567571369e+00
-3.226036361021495935e+00,-3.386222027068284568e+00,-1.353431100685834831e+00,-1.923878156981183141e+00,-2.136604615926522843e+00,-2.648503624050690508e+00,-2.923053904496413780e-01,1.844464918772898213e-02,-2.197385422228167684e+00,-1.562847520567571369e+00
-3.226036361021495935e+00,-3.386222027068284568e+00,-1.353431100685834831e+00,-1.923878156981183141e+00,-2.136604615926522843e+00,-2.648503624050690508e+00,-6.159507071600244243e-01,1.844464918772898213e-02,-2.197385422228167684e+00,-1.562847520567571369e+00
-3.226036361021495935e+00,-3.386222027068284568e+00,-1.353431100685834831e+00,-1.923878156981183141e+00,-2.136604615926522843e+00,-2.648503624050690508e+00,-6.159507071600244243e-01,1.844464918772898213e-02,-2.197385422228167684e+00,-1.562847520567571369e+00
-3.226036361021495935e+00,-3.386222027068284568e+00,-1.353431100685834831e+00,-1.923878156981183141e+00,-2.136604615926522843e+00,-2.648503624050690508e+00,-6.159507071600244243e-01,1.844464918772898213e-02,-2.197385422228167684e+00,-1.562847520567571369e+00
-3.226036361021495935e+00,-3.386222027068284568e+00,-1.353431100685834831e+00,-1.923878156981183141e+00,-2.136604615926522843e+00,-2.648503624050690508e+00,-6.159507071600244243e-01,1.844464918772898213e-02,-2.197385422228167684e+00,-1.562847520567571369e+00
-3.226036361021495935e+00,-3.386222027068284568e+00,-1.353431100685834831e+00,-1.923878156981183141e+00,-2.136604615926522843e+00,-2.648503624050690508e+00,-6.159507071600244243e-01,1.844464918772898213e-02,-2.197385422228167684e+00,-1.562847520567571369e+00
-3.226036361021495935e+00,-3.386222027068284568e+00,-1.353431100685834831e+00,-1.923878156981183141e+00,-2.136604615926522843e+00,-2.648503624050690508e+00,-6.159507071600244243e-01,1.844464918772898213e-02,-2.197385422228167684e+00,-1.562847520567571369e+00
-3.226036361021495935e+00,-3.386222027068284568e+00,-1.353431100685834831e+00,-1.923878156981183141e+00,-2.136604615926522843e+00,-2.648503624050690508e+00,-6.159507071600244243e-01,1.844464918772898213e-02,-2.197385422228167684e+00,-1.562847520567571369e+00
-3.226036361021495935e+00,-3.386222027068284568e+00,-1.353431100685834831e+00,-1.923878156981183141e+00,-2.136604615926522843e+00,-2.648503624050690508e+00,-6.528588734040017272e-01,1.844464918772898213e-02,-2.197385422228167684e+00,-1.562847520567571369e+00
-3.226036361021495935e+00,-3.386222027068284568e+00,-1.353431100685834831e+00,-1.923878156981183141e+00,-2.605351323868151603e+00,-2.648503624050690508e+00,-6.528588734040017272e-01,-1.867473599369078585e-01,-2.197385422228167684e+00,-1.562847520567571369e+00
-3.226036361021495935e+00,-3.386222027068284568e+00,-1.353431100685834831e+00,-1.923878156981183141e+00,-2.605351323868151603e+00,-2.648503624050690508e+00,-6.528588734040017272e-01,-1.867473599369078585e-01,-2.197385422228167684e+00,-1.562847520567571369e+00
-3.226036361021495935e+00,-3.386222027068284568e+00,-1.353431100685834831e+00,-1.923878156981183141e+00,-2.605351323868151603e+00,-2.648503624050690508e+00,-1.106400262920432365e+00,-1.867473599369078585e-01,-2.197385422228167684e+00,-1.562847520567571369e+00
-3.226036361021495935e+00,-3.386222027068284568e+00,-1.353431100685834831e+00,-1.923878156981183141e+00,-2.605351323868151603e+00,-2.648503624050690508e+00,-1.106400262920432365e+00,-1.867473599369078585e-01,-2.197385422228167684e+00,-1.562847520567571369e+00
-3.226036361021495935e+00,-3.386222027068284568e+00,-1.353431100685834831e+00,-1.923878156981183141e+00,-2.605351323868151603e+00,-2.648503624050690508e+00,-1.106400262920432365e+00,-1.867473599369078585e-01,-2.197385422228167684e+00,-1.562847520567571369e+00
-3.226036361021495935e+00,-3.386222027068284568e+00,-1.353431100685834831e+00,-1.923878156981183141e+00,-2.605351323868151603e+00,-2.648503624050690508e+00,-1.106400262920432365e+00,-1.867473599369078585e-01,-2.197385422228167684e+00,-1.562847520567571369e+00
-3.226036361021495935e+00,-3.386222027068284568e+00,-1.625914911815672159e+00,-1.923878156981183141e+00,-2.605351323868151603e+00,-2.648503624050690508e+00,-1.106400262920432365e+00,-1.867473599369078585e-01,-2.197385422228167684e+00,-1.562847520567571369e+00
-3.226036361021495935e+00,-3.386222027068284568e+00,-1.625914911815672159e+00,-1.923878156981183141e+00,-2.605351323868151603e+00,-2.648503624050690508e+00,-1.106400262920432365e+00,-1.867473599369078585e-01,-2.197385422228167684e+00,-1.562847520567571369e+00
-3.226036361021495935e+00,-3.386222027068284568e+00,-1.625914911815672159e+00,-2.102559507917567405e+00,-2.605351323868151603e+00,-2.648503624050690508e+00,-1.106400262920432365e+00,-1.867473599369078585e-01,-2.197385422228167684e+00,-1.562847520567571369e+00
-3.226036361021495935e+00,-3.386222027068284568e+00,-1.625914911815672159e+00,-2.102559507917567405e+00,-2.605351323868151603e+00,-2.648503624050690508e+00,-1.106400262920432365e+00,-1.867473599369078585e-01,-2.197385422228167684e+00,-1.562847520567571369e+00
-3.226036361021495935e+00,-3.386222027068284568e+00,-1.625914911815672159e+00,-2.102559507917567405e+00,-2.605351323868151603e+00,-2.648503624050690508e+00,-1.106400262920432365e+00,-1.867473599369078585e-01,-2.197385422228167684e+00,-1.562847520567571369e+00
-3.226036361021495935e+00,-3.386222027068284568e+00,-1.625914911815672159e+00,-2.102559507917567405e+00,-2.605351323868151603e+00,-2.648503624050690508e+00,-1.106400262920432365e+00,-1.867473599369078585e-01,-2.197385422228167684e+00,-1.562847520567571369e+00
-3.226036361021495935e+00,-3.386222027068284568e+00,-1.625914911815672159e+00,-2.102559507917567405e+00,-2.605351323868151603e+00,-2.648503624050690508e+00,-1.106400262920432365e+00,-1.867473599369078585e-01,-2.197385422228167684e+00,-1.562847520567571369e+00
-3.226036361021495935e+00,-3.386222027068284568e+00,-2.949120892531450266e+00,-2.102559507917567405e+00,-2.605351323868151603e+00,-2.648503624050690508e+00,-1.402472960394164803e+00,-1.867473599369078585e-01,-2.197385422228167684e+00,-1.562847520567571369e+00
-4.101118129257233846e+00,-3.386222027068284568e+00,-2.949120892531450266e+00,-2.102559507917567405e+00,-2.605351323868151603e+00,-2.648503624050690508e+00,-2.109290008777154668e+00,-1.867473599369078585e-01,-2.714049446836596768e+00,-1.562847520567571369e+00
-4.101118129257233846e+00,-3.386222027068284568e+00,-2.949120892531450266e+00,-2.102559507917567405e+00,-2.605351323868151603e+00,-2.648503624050690508e+00,-2.109290008777154668e+00,-1.867473599369078585e-01,-2.714049446836596768e+00,-1.562847520567571369e+00
-4.101118129257233846e+00,-3.386222027068284568e+00,-2.949120892531450266e+00,-2.558658967133459416e+00,-2.605351323868151603e+00,-2.648503624050690508e+00,-2.109290008777154668e+00,-1.867473599369078585e-01,-2.714049446836596768e+00,-1.562847520567571369e+00
-4.101118129257233846e+00,-3.386222027068284568e+00,-2.949120892531450266e+00,-2.558658967133459416e+00,-2.605351323868151603e+00,-2.648503624050690508e+00,-2.109290008777154668e+00,-1.867473599369078585e-01,-2.714049446836596768e+00,-1.562847520567571369e+00
-4.101118129257233846e+00,-3.386222027068284568e+00,-2.949120892531450266e+00,-2.558658967133459416e+00,-2.605351323868151603e+00,-2.648503624050690508e+00,-2.109290008777154668e+00,-1.867473599369078585e-01,-2.714049446836596768e+00,-1.562847520567571369e+00
-4.101118129257233846e+00,-3.386222027068284568e+00,-2.949120892531450266e+00,-2.558658967133459416e+00,-2.605351323868151603e+00,-2.648503624050690508e+00,-2.109290008777154668e+00,-1.867473599369078585e-01,-2.714049446836596768e+00,-1.562847520567571369e+00
-4.101118129257233846e+00,-3.386222027068284568e+00,-2.949120892531450266e+00,-2.558658967133459416e+00,-2.605351323868151603e+00,-2.648503624050690508e+00,-2.109290008777154668e+00,-1.867473599369078585e-01,-2.714049446836596768e+00,-1.562847520567571369e+00
-4.101118129257233846e+00,-3.386222027068284568e+00,-2.949120892531450266e+00,-2.558658967133459416e+00,-2.605351323868151603e+00,-2.648503624050690508e+00,-2.109290008777154668e+00,-1.867473599369078585e-01,-2.714049446836596768e+00,-1.562847520567571369e+00
-4.101118129257233846e+00,-3.386222027068284568e+00,-2.949120892531450266e+00,-2.558658967133459416e+00,-2.605351323868151603e+00,-2.648503624050690508e+00,-2.866935117728893978e+00,-1.867473599369078585e-01,-2.714049446836596768e+00,-1.562847520567571369e+00
-4.101118129257233846e+00,-3.386222027068284568e+00,-2.949120892531450266e+00,-2.558658967133459416e+00,-2.605351323868151603e+00,-2.648503624050690508e+00,-2.866935117728893978e+00,-1.867473599369078585e-01,-2.714049446836596768e+00,-1.562847520567571369e+00
-4.101118129257233846e+00,-3.386222027068284568e+00,-2.949120892531450266e+00,-2.558658967133459416e+00,-2.605351323868151603e+00,-2.648503624050690508e+00,-2.866935117728893978e+00,-1.867473599369078585e-01,-2.714049446836596768e+00,-1.562847520567571369e+00
-4.101118129257233846e+00,-3.386222027068284568e+00,-2.949120892531450266e+00,-2.558658967133459416e+00,-2.605351323868151603e+00,-2.648503624050690508e+00,-2.866935117728893978e+00,-1.867473599369078585e-01,-2.714049446836596768e+00,-1.562847520567571369e+00
-4.101118129257233846e+00,-3.386222027068284568e+00,-2.949120892531450266e+00,-2.558658967133459416e+00,-2.605351323868151603e+00,-2.648503624050690508e+00,-2.866935117728893978e+00,-1.867473599369078585e-01,-2.714049446836596768e+00,-1.562847520567571369e+00
-4.101118129257233846e+00,-3.386222027068284568e+00,-2.965128441802356019e+00,-2.558658967133459416e+00,-2.605351323868151603e+00,-2.648503624050690508e+00,-2.866935117728893978e+00,-1.867473599369078585e-01,-2.714049446836596768e+00,-1.562847520567571369e+00
-4.101118129257233846e+00,-3.386222027068284568e+00,-2.965128441802356019e+00,-2.683550336822926319e+00,-2.605351323868151603e+00,-2.648503624050690508e+00,-2.866935117728893978e+00,-1.867473599369078585e-01,-2.714049446836596768e+00,-1.562847520567571369e+00
-5.407021182580002971e+00,-3.386222027068284568e+00,-2.965128441802356019e+00,-2.683550336822926319e+00,-2.605351323868151603e+00,-2.648503624050690508e+00,-2.866935117728893978e+00,-9.821505954207386813e-01,-2.714049446836596768e+00,-1.562847520567571369e+00
-5.407021182580002971e+00,-3.386222027068284568e+00,-4.531817722340796273e+00,-2.683550336822926319e+00,-2.605351323868151603e+00,-2.648503624050690508e+00,-2.866935117728893978e+00,-9.821505954207386813e-01,-2.714049446836596768e+00,-1.562847520567571369e+00
-5.407021182580002971e+00,-3.386222027068284568e+00,-4.531817722340796273e+00,-2.683550336822926319e+00,-2.605351323868151603e+00,-2.648503624050690508e+00,-2.866935117728893978e+00,-9.821505954207386813e-01,-2.714049446836596768e+00,-2.082870233910420144e+00
-5.407021182580002971e+00,-3.386222027068284568e+00,-4.531817722340796273e+00,-2.683550336822926319e+00,-2.605351323868151603e+00,-2.648503624050690508e+00,-2.866935117728893978e+00,-9.821505954207386813e-01,-2.714049446836596768e+00,-2.082870233910420144e+00
-5.407021182580002971e+00,-3.386222027068284568e+00,-4.531817722340796273e+00,-2.683550336822926319e+00,-2.605351323868151603e+00,-2.648503624050690508e+00,-2.866935117728893978e+00,-9.821505954207386813e-01,-2.714049446836596768e+00,-2.082870233910420144e+00
-5.407021182580002971e+00,-3.386222027068284568e+00,-4.531817722340796273e+00,-2.683550336822926319e+00,-2.605351323868151603e+00,-2.648503624050690508e+00,-2.866935117728893978e+00,-9.821505954207386813e-01,-2.714049446836596768e+00,-2.082870233910420144e+00
-5.407021182580002971e+00,-3.386222027068284568e+00,-4.531817722340796273e+00,-2.683550336822926319e+00,-2.605351323868151603e+00,-2.648503624050690508e+00,-2.866935117728893978e+00,-9.821505954207386813e-01,-2.714049446836596768e+00,-2.082870233910420144e+00
-5.407021182580002971e+00,-3.386222027068284568e+00,-4.531817722340796273e+00,-2.683550336822926319e+00,-2.669764856627711236e+00,-2.648503624050690508e+00,-2.866935117728893978e+00,-9.821505954207386813e-01,-2.714049446836596768e+00,-2.082870233910420144e+00
-5.407021182580002971e+00,-3.386222027068284568e+00,-4.531817722340796273e+00,-2.683550336822926319e+00,-2.669764856627711236e+00,-2.648503624050690508e+00,-2.866935117728893978e+00,-9.821505954207386813e-01,-2.714049446836596768e+00,-2.082870233910420144e+00
-5.407021182580002971e+00,-3.386222027068284568e+00,-4.531817722340796273e+00,-2.683550336822926319e+00,-2.669764856627711236e+00,-2.648503624050690508e+00,-2.866935117728893978e+00,-9.821505954207386813e-01,-2.714049446836596768e+00,-2.082870233910420144e+00
-5.407021182580002971e+00,-3.386222027068284568e+00,-4.531817722340796273e+00,-2.683550336822926319e+00,-2.669764856627711236e+00,-2.648503624050690508e+00,-2.866935117728893978e+00,-9.821505954207386813e-01,-2.714049446836596768e+00,-2.082870233910420144e+00
-5.407021182580002971e+00,-3.386222027068284568e+00,-4.531817722340796273e+00,-2.683550336822926319e+00,-2.669764856627711236e+00,-2.648503624050690508e+00,-2.866935117728893978e+00,-9.821505954207386813e-01,-2.714049446836596768e+00,-2.082870233910420144e+00
-5.407021182580002971e+00,-3.386222027068284568e+00,-4.531817722340796273e+00,-2.683550336822926319e+00,-2.669764856627711236e+00,-2.648503624050690508e+00,-2.866935117728893978e+00,-9.821505954207386813e-01,-2.714049446836596768e+00,-2.082870233910420144e+00
-5.407021182580002971e+00,-3.386222027068284568e+00,-4.531817722340796273e+00,-2.683550336822926319e+00,-2.669764856627711236e+00,-2.648503624050690508e+00,-2.866935117728893978e+00,-9.821505954207386813e-01,-2.714049446836596768e+00,-2.082870233910420144e+00
-5.407021182580002971e+00,-3.386222027068284568e+00,-4.531817722340796273e+00,-2.683550336822926319e+00,-2.669764856627711236e+00,-2.648503624050690508e+00,-2.866935117728893978e+00,-9.821505954207386813e-01,-2.714049446836596768e+00,-2.082870233910420144e+00
-5.407021182580002971e+00,-3.386222027068284568e+00,-4.531817722340796273e+00,-2.683550336822926319e+00,-2.669764856627711236e+00,-2.648503624050690508e+00,-2.866935117728893978e+00,-9.821505954207386813e-01,-2.714049446836596768e+00,-2.082870233910420144e+00
-5.407021182580002971e+00,-3.386222027068284568e+00,-4.531817722340796273e+00,-2.683550336822926319e+00,-2.669764856627711236e+00,-2.648503624050690508e+00,-2.866935117728893978e+00,-9.821505954207386813e-01,-2.714049446836596768e+00,-2.082870233910420144e+00
-5.407021182580002971e+00,-3.386222027068284568e+00,-4.531817722340796273e+00,-2.683550336822926319e+00,-2.669764856627711236e+00,-2.648503624050690508e+00,-2.866935117728893978e+00,-9.821505954207386813e-01,-2.714049446836596768e+00,-2.082870233910420144e+00
-5.407021182580002971e+00,-3.386222027068284568e+00,-4.531817722340796273e+00,-2.683550336822926319e+00,-2.669764856627711236e+00,-2.648503624050690508e+00,-2.866935117728893978e+00,-9.821505954207386813e-01,-2.714049446836596768e+00,-2.082870233910420144e+00
-5.407021182580002971e+00,-3.386222027068284568e+00,-4.531817722340796273e+00,-2.683550336822926319e+00,-2.669764856627711236e+00,-2.648503624050690508e+00,-2.866935117728893978e+00,-9.821505954207386813e-01,-2.714049446836596768e+00,-2.082870233910420144e+00
-5.407021182580002971e+00,-3.386222027068284568e+00,-4.531817722340796273e+00,-2.683550336822926319e+00,-2.669764856627711236e+00,-2.648503624050690508e+00,-2.866935117728893978e+00,-9.821505954207386813e-01,-2.714049446836596768e+00,-2.082870233910420144e+00
-5.407021182580002971e+00,-3.386222027068284568e+00,-4.531817722340796273e+00,-2.683550336822926319e+00,-2.669764856627711236e+00,-2.648503624050690508e+00,-2.866935117728893978e+00,-9.821505954207386813e-01,-2.714049446836596768e+00,-2.082870233910420144e+00
-5.407021182580002971e+00,-3.386222027068284568e+00,-4.531817722340796273e+00,-2.683550336822926319e+00,-2.669764856627711236e+00,-2.648503624050690508e+00,-3.363783645053172844e+00,-9.821505954207386813e-01,-2.714049446836596768e+00,-2.082870233910420144e+00
-5.407021182580002971e+00,-3.386222027068284568e+00,-4.531817722340796273e+00,-2.683550336822926319e+00,-2.669764856627711236e+00,-2.648503624050690508e+00,-3.363783645053172844e+00,-9.821505954207386813e-01,-2.714049446836596768e+00,-2.082870233910420144e+00
-5.407021182580002971e+00,-3.386222027068284568e+00,-4.531817722340796273e+00,-2.683550336822926319e+00,-2.669764856627711236e+00,-2.648503624050690508e+00,-3.363783645053172844e+00,-9.821505954207386813e-01,-2.714049446836596768e+00,-2.082870233910420144e+00
-5.407021182580002971e+00,-3.386222027068284568e+00,-4.531817722340796273e+00,-2.683550336822926319e+00,-2.669764856627711236e+00,-2.648503624050690508e+00,-3.363783645053172844e+00,-9.821505954207386813e-01,-2.714049446836596768e+00,-2.082870233910420144e+00
-5.407021182580002971e+00,-3.386222027068284568e+00,-4.531817722340796273e+00,-2.683550336822926319e+00,-2.669764856627711236e+00,-2.648503624050690508e+00,-3.363783645053172844e+00,-9.821505954207386813e-01,-2.714049446836596768e+00,-2.082870233910420144e+00
-5.407021182580002971e+00,-3.386222027068284568e+00,-4.531817722340796273e+00,-2.683550336822926319e+00,-2.669764856627711236e+00,-2.648503624050690508e+00,-3.363783645053172844e+00,-9.821505954207386813e-01,-2.714049446836596768e+00,-2.082870233910420144e+00
-5.407021182580002971e+00,-3.386222027068284568e+00,-4.531817722340796273e+00,-2.683550336822926319e+00,-2.669764856627711236e+00,-2.648503624050690508e+00,-3.363783645053172844e+00,-9.821505954207386813e-01,-2.714049446836596768e+00,-2.082870233910420144e+00
-5.407021182580002971e+00,-3.386222027068284568e+00,-4.531817722340796273e+00,-2.683550336822926319e+00,-2.669764856627711236e+00,-2.648503624050690508e+00,-3.363783645053172844e+00,-9.821505954207386813e-01,-2.714049446836596768e+00,-2.082870233910420144e+00
-5.407021182580002971e+00,-3.386222027068284568e+00,-4.531817722340796273e+00,-2.683550336822926319e+00,-2.669764856627711236e+00,-3.053595721862888634e+00,-3.363783645053172844e+00,-9.821505954207386813e-01,-2.714049446836596768e+00,-2.082870233910420144e+00
-5.407021182580002971e+00,-3.386222027068284568e+00,-4.531817722340796273e+00,-2.683550336822926319e+00,-2.669764856627711236e+00,-3.053595721862888634e+00,-3.363783645053172844e+00,-9.821505954207386813e-01,-2.714049446836596768e+00,-2.082870233910420144e+00
-5.407021182580002971e+00,-3.386222027068284568e+00,-4.531817722340796273e+00,-2.683550336822926319e+00,-2.669764856627711236e+00,-3.611163254164381442e+00,-3.363783645053172844e+00,-9.821505954207386813e-01,-2.714049446836596768e+00,-2.082870233910420144e+00
-5.407021182580002971e+00,-3.386222027068284568e+00,-4.531817722340796273e+00,-2.683550336822926319e+00,-2.669764856627711236e+00,-3.611163254164381442e+00,-3.363783645053172844e+00,-9.821505954207386813e-01,-2.714049446836596768e+00,-2.082870233910420144e+00
-5.407021182580002971e+00,-3.386222027068284568e+00,-4.531817722340796273e+00,-2.683550336822926319e+00,-2.669764856627711236e+00,-3.611163254164381442e+00,-3.363783645053172844e+00,-9.821505954207386813e-01,-2.714049446836596768e+00,-2.082870233910420144e+00
-5.407021182580002971e+00,-3.386222027068284568e+00,-4.531817722340796273e+00,-2.683550336822926319e+00,-2.669764856627711236e+00,-3.611163254164381442e+00,-3.363783645053172844e+00,-9.821505954207386813e-01,-2.714049446836596768e+00,-2.082870233910420144e+00
-5.407021182580002971e+00,-3.386222027068284568e+00,-4.531817722340796273e+00,-2.683550336822926319e+00,-2.669764856627711236e+00,-3.611163254164381442e+00,-3.363783645053172844e+00,-9.821505954207386813e-01,-2.714049446836596768e+00,-2.082870233910420144e+00
-5.407021182580002971e+00,-3.386222027068284568e+00,-4.531817722340796273e+00,-2.683550336822926319e+00,-2.669764856627711236e+00,-3.611163254164381442e+00,-3.363783645053172844e+00,-9.821505954207386813e-01,-2.714049446836596768e+00,-2.082870233910420144e+00
-5.407021182580002971e+00,-3.386222027068284568e+00,-4.531817722340796273e+00,-2.683550336822926319e+00,-2.669764856627711236e+00,-3.611163254164381442e+00,-3.363783645053172844e+00,-9.821505954207386813e-01,-2.714049446836596768e+00,-2.082870233910420144e+00
-5.407021182580002971e+00,-3.386222027068284568e+00,-4.531817722340796273e+00,-2.683550336822926319e+00,-2.669764856627711236e+00,-3.611163254164381442e+00,-3.363783645053172844e+00,-9.821505954207386813e-01,-2.714049446836596768e+00,-2.082870233910420144e+00
-5.407021182580002971e+00,-3.386222027068284568e+00,-4.531817722340796273e+00,-2.683550336822926319e+00,-2.669764856627711236e+00,-3.658169859046298544e+00,-3.363783645053172844e+00,-9.821505954207386813e-01,-2.714049446836596768e+00,-2.082870233910420144e+00
-5.407021182580002971e+00,-3.386222027068284568e+00,-4.531817722340796273e+00,-2.683550336822926319e+00,-2.669764856627711236e+00,-3.658169859046298544e+00,-3.363783645053172844e+00,-9.821505954207386813e-01,-2.714049446836596768e+00,-2.082870233910420144e+00
-5.407021182580002971e+00,-3.386222027068284568e+00,-4.531817722340796273e+00,-2.683550336822926319e+00,-2.669764856627711236e+00,-3.658169859046298544e+00,-3.363783645053172844e+00,-9.821505954207386813e-01,-2.714049446836596768e+00,-2.082870233910420144e+00
-5.407021182580002971e+00,-3.386222027068284568e+00,-4.531817722340796273e+00,-2.683550336822926319e+00,-2.669764856627711236e+00,-3.658169859046298544e+00,-3.363783645053172844e+00,-9.821505954207386813e-01,-2.714049446836596768e+00,-2.082870233910420144e+00
-5.407021182580002971e+00,-3.386222027068284568e+00,-4.531817722340796273e+00,-2.683550336822926319e+00,-2.669764856627711236e+00,-3.658169859046298544e+00,-3.363783645053172844e+00,-9.821505954207386813e-01,-2.714049446836596768e+00,-2.082870233910420144e+00
-5.407021182580002971e+00,-3.386222027068284568e+00,-4.531817722340796273e+00,-2.683550336822926319e+00,-2.669764856627711236e+00,-3.658169859046298544e+00,-3.363783645053172844e+00,-9.821505954207386813e-01,-2.714049446836596768e+00,-2.082870233910420144e+00
-5.407021182580002971e+00,-3.386222027068284568e+00,-4.531817722340796273e+00,-2.683550336822926319e+00,-2.669764856627711236e+00,-3.658169859046298544e+00,-3.363783645053172844e+00,-9.821505954207386813e-01,-2.714049446836596768e+00,-2.082870233910420144e+00
-5.407021182580002971e+00,-3.386222027068284568e+00,-4.531817722340796273e+00,-2.683550336822926319e+00,-2.669764856627711236e+00,-3.658169859046298544e+00,-3.363783645053172844e+00,-9.821505954207386813e-01,-2.714049446836596768e+00,-2.082870233910420144e+00
-5.407021182580002971e+00,-3.386222027068284568e+00,-4.531817722340796273e+00,-2.683550336822926319e+00,-2.669764856627711236e+00,-3.658169859046298544e+00,-3.363783645053172844e+00,-9.821505954207386813e-01,-2.714049446836596768e+00,-2.082870233910420144e+00
-5.407021182580002971e+00,-3.386222027068284568e+00,-4.531817722340796273e+00,-2.683550336822926319e+00,-2.669764856627711236e+00,-3.658169859046298544e+00,-3.363783645053172844e+00,-9.821505954207386813e-01,-2.714049446836596768e+00,-2.082870233910420144e+00
-5.407021182580002971e+00,-3.386222027068284568e+00,-4.531817722340796273e+00,-2.683550336822926319e+00,-2.669764856627711236e+00,-3.658169859046298544e+00,-3.363783645053172844e+00,-9.821505954207386813e-01,-2.714049446836596768e+00,-2.346559135489165726e+00
-5.407021182580002971e+00,-3.386222027068284568e+00,-4.531817722340796273e+00,-2.683550336822926319e+00,-2.669764856627711236e+00,-3.658169859046298544e+00,-3.363783645053172844e+00,-9.821505954207386813e-01,-2.714049446836596768e+00,-2.346559135489165726e+00
-5.407021182580002971e+00,-3.386222027068284568e+00,-4.531817722340796273e+00,-2.683550336822926319e+00,-2.669764856627711236e+00,-3.658169859046298544e+00,-3.363783645053172844e+00,-9.821505954207386813e-01,-2.714049446836596768e+00,-2.346559135489165726e+00
-5.407021182580002971e+00,-3.386222027068284568e+00,-4.531817722340796273e+00,-2.683550336822926319e+00,-2.669764856627711236e+00,-3.658169859046298544e+00,-3.363783645053172844e+00,-9.821505954207386813e-01,-2.714049446836596768e+00,-2.346559135489165726e+00
-5.407021182580002971e+00,-3.386222027068284568e+00,-4.531817722340796273e+00,-2.683550336822926319e+00,-2.669764856627711236e+00,-3.658169859046298544e+00,-3.363783645053172844e+00,-9.821505954207386813e-01,-2.714049446836596768e+00,-2.346559135489165726e+00
-5.407021182580002971e+00,-3.386222027068284568e+00,-4.531817722340796273e+00,-2.683550336822926319e+00,-2.669764856627711236e+00,-3.658169859046298544e+00,-3.661687517385959989e+00,-9.821505954207386813e-01,-2.714049446836596768e+00,-2.346559135489165726e+00
-5.407021182580002971e+00,-3.386222027068284568e+00,-4.531817722340796273e+00,-2.683550336822926319e+00,-2.669764856627711236e+00,-3.658169859046298544e+00,-3.661687517385959989e+00,-9.821505954207386813e-01,-2.714049446836596768e+00,-2.346559135489165726e+00
-5.407021182580002971e+00,-3.386222027068284568e+00,-4.531817722340796273e+00,-2.683550336822926319e+00,-2.669764856627711236e+00,-3.658169859046298544e+00,-3.661687517385959989e+00,-9.821505954207386813e-01,-2.714049446836596768e+00,-2.346559135489165726e+00
