4.818081403755057265e-03,-4.923084195609401248e-01,-8.903677293779960200e-01,2.013168192698185699e+00,2.034832901304141295e+00,1.002363379104164620e+00,4.960813770402436318e-02,1.982854031150913965e+00,5.169414103105430591e+00,1.726152747572998747e-01
4.818081403755057265e-03,-4.923084195609401248e-01,-8.903677293779960200e-01,-1.310852467289778667e-01,1.572633383909534111e+00,2.355152928328869133e-01,-5.031204760582377172e-02,1.982854031150913965e+00,3.387414857279064773e+00,-3.584104043218495406e+00
4.818081403755057265e-03,-4.923084195609401248e-01,-8.903677293779960200e-01,-1.310852467289778667e-01,1.572633383909534111e+00,2.355152928328869133e-01,-5.031204760582377172e-02,1.982854031150913965e+00,3.387414857279064773e+00,-3.584104043218495406e+00
-9.514735537442580160e-01,-6.072714215960919315e-01,-8.903677293779960200e-01,-1.310852467289778667e-01,1.572633383909534111e+00,2.355152928328869133e-01,-5.031204760582377172e-02,1.314018054058808227e+00,3.387414857279064773e+00,-3.584104043218495406e+00
-9.514735537442580160e-01,-6.072714215960919315e-01,-8.903677293779960200e-01,-1.310852467289778667e-01,1.572633383909534111e+00,2.355152928328869133e-01,-5.031204760582377172e-02,8.617294977701970282e-01,2.348619627050961167e+00,-3.584104043218495406e+00
-9.514735537442580160e-01,-6.072714215960919315e-01,-8.903677293779960200e-01,-1.310852467289778667e-01,1.572633383909534111e+00,2.355152928328869133e-01,-5.031204760582377172e-02,8.102278341968420783e-01,2.348619627050961167e+00,-3.584104043218495406e+00
-9.514735537442580160e-01,-1.470085672788223663e+00,-8.903677293779960200e-01,-1.310852467289778667e-01,1.564214907016701073e+00,2.355152928328869133e-01,-3.971049927558036319e-01,8.102278341968420783e-01,2.348619627050961167e+00,-3.828569736976615179e+00
-9.514735537442580160e-01,-1.470085672788223663e+00,-8.903677293779960200e-01,-1.310852467289778667e-01,1.564214907016701073e+00,2.355152928328869133e-01,-3.971049927558036319e-01,8.102278341968420783e-01,2.178156394070406954e+00,-3.828569736976615179e+00
-9.514735537442580160e-01,-1.470085672788223663e+00,-8.903677293779960200e-01,-1.310852467289778667e-01,7.858978639137225164e-01,2.355152928328869133e-01,-3.971049927558036319e-01,8.102278341968420783e-01,2.042711080317147321e+00,-3.828569736976615179e+00
-9.514735537442580160e-01,-1.470085672788223663e+00,-8.903677293779960200e-01,-1.310852467289778667e-01,4.366633251305918062e-01,2.355152928328869133e-01,-3.971049927558036319e-01,8.102278341968420783e-01,2.042711080317147321e+00,-3.828569736976615179e+00
-9.514735537442580160e-01,-1.470085672788223663e+00,-1.432869350632083760e+00,-1.310852467289778667e-01,2.745431523346360606e-02,2.355152928328869133e-01,-3.971049927558036319e-01,-5.895993911389180164e-01,2.042711080317147321e+00,-3.828569736976615179e+00
-9.514735537442580160e-01,-1.470085672788223663e+00,-1.432869350632083760e+00,-1.310852467289778667e-01,2.745431523346360606e-02,2.355152928328869133e-01,-3.971049927558036319e-01,-1.034891776226886106e+00,2.042711080317147321e+00,-3.828569736976615179e+00
-9.514735537442580160e-01,-2.397577161828785552e+00,-1.432869350632083760e+00,-1.061468419760643656e+00,2.745431523346360606e-02,2.355152928328869133e-01,-3.971049927558036319e-01,-1.653252645107653906e+00,2.042711080317147321e+00,-3.828569736976615179e+00
-9.514735537442580160e-01,-2.397577161828785552e+00,-1.432869350632083760e+00,-1.061468419760643656e+00,2.745431523346360606e-02,2.355152928328869133e-01,-3.971049927558036319e-01,-1.653252645107653906e+00,2.042711080317147321e+00,-3.828569736976615179e+00
-9.514735537442580160e-01,-2.397577161828785552e+00,-1.432869350632083760e+00,-1.963607483694044031e+00,2.745431523346360606e-02,2.355152928328869133e-01,-3.971049927558036319e-01,-1.653252645107653906e+00,2.042711080317147321e+00,-3.828569736976615179e+00
-9.514735537442580160e-01,-2.397577161828785552e+00,-1.432869350632083760e+00,-1.963607483694044031e+00,2.745431523346360606e-02,2.355152928328869133e-01,-3.971049927558036319e-01,-1.653252645107653906e+00,-2.025759353957201636e-01,-3.828569736976615179e+00
-9.514735537442580160e-01,-2.397577161828785552e+00,-1.432869350632083760e+00,-2.107559763161310329e+00,2.745431523346360606e-02,2.355152928328869133e-01,-3.971049927558036319e-01,-1.653252645107653906e+00,-2.025759353957201636e-01,-3.828569736976615179e+00
-9.514735537442580160e-01,-2.397577161828785552e+00,-1.432869350632083760e+00,-2.107559763161310329e+00,2.745431523346360606e-02,-7.982387738539034605e-02,-3.971049927558036319e-01,-1.653252645107653906e+00,-2.025759353957201636e-01,-3.828569736976615179e+00
-9.514735537442580160e-01,-2.397577161828785552e+00,-1.432869350632083760e+00,-2.107559763161310329e+00,2.745431523346360606e-02,-2.033329362569525234e+00,-3.971049927558036319e-01,-1.653252645107653906e+00,-2.025759353957201636e-01,-3.828569736976615179e+00
-9.514735537442580160e-01,-2.397577161828785552e+00,-1.664963899929793323e+00,-2.107559763161310329e+00,2.745431523346360606e-02,-2.033329362569525234e+00,-3.971049927558036319e-01,-1.653252645107653906e+00,-2.025759353957201636e-01,-3.828569736976615179e+00
-9.514735537442580160e-01,-2.397577161828785552e+00,-1.664963899929793323e+00,-2.107559763161310329e+00,2.745431523346360606e-02,-2.033329362569525234e+00,-3.971049927558036319e-01,-1.653252645107653906e+00,-2.025759353957201636e-01,-3.828569736976615179e+00
-9.514735537442580160e-01,-2.397577161828785552e+00,-1.664963899929793323e+00,-2.107559763161310329e+00,2.745431523346360606e-02,-2.033329362569525234e+00,-3.971049927558036319e-01,-1.653252645107653906e+00,-2.025759353957201636e-01,-3.828569736976615179e+00
-9.514735537442580160e-01,-2.397577161828785552e+00,-1.664963899929793323e+00,-2.107559763161310329e+00,2.745431523346360606e-02,-2.033329362569525234e+00,-3.971049927558036319e-01,-1.653252645107653906e+00,-2.025759353957201636e-01,-4.117189534052942967e+00
-9.514735537442580160e-01,-2.397577161828785552e+00,-1.664963899929793323e+00,-2.107559763161310329e+00,2.745431523346360606e-02,-2.033329362569525234e+00,-3.971049927558036319e-01,-1.653252645107653906e+00,-2.025759353957201636e-01,-4.117189534052942967e+00
-9.514735537442580160e-01,-2.397577161828785552e+00,-1.664963899929793323e+00,-2.107559763161310329e+00,-3.598951026583875334e-01,-2.033329362569525234e+00,-3.971049927558036319e-01,-1.653252645107653906e+00,-2.025759353957201636e-01,-4.117189534052942967e+00
-9.514735537442580160e-01,-2.397577161828785552e+00,-1.664963899929793323e+00,-2.107559763161310329e+00,-3.598951026583875334e-01,-2.033329362569525234e+00,-3.971049927558036319e-01,-1.653252645107653906e+00,-3.973127163453544775e-01,-4.117189534052942967e+00
-9.514735537442580160e-01,-2.397577161828785552e+00,-1.664963899929793323e+00,-2.107559763161310329e+00,-7.405597120150826385e-01,-2.033329362569525234e+00,-1.268243918906640344e+00,-1.653252645107653906e+00,-3.973127163453544775e-01,-4.117189534052942967e+00
-9.514735537442580160e-01,-2.397577161828785552e+00,-1.664963899929793323e+00,-2.107559763161310329e+00,-7.405597120150826385e-01,-2.033329362569525234e+00,-1.268243918906640344e+00,-1.653252645107653906e+00,-3.973127163453544775e-01,-4.117189534052942967e+00
-9.514735537442580160e-01,-2.397577161828785552e+00,-1.664963899929793323e+00,-2.107559763161310329e+00,-7.405597120150826385e-01,-2.033329362569525234e+00,-1.268243918906640344e+00,-1.653252645107653906e+00,-3.973127163453544775e-01,-4.117189534052942967e+00
-9.514735537442580160e-01,-2.646576250919029150e+00,-1.664963899929793323e+00,-2.107559763161310329e+00,-7.405597120150826385e-01,-2.033329362569525234e+00,-1.268243918906640344e+00,-1.653252645107653906e+00,-3.973127163453544775e-01,-4.117189534052942967e+00
-9.514735537442580160e-01,-2.646576250919029150e+00,-1.664963899929793323e+00,-2.107559763161310329e+00,-7.405597120150826385e-01,-2.033329362569525234e+00,-1.268243918906640344e+00,-1.653252645107653906e+00,-3.973127163453544775e-01,-4.117189534052942967e+00
-9.514735537442580160e-01,-2.646576250919029150e+00,-1.664963899929793323e+00,-2.107559763161310329e+00,-7.405597120150826385e-01,-2.887690423291882968e+00,-1.268243918906640344e+00,-2.224537459610329115e+00,-3.973127163453544775e-01,-4.117189534052942967e+00
-9.514735537442580160e-01,-2.646576250919029150e+00,-2.136510035326054879e+00,-2.107559763161310329e+00,-7.405597120150826385e-01,-2.887690423291882968e+00,-1.268243918906640344e+00,-2.224537459610329115e+00,-3.973127163453544775e-01,-4.117189534052942967e+00
-9.514735537442580160e-01,-2.646576250919029150e+00,-2.136510035326054879e+00,-2.107559763161310329e+00,-7.405597120150826385e-01,-2.887690423291882968e+00,-1.268243918906640344e+00,-2.224537459610329115e+00,-3.973127163453544775e-01,-4.117189534052942967e+00
-9.514735537442580160e-01,-2.646576250919029150e+00,-2.136510035326054879e+00,-2.107559763161310329e+00,-7.405597120150826385e-01,-2.887690423291882968e+00,-1.268243918906640344e+00,-2.224537459610329115e+00,-3.973127163453544775e-01,-4.117189534052942967e+00
-9.514735537442580160e-01,-2.646576250919029150e+00,-2.136510035326054879e+00,-2.107559763161310329e+00,-7.405597120150826385e-01,-2.887690423291882968e+00,-1.268243918906640344e+00,-2.224537459610329115e+00,-3.973127163453544775e-01,-4.117189534052942967e+00
-9.514735537442580160e-01,-2.646576250919029150e+00,-2.136510035326054879e+00,-2.107559763161310329e+00,-7.405597120150826385e-01,-2.887690423291882968e+00,-1.268243918906640344e+00,-2.224537459610329115e+00,-3.973127163453544775e-01,-4.117189534052942967e+00
-9.514735537442580160e-01,-2.646576250919029150e+00,-2.136510035326054879e+00,-2.107559763161310329e+00,-7.405597120150826385e-01,-2.887690423291882968e+00,-1.268243918906640344e+00,-2.224537459610329115e+00,-3.973127163453544775e-01,-4.117189534052942967e+00
-9.514735537442580160e-01,-3.471043343122504066e+00,-2.136510035326054879e+00,-2.107559763161310329e+00,-7.405597120150826385e-01,-2.887690423291882968e+00,-1.268243918906640344e+00,-2.224537459610329115e+00,-3.973127163453544775e-01,-4.117189534052942967e+00
-9.514735537442580160e-01,-3.471043343122504066e+00,-2.533632426888890787e+00,-2.139718832870158405e+00,-7.405597120150826385e-01,-2.887690423291882968e+00,-1.268243918906640344e+00,-2.224537459610329115e+00,-3.973127163453544775e-01,-4.117189534052942967e+00
-9.514735537442580160e-01,-3.471043343122504066e+00,-2.533632426888890787e+00,-2.139718832870158405e+00,-7.405597120150826385e-01,-2.887690423291882968e+00,-1.268243918906640344e+00,-2.224537459610329115e+00,-3.973127163453544775e-01,-4.117189534052942967e+00
-9.514735537442580160e-01,-3.471043343122504066e+00,-2.533632426888890787e+00,-2.139718832870158405e+00,-7.405597120150826385e-01,-2.887690423291882968e+00,-1.268243918906640344e+00,-2.224537459610329115e+00,-3.973127163453544775e-01,-4.117189534052942967e+00
-9.514735537442580160e-01,-3.471043343122504066e+00,-2.533632426888890787e+00,-2.139718832870158405e+00,-7.405597120150826385e-01,-2.887690423291882968e+00,-1.268243918906640344e+00,-2.224537459610329115e+00,-3.973127163453544775e-01,-4.117189534052942967e+00
-9.514735537442580160e-01,-3.471043343122504066e+00,-2.533632426888890787e+00,-2.139718832870158405e+00,-7.405597120150826385e-01,-2.887690423291882968e+00,-1.268243918906640344e+00,-2.224537459610329115e+00,-3.973127163453544775e-01,-4.117189534052942967e+00
-9.514735537442580160e-01,-3.471043343122504066e+00,-2.533632426888890787e+00,-2.139718832870158405e+00,-7.405597120150826385e-01,-2.887690423291882968e+00,-1.268243918906640344e+00,-2.224537459610329115e+00,-3.973127163453544775e-01,-4.117189534052942967e+00
-9.514735537442580160e-01,-4.170296960130101205e+00,-2.533632426888890787e+00,-2.139718832870158405e+00,-7.405597120150826385e-01,-2.887690423291882968e+00,-1.268243918906640344e+00,-2.224537459610329115e+00,-3.973127163453544775e-01,-4.117189534052942967e+00
-9.514735537442580160e-01,-4.170296960130101205e+00,-2.533632426888890787e+00,-2.139718832870158405e+00,-7.405597120150826385e-01,-2.887690423291882968e+00,-1.268243918906640344e+00,-2.224537459610329115e+00,-3.973127163453544775e-01,-4.117189534052942967e+00
-9.514735537442580160e-01,-4.170296960130101205e+00,-2.533632426888890787e+00,-2.139718832870158405e+00,-7.405597120150826385e-01,-2.887690423291882968e+00,-1.268243918906640344e+00,-2.224537459610329115e+00,-3.973127163453544775e-01,-4.117189534052942967e+00
-9.514735537442580160e-01,-4.170296960130101205e+00,-2.533632426888890787e+00,-2.139718832870158405e+00,-7.405597120150826385e-01,-2.887690423291882968e+00,-1.268243918906640344e+00,-2.224537459610329115e+00,-3.973127163453544775e-01,-4.117189534052942967e+00
-9.514735537442580160e-01,-4.170296960130101205e+00,-2.533632426888890787e+00,-2.139718832870158405e+00,-7.405597120150826385e-01,-2.887690423291882968e+00,-1.268243918906640344e+00,-2.224537459610329115e+00,-3.973127163453544775e-01,-4.117189534052942967e+00
-9.514735537442580160e-01,-4.170296960130101205e+00,-2.533632426888890787e+00,-2.139718832870158405e+00,-7.405597120150826385e-01,-2.887690423291882968e+00,-1.268243918906640344e+00,-2.224537459610329115e+00,-3.973127163453544775e-01,-4.117189534052942967e+00
-9.514735537442580160e-01,-4.773365667307991167e+00,-2.533632426888890787e+00,-2.139718832870158405e+00,-7.405597120150826385e-01,-2.887690423291882968e+00,-1.268243918906640344e+00,-2.224537459610329115e+00,-3.973127163453544775e-01,-4.117189534052942967e+00
-9.514735537442580160e-01,-4.773365667307991167e+00,-2.533632426888890787e+00,-2.139718832870158405e+00,-7.405597120150826385e-01,-2.887690423291882968e+00,-1.268243918906640344e+00,-2.224537459610329115e+00,-3.973127163453544775e-01,-4.117189534052942967e+00
-9.514735537442580160e-01,-4.773365667307991167e+00,-2.533632426888890787e+00,-2.139718832870158405e+00,-7.405597120150826385e-01,-2.887690423291882968e+00,-1.268243918906640344e+00,-2.224537459610329115e+00,-3.973127163453544775e-01,-4.117189534052942967e+00
-9.514735537442580160e-01,-4.773365667307991167e+00,-2.533632426888890787e+00,-2.139718832870158405e+00,-7.405597120150826385e-01,-2.887690423291882968e+00,-1.268243918906640344e+00,-2.224537459610329115e+00,-3.973127163453544775e-01,-4.117189534052942967e+00
-9.514735537442580160e-01,-4.773365667307991167e+00,-2.533632426888890787e+00,-2.139718832870158405e+00,-7.405597120150826385e-01,-2.887690423291882968e+00,-1.268243918906640344e+00,-2.224537459610329115e+00,-3.973127163453544775e-01,-4.117189534052942967e+00
-9.514735537442580160e-01,-4.773365667307991167e+00,-2.533632426888890787e+00,-2.139718832870158405e+00,-7.405597120150826385e-01,-2.887690423291882968e+00,-1.268243918906640344e+00,-2.224537459610329115e+00,-3.973127163453544775e-01,-4.117189534052942967e+00
-9.514735537442580160e-01,-4.773365667307991167e+00,-2.533632426888890787e+00,-2.139718832870158405e+00,-7.405597120150826385e-01,-2.887690423291882968e+00,-1.268243918906640344e+00,-2.224537459610329115e+00,-3.973127163453544775e-01,-4.117189534052942967e+00
-9.514735537442580160e-01,-4.773365667307991167e+00,-2.533632426888890787e+00,-2.139718832870158405e+00,-7.405597120150826385e-01,-2.887690423291882968e+00,-1.268243918906640344e+00,-2.224537459610329115e+00,-3.973127163453544775e-01,-4.117189534052942967e+00
-9.514735537442580160e-01,-4.773365667307991167e+00,-2.863996055910769112e+00,-2.139718832870158405e+00,-7.405597120150826385e-01,-2.887690423291882968e+00,-1.268243918906640344e+00,-2.224537459610329115e+00,-3.973127163453544775e-01,-4.117189534052942967e+00
-9.514735537442580160e-01,-4.773365667307991167e+00,-2.863996055910769112e+00,-2.139718832870158405e+00,-7.405597120150826385e-01,-2.887690423291882968e+00,-1.268243918906640344e+00,-2.224537459610329115e+00,-3.973127163453544775e-01,-4.117189534052942967e+00
-9.514735537442580160e-01,-4.773365667307991167e+00,-2.863996055910769112e+00,-2.139718832870158405e+00,-7.405597120150826385e-01,-2.887690423291882968e+00,-1.268243918906640344e+00,-2.224537459610329115e+00,-3.973127163453544775e-01,-4.117189534052942967e+00
-9.514735537442580160e-01,-4.773365667307991167e+00,-2.863996055910769112e+00,-2.139718832870158405e+00,-7.405597120150826385e-01,-2.887690423291882968e+00,-1.268243918906640344e+00,-2.224537459610329115e+00,-3.973127163453544775e-01,-4.117189534052942967e+00
-9.514735537442580160e-01,-4.773365667307991167e+00,-2.863996055910769112e+00,-2.139718832870158405e+00,-7.405597120150826385e-01,-2.887690423291882968e+00,-1.268243918906640344e+00,-2.224537459610329115e+00,-3.973127163453544775e-01,-4.117189534052942967e+00
-9.514735537442580160e-01,-4.773365667307991167e+00,-2.863996055910769112e+00,-2.139718832870158405e+00,-7.405597120150826385e-01,-2.887690423291882968e+00,-1.268243918906640344e+00,-2.224537459610329115e+00,-3.973127163453544775e-01,-4.117189534052942967e+00
-9.514735537442580160e-01,-4.773365667307991167e+00,-2.863996055910769112e+00,-2.931882496982356034e+00,-7.405597120150826385e-01,-2.887690423291882968e+00,-1.268243918906640344e+00,-2.224537459610329115e+00,-3.973127163453544775e-01,-4.151210436859148700e+00
-9.514735537442580160e-01,-4.773365667307991167e+00,-3.798729324164026089e+00,-2.931882496982356034e+00,-7.405597120150826385e-01,-2.887690423291882968e+00,-1.520800318085772984e+00,-2.224537459610329115e+00,-3.973127163453544775e-01,-4.151210436859148700e+00
-9.514735537442580160e-01,-4.773365667307991167e+00,-3.798729324164026089e+00,-2.931882496982356034e+00,-7.405597120150826385e-01,-2.887690423291882968e+00,-1.520800318085772984e+00,-2.224537459610329115e+00,-3.973127163453544775e-01,-4.151210436859148700e+00
-9.514735537442580160e-01,-4.773365667307991167e+00,-3.798729324164026089e+00,-2.931882496982356034e+00,-7.405597120150826385e-01,-2.887690423291882968e+00,-1.520800318085772984e+00,-2.224537459610329115e+00,-3.973127163453544775e-01,-4.151210436859148700e+00
-9.514735537442580160e-01,-4.773365667307991167e+00,-3.798729324164026089e+00,-2.931882496982356034e+00,-7.405597120150826385e-01,-2.887690423291882968e+00,-1.520800318085772984e+00,-2.224537459610329115e+00,-3.973127163453544775e-01,-4.151210436859148700e+00
-9.514735537442580160e-01,-4.773365667307991167e+00,-3.798729324164026089e+00,-2.931882496982356034e+00,-7.405597120150826385e-01,-2.887690423291882968e+00,-1.520800318085772984e+00,-2.224537459610329115e+00,-3.973127163453544775e-01,-4.151210436859148700e+00
-9.514735537442580160e-01,-4.773365667307991167e+00,-3.798729324164026089e+00,-2.931882496982356034e+00,-7.405597120150826385e-01,-3.165715356618276743e+00,-1.543722929322113302e+00,-2.224537459610329115e+00,-3.973127163453544775e-01,-4.151210436859148700e+00
-9.514735537442580160e-01,-4.773365667307991167e+00,-3.798729324164026089e+00,-2.931882496982356034e+00,-7.405597120150826385e-01,-3.165715356618276743e+00,-1.797680592444279135e+00,-2.224537459610329115e+00,-1.217884072176287802e+00,-4.151210436859148700e+00
-9.514735537442580160e-01,-4.773365667307991167e+00,-3.798729324164026089e+00,-2.931882496982356034e+00,-7.405597120150826385e-01,-3.165715356618276743e+00,-1.797680592444279135e+00,-2.224537459610329115e+00,-1.217884072176287802e+00,-4.151210436859148700e+00
-9.514735537442580160e-01,-4.773365667307991167e+00,-3.798729324164026089e+00,-2.931882496982356034e+00,-7.405597120150826385e-01,-3.165715356618276743e+00,-1.797680592444279135e+00,-2.224537459610329115e+00,-1.594081936872112193e+00,-4.151210436859148700e+00
-9.514735537442580160e-01,-4.773365667307991167e+00,-3.798729324164026089e+00,-2.931882496982356034e+00,-1.157495217287984213e+00,-3.165715356618276743e+00,-1.912331075746398268e+00,-2.224537459610329115e+00,-1.594081936872112193e+00,-4.151210436859148700e+00
-9.514735537442580160e-01,-4.773365667307991167e+00,-3.798729324164026089e+00,-2.931882496982356034e+00,-1.157495217287984213e+00,-3.165715356618276743e+00,-1.912331075746398268e+00,-2.224537459610329115e+00,-1.893099450939593309e+00,-4.151210436859148700e+00
-9.514735537442580160e-01,-4.773365667307991167e+00,-3.798729324164026089e+00,-2.931882496982356034e+00,-1.157495217287984213e+00,-3.165715356618276743e+00,-1.912331075746398268e+00,-2.224537459610329115e+00,-1.893099450939593309e+00,-4.151210436859148700e+00
-9.514735537442580160e-01,-4.773365667307991167e+00,-3.798729324164026089e+00,-2.931882496982356034e+00,-1.157495217287984213e+00,-3.165715356618276743e+00,-1.912331075746398268e+00,-2.224537459610329115e+00,-1.893099450939593309e+00,-4.151210436859148700e+00
-9.514735537442580160e-01,-4.773365667307991167e+00,-3.798729324164026089e+00,-2.931882496982356034e+00,-1.161273026118366580e+00,-3.165715356618276743e+00,-1.912331075746398268e+00,-2.224537459610329115e+00,-1.893099450939593309e+00,-4.151210436859148700e+00
-9.514735537442580160e-01,-4.773365667307991167e+00,-3.798729324164026089e+00,-2.931882496982356034e+00,-1.161273026118366580e+00,-3.165715356618276743e+00,-2.223690048957950527e+00,-2.224537459610329115e+00,-1.893099450939593309e+00,-5.672508707635002700e+00
-9.514735537442580160e-01,-4.773365667307991167e+00,-3.798729324164026089e+00,-2.931882496982356034e+00,-1.161273026118366580e+00,-3.165715356618276743e+00,-2.223690048957950527e+00,-2.224537459610329115e+00,-1.893099450939593309e+00,-5.672508707635002700e+00
-9.514735537442580160e-01,-4.773365667307991167e+00,-3.798729324164026089e+00,-2.931882496982356034e+00,-1.161273026118366580e+00,-3.165715356618276743e+00,-2.223690048957950527e+00,-2.224537459610329115e+00,-1.893099450939593309e+00,-5.672508707635002700e+00
-9.514735537442580160e-01,-4.773365667307991167e+00,-3.798729324164026089e+00,-2.931882496982356034e+00,-1.161273026118366580e+00,-3.165715356618276743e+00,-2.223690048957950527e+00,-2.224537459610329115e+00,-1.893099450939593309e+00,-5.672508707635002700e+00
-9.514735537442580160e-01,-4.773365667307991167e+00,-3.798729324164026089e+00,-2.931882496982356034e+00,-1.161273026118366580e+00,-3.165715356618276743e+00,-2.223690048957950527e+00,-2.224537459610329115e+00,-1.893099450939593309e+00,-5.672508707635002700e+00
-9.514735537442580160e-01,-4.773365667307991167e+00,-3.798729324164026089e+00,-2.931882496982356034e+00,-1.161273026118366580e+00,-3.165715356618276743e+00,-2.223690048957950527e+00,-2.224537459610329115e+00,-1.893099450939593309e+00,-5.672508707635002700e+00
-9.514735537442580160e-01,-4.773365667307991167e+00,-3.798729324164026089e+00,-2.931882496982356034e+00,-1.161273026118366580e+00,-3.165715356618276743e+00,-2.223690048957950527e+00,-2.224537459610329115e+00,-1.893099450939593309e+00,-5.672508707635002700e+00
-9.514735537442580160e-01,-4.773365667307991167e+00,-3.798729324164026089e+00,-2.931882496982356034e+00,-1.161273026118366580e+00,-3.165715356618276743e+00,-2.223690048957950527e+00,-2.224537459610329115e+00,-1.893099450939593309e+00,-5.672508707635002700e+00
-9.514735537442580160e-01,-4.773365667307991167e+00,-3.798729324164026089e+00,-2.931882496982356034e+00,-1.161273026118366580e+00,-3.165715356618276743e+00,-2.223690048957950527e+00,-2.224537459610329115e+00,-1.893099450939593309e+00,-5.672508707635002700e+00
-9.514735537442580160e-01,-4.773365667307991167e+00,-3.798729324164026089e+00,-2.931882496982356034e+00,-1.161273026118366580e+00,-3.165715356618276743e+00,-2.223690048957950527e+00,-2.224537459610329115e+00,-1.893099450939593309e+00,-5.672508707635002700e+00
-9.514735537442580160e-01,-4.773365667307991167e+00,-3.798729324164026089e+00,-2.931882496982356034e+00,-1.161273026118366580e+00,-3.165715356618276743e+00,-2.456607367649085827e+00,-2.224537459610329115e+00,-1.893099450939593309e+00,-5.672508707635002700e+00
-9.514735537442580160e-01,-4.773365667307991167e+00,-3.798729324164026089e+00,-2.931882496982356034e+00,-1.161273026118366580e+00,-3.165715356618276743e+00,-2.456607367649085827e+00,-2.224537459610329115e+00,-1.893099450939593309e+00,-5.672508707635002700e+00
-9.514735537442580160e-01,-4.773365667307991167e+00,-3.798729324164026089e+00,-2.931882496982356034e+00,-1.161273026118366580e+00,-3.165715356618276743e+00,-2.456607367649085827e+00,-2.224537459610329115e+00,-1.893099450939593309e+00,-5.672508707635002700e+00
-9.514735537442580160e-01,-4.773365667307991167e+00,-3.798729324164026089e+00,-2.931882496982356034e+00,-1.161273026118366580e+00,-3.165715356618276743e+00,-2.456607367649085827e+00,-2.224537459610329115e+00,-1.893099450939593309e+00,-5.672508707635002700e+00
-9.514735537442580160e-01,-4.773365667307991167e+00,-3.798729324164026089e+00,-2.931882496982356034e+00,-1.161273026118366580e+00,-3.165715356618276743e+00,-2.456607367649085827e+00,-2.224537459610329115e+00,-1.893099450939593309e+00,-5.672508707635002700e+00
-9.514735537442580160e-01,-4.773365667307991167e+00,-3.798729324164026089e+00,-2.931882496982356034e+00,-1.161273026118366580e+00,-3.165715356618276743e+00,-2.456607367649085827e+00,-2.224537459610329115e+00,-1.893099450939593309e+00,-5.672508707635002700e+00
-9.514735537442580160e-01,-4.773365667307991167e+00,-3.798729324164026089e+00,-2.931882496982356034e+00,-1.161273026118366580e+00,-3.165715356618276743e+00,-2.456607367649085827e+00,-2.224537459610329115e+00,-1.893099450939593309e+00,-5.672508707635002700e+00
-9.514735537442580160e-01,-4.773365667307991167e+00,-3.798729324164026089e+00,-2.931882496982356034e+00,-1.189825127123889548e+00,-3.165715356618276743e+00,-2.456607367649085827e+00,-2.224537459610329115e+00,-1.893099450939593309e+00,-5.672508707635002700e+00
-9.514735537442580160e-01,-4.773365667307991167e+00,-3.798729324164026089e+00,-2.931882496982356034e+00,-1.189825127123889548e+00,-3.165715356618276743e+00,-2.456607367649085827e+00,-2.224537459610329115e+00,-1.893099450939593309e+00,-5.672508707635002700e+00
-9.514735537442580160e-01,-4.773365667307991167e+00,-3.798729324164026089e+00,-2.931882496982356034e+00,-1.189825127123889548e+00,-3.165715356618276743e+00,-2.456607367649085827e+00,-2.224537459610329115e+00,-1.893099450939593309e+00,-5.672508707635002700e+00
-9.514735537442580160e-01,-4.773365667307991167e+00,-3.798729324164026089e+00,-2.931882496982356034e+00,-1.189825127123889548e+00,-3.165715356618276743e+00,-2.456607367649085827e+00,-2.224537459610329115e+00,-1.893099450939593309e+00,-5.672508707635002700e+00
-9.514735537442580160e-01,-4.773365667307991167e+00,-3.798729324164026089e+00,-2.931882496982356034e+00,-1.189825127123889548e+00,-3.165715356618276743e+00,-2.456607367649085827e+00,-2.224537459610329115e+00,-1.893099450939593309e+00,-5.672508707635002700e+00
-9.514735537442580160e-01,-4.773365667307991167e+00,-3.798729324164026089e+00,-2.931882496982356034e+00,-1.189825127123889548e+00,-3.165715356618276743e+00,-2.456607367649085827e+00,-2.224537459610329115e+00,-1.893099450939593309e+00,-5.672508707635002700e+00
-9.514735537442580160e-01,-4.773365667307991167e+00,-3.798729324164026089e+00,-2.931882496982356034e+00,-1.189825127123889548e+00,-3.165715356618276743e+00,-2.456607367649085827e+00,-2.224537459610329115e+00,-1.893099450939593309e+00,-5.672508707635002700e+00
-9.514735537442580160e-01,-4.773365667307991167e+00,-3.798729324164026089e+00,-2.931882496982356034e+00,-1.189825127123889548e+00,-3.165715356618276743e+00,-2.456607367649085827e+00,-2.224537459610329115e+00,-1.893099450939593309e+00,-5.672508707635002700e+00
-9.514735537442580160e-01,-4.773365667307991167e+00,-3.798729324164026089e+00,-2.931882496982356034e+00,-1.244624092379073677e+00,-3.165715356618276743e+00,-2.456607367649085827e+00,-2.224537459610329115e+00,-1.893099450939593309e+00,-5.672508707635002700e+00
-9.514735537442580160e-01,-4.773365667307991167e+00,-3.798729324164026089e+00,-2.931882496982356034e+00,-1.244624092379073677e+00,-3.165715356618276743e+00,-2.456607367649085827e+00,-2.224537459610329115e+00,-1.893099450939593309e+00,-5.672508707635002700e+00
-9.514735537442580160e-01,-4.773365667307991167e+00,-3.798729324164026089e+00,-2.931882496982356034e+00,-1.244624092379073677e+00,-3.165715356618276743e+00,-2.456607367649085827e+00,-2.224537459610329115e+00,-1.893099450939593309e+00,-5.672508707635002700e+00
-9.514735537442580160e-01,-4.773365667307991167e+00,-3.798729324164026089e+00,-2.931882496982356034e+00,-1.244624092379073677e+00,-3.165715356618276743e+00,-2.456607367649085827e+00,-2.224537459610329115e+00,-1.893099450939593309e+00,-5.672508707635002700e+00
-9.514735537442580160e-01,-4.773365667307991167e+00,-3.798729324164026089e+00,-2.931882496982356034e+00,-1.244624092379073677e+00,-3.165715356618276743e+00,-2.456607367649085827e+00,-2.224537459610329115e+00,-1.893099450939593309e+00,-5.672508707635002700e+00
-9.514735537442580160e-01,-4.773365667307991167e+00,-3.798729324164026089e+00,-2.931882496982356034e+00,-1.244624092379073677e+00,-3.165715356618276743e+00,-2.456607367649085827e+00,-2.224537459610329115e+00,-1.893099450939593309e+00,-5.672508707635002700e+00
-9.514735537442580160e-01,-4.773365667307991167e+00,-3.798729324164026089e+00,-2.931882496982356034e+00,-1.244624092379073677e+00,-3.165715356618276743e+00,-2.456607367649085827e+00,-2.224537459610329115e+00,-1.893099450939593309e+00,-5.672508707635002700e+00
-9.514735537442580160e-01,-4.773365667307991167e+00,-3.798729324164026089e+00,-2.931882496982356034e+00,-1.244624092379073677e+00,-3.165715356618276743e+00,-2.456607367649085827e+00,-2.224537459610329115e+00,-1.893099450939593309e+00,-5.672508707635002700e+00
-9.514735537442580160e-01,-4.773365667307991167e+00,-3.798729324164026089e+00,-2.931882496982356034e+00,-1.244624092379073677e+00,-3.165715356618276743e+00,-2.561957444441001375e+00,-2.224537459610329115e+00,-1.893099450939593309e+00,-5.672508707635002700e+00
-9.514735537442580160e-01,-4.773365667307991167e+00,-3.798729324164026089e+00,-2.931882496982356034e+00,-1.244624092379073677e+00,-3.165715356618276743e+00,-2.561957444441001375e+00,-2.224537459610329115e+00,-1.893099450939593309e+00,-5.672508707635002700e+00
-9.514735537442580160e-01,-4.773365667307991167e+00,-3.798729324164026089e+00,-2.931882496982356034e+00,-1.244624092379073677e+00,-3.165715356618276743e+00,-2.561957444441001375e+00,-2.224537459610329115e+00,-1.893099450939593309e+00,-5.672508707635002700e+00
-9.514735537442580160e-01,-4.773365667307991167e+00,-3.798729324164026089e+00,-2.931882496982356034e+00,-1.244624092379073677e+00,-3.165715356618276743e+00,-2.561957444441001375e+00,-2.224537459610329115e+00,-1.893099450939593309e+00,-5.672508707635002700e+00
-9.514735537442580160e-01,-4.773365667307991167e+00,-3.798729324164026089e+00,-2.931882496982356034e+00,-1.244624092379073677e+00,-3.165715356618276743e+00,-2.561957444441001375e+00,-2.224537459610329115e+00,-1.893099450939593309e+00,-5.672508707635002700e+00
-9.514735537442580160e-01,-4.773365667307991167e+00,-3.798729324164026089e+00,-2.931882496982356034e+00,-1.244624092379073677e+00,-3.165715356618276743e+00,-2.561957444441001375e+00,-2.224537459610329115e+00,-1.893099450939593309e+00,-5.672508707635002700e+00
-9.514735537442580160e-01,-4.773365667307991167e+00,-3.798729324164026089e+00,-2.931882496982356034e+00,-1.244624092379073677e+00,-3.264523088769962555e+00,-2.561957444441001375e+00,-2.224537459610329115e+00,-1.893099450939593309e+00,-5.672508707635002700e+00
-9.514735537442580160e-01,-4.773365667307991167e+00,-3.798729324164026089e+00,-2.931882496982356034e+00,-1.244624092379073677e+00,-3.264523088769962555e+00,-2.684734627891104175e+00,-2.224537459610329115e+00,-1.893099450939593309e+00,-5.672508707635002700e+00
-9.514735537442580160e-01,-4.773365667307991167e+00,-3.798729324164026089e+00,-2.931882496982356034e+00,-1.244624092379073677e+00,-3.264523088769962555e+00,-2.684734627891104175e+00,-2.224537459610329115e+00,-1.893099450939593309e+00,-5.672508707635002700e+00
-9.514735537442580160e-01,-4.773365667307991167e+00,-3.798729324164026089e+00,-2.931882496982356034e+00,-1.244624092379073677e+00,-3.264523088769962555e+00,-2.684734627891104175e+00,-2.224537459610329115e+00,-1.893099450939593309e+00,-5.672508707635002700e+00
-9.514735537442580160e-01,-4.773365667307991167e+00,-3.798729324164026089e+00,-2.931882496982356034e+00,-1.244624092379073677e+00,-3.264523088769962555e+00,-2.684734627891104175e+00,-2.475670591248305019e+00,-1.893099450939593309e+00,-5.672508707635002700e+00
-9.514735537442580160e-01,-4.773365667307991167e+00,-3.798729324164026089e+00,-2.931882496982356034e+00,-1.244624092379073677e+00,-3.264523088769962555e+00,-2.684734627891104175e+00,-2.475670591248305019e+00,-1.893099450939593309e+00,-5.672508707635002700e+00
-9.514735537442580160e-01,-4.773365667307991167e+00,-3.798729324164026089e+00,-2.931882496982356034e+00,-1.244624092379073677e+00,-3.264523088769962555e+00,-2.684734627891104175e+00,-2.475670591248305019e+00,-1.893099450939593309e+00,-5.672508707635002700e+00
-9.514735537442580160e-01,-4.773365667307991167e+00,-3.798729324164026089e+00,-2.931882496982356034e+00,-1.244624092379073677e+00,-3.264523088769962555e+00,-2.684734627891104175e+00,-2.475670591248305019e+00,-1.893099450939593309e+00,-5.672508707635002700e+00
-9.514735537442580160e-01,-4.773365667307991167e+00,-3.798729324164026089e+00,-2.931882496982356034e+00,-1.244624092379073677e+00,-3.264523088769962555e+00,-2.684734627891104175e+00,-2.475670591248305019e+00,-1.893099450939593309e+00,-5.672508707635002700e+00
-9.514735537442580160e-01,-4.773365667307991167e+00,-3.798729324164026089e+00,-2.931882496982356034e+00,-1.244624092379073677e+00,-3.264523088769962555e+00,-2.684734627891104175e+00,-2.475670591248305019e+00,-1.893099450939593309e+00,-5.672508707635002700e+00
-9.514735537442580160e-01,-4.773365667307991167e+00,-3.798729324164026089e+00,-2.931882496982356034e+00,-1.244624092379073677e+00,-3.264523088769962555e+00,-2.684734627891104175e+00,-2.475670591248305019e+00,-1.893099450939593309e+00,-5.672508707635002700e+00
-9.514735537442580160e-01,-4.773365667307991167e+00,-3.798729324164026089e+00,-2.931882496982356034e+00,-1.244624092379073677e+00,-3.264523088769962555e+00,-2.684734627891104175e+00,-2.475670591248305019e+00,-1.893099450939593309e+00,-5.672508707635002700e+00
-9.514735537442580160e-01,-4.773365667307991167e+00,-3.798729324164026089e+00,-2.931882496982356034e+00,-1.244624092379073677e+00,-3.264523088769962555e+00,-2.918472234664120535e+00,-2.475670591248305019e+00,-1.893099450939593309e+00,-5.672508707635002700e+00
-9.514735537442580160e-01,-4.773365667307991167e+00,-3.798729324164026089e+00,-2.931882496982356034e+00,-1.244624092379073677e+00,-3.264523088769962555e+00,-3.753843817720904141e+00,-2.475670591248305019e+00,-1.893099450939593309e+00,-5.672508707635002700e+00
-9.514735537442580160e-01,-4.773365667307991167e+00,-3.798729324164026089e+00,-2.931882496982356034e+00,-1.244624092379073677e+00,-3.264523088769962555e+00,-3.753843817720904141e+00,-2.475670591248305019e+00,-1.893099450939593309e+00,-5.672508707635002700e+00
-9.514735537442580160e-01,-4.773365667307991167e+00,-3.798729324164026089e+00,-2.931882496982356034e+00,-1.244624092379073677e+00,-3.264523088769962555e+00,-3.753843817720904141e+00,-2.475670591248305019e+00,-1.893099450939593309e+00,-5.672508707635002700e+00
-9.514735537442580160e-01,-4.773365667307991167e+00,-3.798729324164026089e+00,-2.931882496982356034e+00,-1.244624092379073677e+00,-3.264523088769962555e+00,-3.753843817720904141e+00,-2.475670591248305019e+00,-1.893099450939593309e+00,-5.672508707635002700e+00
-9.514735537442580160e-01,-4.773365667307991167e+00,-3.798729324164026089e+00,-2.931882496982356034e+00,-1.244624092379073677e+00,-3.264523088769962555e+00,-3.753843817720904141e+00,-2.475670591248305019e+00,-1.893099450939593309e+00,-5.672508707635002700e+00
-9.514735537442580160e-01,-4.773365667307991167e+00,-3.798729324164026089e+00,-2.931882496982356034e+00,-1.244624092379073677e+00,-3.264523088769962555e+00,-3.753843817720904141e+00,-2.475670591248305019e+00,-1.893099450939593309e+00,-5.672508707635002700e+00
-9.514735537442580160e-01,-4.773365667307991167e+00,-3.798729324164026089e+00,-2.931882496982356034e+00,-1.244624092379073677e+00,-3.264523088769962555e+00,-3.753843817720904141e+00,-2.475670591248305019e+00,-1.893099450939593309e+00,-5.672508707635002700e+00
-9.514735537442580160e-01,-4.773365667307991167e+00,-3.798729324164026089e+00,-2.931882496982356034e+00,-1.244624092379073677e+00,-3.264523088769962555e+00,-3.753843817720904141e+00,-2.475670591248305019e+00,-1.893099450939593309e+00,-5.672508707635002700e+00
-9.514735537442580160e-01,-4.773365667307991167e+00,-3.798729324164026089e+00,-2.931882496982356034e+00,-1.244624092379073677e+00,-3.264523088769962555e+00,-3.753843817720904141e+00,-2.475670591248305019e+00,-1.893099450939593309e+00,-5.672508707635002700e+00
-9.514735537442580160e-01,-4.773365667307991167e+00,-3.798729324164026089e+00,-2.931882496982356034e+00,-1.964840302934559579e+00,-3.264523088769962555e+00,-3.753843817720904141e+00,-2.475670591248305019e+00,-1.893099450939593309e+00,-5.672508707635002700e+00
-9.514735537442580160e-01,-4.773365667307991167e+00,-3.798729324164026089e+00,-2.931882496982356034e+00,-1.964840302934559579e+00,-3.433602568373892439e+00,-3.753843817720904141e+00,-2.475670591248305019e+00,-2.399707798530915870e+00,-5.672508707635002700e+00
-9.514735537442580160e-01,-4.773365667307991167e+00,-3.798729324164026089e+00,-2.931882496982356034e+00,-1.964840302934559579e+00,-3.433602568373892439e+00,-3.753843817720904141e+00,-2.475670591248305019e+00,-2.399707798530915870e+00,-5.672508707635002700e+00
-9.514735537442580160e-01,-4.773365667307991167e+00,-3.798729324164026089e+00,-2.931882496982356034e+00,-1.964840302934559579e+00,-3.433602568373892439e+00,-3.753843817720904141e+00,-2.475670591248305019e+00,-2.399707798530915870e+00,-5.672508707635002700e+00
-9.514735537442580160e-01,-4.773365667307991167e+00,-3.798729324164026089e+00,-2.931882496982356034e+00,-1.964840302934559579e+00,-3.433602568373892439e+00,-3.753843817720904141e+00,-2.475670591248305019e+00,-2.399707798530915870e+00,-5.672508707635002700e+00
-9.514735537442580160e-01,-4.773365667307991167e+00,-3.798729324164026089e+00,-2.931882496982356034e+00,-1.964840302934559579e+00,-3.433602568373892439e+00,-3.753843817720904141e+00,-2.475670591248305019e+00,-2.399707798530915870e+00,-5.672508707635002700e+00
-9.514735537442580160e-01,-4.773365667307991167e+00,-3.798729324164026089e+00,-2.931882496982356034e+00,-1.964840302934559579e+00,-3.433602568373892439e+00,-3.753843817720904141e+00,-2.475670591248305019e+00,-2.399707798530915870e+00,-5.672508707635002700e+00
-9.514735537442580160e-01,-4.773365667307991167e+00,-3.798729324164026089e+00,-2.931882496982356034e+00,-1.964840302934559579e+00,-3.433602568373892439e+00,-3.753843817720904141e+00,-2.475670591248305019e+00,-2.399707798530915870e+00,-5.672508707635002700e+00
-9.514735537442580160e-01,-4.773365667307991167e+00,-3.798729324164026089e+00,-2.931882496982356034e+00,-1.964840302934559579e+00,-3.433602568373892439e+00,-3.753843817720904141e+00,-2.475670591248305019e+00,-2.399707798530915870e+00,-5.672508707635002700e+00
-9.514735537442580160e-01,-4.773365667307991167e+00,-3.798729324164026089e+00,-2.931882496982356034e+00,-1.964840302934559579e+00,-3.433602568373892439e+00,-3.753843817720904141e+00,-2.475670591248305019e+00,-2.399707798530915870e+00,-5.672508707635002700e+00
