1.552149546592295426e+00,1.161921655112715390e+00,6.098138187775292707e-01,1.038423299812693212e+00,1.145022472287237525e+00,1.798789435340194309e+00,4.700774127618316811e+00,8.595101792631876236e-01,2.664516413044785814e+00,-1.659054174668003201e+00
1.340151301222021196e+00,-1.159753390698469833e+00,5.279411561248967821e-01,7.115588391518350431e-01,5.890754224213214929e-01,1.798789435340194309e+00,3.950659469229828247e+00,1.952687422659322158e-01,8.815931037787243518e-01,-1.659054174668003201e+00
8.886568259588037977e-01,-1.159753390698469833e+00,4.039878409366750578e-01,7.115588391518350431e-01,9.170368263626364758e-02,1.798789435340194309e+00,3.950659469229828247e+00,-1.046773787972720138e+00,8.815931037787243518e-01,-2.205394770935301896e+00
-2.140051019629170548e-01,-1.159753390698469833e+00,4.039878409366750578e-01,1.490466974434537760e-02,9.170368263626364758e-02,1.798789435340194309e+00,3.950659469229828247e+00,-1.046773787972720138e+00,8.815931037787243518e-01,-2.205394770935301896e+00
-1.146571764063565979e+00,-1.159753390698469833e+00,4.039878409366750578e-01,-2.024273658398682840e-01,9.170368263626364758e-02,1.798789435340194309e+00,3.950659469229828247e+00,-1.046773787972720138e+00,8.815931037787243518e-01,-2.205394770935301896e+00
-1.146571764063565979e+00,-1.159753390698469833e+00,4.039878409366750578e-01,-2.024273658398682840e-01,9.170368263626364758e-02,1.335827289231587445e+00,2.168909361679715264e+00,-1.046773787972720138e+00,8.815931037787243518e-01,-2.205394770935301896e+00
-1.146571764063565979e+00,-1.159753390698469833e+00,4.039878409366750578e-01,-9.546341296110993913e-01,9.170368263626364758e-02,4.699215752307910887e-01,1.735793210480422566e+00,-1.046773787972720138e+00,8.815931037787243518e-01,-2.543065023664691893e+00
-1.146571764063565979e+00,-1.159753390698469833e+00,4.039878409366750578e-01,-9.546341296110993913e-01,-6.015462181999324809e-01,-4.103082264756250930e-01,8.124641667912631260e-02,-1.046773787972720138e+00,8.815931037787243518e-01,-2.543065023664691893e+00
-1.146571764063565979e+00,-1.159753390698469833e+00,-2.726112590841417438e-01,-1.709733034110118455e+00,-6.288727736520016709e-01,-4.103082264756250930e-01,-2.741960284477564791e-01,-1.046773787972720138e+00,8.815931037787243518e-01,-2.543065023664691893e+00
-1.146571764063565979e+00,-1.159753390698469833e+00,-2.726112590841417438e-01,-2.404460600602173592e+00,-6.288727736520016709e-01,-4.103082264756250930e-01,-1.952510792582775823e+00,-1.046773787972720138e+00,8.815931037787243518e-01,-2.543065023664691893e+00
-1.146571764063565979e+00,-1.159753390698469833e+00,-2.726112590841417438e-01,-2.404460600602173592e+00,-6.288727736520016709e-01,-4.103082264756250930e-01,-1.952510792582775823e+00,-1.046773787972720138e+00,8.815931037787243518e-01,-2.543065023664691893e+00
-1.146571764063565979e+00,-1.159753390698469833e+00,-2.726112590841417438e-01,-2.404460600602173592e+00,-6.288727736520016709e-01,-4.103082264756250930e-01,-1.952510792582775823e+00,-1.046773787972720138e+00,8.815931037787243518e-01,-2.543065023664691893e+00
-1.146571764063565979e+00,-1.159753390698469833e+00,-2.726112590841417438e-01,-2.404460600602173592e+00,-6.288727736520016709e-01,-4.103082264756250930e-01,-1.952510792582775823e+00,-1.046773787972720138e+00,8.815931037787243518e-01,-2.543065023664691893e+00
-1.146571764063565979e+00,-1.159753390698469833e+00,-2.726112590841417438e-01,-2.404460600602173592e+00,-6.288727736520016709e-01,-4.103082264756250930e-01,-1.952510792582775823e+00,-1.046773787972720138e+00,8.815931037787243518e-01,-2.543065023664691893e+00
-1.146571764063565979e+00,-1.159753390698469833e+00,-4.579749433053290630e-01,-2.404460600602173592e+00,-6.288727736520016709e-01,-1.431532812543596656e+00,-1.952510792582775823e+00,-1.046773787972720138e+00,8.815931037787243518e-01,-2.543065023664691893e+00
-1.146571764063565979e+00,-1.159753390698469833e+00,-4.579749433053290630e-01,-2.404460600602173592e+00,-6.288727736520016709e-01,-1.431532812543596656e+00,-1.952510792582775823e+00,-1.046773787972720138e+00,8.815931037787243518e-01,-2.543065023664691893e+00
-1.146571764063565979e+00,-1.159753390698469833e+00,-4.579749433053290630e-01,-2.404460600602173592e+00,-6.288727736520016709e-01,-1.431532812543596656e+00,-1.952510792582775823e+00,-1.046773787972720138e+00,8.815931037787243518e-01,-2.543065023664691893e+00
-1.146571764063565979e+00,-1.159753390698469833e+00,-5.509444447863801608e-01,-2.404460600602173592e+00,-6.288727736520016709e-01,-1.431532812543596656e+00,-1.952510792582775823e+00,-1.046773787972720138e+00,8.578295822597777898e-01,-2.543065023664691893e+00
-1.146571764063565979e+00,-1.159753390698469833e+00,-5.509444447863801608e-01,-2.404460600602173592e+00,-6.288727736520016709e-01,-1.431532812543596656e+00,-1.952510792582775823e+00,-1.046773787972720138e+00,8.578295822597777898e-01,-2.543065023664691893e+00
-1.146571764063565979e+00,-1.159753390698469833e+00,-2.616470331758335544e+00,-2.404460600602173592e+00,-6.288727736520016709e-01,-1.431532812543596656e+00,-1.952510792582775823e+00,-1.046773787972720138e+00,8.578295822597777898e-01,-2.543065023664691893e+00
-1.146571764063565979e+00,-1.159753390698469833e+00,-2.616470331758335544e+00,-2.404460600602173592e+00,-7.145085610338434146e-01,-1.431532812543596656e+00,-1.952510792582775823e+00,-1.046773787972720138e+00,8.578295822597777898e-01,-2.543065023664691893e+00
-1.146571764063565979e+00,-1.159753390698469833e+00,-2.616470331758335544e+00,-2.404460600602173592e+00,-7.145085610338434146e-01,-1.431532812543596656e+00,-1.952510792582775823e+00,-1.046773787972720138e+00,8.578295822597777898e-01,-3.039678266009829599e+00
-1.146571764063565979e+00,-1.159753390698469833e+00,-2.616470331758335544e+00,-2.404460600602173592e+00,-7.145085610338434146e-01,-1.431532812543596656e+00,-1.952510792582775823e+00,-1.046773787972720138e+00,-3.765150840419528300e-01,-3.039678266009829599e+00
-1.146571764063565979e+00,-1.159753390698469833e+00,-2.616470331758335544e+00,-2.404460600602173592e+00,-7.145085610338434146e-01,-1.431532812543596656e+00,-1.952510792582775823e+00,-1.046773787972720138e+00,-3.765150840419528300e-01,-3.039678266009829599e+00
-1.146571764063565979e+00,-1.159753390698469833e+00,-2.616470331758335544e+00,-3.044039386515270174e+00,-7.145085610338434146e-01,-1.431532812543596656e+00,-1.952510792582775823e+00,-1.046773787972720138e+00,-3.765150840419528300e-01,-3.039678266009829599e+00
-1.146571764063565979e+00,-1.159753390698469833e+00,-2.616470331758335544e+00,-3.044039386515270174e+00,-1.736661675723541576e+00,-1.431532812543596656e+00,-1.952510792582775823e+00,-1.046773787972720138e+00,-3.765150840419528300e-01,-3.039678266009829599e+00
-1.146571764063565979e+00,-1.159753390698469833e+00,-2.616470331758335544e+00,-3.044039386515270174e+00,-1.736661675723541576e+00,-1.431532812543596656e+00,-1.952510792582775823e+00,-1.046773787972720138e+00,-3.765150840419528300e-01,-3.039678266009829599e+00
-1.146571764063565979e+00,-1.159753390698469833e+00,-2.616470331758335544e+00,-3.044039386515270174e+00,-1.736661675723541576e+00,-1.431532812543596656e+00,-1.952510792582775823e+00,-1.046773787972720138e+00,-3.765150840419528300e-01,-3.039678266009829599e+00
-1.146571764063565979e+00,-1.159753390698469833e+00,-2.616470331758335544e+00,-3.044039386515270174e+00,-1.736661675723541576e+00,-1.431532812543596656e+00,-1.952510792582775823e+00,-1.046773787972720138e+00,-3.765150840419528300e-01,-3.039678266009829599e+00
-1.146571764063565979e+00,-1.159753390698469833e+00,-2.616470331758335544e+00,-4.735215720027301955e+00,-1.736661675723541576e+00,-1.431532812543596656e+00,-1.952510792582775823e+00,-1.046773787972720138e+00,-3.765150840419528300e-01,-3.039678266009829599e+00
-1.146571764063565979e+00,-1.159753390698469833e+00,-2.616470331758335544e+00,-4.735215720027301955e+00,-1.736661675723541576e+00,-1.431532812543596656e+00,-1.952510792582775823e+00,-1.046773787972720138e+00,-3.765150840419528300e-01,-3.039678266009829599e+00
-1.146571764063565979e+00,-1.159753390698469833e+00,-2.616470331758335544e+00,-4.735215720027301955e+00,-1.736661675723541576e+00,-1.431532812543596656e+00,-1.952510792582775823e+00,-1.046773787972720138e+00,-3.765150840419528300e-01,-3.039678266009829599e+00
-1.146571764063565979e+00,-1.159753390698469833e+00,-2.616470331758335544e+00,-4.735215720027301955e+00,-1.736661675723541576e+00,-1.431532812543596656e+00,-1.952510792582775823e+00,-2.496236803511237667e+00,-3.765150840419528300e-01,-3.039678266009829599e+00
-1.146571764063565979e+00,-1.159753390698469833e+00,-2.616470331758335544e+00,-4.735215720027301955e+00,-1.736661675723541576e+00,-1.431532812543596656e+00,-1.952510792582775823e+00,-2.496236803511237667e+00,-3.765150840419528300e-01,-3.039678266009829599e+00
-1.146571764063565979e+00,-1.159753390698469833e+00,-2.616470331758335544e+00,-4.735215720027301955e+00,-1.736661675723541576e+00,-1.431532812543596656e+00,-1.952510792582775823e+00,-2.496236803511237667e+00,-3.765150840419528300e-01,-3.039678266009829599e+00
-1.146571764063565979e+00,-1.159753390698469833e+00,-2.616470331758335544e+00,-4.735215720027301955e+00,-1.736661675723541576e+00,-1.431532812543596656e+00,-1.952510792582775823e+00,-2.496236803511237667e+00,-3.765150840419528300e-01,-3.039678266009829599e+00
-1.146571764063565979e+00,-1.159753390698469833e+00,-2.616470331758335544e+00,-4.735215720027301955e+00,-1.736661675723541576e+00,-1.431532812543596656e+00,-1.952510792582775823e+00,-2.496236803511237667e+00,-3.765150840419528300e-01,-3.977746438779767857e+00
-1.146571764063565979e+00,-1.159753390698469833e+00,-2.616470331758335544e+00,-4.735215720027301955e+00,-1.736661675723541576e+00,-1.431532812543596656e+00,-1.952510792582775823e+00,-2.496236803511237667e+00,-3.765150840419528300e-01,-3.977746438779767857e+00
-1.146571764063565979e+00,-1.159753390698469833e+00,-3.085378585008264007e+00,-4.735215720027301955e+00,-1.736661675723541576e+00,-1.431532812543596656e+00,-1.952510792582775823e+00,-2.496236803511237667e+00,-3.765150840419528300e-01,-3.977746438779767857e+00
-1.146571764063565979e+00,-1.159753390698469833e+00,-3.085378585008264007e+00,-4.735215720027301955e+00,-1.736661675723541576e+00,-1.431532812543596656e+00,-1.952510792582775823e+00,-2.496236803511237667e+00,-3.765150840419528300e-01,-3.977746438779767857e+00
-1.146571764063565979e+00,-1.159753390698469833e+00,-3.085378585008264007e+00,-4.735215720027301955e+00,-1.736661675723541576e+00,-1.431532812543596656e+00,-1.952510792582775823e+00,-2.496236803511237667e+00,-3.765150840419528300e-01,-3.977746438779767857e+00
-1.146571764063565979e+00,-1.159753390698469833e+00,-3.085378585008264007e+00,-4.735215720027301955e+00,-1.736661675723541576e+00,-1.431532812543596656e+00,-1.952510792582775823e+00,-2.496236803511237667e+00,-3.765150840419528300e-01,-3.977746438779767857e+00
-1.146571764063565979e+00,-1.159753390698469833e+00,-3.085378585008264007e+00,-4.735215720027301955e+00,-1.736661675723541576e+00,-1.431532812543596656e+00,-2.343418076037121711e+00,-2.496236803511237667e+00,-3.765150840419528300e-01,-3.977746438779767857e+00
-1.146571764063565979e+00,-1.159753390698469833e+00,-3.085378585008264007e+00,-4.735215720027301955e+00,-1.736661675723541576e+00,-1.431532812543596656e+00,-2.343418076037121711e+00,-2.496236803511237667e+00,-3.765150840419528300e-01,-3.977746438779767857e+00
-1.146571764063565979e+00,-1.159753390698469833e+00,-3.085378585008264007e+00,-4.735215720027301955e+00,-1.736661675723541576e+00,-1.431532812543596656e+00,-2.343418076037121711e+00,-2.496236803511237667e+00,-3.765150840419528300e-01,-3.977746438779767857e+00
-1.146571764063565979e+00,-1.159753390698469833e+00,-3.085378585008264007e+00,-4.735215720027301955e+00,-1.736661675723541576e+00,-1.431532812543596656e+00,-2.343418076037121711e+00,-2.496236803511237667e+00,-3.765150840419528300e-01,-3.977746438779767857e+00
-1.146571764063565979e+00,-1.159753390698469833e+00,-3.085378585008264007e+00,-4.735215720027301955e+00,-1.736661675723541576e+00,-1.431532812543596656e+00,-2.343418076037121711e+00,-2.496236803511237667e+00,-3.765150840419528300e-01,-3.977746438779767857e+00
-1.146571764063565979e+00,-1.159753390698469833e+00,-3.085378585008264007e+00,-4.735215720027301955e+00,-1.736661675723541576e+00,-1.431532812543596656e+00,-2.343418076037121711e+00,-2.496236803511237667e+00,-3.765150840419528300e-01,-3.977746438779767857e+00
-1.146571764063565979e+00,-1.159753390698469833e+00,-3.085378585008264007e+00,-4.735215720027301955e+00,-1.736661675723541576e+00,-1.431532812543596656e+00,-2.343418076037121711e+00,-2.496236803511237667e+00,-3.765150840419528300e-01,-3.977746438779767857e+00
-1.146571764063565979e+00,-1.159753390698469833e+00,-3.085378585008264007e+00,-4.735215720027301955e+00,-1.736661675723541576e+00,-1.431532812543596656e+00,-2.406281883587617632e+00,-2.496236803511237667e+00,-3.765150840419528300e-01,-3.977746438779767857e+00
-1.146571764063565979e+00,-1.159753390698469833e+00,-3.085378585008264007e+00,-4.735215720027301955e+00,-1.736661675723541576e+00,-1.431532812543596656e+00,-2.406281883587617632e+00,-2.496236803511237667e+00,-3.765150840419528300e-01,-3.977746438779767857e+00
-1.146571764063565979e+00,-1.159753390698469833e+00,-3.085378585008264007e+00,-4.735215720027301955e+00,-1.736661675723541576e+00,-1.431532812543596656e+00,-2.406281883587617632e+00,-2.496236803511237667e+00,-3.765150840419528300e-01,-3.977746438779767857e+00
-1.146571764063565979e+00,-1.159753390698469833e+00,-3.085378585008264007e+00,-4.735215720027301955e+00,-1.736661675723541576e+00,-1.431532812543596656e+00,-2.406281883587617632e+00,-2.496236803511237667e+00,-3.765150840419528300e-01,-3.977746438779767857e+00
-1.146571764063565979e+00,-1.159753390698469833e+00,-3.085378585008264007e+00,-4.735215720027301955e+00,-1.736661675723541576e+00,-1.431532812543596656e+00,-2.406281883587617632e+00,-2.496236803511237667e+00,-3.765150840419528300e-01,-3.977746438779767857e+00
-1.146571764063565979e+00,-1.159753390698469833e+00,-3.085378585008264007e+00,-4.735215720027301955e+00,-1.736661675723541576e+00,-1.431532812543596656e+00,-2.406281883587617632e+00,-2.496236803511237667e+00,-3.765150840419528300e-01,-3.977746438779767857e+00
-1.146571764063565979e+00,-1.159753390698469833e+00,-3.085378585008264007e+00,-4.735215720027301955e+00,-1.736661675723541576e+00,-1.431532812543596656e+00,-2.406281883587617632e+00,-2.496236803511237667e+00,-3.765150840419528300e-01,-3.977746438779767857e+00
-1.146571764063565979e+00,-1.159753390698469833e+00,-3.085378585008264007e+00,-4.735215720027301955e+00,-1.736661675723541576e+00,-1.431532812543596656e+00,-2.406281883587617632e+00,-2.496236803511237667e+00,-3.765150840419528300e-01,-3.977746438779767857e+00
-1.146571764063565979e+00,-1.159753390698469833e+00,-3.085378585008264007e+00,-4.735215720027301955e+00,-1.736661675723541576e+00,-1.431532812543596656e+00,-2.406281883587617632e+00,-2.496236803511237667e+00,-3.765150840419528300e-01,-3.977746438779767857e+00
-1.146571764063565979e+00,-1.159753390698469833e+00,-3.085378585008264007e+00,-4.735215720027301955e+00,-1.736661675723541576e+00,-1.431532812543596656e+00,-2.406281883587617632e+00,-2.496236803511237667e+00,-3.765150840419528300e-01,-3.977746438779767857e+00
-1.146571764063565979e+00,-1.159753390698469833e+00,-3.085378585008264007e+00,-4.735215720027301955e+00,-1.736661675723541576e+00,-1.431532812543596656e+00,-2.406281883587617632e+00,-2.496236803511237667e+00,-3.765150840419528300e-01,-3.977746438779767857e+00
-1.146571764063565979e+00,-1.159753390698469833e+00,-3.085378585008264007e+00,-4.735215720027301955e+00,-1.736661675723541576e+00,-1.431532812543596656e+00,-2.406281883587617632e+00,-2.496236803511237667e+00,-3.765150840419528300e-01,-3.977746438779767857e+00
-1.146571764063565979e+00,-1.159753390698469833e+00,-3.085378585008264007e+00,-4.735215720027301955e+00,-1.736661675723541576e+00,-1.431532812543596656e+00,-2.406281883587617632e+00,-2.496236803511237667e+00,-4.335444555183612936e-01,-3.977746438779767857e+00
-1.739108628541986334e+00,-1.159753390698469833e+00,-3.085378585008264007e+00,-4.735215720027301955e+00,-1.736661675723541576e+00,-1.431532812543596656e+00,-2.406281883587617632e+00,-2.652581990813604573e+00,-4.335444555183612936e-01,-3.977746438779767857e+00
-1.739108628541986334e+00,-1.159753390698469833e+00,-3.085378585008264007e+00,-4.735215720027301955e+00,-2.286787743658377892e+00,-1.431532812543596656e+00,-2.406281883587617632e+00,-2.652581990813604573e+00,-4.335444555183612936e-01,-3.977746438779767857e+00
-1.739108628541986334e+00,-1.159753390698469833e+00,-3.085378585008264007e+00,-4.735215720027301955e+00,-2.286787743658377892e+00,-1.431532812543596656e+00,-3.588979259092643481e+00,-2.652581990813604573e+00,-9.825906086874716117e-01,-3.977746438779767857e+00
-1.739108628541986334e+00,-1.159753390698469833e+00,-3.085378585008264007e+00,-4.735215720027301955e+00,-2.286787743658377892e+00,-1.431532812543596656e+00,-3.588979259092643481e+00,-2.652581990813604573e+00,-1.110356801995657783e+00,-3.977746438779767857e+00
-1.739108628541986334e+00,-1.159753390698469833e+00,-3.634989285574679485e+00,-4.735215720027301955e+00,-2.286787743658377892e+00,-1.431532812543596656e+00,-3.588979259092643481e+00,-2.652581990813604573e+00,-1.110356801995657783e+00,-3.977746438779767857e+00
-1.739108628541986334e+00,-1.159753390698469833e+00,-3.634989285574679485e+00,-4.735215720027301955e+00,-2.286787743658377892e+00,-1.431532812543596656e+00,-3.588979259092643481e+00,-2.652581990813604573e+00,-1.110356801995657783e+00,-3.977746438779767857e+00
-1.739108628541986334e+00,-1.159753390698469833e+00,-3.634989285574679485e+00,-4.735215720027301955e+00,-2.286787743658377892e+00,-1.431532812543596656e+00,-3.588979259092643481e+00,-2.652581990813604573e+00,-1.110356801995657783e+00,-3.977746438779767857e+00
-1.739108628541986334e+00,-1.159753390698469833e+00,-3.634989285574679485e+00,-4.735215720027301955e+00,-2.286787743658377892e+00,-1.431532812543596656e+00,-3.588979259092643481e+00,-2.652581990813604573e+00,-1.110356801995657783e+00,-3.977746438779767857e+00
-1.739108628541986334e+00,-1.159753390698469833e+00,-3.634989285574679485e+00,-4.735215720027301955e+00,-2.286787743658377892e+00,-1.431532812543596656e+00,-3.588979259092643481e+00,-2.652581990813604573e+00,-1.110356801995657783e+00,-3.977746438779767857e+00
-3.022999871343048817e+00,-1.159753390698469833e+00,-3.634989285574679485e+00,-4.735215720027301955e+00,-2.286787743658377892e+00,-1.431532812543596656e+00,-3.588979259092643481e+00,-2.652581990813604573e+00,-1.110356801995657783e+00,-3.977746438779767857e+00
-3.022999871343048817e+00,-1.159753390698469833e+00,-3.634989285574679485e+00,-4.735215720027301955e+00,-2.286787743658377892e+00,-1.431532812543596656e+00,-3.588979259092643481e+00,-2.652581990813604573e+00,-1.110356801995657783e+00,-3.977746438779767857e+00
-3.022999871343048817e+00,-1.159753390698469833e+00,-3.634989285574679485e+00,-4.735215720027301955e+00,-2.286787743658377892e+00,-1.431532812543596656e+00,-3.588979259092643481e+00,-2.652581990813604573e+00,-1.110356801995657783e+00,-3.977746438779767857e+00
-3.022999871343048817e+00,-1.159753390698469833e+00,-3.634989285574679485e+00,-4.735215720027301955e+00,-2.286787743658377892e+00,-1.431532812543596656e+00,-3.588979259092643481e+00,-2.652581990813604573e+00,-1.110356801995657783e+00,-3.977746438779767857e+00
-3.022999871343048817e+00,-1.159753390698469833e+00,-3.634989285574679485e+00,-4.735215720027301955e+00,-2.286787743658377892e+00,-1.431532812543596656e+00,-3.588979259092643481e+00,-2.652581990813604573e+00,-1.110356801995657783e+00,-3.977746438779767857e+00
-3.022999871343048817e+00,-1.159753390698469833e+00,-3.634989285574679485e+00,-4.735215720027301955e+00,-2.286787743658377892e+00,-1.431532812543596656e+00,-3.588979259092643481e+00,-2.652581990813604573e+00,-1.110356801995657783e+00,-3.977746438779767857e+00
-3.022999871343048817e+00,-1.159753390698469833e+00,-3.634989285574679485e+00,-4.735215720027301955e+00,-2.286787743658377892e+00,-1.431532812543596656e+00,-3.588979259092643481e+00,-2.652581990813604573e+00,-1.110356801995657783e+00,-3.977746438779767857e+00
-3.022999871343048817e+00,-1.159753390698469833e+00,-3.634989285574679485e+00,-4.735215720027301955e+00,-2.286787743658377892e+00,-1.431532812543596656e+00,-3.588979259092643481e+00,-2.652581990813604573e+00,-1.110356801995657783e+00,-3.977746438779767857e+00
-3.022999871343048817e+00,-1.159753390698469833e+00,-3.634989285574679485e+00,-4.735215720027301955e+00,-2.286787743658377892e+00,-1.431532812543596656e+00,-3.588979259092643481e+00,-2.652581990813604573e+00,-1.110356801995657783e+00,-3.977746438779767857e+00
-3.022999871343048817e+00,-1.159753390698469833e+00,-3.634989285574679485e+00,-4.735215720027301955e+00,-2.286787743658377892e+00,-1.431532812543596656e+00,-3.588979259092643481e+00,-2.652581990813604573e+00,-1.110356801995657783e+00,-3.977746438779767857e+00
-3.588066129970539198e+00,-1.159753390698469833e+00,-3.634989285574679485e+00,-4.735215720027301955e+00,-2.286787743658377892e+00,-1.431532812543596656e+00,-3.588979259092643481e+00,-2.652581990813604573e+00,-1.110356801995657783e+00,-3.977746438779767857e+00
-3.588066129970539198e+00,-1.159753390698469833e+00,-3.634989285574679485e+00,-4.735215720027301955e+00,-2.286787743658377892e+00,-1.431532812543596656e+00,-3.588979259092643481e+00,-2.652581990813604573e+00,-1.110356801995657783e+00,-3.977746438779767857e+00
-3.588066129970539198e+00,-1.159753390698469833e+00,-3.634989285574679485e+00,-4.735215720027301955e+00,-2.286787743658377892e+00,-1.431532812543596656e+00,-3.588979259092643481e+00,-2.652581990813604573e+00,-1.110356801995657783e+00,-3.977746438779767857e+00
-3.588066129970539198e+00,-1.159753390698469833e+00,-3.634989285574679485e+00,-4.735215720027301955e+00,-2.286787743658377892e+00,-1.431532812543596656e+00,-3.588979259092643481e+00,-2.652581990813604573e+00,-1.110356801995657783e+00,-3.977746438779767857e+00
-3.588066129970539198e+00,-1.159753390698469833e+00,-3.634989285574679485e+00,-4.735215720027301955e+00,-2.286787743658377892e+00,-1.431532812543596656e+00,-3.588979259092643481e+00,-2.652581990813604573e+00,-1.110356801995657783e+00,-3.977746438779767857e+00
-3.588066129970539198e+00,-1.159753390698469833e+00,-3.634989285574679485e+00,-4.735215720027301955e+00,-2.286787743658377892e+00,-1.431532812543596656e+00,-3.588979259092643481e+00,-2.652581990813604573e+00,-1.110356801995657783e+00,-3.977746438779767857e+00
-3.588066129970539198e+00,-1.159753390698469833e+00,-3.634989285574679485e+00,-4.735215720027301955e+00,-2.286787743658377892e+00,-1.431532812543596656e+00,-3.588979259092643481e+00,-2.652581990813604573e+00,-1.110356801995657783e+00,-3.977746438779767857e+00
-3.588066129970539198e+00,-1.159753390698469833e+00,-3.634989285574679485e+00,-4.735215720027301955e+00,-2.286787743658377892e+00,-1.431532812543596656e+00,-3.588979259092643481e+00,-2.652581990813604573e+00,-1.110356801995657783e+00,-3.977746438779767857e+00
-3.588066129970539198e+00,-1.159753390698469833e+00,-4.093586689258949640e+00,-4.735215720027301955e+00,-2.286787743658377892e+00,-1.431532812543596656e+00,-3.588979259092643481e+00,-2.652581990813604573e+00,-1.110356801995657783e+00,-3.977746438779767857e+00
-3.588066129970539198e+00,-1.159753390698469833e+00,-4.093586689258949640e+00,-4.735215720027301955e+00,-2.286787743658377892e+00,-1.431532812543596656e+00,-3.588979259092643481e+00,-2.652581990813604573e+00,-1.110356801995657783e+00,-3.977746438779767857e+00
-3.588066129970539198e+00,-1.159753390698469833e+00,-4.093586689258949640e+00,-4.735215720027301955e+00,-2.286787743658377892e+00,-1.431532812543596656e+00,-3.588979259092643481e+00,-3.038020405711668204e+00,-1.110356801995657783e+00,-3.977746438779767857e+00
-3.588066129970539198e+00,-1.159753390698469833e+00,-4.093586689258949640e+00,-4.735215720027301955e+00,-2.286787743658377892e+00,-1.431532812543596656e+00,-3.588979259092643481e+00,-3.038020405711668204e+00,-1.110356801995657783e+00,-3.977746438779767857e+00
-3.588066129970539198e+00,-1.159753390698469833e+00,-4.093586689258949640e+00,-4.735215720027301955e+00,-2.286787743658377892e+00,-1.431532812543596656e+00,-3.588979259092643481e+00,-3.038020405711668204e+00,-1.110356801995657783e+00,-3.977746438779767857e+00
-3.588066129970539198e+00,-1.159753390698469833e+00,-4.093586689258949640e+00,-4.735215720027301955e+00,-2.286787743658377892e+00,-1.431532812543596656e+00,-3.588979259092643481e+00,-3.038020405711668204e+00,-1.110356801995657783e+00,-3.977746438779767857e+00
-3.588066129970539198e+00,-1.159753390698469833e+00,-4.093586689258949640e+00,-4.735215720027301955e+00,-2.286787743658377892e+00,-1.431532812543596656e+00,-3.588979259092643481e+00,-3.038020405711668204e+00,-1.110356801995657783e+00,-3.977746438779767857e+00
-3.588066129970539198e+00,-1.159753390698469833e+00,-4.093586689258949640e+00,-4.735215720027301955e+00,-2.286787743658377892e+00,-1.431532812543596656e+00,-3.588979259092643481e+00,-3.038020405711668204e+00,-1.611748146474877741e+00,-3.977746438779767857e+00
-3.588066129970539198e+00,-1.159753390698469833e+00,-4.093586689258949640e+00,-4.735215720027301955e+00,-2.286787743658377892e+00,-1.431532812543596656e+00,-3.588979259092643481e+00,-3.038020405711668204e+00,-1.611748146474877741e+00,-3.977746438779767857e+00
-3.588066129970539198e+00,-1.159753390698469833e+00,-4.093586689258949640e+00,-4.735215720027301955e+00,-2.286787743658377892e+00,-1.431532812543596656e+00,-3.588979259092643481e+00,-3.038020405711668204e+00,-1.611748146474877741e+00,-3.977746438779767857e+00
-3.588066129970539198e+00,-1.159753390698469833e+00,-4.093586689258949640e+00,-4.735215720027301955e+00,-2.286787743658377892e+00,-1.431532812543596656e+00,-3.588979259092643481e+00,-3.038020405711668204e+00,-1.611748146474877741e+00,-3.977746438779767857e+00
-3.588066129970539198e+00,-1.159753390698469833e+00,-4.093586689258949640e+00,-4.735215720027301955e+00,-2.286787743658377892e+00,-1.431532812543596656e+00,-3.588979259092643481e+00,-3.038020405711668204e+00,-1.611748146474877741e+00,-3.977746438779767857e+00
-3.588066129970539198e+00,-1.159753390698469833e+00,-4.093586689258949640e+00,-4.735215720027301955e+00,-2.286787743658377892e+00,-1.431532812543596656e+00,-3.588979259092643481e+00,-3.038020405711668204e+00,-1.611748146474877741e+00,-3.977746438779767857e+00
-3.588066129970539198e+00,-1.159753390698469833e+00,-4.093586689258949640e+00,-4.735215720027301955e+00,-2.286787743658377892e+00,-1.431532812543596656e+00,-3.588979259092643481e+00,-3.038020405711668204e+00,-1.611748146474877741e+00,-3.977746438779767857e+00
-3.588066129970539198e+00,-1.159753390698469833e+00,-4.093586689258949640e+00,-4.735215720027301955e+00,-2.286787743658377892e+00,-1.431532812543596656e+00,-3.588979259092643481e+00,-3.038020405711668204e+00,-1.611748146474877741e+00,-3.977746438779767857e+00
-3.588066129970539198e+00,-1.159753390698469833e+00,-4.093586689258949640e+00,-4.735215720027301955e+00,-2.286787743658377892e+00,-1.431532812543596656e+00,-3.588979259092643481e+00,-3.038020405711668204e+00,-1.611748146474877741e+00,-3.977746438779767857e+00
-3.588066129970539198e+00,-1.159753390698469833e+00,-4.093586689258949640e+00,-4.735215720027301955e+00,-2.286787743658377892e+00,-1.431532812543596656e+00,-3.588979259092643481e+00,-3.038020405711668204e+00,-1.611748146474877741e+00,-3.977746438779767857e+00
-3.588066129970539198e+00,-1.159753390698469833e+00,-4.093586689258949640e+00,-4.735215720027301955e+00,-2.286787743658377892e+00,-1.431532812543596656e+00,-3.588979259092643481e+00,-3.038020405711668204e+00,-1.611748146474877741e+00,-3.977746438779767857e+00
-3.588066129970539198e+00,-1.159753390698469833e+00,-4.093586689258949640e+00,-4.735215720027301955e+00,-2.286787743658377892e+00,-1.431532812543596656e+00,-3.588979259092643481e+00,-3.038020405711668204e+00,-1.611748146474877741e+00,-3.977746438779767857e+00
-3.588066129970539198e+00,-1.423532503464421284e+00,-4.093586689258949640e+00,-4.735215720027301955e+00,-2.286787743658377892e+00,-1.431532812543596656e+00,-3.588979259092643481e+00,-3.038020405711668204e+00,-1.611748146474877741e+00,-3.977746438779767857e+00
-3.588066129970539198e+00,-1.423532503464421284e+00,-4.093586689258949640e+00,-4.735215720027301955e+00,-2.286787743658377892e+00,-1.431532812543596656e+00,-3.588979259092643481e+00,-3.038020405711668204e+00,-1.611748146474877741e+00,-3.977746438779767857e+00
-3.588066129970539198e+00,-1.423532503464421284e+00,-4.093586689258949640e+00,-4.735215720027301955e+00,-2.286787743658377892e+00,-1.431532812543596656e+00,-3.588979259092643481e+00,-3.038020405711668204e+00,-1.611748146474877741e+00,-3.977746438779767857e+00
-3.588066129970539198e+00,-1.423532503464421284e+00,-4.093586689258949640e+00,-4.735215720027301955e+00,-2.286787743658377892e+00,-1.431532812543596656e+00,-3.588979259092643481e+00,-3.038020405711668204e+00,-1.611748146474877741e+00,-3.977746438779767857e+00
-3.588066129970539198e+00,-1.423532503464421284e+00,-4.093586689258949640e+00,-4.735215720027301955e+00,-2.286787743658377892e+00,-1.431532812543596656e+00,-3.588979259092643481e+00,-3.038020405711668204e+00,-1.611748146474877741e+00,-3.977746438779767857e+00
-3.588066129970539198e+00,-1.469891384283945168e+00,-4.093586689258949640e+00,-4.735215720027301955e+00,-2.286787743658377892e+00,-1.431532812543596656e+00,-3.588979259092643481e+00,-3.038020405711668204e+00,-1.611748146474877741e+00,-3.977746438779767857e+00
-3.588066129970539198e+00,-1.469891384283945168e+00,-4.093586689258949640e+00,-4.735215720027301955e+00,-2.286787743658377892e+00,-1.431532812543596656e+00,-3.588979259092643481e+00,-4.324791777518732339e+00,-1.611748146474877741e+00,-3.977746438779767857e+00
-3.588066129970539198e+00,-1.469891384283945168e+00,-4.093586689258949640e+00,-4.735215720027301955e+00,-2.286787743658377892e+00,-1.431532812543596656e+00,-3.588979259092643481e+00,-4.324791777518732339e+00,-1.611748146474877741e+00,-3.977746438779767857e+00
-3.588066129970539198e+00,-1.469891384283945168e+00,-4.093586689258949640e+00,-4.735215720027301955e+00,-2.286787743658377892e+00,-1.431532812543596656e+00,-3.588979259092643481e+00,-4.324791777518732339e+00,-1.611748146474877741e+00,-3.977746438779767857e+00
-3.588066129970539198e+00,-1.469891384283945168e+00,-4.093586689258949640e+00,-4.735215720027301955e+00,-2.286787743658377892e+00,-1.431532812543596656e+00,-3.588979259092643481e+00,-4.324791777518732339e+00,-1.611748146474877741e+00,-3.977746438779767857e+00
-3.588066129970539198e+00,-1.469891384283945168e+00,-4.093586689258949640e+00,-4.735215720027301955e+00,-2.286787743658377892e+00,-1.431532812543596656e+00,-3.588979259092643481e+00,-4.324791777518732339e+00,-1.611748146474877741e+00,-3.977746438779767857e+00
-3.588066129970539198e+00,-1.469891384283945168e+00,-4.093586689258949640e+00,-4.735215720027301955e+00,-2.286787743658377892e+00,-1.431532812543596656e+00,-3.588979259092643481e+00,-4.324791777518732339e+00,-1.611748146474877741e+00,-3.977746438779767857e+00
-3.588066129970539198e+00,-1.469891384283945168e+00,-4.093586689258949640e+00,-4.735215720027301955e+00,-2.286787743658377892e+00,-1.431532812543596656e+00,-3.588979259092643481e+00,-4.324791777518732339e+00,-1.611748146474877741e+00,-3.977746438779767857e+00
-3.588066129970539198e+00,-1.469891384283945168e+00,-4.093586689258949640e+00,-4.735215720027301955e+00,-2.286787743658377892e+00,-1.431532812543596656e+00,-3.588979259092643481e+00,-4.324791777518732339e+00,-1.611748146474877741e+00,-3.977746438779767857e+00
-3.588066129970539198e+00,-1.469891384283945168e+00,-4.093586689258949640e+00,-4.735215720027301955e+00,-2.286787743658377892e+00,-1.431532812543596656e+00,-3.588979259092643481e+00,-4.324791777518732339e+00,-1.611748146474877741e+00,-3.977746438779767857e+00
-3.588066129970539198e+00,-1.469891384283945168e+00,-4.093586689258949640e+00,-4.735215720027301955e+00,-2.286787743658377892e+00,-1.431532812543596656e+00,-3.588979259092643481e+00,-4.324791777518732339e+00,-1.611748146474877741e+00,-3.977746438779767857e+00
-3.588066129970539198e+00,-1.469891384283945168e+00,-4.093586689258949640e+00,-4.735215720027301955e+00,-2.286787743658377892e+00,-1.431532812543596656e+00,-3.588979259092643481e+00,-4.324791777518732339e+00,-1.611748146474877741e+00,-3.977746438779767857e+00
-3.588066129970539198e+00,-1.469891384283945168e+00,-4.093586689258949640e+00,-4.735215720027301955e+00,-2.286787743658377892e+00,-1.431532812543596656e+00,-3.588979259092643481e+00,-4.324791777518732339e+00,-1.611748146474877741e+00,-3.977746438779767857e+00
-3.588066129970539198e+00,-1.469891384283945168e+00,-4.093586689258949640e+00,-4.735215720027301955e+00,-2.286787743658377892e+00,-1.431532812543596656e+00,-3.588979259092643481e+00,-4.324791777518732339e+00,-1.611748146474877741e+00,-3.977746438779767857e+00
-3.588066129970539198e+00,-1.469891384283945168e+00,-4.093586689258949640e+00,-4.735215720027301955e+00,-2.286787743658377892e+00,-1.431532812543596656e+00,-3.588979259092643481e+00,-4.324791777518732339e+00,-1.611748146474877741e+00,-3.977746438779767857e+00
-3.588066129970539198e+00,-1.469891384283945168e+00,-4.093586689258949640e+00,-4.735215720027301955e+00,-2.286787743658377892e+00,-1.431532812543596656e+00,-3.588979259092643481e+00,-4.324791777518732339e+00,-1.611748146474877741e+00,-3.977746438779767857e+00
-3.588066129970539198e+00,-1.469891384283945168e+00,-4.093586689258949640e+00,-4.735215720027301955e+00,-2.286787743658377892e+00,-1.431532812543596656e+00,-3.588979259092643481e+00,-4.324791777518732339e+00,-1.611748146474877741e+00,-3.977746438779767857e+00
-3.588066129970539198e+00,-1.469891384283945168e+00,-4.093586689258949640e+00,-4.735215720027301955e+00,-2.506000489111156249e+00,-1.431532812543596656e+00,-3.588979259092643481e+00,-4.324791777518732339e+00,-1.611748146474877741e+00,-3.977746438779767857e+00
-3.588066129970539198e+00,-1.469891384283945168e+00,-4.093586689258949640e+00,-4.735215720027301955e+00,-2.506000489111156249e+00,-1.431532812543596656e+00,-3.588979259092643481e+00,-4.324791777518732339e+00,-1.611748146474877741e+00,-3.977746438779767857e+00
-3.588066129970539198e+00,-1.469891384283945168e+00,-4.093586689258949640e+00,-4.735215720027301955e+00,-2.506000489111156249e+00,-1.431532812543596656e+00,-3.588979259092643481e+00,-4.324791777518732339e+00,-1.611748146474877741e+00,-3.977746438779767857e+00
-3.588066129970539198e+00,-1.469891384283945168e+00,-4.093586689258949640e+00,-4.735215720027301955e+00,-2.506000489111156249e+00,-1.431532812543596656e+00,-3.588979259092643481e+00,-4.324791777518732339e+00,-1.745637903919088130e+00,-3.977746438779767857e+00
-3.588066129970539198e+00,-1.469891384283945168e+00,-4.093586689258949640e+00,-4.735215720027301955e+00,-2.506000489111156249e+00,-1.431532812543596656e+00,-3.588979259092643481e+00,-4.324791777518732339e+00,-1.745637903919088130e+00,-3.977746438779767857e+00
-3.588066129970539198e+00,-1.469891384283945168e+00,-4.093586689258949640e+00,-4.735215720027301955e+00,-2.506000489111156249e+00,-1.431532812543596656e+00,-3.588979259092643481e+00,-4.324791777518732339e+00,-1.745637903919088130e+00,-3.977746438779767857e+00
-3.588066129970539198e+00,-1.469891384283945168e+00,-4.093586689258949640e+00,-4.735215720027301955e+00,-2.506000489111156249e+00,-1.431532812543596656e+00,-3.588979259092643481e+00,-4.324791777518732339e+00,-1.745637903919088130e+00,-3.977746438779767857e+00
-3.588066129970539198e+00,-1.469891384283945168e+00,-4.093586689258949640e+00,-4.735215720027301955e+00,-2.506000489111156249e+00,-1.431532812543596656e+00,-3.588979259092643481e+00,-4.324791777518732339e+00,-1.745637903919088130e+00,-3.977746438779767857e+00
-3.588066129970539198e+00,-1.469891384283945168e+00,-4.093586689258949640e+00,-4.735215720027301955e+00,-2.506000489111156249e+00,-1.431532812543596656e+00,-3.588979259092643481e+00,-4.324791777518732339e+00,-1.745637903919088130e+00,-3.977746438779767857e+00
-3.588066129970539198e+00,-1.469891384283945168e+00,-4.093586689258949640e+00,-4.735215720027301955e+00,-2.506000489111156249e+00,-1.431532812543596656e+00,-3.588979259092643481e+00,-4.324791777518732339e+00,-1.745637903919088130e+00,-3.977746438779767857e+00
-3.588066129970539198e+00,-1.469891384283945168e+00,-4.093586689258949640e+00,-4.735215720027301955e+00,-2.506000489111156249e+00,-1.431532812543596656e+00,-3.588979259092643481e+00,-4.324791777518732339e+00,-1.745637903919088130e+00,-3.977746438779767857e+00
-3.588066129970539198e+00,-1.469891384283945168e+00,-4.093586689258949640e+00,-4.735215720027301955e+00,-2.506000489111156249e+00,-1.431532812543596656e+00,-3.588979259092643481e+00,-4.324791777518732339e+00,-1.745637903919088130e+00,-3.977746438779767857e+00
-3.588066129970539198e+00,-1.469891384283945168e+00,-4.093586689258949640e+00,-5.722469639330317825e+00,-2.506000489111156249e+00,-1.431532812543596656e+00,-3.588979259092643481e+00,-4.324791777518732339e+00,-1.745637903919088130e+00,-3.977746438779767857e+00
-3.588066129970539198e+00,-1.469891384283945168e+00,-4.093586689258949640e+00,-5.722469639330317825e+00,-2.506000489111156249e+00,-1.431532812543596656e+00,-3.588979259092643481e+00,-4.324791777518732339e+00,-1.745637903919088130e+00,-3.977746438779767857e+00
-3.588066129970539198e+00,-1.469891384283945168e+00,-4.093586689258949640e+00,-5.722469639330317825e+00,-2.506000489111156249e+00,-1.431532812543596656e+00,-3.588979259092643481e+00,-4.324791777518732339e+00,-1.745637903919088130e+00,-3.977746438779767857e+00
-3.588066129970539198e+00,-1.469891384283945168e+00,-4.093586689258949640e+00,-5.722469639330317825e+00,-2.506000489111156249e+00,-1.431532812543596656e+00,-3.588979259092643481e+00,-4.324791777518732339e+00,-1.745637903919088130e+00,-3.977746438779767857e+00
-3.588066129970539198e+00,-1.469891384283945168e+00,-4.093586689258949640e+00,-5.722469639330317825e+00,-2.506000489111156249e+00,-1.431532812543596656e+00,-3.588979259092643481e+00,-4.324791777518732339e+00,-1.745637903919088130e+00,-3.977746438779767857e+00
-3.588066129970539198e+00,-1.469891384283945168e+00,-4.093586689258949640e+00,-5.722469639330317825e+00,-2.506000489111156249e+00,-1.431532812543596656e+00,-3.588979259092643481e+00,-4.324791777518732339e+00,-1.745637903919088130e+00,-3.977746438779767857e+00
-3.588066129970539198e+00,-1.469891384283945168e+00,-4.093586689258949640e+00,-5.722469639330317825e+00,-2.506000489111156249e+00,-1.431532812543596656e+00,-3.588979259092643481e+00,-4.324791777518732339e+00,-1.745637903919088130e+00,-3.977746438779767857e+00
-3.588066129970539198e+00,-1.469891384283945168e+00,-4.093586689258949640e+00,-5.722469639330317825e+00,-2.506000489111156249e+00,-1.431532812543596656e+00,-3.588979259092643481e+00,-4.324791777518732339e+00,-1.745637903919088130e+00,-3.977746438779767857e+00
-3.588066129970539198e+00,-1.469891384283945168e+00,-4.093586689258949640e+00,-5.722469639330317825e+00,-2.506000489111156249e+00,-1.431532812543596656e+00,-3.588979259092643481e+00,-4.324791777518732339e+00,-1.745637903919088130e+00,-3.977746438779767857e+00
