-1.280880221053671830e+00,3.331264619458386811e+00,4.205945756630602439e+00,2.532979532568039538e+00,4.350943717295224222e-01,-5.147411751737570595e-01,1.065321302798371894e+00,-1.785972948474072508e+00,1.444152171928064554e+00,1.958595786851888981e-02
-2.297509372580553322e+00,3.331264619458386811e+00,4.205945756630602439e+00,-2.672851614767397521e+00,2.934987554930906101e-02,-5.147411751737570595e-01,3.064053836786485574e-01,-1.785972948474072508e+00,-8.813174475308178657e-01,5.090169800007622071e-03
-4.583550650244626823e+00,3.331264619458386811e+00,4.205945756630602439e+00,-2.672851614767397521e+00,-1.003886081085927140e+00,-5.147411751737570595e-01,3.064053836786485574e-01,-1.785972948474072508e+00,-8.813174475308178657e-01,-2.782966106275847062e-01
-4.583550650244626823e+00,3.331264619458386811e+00,3.892187277251913269e+00,-2.672851614767397521e+00,-1.003886081085927140e+00,-6.778696677083604349e-01,-2.031626865897713241e-01,-1.785972948474072508e+00,-8.813174475308178657e-01,-2.782966106275847062e-01
-4.583550650244626823e+00,3.331264619458386811e+00,3.892187277251913269e+00,-2.672851614767397521e+00,-1.003886081085927140e+00,-6.778696677083604349e-01,-2.031626865897713241e-01,-1.785972948474072508e+00,-8.813174475308178657e-01,-2.782966106275847062e-01
-4.583550650244626823e+00,1.065819790408091272e+00,2.083429407761339558e+00,-2.672851614767397521e+00,-1.003886081085927140e+00,-6.885303041742241170e-01,-2.031626865897713241e-01,-3.129412998767818532e+00,-8.813174475308178657e-01,-6.222183532604642631e-01
-4.583550650244626823e+00,1.065819790408091272e+00,2.083429407761339558e+00,-2.672851614767397521e+00,-1.003886081085927140e+00,-6.885303041742241170e-01,-2.031626865897713241e-01,-3.913553459196198681e+00,-8.813174475308178657e-01,-6.222183532604642631e-01
-4.583550650244626823e+00,1.065819790408091272e+00,2.083429407761339558e+00,-2.672851614767397521e+00,-1.003886081085927140e+00,-6.885303041742241170e-01,-2.031626865897713241e-01,-3.913553459196198681e+00,-8.813174475308178657e-01,-7.902049432881643742e-01
-4.583550650244626823e+00,1.065819790408091272e+00,2.083429407761339558e+00,-2.672851614767397521e+00,-1.003886081085927140e+00,-6.885303041742241170e-01,-2.031626865897713241e-01,-3.913553459196198681e+00,-8.813174475308178657e-01,-7.902049432881643742e-01
-4.583550650244626823e+00,6.204296233536302774e-01,2.083429407761339558e+00,-2.672851614767397521e+00,-1.003886081085927140e+00,-6.885303041742241170e-01,-5.879707910346659849e-01,-3.913553459196198681e+00,-8.813174475308178657e-01,-7.902049432881643742e-01
-4.583550650244626823e+00,6.204296233536302774e-01,2.083429407761339558e+00,-2.672851614767397521e+00,-1.003886081085927140e+00,-6.885303041742241170e-01,-5.879707910346659849e-01,-4.043810310198479918e+00,-8.813174475308178657e-01,-7.902049432881643742e-01
-4.583550650244626823e+00,6.204296233536302774e-01,2.083429407761339558e+00,-2.672851614767397521e+00,-1.003886081085927140e+00,-6.885303041742241170e-01,-5.879707910346659849e-01,-4.043810310198479918e+00,-8.813174475308178657e-01,-1.091884366080098312e+00
-4.583550650244626823e+00,6.204296233536302774e-01,2.083429407761339558e+00,-2.672851614767397521e+00,-1.003886081085927140e+00,-6.885303041742241170e-01,-5.879707910346659849e-01,-4.043810310198479918e+00,-1.008511764965391855e+00,-1.424712464185162952e+00
-4.583550650244626823e+00,6.204296233536302774e-01,2.083429407761339558e+00,-2.672851614767397521e+00,-1.003886081085927140e+00,-6.885303041742241170e-01,-5.879707910346659849e-01,-4.043810310198479918e+00,-1.008511764965391855e+00,-1.424712464185162952e+00
-4.583550650244626823e+00,6.204296233536302774e-01,2.083429407761339558e+00,-2.672851614767397521e+00,-1.003886081085927140e+00,-6.885303041742241170e-01,-8.421250136634225170e-01,-4.110695634870578097e+00,-1.008511764965391855e+00,-1.424712464185162952e+00
-4.583550650244626823e+00,6.204296233536302774e-01,2.083429407761339558e+00,-2.672851614767397521e+00,-1.003886081085927140e+00,-6.885303041742241170e-01,-8.421250136634225170e-01,-4.110695634870578097e+00,-3.278472336479830496e+00,-1.424712464185162952e+00
-4.583550650244626823e+00,6.204296233536302774e-01,2.083429407761339558e+00,-2.672851614767397521e+00,-1.003886081085927140e+00,-6.885303041742241170e-01,-1.177612750921651186e+00,-4.110695634870578097e+00,-3.278472336479830496e+00,-1.424712464185162952e+00
-4.583550650244626823e+00,6.204296233536302774e-01,2.083429407761339558e+00,-2.672851614767397521e+00,-1.003886081085927140e+00,-6.885303041742241170e-01,-1.177612750921651186e+00,-4.110695634870578097e+00,-3.278472336479830496e+00,-1.424712464185162952e+00
-4.583550650244626823e+00,-8.904656943805376867e-01,2.083429407761339558e+00,-2.672851614767397521e+00,-1.003886081085927140e+00,-6.885303041742241170e-01,-1.177612750921651186e+00,-4.110695634870578097e+00,-3.278472336479830496e+00,-1.424712464185162952e+00
-4.583550650244626823e+00,-8.904656943805376867e-01,2.083429407761339558e+00,-2.672851614767397521e+00,-1.003886081085927140e+00,-6.885303041742241170e-01,-1.177612750921651186e+00,-4.110695634870578097e+00,-3.278472336479830496e+00,-1.424712464185162952e+00
-4.583550650244626823e+00,-8.904656943805376867e-01,2.083429407761339558e+00,-2.672851614767397521e+00,-1.003886081085927140e+00,-6.885303041742241170e-01,-1.177612750921651186e+00,-4.110695634870578097e+00,-3.278472336479830496e+00,-1.424712464185162952e+00
-4.583550650244626823e+00,-8.904656943805376867e-01,2.083429407761339558e+00,-2.672851614767397521e+00,-1.003886081085927140e+00,-6.885303041742241170e-01,-1.177612750921651186e+00,-4.110695634870578097e+00,-3.278472336479830496e+00,-1.424712464185162952e+00
-4.583550650244626823e+00,-8.904656943805376867e-01,1.559965560752165636e+00,-2.672851614767397521e+00,-1.003886081085927140e+00,-1.040365973446213177e+00,-1.177612750921651186e+00,-4.110695634870578097e+00,-3.278472336479830496e+00,-1.424712464185162952e+00
-4.583550650244626823e+00,-8.904656943805376867e-01,1.559965560752165636e+00,-2.672851614767397521e+00,-1.003886081085927140e+00,-1.040365973446213177e+00,-1.177612750921651186e+00,-4.110695634870578097e+00,-3.278472336479830496e+00,-1.424712464185162952e+00
-4.583550650244626823e+00,-8.904656943805376867e-01,1.559965560752165636e+00,-2.672851614767397521e+00,-1.003886081085927140e+00,-1.040365973446213177e+00,-1.177612750921651186e+00,-4.110695634870578097e+00,-3.278472336479830496e+00,-1.507592917945412614e+00
-4.583550650244626823e+00,-8.904656943805376867e-01,1.559965560752165636e+00,-2.672851614767397521e+00,-1.003886081085927140e+00,-1.040365973446213177e+00,-1.177612750921651186e+00,-4.110695634870578097e+00,-3.278472336479830496e+00,-1.507592917945412614e+00
-4.583550650244626823e+00,-8.904656943805376867e-01,1.559965560752165636e+00,-2.672851614767397521e+00,-1.003886081085927140e+00,-1.040365973446213177e+00,-1.177612750921651186e+00,-4.110695634870578097e+00,-3.278472336479830496e+00,-1.507592917945412614e+00
-4.583550650244626823e+00,-8.904656943805376867e-01,1.559965560752165636e+00,-2.672851614767397521e+00,-1.003886081085927140e+00,-1.040365973446213177e+00,-1.177612750921651186e+00,-4.110695634870578097e+00,-3.278472336479830496e+00,-1.507592917945412614e+00
-4.583550650244626823e+00,-8.904656943805376867e-01,1.559965560752165636e+00,-2.672851614767397521e+00,-1.003886081085927140e+00,-1.040365973446213177e+00,-1.177612750921651186e+00,-4.110695634870578097e+00,-3.278472336479830496e+00,-1.507592917945412614e+00
-4.583550650244626823e+00,-8.904656943805376867e-01,1.559965560752165636e+00,-2.672851614767397521e+00,-1.003886081085927140e+00,-1.040365973446213177e+00,-1.177612750921651186e+00,-4.110695634870578097e+00,-3.278472336479830496e+00,-1.507592917945412614e+00
-4.583550650244626823e+00,-8.904656943805376867e-01,1.559965560752165636e+00,-2.672851614767397521e+00,-1.003886081085927140e+00,-1.040365973446213177e+00,-1.177612750921651186e+00,-4.110695634870578097e+00,-3.278472336479830496e+00,-1.507592917945412614e+00
-4.583550650244626823e+00,-8.904656943805376867e-01,1.559965560752165636e+00,-2.672851614767397521e+00,-1.003886081085927140e+00,-1.040365973446213177e+00,-2.058267475104986755e+00,-4.110695634870578097e+00,-3.278472336479830496e+00,-1.507592917945412614e+00
-4.583550650244626823e+00,-8.904656943805376867e-01,1.559965560752165636e+00,-2.672851614767397521e+00,-1.003886081085927140e+00,-1.040365973446213177e+00,-2.058267475104986755e+00,-4.110695634870578097e+00,-3.278472336479830496e+00,-1.507592917945412614e+00
-4.583550650244626823e+00,-8.904656943805376867e-01,1.559965560752165636e+00,-2.672851614767397521e+00,-1.003886081085927140e+00,-1.040365973446213177e+00,-2.058267475104986755e+00,-4.110695634870578097e+00,-3.404292119915390380e+00,-1.507592917945412614e+00
-4.583550650244626823e+00,-8.904656943805376867e-01,1.559965560752165636e+00,-2.672851614767397521e+00,-1.003886081085927140e+00,-1.081116548969318414e+00,-4.975487683063772870e+00,-4.110695634870578097e+00,-3.404292119915390380e+00,-1.507592917945412614e+00
-4.583550650244626823e+00,-8.904656943805376867e-01,1.559965560752165636e+00,-2.672851614767397521e+00,-1.003886081085927140e+00,-1.081116548969318414e+00,-4.975487683063772870e+00,-4.110695634870578097e+00,-3.404292119915390380e+00,-1.507592917945412614e+00
-4.583550650244626823e+00,-8.904656943805376867e-01,1.559965560752165636e+00,-2.672851614767397521e+00,-1.003886081085927140e+00,-1.081116548969318414e+00,-4.975487683063772870e+00,-4.110695634870578097e+00,-3.404292119915390380e+00,-1.507592917945412614e+00
-4.583550650244626823e+00,-8.904656943805376867e-01,1.559965560752165636e+00,-2.672851614767397521e+00,-1.003886081085927140e+00,-1.081116548969318414e+00,-4.975487683063772870e+00,-4.110695634870578097e+00,-3.404292119915390380e+00,-1.507592917945412614e+00
-4.583550650244626823e+00,-8.904656943805376867e-01,1.559965560752165636e+00,-2.672851614767397521e+00,-1.003886081085927140e+00,-1.081116548969318414e+00,-4.975487683063772870e+00,-4.110695634870578097e+00,-3.404292119915390380e+00,-1.507592917945412614e+00
-4.583550650244626823e+00,-8.904656943805376867e-01,1.559965560752165636e+00,-2.672851614767397521e+00,-1.003886081085927140e+00,-1.081116548969318414e+00,-4.975487683063772870e+00,-4.110695634870578097e+00,-3.404292119915390380e+00,-1.507592917945412614e+00
-4.583550650244626823e+00,-8.904656943805376867e-01,1.559965560752165636e+00,-2.672851614767397521e+00,-1.003886081085927140e+00,-1.081116548969318414e+00,-4.975487683063772870e+00,-4.110695634870578097e+00,-3.404292119915390380e+00,-1.507592917945412614e+00
-4.583550650244626823e+00,-8.904656943805376867e-01,1.559965560752165636e+00,-2.672851614767397521e+00,-1.003886081085927140e+00,-1.081116548969318414e+00,-4.975487683063772870e+00,-4.110695634870578097e+00,-3.404292119915390380e+00,-1.507592917945412614e+00
-4.583550650244626823e+00,-8.904656943805376867e-01,1.559965560752165636e+00,-2.672851614767397521e+00,-1.003886081085927140e+00,-1.081116548969318414e+00,-4.975487683063772870e+00,-4.196276531517876052e+00,-3.404292119915390380e+00,-1.507592917945412614e+00
-4.583550650244626823e+00,-8.904656943805376867e-01,1.559965560752165636e+00,-2.672851614767397521e+00,-1.003886081085927140e+00,-1.081116548969318414e+00,-4.975487683063772870e+00,-4.196276531517876052e+00,-3.404292119915390380e+00,-1.507592917945412614e+00
-4.583550650244626823e+00,-8.904656943805376867e-01,1.559965560752165636e+00,-2.672851614767397521e+00,-1.003886081085927140e+00,-1.081116548969318414e+00,-4.975487683063772870e+00,-4.196276531517876052e+00,-3.404292119915390380e+00,-1.507592917945412614e+00
-4.583550650244626823e+00,-8.904656943805376867e-01,1.559965560752165636e+00,-2.672851614767397521e+00,-1.003886081085927140e+00,-1.081116548969318414e+00,-4.975487683063772870e+00,-4.196276531517876052e+00,-3.404292119915390380e+00,-1.507592917945412614e+00
-4.583550650244626823e+00,-8.904656943805376867e-01,1.559965560752165636e+00,-2.672851614767397521e+00,-1.003886081085927140e+00,-1.081116548969318414e+00,-4.975487683063772870e+00,-4.196276531517876052e+00,-3.404292119915390380e+00,-1.507592917945412614e+00
-4.583550650244626823e+00,-8.904656943805376867e-01,1.559965560752165636e+00,-2.672851614767397521e+00,-1.003886081085927140e+00,-1.081116548969318414e+00,-4.975487683063772870e+00,-4.196276531517876052e+00,-3.404292119915390380e+00,-1.507592917945412614e+00
-4.583550650244626823e+00,-8.904656943805376867e-01,1.559965560752165636e+00,-2.672851614767397521e+00,-1.003886081085927140e+00,-1.081116548969318414e+00,-4.975487683063772870e+00,-4.196276531517876052e+00,-3.404292119915390380e+00,-1.507592917945412614e+00
-4.583550650244626823e+00,-8.904656943805376867e-01,1.559965560752165636e+00,-2.672851614767397521e+00,-1.003886081085927140e+00,-1.081116548969318414e+00,-4.975487683063772870e+00,-4.196276531517876052e+00,-3.404292119915390380e+00,-1.507592917945412614e+00
-4.583550650244626823e+00,-8.904656943805376867e-01,1.559965560752165636e+00,-2.672851614767397521e+00,-1.003886081085927140e+00,-1.081116548969318414e+00,-4.975487683063772870e+00,-4.196276531517876052e+00,-3.404292119915390380e+00,-1.507592917945412614e+00
-4.583550650244626823e+00,-8.904656943805376867e-01,1.559965560752165636e+00,-2.672851614767397521e+00,-1.003886081085927140e+00,-1.081116548969318414e+00,-4.975487683063772870e+00,-4.196276531517876052e+00,-3.404292119915390380e+00,-1.507592917945412614e+00
-4.583550650244626823e+00,-8.904656943805376867e-01,1.559965560752165636e+00,-2.672851614767397521e+00,-1.003886081085927140e+00,-1.081116548969318414e+00,-4.975487683063772870e+00,-4.196276531517876052e+00,-3.404292119915390380e+00,-1.507592917945412614e+00
-4.583550650244626823e+00,-8.904656943805376867e-01,1.559965560752165636e+00,-2.672851614767397521e+00,-1.003886081085927140e+00,-1.081116548969318414e+00,-4.975487683063772870e+00,-4.546250878383411909e+00,-3.404292119915390380e+00,-1.507592917945412614e+00
-4.583550650244626823e+00,-8.904656943805376867e-01,1.559965560752165636e+00,-2.672851614767397521e+00,-1.003886081085927140e+00,-1.081116548969318414e+00,-4.975487683063772870e+00,-4.546250878383411909e+00,-3.404292119915390380e+00,-1.507592917945412614e+00
-4.583550650244626823e+00,-8.904656943805376867e-01,1.559965560752165636e+00,-2.672851614767397521e+00,-1.003886081085927140e+00,-1.081116548969318414e+00,-4.975487683063772870e+00,-4.546250878383411909e+00,-3.404292119915390380e+00,-1.726566672544829206e+00
-4.583550650244626823e+00,-8.904656943805376867e-01,1.366864706036423849e+00,-2.672851614767397521e+00,-1.003886081085927140e+00,-1.081116548969318414e+00,-4.975487683063772870e+00,-4.546250878383411909e+00,-3.404292119915390380e+00,-1.726566672544829206e+00
-4.583550650244626823e+00,-8.904656943805376867e-01,1.366864706036423849e+00,-2.672851614767397521e+00,-1.003886081085927140e+00,-1.081116548969318414e+00,-4.975487683063772870e+00,-4.546250878383411909e+00,-3.404292119915390380e+00,-1.726566672544829206e+00
-4.583550650244626823e+00,-8.904656943805376867e-01,1.366864706036423849e+00,-2.672851614767397521e+00,-1.003886081085927140e+00,-1.081116548969318414e+00,-4.975487683063772870e+00,-4.546250878383411909e+00,-3.404292119915390380e+00,-1.726566672544829206e+00
-4.583550650244626823e+00,-8.904656943805376867e-01,1.366864706036423849e+00,-2.672851614767397521e+00,-1.003886081085927140e+00,-1.081116548969318414e+00,-4.975487683063772870e+00,-4.546250878383411909e+00,-3.404292119915390380e+00,-1.726566672544829206e+00
-4.583550650244626823e+00,-1.492088260440407987e+00,1.366864706036423849e+00,-2.672851614767397521e+00,-1.003886081085927140e+00,-1.081116548969318414e+00,-4.975487683063772870e+00,-4.546250878383411909e+00,-3.404292119915390380e+00,-1.726566672544829206e+00
-4.583550650244626823e+00,-1.492088260440407987e+00,1.366864706036423849e+00,-3.779075369900444681e+00,-1.003886081085927140e+00,-1.081116548969318414e+00,-4.975487683063772870e+00,-4.546250878383411909e+00,-3.404292119915390380e+00,-1.726566672544829206e+00
-4.583550650244626823e+00,-1.492088260440407987e+00,1.366864706036423849e+00,-3.779075369900444681e+00,-1.003886081085927140e+00,-1.081116548969318414e+00,-4.975487683063772870e+00,-4.546250878383411909e+00,-3.404292119915390380e+00,-1.726566672544829206e+00
-4.583550650244626823e+00,-1.492088260440407987e+00,1.366864706036423849e+00,-3.779075369900444681e+00,-1.003886081085927140e+00,-1.081116548969318414e+00,-4.975487683063772870e+00,-4.546250878383411909e+00,-3.404292119915390380e+00,-1.726566672544829206e+00
-4.583550650244626823e+00,-1.492088260440407987e+00,1.366864706036423849e+00,-3.779075369900444681e+00,-1.003886081085927140e+00,-1.081116548969318414e+00,-4.975487683063772870e+00,-4.546250878383411909e+00,-3.404292119915390380e+00,-1.726566672544829206e+00
-4.583550650244626823e+00,-1.492088260440407987e+00,1.366864706036423849e+00,-3.779075369900444681e+00,-1.003886081085927140e+00,-1.081116548969318414e+00,-4.975487683063772870e+00,-4.546250878383411909e+00,-3.404292119915390380e+00,-1.726566672544829206e+00
-4.583550650244626823e+00,-1.492088260440407987e+00,1.366864706036423849e+00,-3.779075369900444681e+00,-1.003886081085927140e+00,-1.081116548969318414e+00,-4.975487683063772870e+00,-4.546250878383411909e+00,-3.404292119915390380e+00,-1.726566672544829206e+00
-4.583550650244626823e+00,-1.492088260440407987e+00,1.366864706036423849e+00,-3.779075369900444681e+00,-1.003886081085927140e+00,-1.081116548969318414e+00,-4.975487683063772870e+00,-4.940356141435777282e+00,-3.404292119915390380e+00,-1.726566672544829206e+00
-4.583550650244626823e+00,-1.492088260440407987e+00,1.366864706036423849e+00,-3.779075369900444681e+00,-1.003886081085927140e+00,-1.081116548969318414e+00,-4.975487683063772870e+00,-4.940356141435777282e+00,-3.404292119915390380e+00,-1.726566672544829206e+00
-4.583550650244626823e+00,-1.492088260440407987e+00,1.366864706036423849e+00,-3.779075369900444681e+00,-1.003886081085927140e+00,-1.081116548969318414e+00,-4.975487683063772870e+00,-4.940356141435777282e+00,-3.404292119915390380e+00,-1.726566672544829206e+00
-4.583550650244626823e+00,-1.492088260440407987e+00,1.366864706036423849e+00,-3.779075369900444681e+00,-1.003886081085927140e+00,-1.081116548969318414e+00,-4.975487683063772870e+00,-4.940356141435777282e+00,-3.404292119915390380e+00,-1.726566672544829206e+00
-4.583550650244626823e+00,-1.492088260440407987e+00,1.366864706036423849e+00,-3.779075369900444681e+00,-1.003886081085927140e+00,-1.081116548969318414e+00,-4.975487683063772870e+00,-4.940356141435777282e+00,-3.404292119915390380e+00,-1.726566672544829206e+00
-4.583550650244626823e+00,-1.492088260440407987e+00,-6.009713540816414845e-01,-3.779075369900444681e+00,-1.003886081085927140e+00,-1.081116548969318414e+00,-4.975487683063772870e+00,-5.215988967485888139e+00,-3.404292119915390380e+00,-1.726566672544829206e+00
-4.583550650244626823e+00,-1.492088260440407987e+00,-1.024345760150778384e+00,-3.779075369900444681e+00,-1.003886081085927140e+00,-1.081116548969318414e+00,-4.975487683063772870e+00,-5.215988967485888139e+00,-3.404292119915390380e+00,-1.726566672544829206e+00
-4.583550650244626823e+00,-1.492088260440407987e+00,-1.024345760150778384e+00,-3.779075369900444681e+00,-1.003886081085927140e+00,-1.081116548969318414e+00,-4.975487683063772870e+00,-5.215988967485888139e+00,-3.404292119915390380e+00,-1.726566672544829206e+00
-4.583550650244626823e+00,-1.492088260440407987e+00,-1.024345760150778384e+00,-3.779075369900444681e+00,-1.003886081085927140e+00,-1.081116548969318414e+00,-4.975487683063772870e+00,-5.215988967485888139e+00,-3.404292119915390380e+00,-1.726566672544829206e+00
-4.583550650244626823e+00,-1.492088260440407987e+00,-1.024345760150778384e+00,-3.779075369900444681e+00,-1.003886081085927140e+00,-1.081116548969318414e+00,-4.975487683063772870e+00,-5.215988967485888139e+00,-3.404292119915390380e+00,-1.726566672544829206e+00
-4.583550650244626823e+00,-1.492088260440407987e+00,-1.024345760150778384e+00,-3.779075369900444681e+00,-1.003886081085927140e+00,-1.081116548969318414e+00,-4.975487683063772870e+00,-5.215988967485888139e+00,-3.404292119915390380e+00,-1.726566672544829206e+00
-4.583550650244626823e+00,-1.492088260440407987e+00,-1.024345760150778384e+00,-3.779075369900444681e+00,-1.003886081085927140e+00,-1.081116548969318414e+00,-4.975487683063772870e+00,-5.215988967485888139e+00,-3.404292119915390380e+00,-1.726566672544829206e+00
-4.583550650244626823e+00,-1.492088260440407987e+00,-1.024345760150778384e+00,-3.779075369900444681e+00,-1.003886081085927140e+00,-1.081116548969318414e+00,-4.975487683063772870e+00,-5.215988967485888139e+00,-3.404292119915390380e+00,-1.726566672544829206e+00
-4.583550650244626823e+00,-1.492088260440407987e+00,-1.024345760150778384e+00,-3.779075369900444681e+00,-1.003886081085927140e+00,-1.081116548969318414e+00,-4.975487683063772870e+00,-5.215988967485888139e+00,-3.404292119915390380e+00,-1.726566672544829206e+00
-4.583550650244626823e+00,-1.492088260440407987e+00,-1.024345760150778384e+00,-3.779075369900444681e+00,-1.003886081085927140e+00,-1.081116548969318414e+00,-4.975487683063772870e+00,-5.215988967485888139e+00,-3.404292119915390380e+00,-1.726566672544829206e+00
-4.583550650244626823e+00,-1.492088260440407987e+00,-1.143021912305999699e+00,-3.779075369900444681e+00,-1.003886081085927140e+00,-1.081116548969318414e+00,-4.975487683063772870e+00,-5.215988967485888139e+00,-3.404292119915390380e+00,-1.726566672544829206e+00
-4.583550650244626823e+00,-1.492088260440407987e+00,-1.143021912305999699e+00,-3.779075369900444681e+00,-1.003886081085927140e+00,-1.081116548969318414e+00,-4.975487683063772870e+00,-5.215988967485888139e+00,-3.404292119915390380e+00,-1.726566672544829206e+00
-4.583550650244626823e+00,-1.492088260440407987e+00,-2.533510563509386415e+00,-3.779075369900444681e+00,-1.003886081085927140e+00,-1.081116548969318414e+00,-4.975487683063772870e+00,-5.215988967485888139e+00,-3.404292119915390380e+00,-1.726566672544829206e+00
-4.583550650244626823e+00,-1.492088260440407987e+00,-2.533510563509386415e+00,-3.779075369900444681e+00,-1.003886081085927140e+00,-1.081116548969318414e+00,-4.975487683063772870e+00,-5.215988967485888139e+00,-3.404292119915390380e+00,-2.025781883159049279e+00
-4.583550650244626823e+00,-1.492088260440407987e+00,-2.533510563509386415e+00,-3.779075369900444681e+00,-1.003886081085927140e+00,-1.303549307753965047e+00,-4.975487683063772870e+00,-5.215988967485888139e+00,-3.404292119915390380e+00,-2.025781883159049279e+00
-4.583550650244626823e+00,-1.492088260440407987e+00,-2.533510563509386415e+00,-3.779075369900444681e+00,-1.003886081085927140e+00,-1.303549307753965047e+00,-4.975487683063772870e+00,-5.215988967485888139e+00,-3.404292119915390380e+00,-2.025781883159049279e+00
-4.583550650244626823e+00,-1.492088260440407987e+00,-2.533510563509386415e+00,-3.779075369900444681e+00,-1.003886081085927140e+00,-1.303549307753965047e+00,-4.975487683063772870e+00,-5.215988967485888139e+00,-3.404292119915390380e+00,-2.025781883159049279e+00
-4.583550650244626823e+00,-1.492088260440407987e+00,-2.533510563509386415e+00,-3.779075369900444681e+00,-1.003886081085927140e+00,-1.303549307753965047e+00,-4.975487683063772870e+00,-5.215988967485888139e+00,-3.404292119915390380e+00,-2.025781883159049279e+00
-4.583550650244626823e+00,-1.492088260440407987e+00,-2.533510563509386415e+00,-3.779075369900444681e+00,-1.003886081085927140e+00,-1.303549307753965047e+00,-4.975487683063772870e+00,-5.215988967485888139e+00,-3.404292119915390380e+00,-2.025781883159049279e+00
-4.583550650244626823e+00,-1.492088260440407987e+00,-2.533510563509386415e+00,-3.779075369900444681e+00,-1.003886081085927140e+00,-1.303549307753965047e+00,-4.975487683063772870e+00,-5.215988967485888139e+00,-3.404292119915390380e+00,-2.025781883159049279e+00
-4.583550650244626823e+00,-1.492088260440407987e+00,-2.533510563509386415e+00,-3.779075369900444681e+00,-1.003886081085927140e+00,-1.303549307753965047e+00,-4.975487683063772870e+00,-5.215988967485888139e+00,-3.404292119915390380e+00,-2.025781883159049279e+00
-4.583550650244626823e+00,-1.492088260440407987e+00,-2.533510563509386415e+00,-3.779075369900444681e+00,-1.003886081085927140e+00,-1.303549307753965047e+00,-4.975487683063772870e+00,-5.215988967485888139e+00,-3.404292119915390380e+00,-2.025781883159049279e+00
-4.583550650244626823e+00,-1.492088260440407987e+00,-2.533510563509386415e+00,-3.779075369900444681e+00,-1.003886081085927140e+00,-1.303549307753965047e+00,-4.975487683063772870e+00,-5.215988967485888139e+00,-3.404292119915390380e+00,-2.025781883159049279e+00
-4.583550650244626823e+00,-1.492088260440407987e+00,-2.533510563509386415e+00,-3.779075369900444681e+00,-1.003886081085927140e+00,-1.303549307753965047e+00,-4.975487683063772870e+00,-5.215988967485888139e+00,-3.404292119915390380e+00,-2.025781883159049279e+00
-4.583550650244626823e+00,-1.492088260440407987e+00,-2.533510563509386415e+00,-3.779075369900444681e+00,-1.003886081085927140e+00,-1.303549307753965047e+00,-4.975487683063772870e+00,-5.215988967485888139e+00,-3.404292119915390380e+00,-2.025781883159049279e+00
-4.583550650244626823e+00,-1.492088260440407987e+00,-2.533510563509386415e+00,-3.779075369900444681e+00,-1.003886081085927140e+00,-1.303549307753965047e+00,-4.975487683063772870e+00,-5.215988967485888139e+00,-3.404292119915390380e+00,-2.025781883159049279e+00
-4.583550650244626823e+00,-1.492088260440407987e+00,-2.533510563509386415e+00,-3.779075369900444681e+00,-1.003886081085927140e+00,-1.303549307753965047e+00,-4.975487683063772870e+00,-5.215988967485888139e+00,-3.404292119915390380e+00,-2.025781883159049279e+00
-4.583550650244626823e+00,-1.492088260440407987e+00,-2.533510563509386415e+00,-3.779075369900444681e+00,-1.003886081085927140e+00,-1.303549307753965047e+00,-4.975487683063772870e+00,-5.215988967485888139e+00,-3.404292119915390380e+00,-2.025781883159049279e+00
-4.583550650244626823e+00,-1.492088260440407987e+00,-2.533510563509386415e+00,-3.779075369900444681e+00,-1.003886081085927140e+00,-1.303549307753965047e+00,-4.975487683063772870e+00,-5.215988967485888139e+00,-3.404292119915390380e+00,-2.025781883159049279e+00
-4.583550650244626823e+00,-1.492088260440407987e+00,-2.533510563509386415e+00,-3.779075369900444681e+00,-1.003886081085927140e+00,-1.303549307753965047e+00,-4.975487683063772870e+00,-5.215988967485888139e+00,-3.404292119915390380e+00,-2.025781883159049279e+00
-4.583550650244626823e+00,-1.492088260440407987e+00,-2.533510563509386415e+00,-3.779075369900444681e+00,-1.003886081085927140e+00,-1.303549307753965047e+00,-4.975487683063772870e+00,-5.215988967485888139e+00,-3.404292119915390380e+00,-2.025781883159049279e+00
-4.583550650244626823e+00,-1.492088260440407987e+00,-2.533510563509386415e+00,-3.779075369900444681e+00,-1.003886081085927140e+00,-1.303549307753965047e+00,-4.975487683063772870e+00,-5.215988967485888139e+00,-3.404292119915390380e+00,-2.025781883159049279e+00
-4.583550650244626823e+00,-1.492088260440407987e+00,-2.533510563509386415e+00,-3.779075369900444681e+00,-1.003886081085927140e+00,-1.303549307753965047e+00,-4.975487683063772870e+00,-5.215988967485888139e+00,-3.404292119915390380e+00,-2.025781883159049279e+00
-4.583550650244626823e+00,-1.492088260440407987e+00,-2.533510563509386415e+00,-3.779075369900444681e+00,-1.003886081085927140e+00,-1.303549307753965047e+00,-4.975487683063772870e+00,-5.215988967485888139e+00,-3.404292119915390380e+00,-2.025781883159049279e+00
-4.583550650244626823e+00,-1.492088260440407987e+00,-2.533510563509386415e+00,-3.779075369900444681e+00,-1.003886081085927140e+00,-1.303549307753965047e+00,-4.975487683063772870e+00,-5.215988967485888139e+00,-3.404292119915390380e+00,-2.025781883159049279e+00
-4.583550650244626823e+00,-1.492088260440407987e+00,-2.533510563509386415e+00,-3.779075369900444681e+00,-1.003886081085927140e+00,-1.303549307753965047e+00,-4.975487683063772870e+00,-5.215988967485888139e+00,-3.404292119915390380e+00,-2.025781883159049279e+00
-4.583550650244626823e+00,-1.492088260440407987e+00,-2.533510563509386415e+00,-3.779075369900444681e+00,-1.003886081085927140e+00,-1.303549307753965047e+00,-4.975487683063772870e+00,-5.215988967485888139e+00,-3.404292119915390380e+00,-2.025781883159049279e+00
-4.583550650244626823e+00,-1.492088260440407987e+00,-2.533510563509386415e+00,-3.779075369900444681e+00,-1.003886081085927140e+00,-1.303549307753965047e+00,-4.975487683063772870e+00,-5.215988967485888139e+00,-3.404292119915390380e+00,-2.025781883159049279e+00
-4.583550650244626823e+00,-1.492088260440407987e+00,-2.533510563509386415e+00,-3.779075369900444681e+00,-1.003886081085927140e+00,-1.303549307753965047e+00,-4.975487683063772870e+00,-5.215988967485888139e+00,-3.404292119915390380e+00,-2.025781883159049279e+00
-4.583550650244626823e+00,-1.492088260440407987e+00,-2.533510563509386415e+00,-3.779075369900444681e+00,-1.003886081085927140e+00,-1.303549307753965047e+00,-4.975487683063772870e+00,-5.215988967485888139e+00,-3.404292119915390380e+00,-2.025781883159049279e+00
-4.583550650244626823e+00,-1.492088260440407987e+00,-2.533510563509386415e+00,-3.779075369900444681e+00,-1.003886081085927140e+00,-1.303549307753965047e+00,-4.975487683063772870e+00,-5.215988967485888139e+00,-4.919164772033744804e+00,-2.025781883159049279e+00
-4.583550650244626823e+00,-1.492088260440407987e+00,-2.533510563509386415e+00,-3.779075369900444681e+00,-1.003886081085927140e+00,-1.303549307753965047e+00,-4.975487683063772870e+00,-5.215988967485888139e+00,-4.919164772033744804e+00,-2.025781883159049279e+00
-4.583550650244626823e+00,-1.492088260440407987e+00,-2.533510563509386415e+00,-3.779075369900444681e+00,-1.003886081085927140e+00,-1.303549307753965047e+00,-4.975487683063772870e+00,-5.215988967485888139e+00,-4.919164772033744804e+00,-2.025781883159049279e+00
-4.583550650244626823e+00,-1.492088260440407987e+00,-2.533510563509386415e+00,-3.779075369900444681e+00,-1.003886081085927140e+00,-1.303549307753965047e+00,-4.975487683063772870e+00,-5.215988967485888139e+00,-4.919164772033744804e+00,-2.025781883159049279e+00
-4.583550650244626823e+00,-1.492088260440407987e+00,-2.533510563509386415e+00,-3.779075369900444681e+00,-1.003886081085927140e+00,-1.303549307753965047e+00,-4.975487683063772870e+00,-5.215988967485888139e+00,-4.919164772033744804e+00,-2.025781883159049279e+00
-4.583550650244626823e+00,-1.492088260440407987e+00,-2.533510563509386415e+00,-3.779075369900444681e+00,-1.003886081085927140e+00,-1.303549307753965047e+00,-4.975487683063772870e+00,-5.215988967485888139e+00,-4.919164772033744804e+00,-2.025781883159049279e+00
-4.583550650244626823e+00,-1.492088260440407987e+00,-2.533510563509386415e+00,-3.779075369900444681e+00,-1.003886081085927140e+00,-1.303549307753965047e+00,-4.975487683063772870e+00,-5.215988967485888139e+00,-4.919164772033744804e+00,-2.025781883159049279e+00
-4.583550650244626823e+00,-1.492088260440407987e+00,-2.533510563509386415e+00,-3.779075369900444681e+00,-1.003886081085927140e+00,-1.303549307753965047e+00,-4.975487683063772870e+00,-5.215988967485888139e+00,-4.919164772033744804e+00,-2.025781883159049279e+00
-4.583550650244626823e+00,-1.492088260440407987e+00,-2.533510563509386415e+00,-3.779075369900444681e+00,-1.003886081085927140e+00,-1.303549307753965047e+00,-4.975487683063772870e+00,-5.215988967485888139e+00,-4.919164772033744804e+00,-2.025781883159049279e+00
-4.583550650244626823e+00,-1.492088260440407987e+00,-2.533510563509386415e+00,-3.779075369900444681e+00,-1.003886081085927140e+00,-1.303549307753965047e+00,-4.975487683063772870e+00,-5.215988967485888139e+00,-4.919164772033744804e+00,-2.025781883159049279e+00
-4.583550650244626823e+00,-1.492088260440407987e+00,-2.533510563509386415e+00,-3.779075369900444681e+00,-1.003886081085927140e+00,-1.303549307753965047e+00,-4.975487683063772870e+00,-5.215988967485888139e+00,-4.919164772033744804e+00,-2.025781883159049279e+00
-4.583550650244626823e+00,-1.492088260440407987e+00,-2.533510563509386415e+00,-3.779075369900444681e+00,-1.003886081085927140e+00,-1.303549307753965047e+00,-4.975487683063772870e+00,-5.215988967485888139e+00,-4.919164772033744804e+00,-2.025781883159049279e+00
-4.583550650244626823e+00,-1.492088260440407987e+00,-2.533510563509386415e+00,-3.779075369900444681e+00,-1.003886081085927140e+00,-1.303549307753965047e+00,-4.975487683063772870e+00,-5.215988967485888139e+00,-4.919164772033744804e+00,-2.025781883159049279e+00
-4.583550650244626823e+00,-1.492088260440407987e+00,-2.533510563509386415e+00,-3.779075369900444681e+00,-1.003886081085927140e+00,-1.303549307753965047e+00,-4.975487683063772870e+00,-5.215988967485888139e+00,-4.919164772033744804e+00,-2.025781883159049279e+00
-4.583550650244626823e+00,-1.492088260440407987e+00,-2.533510563509386415e+00,-3.779075369900444681e+00,-1.003886081085927140e+00,-1.303549307753965047e+00,-4.975487683063772870e+00,-5.215988967485888139e+00,-4.919164772033744804e+00,-2.025781883159049279e+00
-4.583550650244626823e+00,-1.492088260440407987e+00,-2.533510563509386415e+00,-3.779075369900444681e+00,-1.003886081085927140e+00,-1.303549307753965047e+00,-4.975487683063772870e+00,-5.215988967485888139e+00,-4.919164772033744804e+00,-2.025781883159049279e+00
-4.583550650244626823e+00,-1.492088260440407987e+00,-2.533510563509386415e+00,-3.779075369900444681e+00,-1.003886081085927140e+00,-1.303549307753965047e+00,-4.975487683063772870e+00,-5.215988967485888139e+00,-4.919164772033744804e+00,-2.025781883159049279e+00
-4.583550650244626823e+00,-1.492088260440407987e+00,-2.533510563509386415e+00,-3.779075369900444681e+00,-1.003886081085927140e+00,-1.303549307753965047e+00,-4.975487683063772870e+00,-5.215988967485888139e+00,-4.919164772033744804e+00,-2.025781883159049279e+00
-4.583550650244626823e+00,-1.492088260440407987e+00,-2.533510563509386415e+00,-3.779075369900444681e+00,-1.003886081085927140e+00,-1.303549307753965047e+00,-4.975487683063772870e+00,-5.215988967485888139e+00,-4.919164772033744804e+00,-2.025781883159049279e+00
-4.583550650244626823e+00,-1.492088260440407987e+00,-2.533510563509386415e+00,-3.779075369900444681e+00,-1.003886081085927140e+00,-1.303549307753965047e+00,-4.975487683063772870e+00,-5.215988967485888139e+00,-4.919164772033744804e+00,-2.025781883159049279e+00
-4.583550650244626823e+00,-1.492088260440407987e+00,-2.533510563509386415e+00,-3.779075369900444681e+00,-1.003886081085927140e+00,-1.303549307753965047e+00,-4.975487683063772870e+00,-5.215988967485888139e+00,-4.919164772033744804e+00,-2.025781883159049279e+00
-4.583550650244626823e+00,-1.492088260440407987e+00,-2.533510563509386415e+00,-3.779075369900444681e+00,-1.003886081085927140e+00,-1.303549307753965047e+00,-4.975487683063772870e+00,-5.215988967485888139e+00,-4.919164772033744804e+00,-2.025781883159049279e+00
-4.583550650244626823e+00,-1.492088260440407987e+00,-2.533510563509386415e+00,-3.779075369900444681e+00,-1.003886081085927140e+00,-1.303549307753965047e+00,-4.975487683063772870e+00,-5.215988967485888139e+00,-4.919164772033744804e+00,-2.025781883159049279e+00
-4.583550650244626823e+00,-1.492088260440407987e+00,-2.533510563509386415e+00,-3.779075369900444681e+00,-1.003886081085927140e+00,-1.303549307753965047e+00,-4.975487683063772870e+00,-5.215988967485888139e+00,-4.919164772033744804e+00,-2.025781883159049279e+00
-4.583550650244626823e+00,-1.492088260440407987e+00,-2.533510563509386415e+00,-3.779075369900444681e+00,-1.003886081085927140e+00,-1.303549307753965047e+00,-4.975487683063772870e+00,-5.215988967485888139e+00,-4.919164772033744804e+00,-2.025781883159049279e+00
-4.583550650244626823e+00,-1.492088260440407987e+00,-2.533510563509386415e+00,-3.779075369900444681e+00,-1.120324513920517573e+00,-1.303549307753965047e+00,-4.975487683063772870e+00,-5.215988967485888139e+00,-4.919164772033744804e+00,-2.025781883159049279e+00
-4.583550650244626823e+00,-1.492088260440407987e+00,-2.533510563509386415e+00,-3.779075369900444681e+00,-1.120324513920517573e+00,-1.303549307753965047e+00,-4.975487683063772870e+00,-5.215988967485888139e+00,-4.919164772033744804e+00,-2.025781883159049279e+00
-4.583550650244626823e+00,-1.492088260440407987e+00,-2.533510563509386415e+00,-3.779075369900444681e+00,-1.120324513920517573e+00,-1.303549307753965047e+00,-4.975487683063772870e+00,-5.215988967485888139e+00,-4.919164772033744804e+00,-2.025781883159049279e+00
-4.583550650244626823e+00,-1.492088260440407987e+00,-2.533510563509386415e+00,-3.779075369900444681e+00,-1.120324513920517573e+00,-1.303549307753965047e+00,-4.975487683063772870e+00,-5.215988967485888139e+00,-4.919164772033744804e+00,-2.025781883159049279e+00
-4.583550650244626823e+00,-1.492088260440407987e+00,-2.533510563509386415e+00,-3.779075369900444681e+00,-1.120324513920517573e+00,-1.303549307753965047e+00,-4.975487683063772870e+00,-5.215988967485888139e+00,-4.919164772033744804e+00,-2.025781883159049279e+00
-4.583550650244626823e+00,-1.492088260440407987e+00,-2.533510563509386415e+00,-3.779075369900444681e+00,-1.120324513920517573e+00,-1.303549307753965047e+00,-4.975487683063772870e+00,-5.215988967485888139e+00,-4.919164772033744804e+00,-2.025781883159049279e+00
-4.583550650244626823e+00,-1.492088260440407987e+00,-2.533510563509386415e+00,-3.779075369900444681e+00,-1.120324513920517573e+00,-1.303549307753965047e+00,-4.975487683063772870e+00,-5.215988967485888139e+00,-4.919164772033744804e+00,-2.025781883159049279e+00
-4.583550650244626823e+00,-1.492088260440407987e+00,-2.533510563509386415e+00,-3.779075369900444681e+00,-1.120324513920517573e+00,-1.303549307753965047e+00,-4.975487683063772870e+00,-5.215988967485888139e+00,-4.919164772033744804e+00,-2.025781883159049279e+00
-4.583550650244626823e+00,-1.492088260440407987e+00,-2.533510563509386415e+00,-3.779075369900444681e+00,-1.120324513920517573e+00,-1.303549307753965047e+00,-4.975487683063772870e+00,-5.215988967485888139e+00,-4.919164772033744804e+00,-2.025781883159049279e+00
-4.583550650244626823e+00,-1.492088260440407987e+00,-2.533510563509386415e+00,-3.779075369900444681e+00,-1.328671563086395890e+00,-1.303549307753965047e+00,-4.975487683063772870e+00,-5.215988967485888139e+00,-4.919164772033744804e+00,-2.025781883159049279e+00
-4.583550650244626823e+00,-1.492088260440407987e+00,-2.533510563509386415e+00,-3.779075369900444681e+00,-1.328671563086395890e+00,-1.303549307753965047e+00,-4.975487683063772870e+00,-5.215988967485888139e+00,-4.919164772033744804e+00,-2.025781883159049279e+00
-4.583550650244626823e+00,-1.492088260440407987e+00,-2.533510563509386415e+00,-3.779075369900444681e+00,-2.851121192775104785e+00,-1.303549307753965047e+00,-4.975487683063772870e+00,-5.215988967485888139e+00,-4.919164772033744804e+00,-2.025781883159049279e+00
-4.583550650244626823e+00,-1.492088260440407987e+00,-2.533510563509386415e+00,-3.779075369900444681e+00,-2.851121192775104785e+00,-1.303549307753965047e+00,-4.975487683063772870e+00,-5.215988967485888139e+00,-4.919164772033744804e+00,-2.025781883159049279e+00
-4.583550650244626823e+00,-1.492088260440407987e+00,-2.533510563509386415e+00,-3.779075369900444681e+00,-2.851121192775104785e+00,-1.303549307753965047e+00,-4.975487683063772870e+00,-5.215988967485888139e+00,-4.919164772033744804e+00,-2.025781883159049279e+00
