8.372725478405939059e-01,2.058271213350010953e+00,-1.221393439675118042e+00,-4.257925219113595228e-02,-3.778081750875747158e+00,9.364217312997049625e-01,-3.788005462916018695e-01,-1.373159845374373411e+00,8.411655441709949832e-01,-1.171668013655588370e+00
4.945093183196315745e-01,2.058271213350010953e+00,-1.221393439675118042e+00,-3.421649071036484413e-01,-3.778081750875747158e+00,-2.064450462584667759e-02,-3.788005462916018695e-01,-1.373159845374373411e+00,-6.187312413795300614e-01,-1.308447937523555815e+00
4.542455327190424996e-01,2.058271213350010953e+00,-1.221393439675118042e+00,-3.421649071036484413e-01,-3.778081750875747158e+00,-2.064450462584667759e-02,-1.060761233980902496e+00,-1.373159845374373411e+00,-6.187312413795300614e-01,-2.859067326471672388e+00
4.542455327190424996e-01,1.193451065064488947e+00,-1.221393439675118042e+00,-3.421649071036484413e-01,-3.949612046370583052e+00,-2.064450462584667759e-02,-1.060761233980902496e+00,-1.493904059291449204e+00,-6.187312413795300614e-01,-2.859067326471672388e+00
3.060988399032970597e-01,1.193451065064488947e+00,-1.221393439675118042e+00,-3.421649071036484413e-01,-3.949612046370583052e+00,-2.064450462584667759e-02,-1.060761233980902496e+00,-1.841713991339059442e+00,-6.187312413795300614e-01,-2.859067326471672388e+00
3.060988399032970597e-01,1.193451065064488947e+00,-1.221393439675118042e+00,-3.617262200033234398e-01,-3.949612046370583052e+00,-2.064450462584667759e-02,-1.060761233980902496e+00,-1.841713991339059442e+00,-6.187312413795300614e-01,-2.859067326471672388e+00
3.060988399032970597e-01,1.193451065064488947e+00,-1.221393439675118042e+00,-5.849012047403324699e-01,-3.949612046370583052e+00,-2.064450462584667759e-02,-1.060761233980902496e+00,-1.841713991339059442e+00,-6.187312413795300614e-01,-2.859067326471672388e+00
-5.616606817214211400e-01,1.193451065064488947e+00,-1.221393439675118042e+00,-5.849012047403324699e-01,-3.949612046370583052e+00,-2.064450462584667759e-02,-1.060761233980902496e+00,-1.841713991339059442e+00,-6.187312413795300614e-01,-2.859067326471672388e+00
-5.616606817214211400e-01,1.146723963511860456e+00,-1.221393439675118042e+00,-5.849012047403324699e-01,-3.949612046370583052e+00,-2.064450462584667759e-02,-1.060761233980902496e+00,-1.841713991339059442e+00,-6.187312413795300614e-01,-2.859067326471672388e+00
-5.616606817214211400e-01,1.146723963511860456e+00,-1.221393439675118042e+00,-5.849012047403324699e-01,-3.949612046370583052e+00,-2.064450462584667759e-02,-1.060761233980902496e+00,-1.841713991339059442e+00,-6.187312413795300614e-01,-2.859067326471672388e+00
-5.616606817214211400e-01,4.068392859664413663e-01,-1.221393439675118042e+00,-7.592933789182115811e-01,-3.949612046370583052e+00,-2.064450462584667759e-02,-1.060761233980902496e+00,-1.841713991339059442e+00,-6.187312413795300614e-01,-2.859067326471672388e+00
-5.616606817214211400e-01,4.068392859664413663e-01,-1.221393439675118042e+00,-7.592933789182115811e-01,-3.949612046370583052e+00,-3.970000287495485392e-01,-1.060761233980902496e+00,-1.841713991339059442e+00,-6.187312413795300614e-01,-2.859067326471672388e+00
-5.616606817214211400e-01,4.068392859664413663e-01,-1.221393439675118042e+00,-7.592933789182115811e-01,-3.949612046370583052e+00,-7.007815897046019149e-01,-1.060761233980902496e+00,-1.841713991339059442e+00,-6.187312413795300614e-01,-2.859067326471672388e+00
-5.616606817214211400e-01,4.068392859664413663e-01,-1.221393439675118042e+00,-1.169690544118936470e+00,-3.949612046370583052e+00,-7.007815897046019149e-01,-1.060761233980902496e+00,-1.841713991339059442e+00,-6.187312413795300614e-01,-2.859067326471672388e+00
-5.616606817214211400e-01,4.068392859664413663e-01,-1.221393439675118042e+00,-1.169690544118936470e+00,-3.949612046370583052e+00,-7.007815897046019149e-01,-1.060761233980902496e+00,-1.841713991339059442e+00,-6.187312413795300614e-01,-2.859067326471672388e+00
-5.616606817214211400e-01,4.068392859664413663e-01,-1.221393439675118042e+00,-1.169690544118936470e+00,-3.949612046370583052e+00,-7.007815897046019149e-01,-1.060761233980902496e+00,-1.841713991339059442e+00,-6.187312413795300614e-01,-2.859067326471672388e+00
-5.616606817214211400e-01,4.068392859664413663e-01,-1.221393439675118042e+00,-1.169690544118936470e+00,-3.949612046370583052e+00,-7.007815897046019149e-01,-1.060761233980902496e+00,-1.841713991339059442e+00,-6.187312413795300614e-01,-2.859067326471672388e+00
-5.616606817214211400e-01,4.068392859664413663e-01,-1.221393439675118042e+00,-1.169690544118936470e+00,-3.949612046370583052e+00,-7.007815897046019149e-01,-1.060761233980902496e+00,-1.841713991339059442e+00,-6.187312413795300614e-01,-2.859067326471672388e+00
-5.616606817214211400e-01,2.787230482042938884e-01,-1.221393439675118042e+00,-1.295697951779007928e+00,-3.949612046370583052e+00,-7.007815897046019149e-01,-1.060761233980902496e+00,-1.841713991339059442e+00,-6.187312413795300614e-01,-2.859067326471672388e+00
-5.616606817214211400e-01,2.787230482042938884e-01,-1.221393439675118042e+00,-1.295697951779007928e+00,-5.117102846344953271e+00,-7.007815897046019149e-01,-1.060761233980902496e+00,-1.841713991339059442e+00,-6.187312413795300614e-01,-2.859067326471672388e+00
-1.119149060103074467e+00,2.787230482042938884e-01,-1.221393439675118042e+00,-1.624395371317646664e+00,-5.117102846344953271e+00,-7.007815897046019149e-01,-1.060761233980902496e+00,-1.841713991339059442e+00,-6.187312413795300614e-01,-2.859067326471672388e+00
-1.119149060103074467e+00,2.787230482042938884e-01,-1.221393439675118042e+00,-1.624395371317646664e+00,-5.117102846344953271e+00,-7.007815897046019149e-01,-1.060761233980902496e+00,-1.841713991339059442e+00,-6.187312413795300614e-01,-2.859067326471672388e+00
-1.119149060103074467e+00,2.787230482042938884e-01,-1.221393439675118042e+00,-1.624395371317646664e+00,-5.117102846344953271e+00,-7.007815897046019149e-01,-2.372342432633082865e+00,-1.841713991339059442e+00,-6.187312413795300614e-01,-2.859067326471672388e+00
-1.119149060103074467e+00,2.787230482042938884e-01,-1.221393439675118042e+00,-1.624395371317646664e+00,-5.117102846344953271e+00,-7.007815897046019149e-01,-2.372342432633082865e+00,-1.841713991339059442e+00,-6.187312413795300614e-01,-2.859067326471672388e+00
-1.119149060103074467e+00,2.787230482042938884e-01,-1.221393439675118042e+00,-1.624395371317646664e+00,-5.117102846344953271e+00,-7.007815897046019149e-01,-2.372342432633082865e+00,-1.841713991339059442e+00,-6.187312413795300614e-01,-2.859067326471672388e+00
-1.119149060103074467e+00,2.787230482042938884e-01,-1.221393439675118042e+00,-1.624395371317646664e+00,-5.117102846344953271e+00,-7.007815897046019149e-01,-2.372342432633082865e+00,-1.841713991339059442e+00,-6.187312413795300614e-01,-3.135391538295869918e+00
-1.119149060103074467e+00,2.787230482042938884e-01,-1.221393439675118042e+00,-1.826506861498927936e+00,-5.117102846344953271e+00,-7.007815897046019149e-01,-2.372342432633082865e+00,-1.841713991339059442e+00,-6.187312413795300614e-01,-3.135391538295869918e+00
-1.119149060103074467e+00,2.787230482042938884e-01,-1.221393439675118042e+00,-1.826506861498927936e+00,-5.117102846344953271e+00,-7.007815897046019149e-01,-2.372342432633082865e+00,-1.841713991339059442e+00,-6.187312413795300614e-01,-3.135391538295869918e+00
-1.119149060103074467e+00,2.787230482042938884e-01,-1.221393439675118042e+00,-1.826506861498927936e+00,-5.117102846344953271e+00,-7.007815897046019149e-01,-2.372342432633082865e+00,-1.841713991339059442e+00,-6.187312413795300614e-01,-3.135391538295869918e+00
-1.119149060103074467e+00,2.787230482042938884e-01,-1.221393439675118042e+00,-1.826506861498927936e+00,-5.117102846344953271e+00,-7.007815897046019149e-01,-2.372342432633082865e+00,-1.841713991339059442e+00,-6.187312413795300614e-01,-3.135391538295869918e+00
-1.147777907516865481e+00,2.787230482042938884e-01,-1.221393439675118042e+00,-1.826506861498927936e+00,-5.117102846344953271e+00,-7.007815897046019149e-01,-2.372342432633082865e+00,-1.841713991339059442e+00,-6.187312413795300614e-01,-3.135391538295869918e+00
-1.147777907516865481e+00,2.787230482042938884e-01,-1.221393439675118042e+00,-1.826506861498927936e+00,-5.117102846344953271e+00,-7.007815897046019149e-01,-2.372342432633082865e+00,-1.841713991339059442e+00,-6.187312413795300614e-01,-3.135391538295869918e+00
-1.147777907516865481e+00,2.787230482042938884e-01,-1.221393439675118042e+00,-1.826506861498927936e+00,-5.117102846344953271e+00,-7.007815897046019149e-01,-2.372342432633082865e+00,-1.841713991339059442e+00,-6.187312413795300614e-01,-3.135391538295869918e+00
-1.147777907516865481e+00,2.787230482042938884e-01,-1.221393439675118042e+00,-1.826506861498927936e+00,-5.117102846344953271e+00,-7.007815897046019149e-01,-2.372342432633082865e+00,-1.841713991339059442e+00,-6.187312413795300614e-01,-3.135391538295869918e+00
-1.147777907516865481e+00,2.787230482042938884e-01,-1.221393439675118042e+00,-1.826506861498927936e+00,-5.117102846344953271e+00,-7.007815897046019149e-01,-2.372342432633082865e+00,-2.493460967746243373e+00,-6.187312413795300614e-01,-3.135391538295869918e+00
-1.147777907516865481e+00,2.787230482042938884e-01,-1.221393439675118042e+00,-1.826506861498927936e+00,-5.117102846344953271e+00,-7.007815897046019149e-01,-2.372342432633082865e+00,-2.493460967746243373e+00,-6.187312413795300614e-01,-3.135391538295869918e+00
-1.147777907516865481e+00,2.787230482042938884e-01,-1.221393439675118042e+00,-1.826506861498927936e+00,-5.117102846344953271e+00,-7.007815897046019149e-01,-2.372342432633082865e+00,-2.493460967746243373e+00,-6.187312413795300614e-01,-3.135391538295869918e+00
-1.147777907516865481e+00,2.787230482042938884e-01,-1.221393439675118042e+00,-1.826506861498927936e+00,-5.117102846344953271e+00,-7.007815897046019149e-01,-2.372342432633082865e+00,-2.493460967746243373e+00,-6.187312413795300614e-01,-3.135391538295869918e+00
-1.147777907516865481e+00,-1.887205891524783852e-01,-1.221393439675118042e+00,-1.826506861498927936e+00,-5.117102846344953271e+00,-7.007815897046019149e-01,-2.372342432633082865e+00,-2.493460967746243373e+00,-6.187312413795300614e-01,-3.135391538295869918e+00
-1.147777907516865481e+00,-1.887205891524783852e-01,-1.221393439675118042e+00,-1.845807649286097973e+00,-5.117102846344953271e+00,-7.007815897046019149e-01,-2.372342432633082865e+00,-2.493460967746243373e+00,-6.187312413795300614e-01,-3.135391538295869918e+00
-1.147777907516865481e+00,-1.887205891524783852e-01,-1.221393439675118042e+00,-1.845807649286097973e+00,-5.117102846344953271e+00,-7.007815897046019149e-01,-2.372342432633082865e+00,-2.493460967746243373e+00,-6.187312413795300614e-01,-3.135391538295869918e+00
-1.388260086864052889e+00,-3.747157561418873462e-01,-1.221393439675118042e+00,-1.845807649286097973e+00,-5.117102846344953271e+00,-1.302565554173693796e+00,-2.372342432633082865e+00,-2.493460967746243373e+00,-6.187312413795300614e-01,-3.135391538295869918e+00
-1.388260086864052889e+00,-3.747157561418873462e-01,-1.549332266723052909e+00,-1.845807649286097973e+00,-5.117102846344953271e+00,-1.523593582683352654e+00,-2.372342432633082865e+00,-2.493460967746243373e+00,-6.187312413795300614e-01,-3.135391538295869918e+00
-1.388260086864052889e+00,-3.747157561418873462e-01,-1.549332266723052909e+00,-1.845807649286097973e+00,-5.117102846344953271e+00,-1.523593582683352654e+00,-2.372342432633082865e+00,-2.493460967746243373e+00,-6.187312413795300614e-01,-3.135391538295869918e+00
-1.388260086864052889e+00,-3.747157561418873462e-01,-1.549332266723052909e+00,-1.845807649286097973e+00,-5.117102846344953271e+00,-1.523593582683352654e+00,-2.372342432633082865e+00,-2.493460967746243373e+00,-6.187312413795300614e-01,-3.135391538295869918e+00
-1.388260086864052889e+00,-3.747157561418873462e-01,-1.549332266723052909e+00,-1.845807649286097973e+00,-5.117102846344953271e+00,-1.523593582683352654e+00,-2.372342432633082865e+00,-2.493460967746243373e+00,-6.187312413795300614e-01,-3.135391538295869918e+00
-1.388260086864052889e+00,-3.747157561418873462e-01,-1.622739474379188085e+00,-1.845807649286097973e+00,-5.117102846344953271e+00,-1.523593582683352654e+00,-2.372342432633082865e+00,-2.493460967746243373e+00,-6.187312413795300614e-01,-3.135391538295869918e+00
-1.604155299089020659e+00,-3.747157561418873462e-01,-1.868419658587831877e+00,-1.845807649286097973e+00,-5.117102846344953271e+00,-1.523593582683352654e+00,-2.372342432633082865e+00,-2.493460967746243373e+00,-6.187312413795300614e-01,-3.135391538295869918e+00
-1.604155299089020659e+00,-3.747157561418873462e-01,-1.868419658587831877e+00,-1.845807649286097973e+00,-5.117102846344953271e+00,-1.523593582683352654e+00,-2.372342432633082865e+00,-2.493460967746243373e+00,-6.187312413795300614e-01,-3.135391538295869918e+00
-1.604155299089020659e+00,-3.747157561418873462e-01,-1.868419658587831877e+00,-1.845807649286097973e+00,-5.117102846344953271e+00,-1.523593582683352654e+00,-2.372342432633082865e+00,-2.493460967746243373e+00,-6.187312413795300614e-01,-3.135391538295869918e+00
-2.266991327303356840e+00,-3.747157561418873462e-01,-1.868419658587831877e+00,-1.845807649286097973e+00,-5.117102846344953271e+00,-1.523593582683352654e+00,-2.372342432633082865e+00,-2.493460967746243373e+00,-6.187312413795300614e-01,-3.135391538295869918e+00
-2.266991327303356840e+00,-3.747157561418873462e-01,-1.991138127172601413e+00,-1.845807649286097973e+00,-5.117102846344953271e+00,-1.523593582683352654e+00,-2.372342432633082865e+00,-2.493460967746243373e+00,-6.187312413795300614e-01,-3.135391538295869918e+00
-2.266991327303356840e+00,-3.747157561418873462e-01,-1.991138127172601413e+00,-1.845807649286097973e+00,-5.117102846344953271e+00,-1.523593582683352654e+00,-2.372342432633082865e+00,-2.493460967746243373e+00,-6.187312413795300614e-01,-3.135391538295869918e+00
-2.266991327303356840e+00,-3.747157561418873462e-01,-1.991138127172601413e+00,-1.845807649286097973e+00,-5.117102846344953271e+00,-1.523593582683352654e+00,-2.372342432633082865e+00,-2.493460967746243373e+00,-6.187312413795300614e-01,-3.135391538295869918e+00
-2.266991327303356840e+00,-3.747157561418873462e-01,-1.991138127172601413e+00,-1.845807649286097973e+00,-5.117102846344953271e+00,-1.523593582683352654e+00,-2.372342432633082865e+00,-2.493460967746243373e+00,-6.187312413795300614e-01,-3.135391538295869918e+00
-2.266991327303356840e+00,-3.747157561418873462e-01,-1.991138127172601413e+00,-1.845807649286097973e+00,-5.117102846344953271e+00,-1.523593582683352654e+00,-2.372342432633082865e+00,-2.493460967746243373e+00,-6.187312413795300614e-01,-3.135391538295869918e+00
-2.266991327303356840e+00,-3.747157561418873462e-01,-2.866050243598720293e+00,-1.845807649286097973e+00,-5.117102846344953271e+00,-2.184307641610570005e+00,-2.372342432633082865e+00,-2.493460967746243373e+00,-6.187312413795300614e-01,-3.135391538295869918e+00
-2.266991327303356840e+00,-3.747157561418873462e-01,-2.866050243598720293e+00,-1.845807649286097973e+00,-5.117102846344953271e+00,-2.184307641610570005e+00,-2.372342432633082865e+00,-2.493460967746243373e+00,-6.187312413795300614e-01,-3.135391538295869918e+00
-2.266991327303356840e+00,-3.747157561418873462e-01,-2.866050243598720293e+00,-1.845807649286097973e+00,-5.117102846344953271e+00,-2.184307641610570005e+00,-2.372342432633082865e+00,-2.493460967746243373e+00,-6.187312413795300614e-01,-3.135391538295869918e+00
-2.266991327303356840e+00,-3.747157561418873462e-01,-2.866050243598720293e+00,-1.845807649286097973e+00,-5.117102846344953271e+00,-2.184307641610570005e+00,-2.372342432633082865e+00,-2.493460967746243373e+00,-6.187312413795300614e-01,-3.135391538295869918e+00
-2.266991327303356840e+00,-3.747157561418873462e-01,-2.866050243598720293e+00,-1.845807649286097973e+00,-5.117102846344953271e+00,-2.184307641610570005e+00,-2.372342432633082865e+00,-2.493460967746243373e+00,-6.187312413795300614e-01,-3.135391538295869918e+00
-2.266991327303356840e+00,-3.747157561418873462e-01,-2.866050243598720293e+00,-1.845807649286097973e+00,-5.117102846344953271e+00,-2.184307641610570005e+00,-2.372342432633082865e+00,-2.493460967746243373e+00,-6.187312413795300614e-01,-3.135391538295869918e+00
-2.266991327303356840e+00,-3.747157561418873462e-01,-2.866050243598720293e+00,-1.845807649286097973e+00,-5.117102846344953271e+00,-2.184307641610570005e+00,-2.411145909129014608e+00,-2.493460967746243373e+00,-6.187312413795300614e-01,-3.135391538295869918e+00
-2.266991327303356840e+00,-3.747157561418873462e-01,-2.866050243598720293e+00,-1.845807649286097973e+00,-5.117102846344953271e+00,-2.184307641610570005e+00,-2.411145909129014608e+00,-2.493460967746243373e+00,-6.187312413795300614e-01,-3.135391538295869918e+00
-2.266991327303356840e+00,-3.747157561418873462e-01,-2.866050243598720293e+00,-1.845807649286097973e+00,-5.117102846344953271e+00,-2.184307641610570005e+00,-2.411145909129014608e+00,-2.493460967746243373e+00,-6.187312413795300614e-01,-3.135391538295869918e+00
-2.266991327303356840e+00,-3.747157561418873462e-01,-2.866050243598720293e+00,-1.845807649286097973e+00,-5.117102846344953271e+00,-2.184307641610570005e+00,-2.411145909129014608e+00,-2.493460967746243373e+00,-6.187312413795300614e-01,-3.135391538295869918e+00
-2.266991327303356840e+00,-3.747157561418873462e-01,-2.866050243598720293e+00,-1.845807649286097973e+00,-5.117102846344953271e+00,-2.184307641610570005e+00,-2.411145909129014608e+00,-2.493460967746243373e+00,-6.187312413795300614e-01,-3.135391538295869918e+00
-2.266991327303356840e+00,-3.747157561418873462e-01,-2.866050243598720293e+00,-1.845807649286097973e+00,-5.117102846344953271e+00,-2.184307641610570005e+00,-2.411145909129014608e+00,-2.493460967746243373e+00,-6.187312413795300614e-01,-3.135391538295869918e+00
-2.266991327303356840e+00,-3.747157561418873462e-01,-2.866050243598720293e+00,-1.845807649286097973e+00,-5.117102846344953271e+00,-2.184307641610570005e+00,-2.411145909129014608e+00,-2.493460967746243373e+00,-6.187312413795300614e-01,-3.135391538295869918e+00
-2.266991327303356840e+00,-3.747157561418873462e-01,-2.866050243598720293e+00,-1.845807649286097973e+00,-5.117102846344953271e+00,-2.184307641610570005e+00,-2.411145909129014608e+00,-2.493460967746243373e+00,-6.187312413795300614e-01,-3.135391538295869918e+00
-2.266991327303356840e+00,-3.747157561418873462e-01,-2.866050243598720293e+00,-1.845807649286097973e+00,-5.117102846344953271e+00,-2.184307641610570005e+00,-2.411145909129014608e+00,-2.493460967746243373e+00,-6.187312413795300614e-01,-3.135391538295869918e+00
-2.266991327303356840e+00,-3.747157561418873462e-01,-2.866050243598720293e+00,-1.845807649286097973e+00,-5.117102846344953271e+00,-2.184307641610570005e+00,-2.411145909129014608e+00,-2.493460967746243373e+00,-6.187312413795300614e-01,-3.135391538295869918e+00
-2.266991327303356840e+00,-3.747157561418873462e-01,-2.866050243598720293e+00,-1.845807649286097973e+00,-5.117102846344953271e+00,-2.184307641610570005e+00,-2.411145909129014608e+00,-2.493460967746243373e+00,-6.187312413795300614e-01,-3.135391538295869918e+00
-2.266991327303356840e+00,-3.747157561418873462e-01,-2.866050243598720293e+00,-1.845807649286097973e+00,-5.117102846344953271e+00,-2.184307641610570005e+00,-2.411145909129014608e+00,-2.493460967746243373e+00,-6.187312413795300614e-01,-3.135391538295869918e+00
-2.266991327303356840e+00,-3.747157561418873462e-01,-2.866050243598720293e+00,-1.845807649286097973e+00,-5.117102846344953271e+00,-2.184307641610570005e+00,-2.411145909129014608e+00,-2.493460967746243373e+00,-6.187312413795300614e-01,-3.135391538295869918e+00
-2.266991327303356840e+00,-3.747157561418873462e-01,-2.866050243598720293e+00,-1.845807649286097973e+00,-5.117102846344953271e+00,-3.967006065001933202e+00,-2.411145909129014608e+00,-2.493460967746243373e+00,-6.187312413795300614e-01,-3.135391538295869918e+00
-2.266991327303356840e+00,-3.747157561418873462e-01,-2.866050243598720293e+00,-1.845807649286097973e+00,-5.117102846344953271e+00,-3.967006065001933202e+00,-2.411145909129014608e+00,-2.493460967746243373e+00,-6.187312413795300614e-01,-3.135391538295869918e+00
-2.266991327303356840e+00,-3.747157561418873462e-01,-2.866050243598720293e+00,-1.845807649286097973e+00,-5.117102846344953271e+00,-3.967006065001933202e+00,-2.411145909129014608e+00,-2.493460967746243373e+00,-6.187312413795300614e-01,-3.135391538295869918e+00
-2.266991327303356840e+00,-3.747157561418873462e-01,-2.866050243598720293e+00,-1.845807649286097973e+00,-5.117102846344953271e+00,-3.967006065001933202e+00,-2.411145909129014608e+00,-2.493460967746243373e+00,-6.187312413795300614e-01,-3.135391538295869918e+00
-2.266991327303356840e+00,-7.506410571338431037e-01,-2.866050243598720293e+00,-1.845807649286097973e+00,-5.117102846344953271e+00,-3.967006065001933202e+00,-2.411145909129014608e+00,-2.493460967746243373e+00,-6.187312413795300614e-01,-3.135391538295869918e+00
-2.266991327303356840e+00,-7.506410571338431037e-01,-2.866050243598720293e+00,-1.845807649286097973e+00,-5.117102846344953271e+00,-3.967006065001933202e+00,-2.411145909129014608e+00,-2.493460967746243373e+00,-6.187312413795300614e-01,-3.135391538295869918e+00
-2.266991327303356840e+00,-7.506410571338431037e-01,-2.866050243598720293e+00,-1.845807649286097973e+00,-5.117102846344953271e+00,-3.967006065001933202e+00,-2.411145909129014608e+00,-2.493460967746243373e+00,-6.187312413795300614e-01,-3.135391538295869918e+00
-2.266991327303356840e+00,-7.506410571338431037e-01,-2.866050243598720293e+00,-1.845807649286097973e+00,-5.117102846344953271e+00,-3.967006065001933202e+00,-2.411145909129014608e+00,-2.493460967746243373e+00,-6.187312413795300614e-01,-3.135391538295869918e+00
-2.266991327303356840e+00,-7.506410571338431037e-01,-2.909657876619966110e+00,-1.845807649286097973e+00,-5.117102846344953271e+00,-3.967006065001933202e+00,-2.411145909129014608e+00,-2.493460967746243373e+00,-6.187312413795300614e-01,-3.135391538295869918e+00
-2.266991327303356840e+00,-7.506410571338431037e-01,-2.909657876619966110e+00,-1.845807649286097973e+00,-5.117102846344953271e+00,-3.967006065001933202e+00,-2.411145909129014608e+00,-2.493460967746243373e+00,-6.187312413795300614e-01,-3.135391538295869918e+00
-2.266991327303356840e+00,-7.506410571338431037e-01,-2.909657876619966110e+00,-1.845807649286097973e+00,-5.117102846344953271e+00,-3.967006065001933202e+00,-2.411145909129014608e+00,-2.493460967746243373e+00,-6.187312413795300614e-01,-3.135391538295869918e+00
-2.605423526579762505e+00,-7.506410571338431037e-01,-2.909657876619966110e+00,-1.845807649286097973e+00,-5.117102846344953271e+00,-3.967006065001933202e+00,-2.411145909129014608e+00,-2.493460967746243373e+00,-6.187312413795300614e-01,-3.135391538295869918e+00
-2.605423526579762505e+00,-7.506410571338431037e-01,-2.909657876619966110e+00,-1.845807649286097973e+00,-5.117102846344953271e+00,-3.967006065001933202e+00,-2.411145909129014608e+00,-2.493460967746243373e+00,-6.187312413795300614e-01,-3.135391538295869918e+00
-2.605423526579762505e+00,-7.506410571338431037e-01,-2.909657876619966110e+00,-1.845807649286097973e+00,-5.117102846344953271e+00,-3.967006065001933202e+00,-2.411145909129014608e+00,-2.493460967746243373e+00,-6.187312413795300614e-01,-3.135391538295869918e+00
-2.605423526579762505e+00,-7.506410571338431037e-01,-2.909657876619966110e+00,-1.845807649286097973e+00,-5.117102846344953271e+00,-3.967006065001933202e+00,-2.411145909129014608e+00,-2.493460967746243373e+00,-6.187312413795300614e-01,-3.135391538295869918e+00
-2.605423526579762505e+00,-7.506410571338431037e-01,-2.909657876619966110e+00,-1.845807649286097973e+00,-5.117102846344953271e+00,-3.967006065001933202e+00,-2.411145909129014608e+00,-2.493460967746243373e+00,-6.187312413795300614e-01,-3.135391538295869918e+00
-2.605423526579762505e+00,-7.506410571338431037e-01,-2.909657876619966110e+00,-1.845807649286097973e+00,-5.117102846344953271e+00,-3.967006065001933202e+00,-2.411145909129014608e+00,-2.493460967746243373e+00,-6.187312413795300614e-01,-3.135391538295869918e+00
-3.482627601479725055e+00,-7.506410571338431037e-01,-2.909657876619966110e+00,-1.845807649286097973e+00,-5.117102846344953271e+00,-3.967006065001933202e+00,-2.411145909129014608e+00,-2.493460967746243373e+00,-9.472897907904251902e-01,-3.135391538295869918e+00
-3.482627601479725055e+00,-7.506410571338431037e-01,-2.909657876619966110e+00,-1.845807649286097973e+00,-5.117102846344953271e+00,-3.967006065001933202e+00,-2.411145909129014608e+00,-2.493460967746243373e+00,-9.472897907904251902e-01,-3.135391538295869918e+00
-3.482627601479725055e+00,-7.506410571338431037e-01,-2.909657876619966110e+00,-1.845807649286097973e+00,-5.117102846344953271e+00,-3.967006065001933202e+00,-2.411145909129014608e+00,-2.493460967746243373e+00,-9.472897907904251902e-01,-3.135391538295869918e+00
-3.482627601479725055e+00,-1.266155323447124337e+00,-2.909657876619966110e+00,-1.845807649286097973e+00,-5.117102846344953271e+00,-3.967006065001933202e+00,-2.411145909129014608e+00,-2.493460967746243373e+00,-9.472897907904251902e-01,-3.135391538295869918e+00
-3.482627601479725055e+00,-1.266155323447124337e+00,-2.909657876619966110e+00,-1.845807649286097973e+00,-5.117102846344953271e+00,-3.967006065001933202e+00,-2.411145909129014608e+00,-2.493460967746243373e+00,-1.392774470104718443e+00,-3.135391538295869918e+00
-3.482627601479725055e+00,-1.703488171633514403e+00,-2.909657876619966110e+00,-1.845807649286097973e+00,-5.117102846344953271e+00,-3.967006065001933202e+00,-2.411145909129014608e+00,-2.493460967746243373e+00,-1.392774470104718443e+00,-3.135391538295869918e+00
-3.482627601479725055e+00,-1.703488171633514403e+00,-2.909657876619966110e+00,-1.845807649286097973e+00,-5.117102846344953271e+00,-3.967006065001933202e+00,-2.411145909129014608e+00,-2.493460967746243373e+00,-1.392774470104718443e+00,-3.135391538295869918e+00
-3.482627601479725055e+00,-1.703488171633514403e+00,-2.909657876619966110e+00,-1.845807649286097973e+00,-5.117102846344953271e+00,-3.967006065001933202e+00,-2.411145909129014608e+00,-2.493460967746243373e+00,-1.392774470104718443e+00,-3.135391538295869918e+00
-3.482627601479725055e+00,-1.703488171633514403e+00,-2.909657876619966110e+00,-1.845807649286097973e+00,-5.117102846344953271e+00,-3.967006065001933202e+00,-2.411145909129014608e+00,-2.493460967746243373e+00,-1.392774470104718443e+00,-3.135391538295869918e+00
-3.482627601479725055e+00,-1.703488171633514403e+00,-2.909657876619966110e+00,-1.845807649286097973e+00,-5.117102846344953271e+00,-3.967006065001933202e+00,-2.411145909129014608e+00,-2.493460967746243373e+00,-1.392774470104718443e+00,-3.135391538295869918e+00
-3.482627601479725055e+00,-1.703488171633514403e+00,-2.909657876619966110e+00,-1.845807649286097973e+00,-5.117102846344953271e+00,-3.967006065001933202e+00,-2.411145909129014608e+00,-2.493460967746243373e+00,-1.392774470104718443e+00,-3.135391538295869918e+00
-3.482627601479725055e+00,-1.703488171633514403e+00,-2.909657876619966110e+00,-1.845807649286097973e+00,-5.117102846344953271e+00,-3.967006065001933202e+00,-2.411145909129014608e+00,-2.493460967746243373e+00,-1.392774470104718443e+00,-3.135391538295869918e+00
-3.482627601479725055e+00,-1.703488171633514403e+00,-2.909657876619966110e+00,-1.845807649286097973e+00,-5.117102846344953271e+00,-3.967006065001933202e+00,-2.411145909129014608e+00,-2.493460967746243373e+00,-1.392774470104718443e+00,-3.135391538295869918e+00
-3.482627601479725055e+00,-1.703488171633514403e+00,-2.909657876619966110e+00,-1.845807649286097973e+00,-5.117102846344953271e+00,-3.967006065001933202e+00,-2.411145909129014608e+00,-2.493460967746243373e+00,-1.392774470104718443e+00,-3.135391538295869918e+00
-3.482627601479725055e+00,-1.703488171633514403e+00,-2.909657876619966110e+00,-1.845807649286097973e+00,-5.117102846344953271e+00,-3.967006065001933202e+00,-2.411145909129014608e+00,-2.493460967746243373e+00,-1.392774470104718443e+00,-3.135391538295869918e+00
-3.482627601479725055e+00,-1.703488171633514403e+00,-2.909657876619966110e+00,-1.845807649286097973e+00,-5.117102846344953271e+00,-3.967006065001933202e+00,-2.411145909129014608e+00,-2.493460967746243373e+00,-1.392774470104718443e+00,-3.135391538295869918e+00
-3.482627601479725055e+00,-1.703488171633514403e+00,-2.909657876619966110e+00,-1.845807649286097973e+00,-5.117102846344953271e+00,-3.967006065001933202e+00,-2.411145909129014608e+00,-2.493460967746243373e+00,-1.392774470104718443e+00,-3.135391538295869918e+00
-3.482627601479725055e+00,-1.703488171633514403e+00,-2.909657876619966110e+00,-1.845807649286097973e+00,-5.117102846344953271e+00,-3.967006065001933202e+00,-2.411145909129014608e+00,-2.493460967746243373e+00,-1.392774470104718443e+00,-3.135391538295869918e+00
-3.482627601479725055e+00,-1.703488171633514403e+00,-2.909657876619966110e+00,-1.845807649286097973e+00,-5.117102846344953271e+00,-3.967006065001933202e+00,-2.411145909129014608e+00,-2.493460967746243373e+00,-1.392774470104718443e+00,-3.135391538295869918e+00
-3.482627601479725055e+00,-1.703488171633514403e+00,-2.909657876619966110e+00,-1.845807649286097973e+00,-5.117102846344953271e+00,-3.967006065001933202e+00,-2.411145909129014608e+00,-2.493460967746243373e+00,-1.392774470104718443e+00,-3.135391538295869918e+00
-3.482627601479725055e+00,-1.703488171633514403e+00,-2.909657876619966110e+00,-1.845807649286097973e+00,-5.117102846344953271e+00,-3.967006065001933202e+00,-2.411145909129014608e+00,-2.493460967746243373e+00,-1.392774470104718443e+00,-3.135391538295869918e+00
-3.482627601479725055e+00,-1.703488171633514403e+00,-2.909657876619966110e+00,-1.845807649286097973e+00,-5.117102846344953271e+00,-3.967006065001933202e+00,-2.411145909129014608e+00,-2.493460967746243373e+00,-1.392774470104718443e+00,-3.135391538295869918e+00
-3.482627601479725055e+00,-1.703488171633514403e+00,-2.909657876619966110e+00,-1.845807649286097973e+00,-5.117102846344953271e+00,-3.967006065001933202e+00,-2.411145909129014608e+00,-2.493460967746243373e+00,-1.392774470104718443e+00,-3.135391538295869918e+00
-3.482627601479725055e+00,-1.703488171633514403e+00,-2.909657876619966110e+00,-1.845807649286097973e+00,-5.117102846344953271e+00,-3.967006065001933202e+00,-2.411145909129014608e+00,-2.493460967746243373e+00,-1.392774470104718443e+00,-3.135391538295869918e+00
-3.482627601479725055e+00,-1.703488171633514403e+00,-2.909657876619966110e+00,-1.845807649286097973e+00,-5.117102846344953271e+00,-3.967006065001933202e+00,-2.411145909129014608e+00,-2.493460967746243373e+00,-1.392774470104718443e+00,-3.135391538295869918e+00
-3.482627601479725055e+00,-1.703488171633514403e+00,-2.909657876619966110e+00,-1.845807649286097973e+00,-5.117102846344953271e+00,-3.967006065001933202e+00,-2.411145909129014608e+00,-2.493460967746243373e+00,-1.392774470104718443e+00,-3.135391538295869918e+00
-3.482627601479725055e+00,-1.703488171633514403e+00,-2.909657876619966110e+00,-1.845807649286097973e+00,-5.117102846344953271e+00,-3.967006065001933202e+00,-2.411145909129014608e+00,-2.493460967746243373e+00,-1.392774470104718443e+00,-3.135391538295869918e+00
-3.482627601479725055e+00,-3.001829524962087437e+00,-2.909657876619966110e+00,-1.845807649286097973e+00,-5.117102846344953271e+00,-3.967006065001933202e+00,-2.411145909129014608e+00,-2.493460967746243373e+00,-1.392774470104718443e+00,-3.135391538295869918e+00
-3.482627601479725055e+00,-3.001829524962087437e+00,-2.909657876619966110e+00,-1.845807649286097973e+00,-5.117102846344953271e+00,-3.967006065001933202e+00,-2.411145909129014608e+00,-2.493460967746243373e+00,-1.392774470104718443e+00,-3.135391538295869918e+00
-3.482627601479725055e+00,-3.001829524962087437e+00,-2.909657876619966110e+00,-1.845807649286097973e+00,-5.117102846344953271e+00,-3.967006065001933202e+00,-2.411145909129014608e+00,-2.493460967746243373e+00,-1.392774470104718443e+00,-3.135391538295869918e+00
-3.482627601479725055e+00,-3.001829524962087437e+00,-2.909657876619966110e+00,-1.845807649286097973e+00,-5.117102846344953271e+00,-3.967006065001933202e+00,-2.411145909129014608e+00,-2.493460967746243373e+00,-1.392774470104718443e+00,-3.135391538295869918e+00
-3.482627601479725055e+00,-3.001829524962087437e+00,-2.909657876619966110e+00,-1.845807649286097973e+00,-5.117102846344953271e+00,-3.967006065001933202e+00,-2.411145909129014608e+00,-2.493460967746243373e+00,-1.392774470104718443e+00,-3.135391538295869918e+00
-3.482627601479725055e+00,-3.001829524962087437e+00,-2.909657876619966110e+00,-1.845807649286097973e+00,-5.117102846344953271e+00,-3.967006065001933202e+00,-2.411145909129014608e+00,-2.493460967746243373e+00,-1.392774470104718443e+00,-3.135391538295869918e+00
-3.482627601479725055e+00,-3.001829524962087437e+00,-2.909657876619966110e+00,-1.845807649286097973e+00,-5.117102846344953271e+00,-3.967006065001933202e+00,-2.411145909129014608e+00,-2.493460967746243373e+00,-1.392774470104718443e+00,-3.135391538295869918e+00
-3.482627601479725055e+00,-3.001829524962087437e+00,-2.909657876619966110e+00,-1.845807649286097973e+00,-5.117102846344953271e+00,-3.967006065001933202e+00,-2.411145909129014608e+00,-2.493460967746243373e+00,-1.392774470104718443e+00,-3.135391538295869918e+00
-3.638383398843165750e+00,-3.001829524962087437e+00,-2.909657876619966110e+00,-1.845807649286097973e+00,-5.117102846344953271e+00,-3.967006065001933202e+00,-2.411145909129014608e+00,-2.493460967746243373e+00,-1.392774470104718443e+00,-3.135391538295869918e+00
-3.638383398843165750e+00,-3.001829524962087437e+00,-2.909657876619966110e+00,-1.845807649286097973e+00,-5.117102846344953271e+00,-3.967006065001933202e+00,-2.411145909129014608e+00,-2.493460967746243373e+00,-1.392774470104718443e+00,-3.135391538295869918e+00
-3.638383398843165750e+00,-3.001829524962087437e+00,-2.909657876619966110e+00,-1.845807649286097973e+00,-5.117102846344953271e+00,-3.967006065001933202e+00,-2.411145909129014608e+00,-2.493460967746243373e+00,-1.392774470104718443e+00,-3.135391538295869918e+00
-3.638383398843165750e+00,-3.001829524962087437e+00,-2.909657876619966110e+00,-1.845807649286097973e+00,-5.117102846344953271e+00,-3.967006065001933202e+00,-2.411145909129014608e+00,-2.493460967746243373e+00,-1.392774470104718443e+00,-3.135391538295869918e+00
-3.638383398843165750e+00,-3.001829524962087437e+00,-2.909657876619966110e+00,-1.845807649286097973e+00,-5.117102846344953271e+00,-3.967006065001933202e+00,-2.411145909129014608e+00,-2.493460967746243373e+00,-1.392774470104718443e+00,-3.135391538295869918e+00
-3.638383398843165750e+00,-3.001829524962087437e+00,-2.909657876619966110e+00,-1.845807649286097973e+00,-5.117102846344953271e+00,-3.967006065001933202e+00,-2.411145909129014608e+00,-2.493460967746243373e+00,-1.392774470104718443e+00,-3.135391538295869918e+00
-3.638383398843165750e+00,-3.001829524962087437e+00,-2.909657876619966110e+00,-1.845807649286097973e+00,-5.117102846344953271e+00,-3.967006065001933202e+00,-2.411145909129014608e+00,-2.493460967746243373e+00,-1.392774470104718443e+00,-3.135391538295869918e+00
-3.638383398843165750e+00,-3.001829524962087437e+00,-2.909657876619966110e+00,-1.845807649286097973e+00,-5.117102846344953271e+00,-3.967006065001933202e+00,-2.411145909129014608e+00,-2.493460967746243373e+00,-1.392774470104718443e+00,-3.135391538295869918e+00
-3.638383398843165750e+00,-3.001829524962087437e+00,-2.909657876619966110e+00,-1.845807649286097973e+00,-5.117102846344953271e+00,-3.967006065001933202e+00,-2.411145909129014608e+00,-2.493460967746243373e+00,-1.392774470104718443e+00,-3.135391538295869918e+00
-3.638383398843165750e+00,-3.001829524962087437e+00,-2.909657876619966110e+00,-1.845807649286097973e+00,-5.117102846344953271e+00,-3.967006065001933202e+00,-2.411145909129014608e+00,-2.493460967746243373e+00,-1.392774470104718443e+00,-3.135391538295869918e+00
-3.638383398843165750e+00,-3.001829524962087437e+00,-2.909657876619966110e+00,-1.845807649286097973e+00,-5.117102846344953271e+00,-3.967006065001933202e+00,-2.411145909129014608e+00,-2.493460967746243373e+00,-1.392774470104718443e+00,-3.135391538295869918e+00
-3.638383398843165750e+00,-3.001829524962087437e+00,-2.909657876619966110e+00,-1.845807649286097973e+00,-5.117102846344953271e+00,-3.967006065001933202e+00,-2.411145909129014608e+00,-2.493460967746243373e+00,-1.392774470104718443e+00,-3.135391538295869918e+00
-3.638383398843165750e+00,-3.001829524962087437e+00,-2.909657876619966110e+00,-1.845807649286097973e+00,-5.117102846344953271e+00,-3.967006065001933202e+00,-2.411145909129014608e+00,-2.493460967746243373e+00,-1.392774470104718443e+00,-3.730372713083205838e+00
-3.638383398843165750e+00,-3.001829524962087437e+00,-2.942059250588043184e+00,-1.845807649286097973e+00,-5.117102846344953271e+00,-3.967006065001933202e+00,-2.411145909129014608e+00,-2.493460967746243373e+00,-1.392774470104718443e+00,-3.730372713083205838e+00
-3.638383398843165750e+00,-3.001829524962087437e+00,-2.942059250588043184e+00,-1.845807649286097973e+00,-5.117102846344953271e+00,-3.967006065001933202e+00,-2.411145909129014608e+00,-2.493460967746243373e+00,-1.392774470104718443e+00,-3.730372713083205838e+00
-3.638383398843165750e+00,-3.001829524962087437e+00,-2.942059250588043184e+00,-1.845807649286097973e+00,-5.117102846344953271e+00,-3.967006065001933202e+00,-2.411145909129014608e+00,-2.493460967746243373e+00,-1.392774470104718443e+00,-3.730372713083205838e+00
-3.638383398843165750e+00,-3.001829524962087437e+00,-2.942059250588043184e+00,-1.845807649286097973e+00,-5.117102846344953271e+00,-3.967006065001933202e+00,-2.411145909129014608e+00,-2.493460967746243373e+00,-1.392774470104718443e+00,-3.730372713083205838e+00
-3.638383398843165750e+00,-3.001829524962087437e+00,-2.942059250588043184e+00,-1.845807649286097973e+00,-5.117102846344953271e+00,-3.967006065001933202e+00,-2.411145909129014608e+00,-2.493460967746243373e+00,-1.392774470104718443e+00,-3.730372713083205838e+00
-3.638383398843165750e+00,-3.001829524962087437e+00,-2.942059250588043184e+00,-1.845807649286097973e+00,-5.117102846344953271e+00,-3.967006065001933202e+00,-2.411145909129014608e+00,-2.493460967746243373e+00,-1.392774470104718443e+00,-3.730372713083205838e+00
-3.638383398843165750e+00,-3.001829524962087437e+00,-2.942059250588043184e+00,-1.845807649286097973e+00,-5.117102846344953271e+00,-3.967006065001933202e+00,-2.411145909129014608e+00,-2.493460967746243373e+00,-1.392774470104718443e+00,-3.730372713083205838e+00
-3.638383398843165750e+00,-3.001829524962087437e+00,-2.942059250588043184e+00,-1.845807649286097973e+00,-5.117102846344953271e+00,-3.967006065001933202e+00,-2.411145909129014608e+00,-2.493460967746243373e+00,-1.392774470104718443e+00,-3.730372713083205838e+00
-3.638383398843165750e+00,-3.001829524962087437e+00,-2.942059250588043184e+00,-1.845807649286097973e+00,-5.117102846344953271e+00,-3.967006065001933202e+00,-2.411145909129014608e+00,-2.493460967746243373e+00,-1.392774470104718443e+00,-3.730372713083205838e+00
-3.638383398843165750e+00,-3.001829524962087437e+00,-2.942059250588043184e+00,-1.845807649286097973e+00,-5.117102846344953271e+00,-3.967006065001933202e+00,-3.867881180203671665e+00,-2.493460967746243373e+00,-1.392774470104718443e+00,-3.730372713083205838e+00
-4.009794565503963959e+00,-3.001829524962087437e+00,-2.942059250588043184e+00,-1.845807649286097973e+00,-5.117102846344953271e+00,-3.967006065001933202e+00,-3.867881180203671665e+00,-2.493460967746243373e+00,-1.392774470104718443e+00,-3.730372713083205838e+00
