1.679079604930987513e+00,1.900683186557996368e-02,3.215090084261434278e+00,1.158290629732999788e+00,2.160144875205942117e-01,-1.148913720670018623e+00,1.771652622202219751e+00,1.162953771686121573e+00,3.129304904678651855e+00,1.922659669455280884e+00
4.646592861993117940e-01,1.900683186557996368e-02,3.215090084261434278e+00,8.000811074685403035e-02,-1.439726407454663126e-01,-1.148913720670018623e+00,1.771652622202219751e+00,1.162953771686121573e+00,1.547508154845806061e+00,1.922659669455280884e+00
4.646592861993117940e-01,1.900683186557996368e-02,1.076873904254790792e+00,8.000811074685403035e-02,-1.616020097333380923e+00,-1.148913720670018623e+00,1.771652622202219751e+00,1.162953771686121573e+00,1.547508154845806061e+00,2.165940739148394523e-01
4.646592861993117940e-01,1.900683186557996368e-02,1.073204526862274966e+00,8.000811074685403035e-02,-1.616020097333380923e+00,-1.148913720670018623e+00,1.375684071872425474e+00,1.162953771686121573e+00,7.774130534530758752e-01,-1.847558154111753170e+00
4.646592861993117940e-01,-4.844151542498319474e-01,1.073204526862274966e+00,8.000811074685403035e-02,-1.616020097333380923e+00,-1.148913720670018623e+00,1.375684071872425474e+00,1.162953771686121573e+00,-5.543378159855818499e-01,-2.206269591610338310e+00
4.646592861993117940e-01,-4.844151542498319474e-01,1.073204526862274966e+00,8.000811074685403035e-02,-1.616020097333380923e+00,-1.148913720670018623e+00,1.375684071872425474e+00,1.162953771686121573e+00,-5.543378159855818499e-01,-2.206269591610338310e+00
4.646592861993117940e-01,-4.844151542498319474e-01,1.073204526862274966e+00,-2.837724971182715716e-01,-1.616020097333380923e+00,-1.415518127225770195e+00,1.375684071872425474e+00,1.575009366863376059e-01,-5.543378159855818499e-01,-2.206269591610338310e+00
4.646592861993117940e-01,-4.844151542498319474e-01,7.076766904423799076e-01,-2.837724971182715716e-01,-1.616020097333380923e+00,-1.415518127225770195e+00,1.375684071872425474e+00,1.575009366863376059e-01,-5.543378159855818499e-01,-2.206269591610338310e+00
4.646592861993117940e-01,-5.871772423479825198e-01,5.398178013089366400e-01,-2.837724971182715716e-01,-1.616020097333380923e+00,-1.415518127225770195e+00,1.375684071872425474e+00,1.575009366863376059e-01,-5.543378159855818499e-01,-2.206269591610338310e+00
4.646592861993117940e-01,-1.108064741749844151e+00,5.398178013089366400e-01,-2.837724971182715716e-01,-1.616020097333380923e+00,-1.415518127225770195e+00,1.375684071872425474e+00,1.575009366863376059e-01,-5.543378159855818499e-01,-2.206269591610338310e+00
-1.626301414193227213e-01,-1.108064741749844151e+00,3.519886024534858437e-01,-2.837724971182715716e-01,-1.616020097333380923e+00,-1.415518127225770195e+00,1.375684071872425474e+00,1.575009366863376059e-01,-5.543378159855818499e-01,-2.206269591610338310e+00
-1.626301414193227213e-01,-1.108064741749844151e+00,3.519886024534858437e-01,-2.837724971182715716e-01,-1.616020097333380923e+00,-1.534659241719986467e+00,1.375684071872425474e+00,-1.065307117684007182e-01,-5.543378159855818499e-01,-2.206269591610338310e+00
-1.626301414193227213e-01,-1.108064741749844151e+00,3.519886024534858437e-01,-2.837724971182715716e-01,-1.616020097333380923e+00,-1.534659241719986467e+00,1.375684071872425474e+00,-1.065307117684007182e-01,-5.543378159855818499e-01,-2.206269591610338310e+00
-1.626301414193227213e-01,-1.108064741749844151e+00,3.519886024534858437e-01,-2.837724971182715716e-01,-1.616020097333380923e+00,-1.534659241719986467e+00,1.375684071872425474e+00,-5.736480068401743626e-01,-5.543378159855818499e-01,-2.206269591610338310e+00
-1.626301414193227213e-01,-1.108064741749844151e+00,2.255050647977198119e-01,-2.837724971182715716e-01,-1.616020097333380923e+00,-1.627572355930307024e+00,1.375684071872425474e+00,-5.736480068401743626e-01,-5.543378159855818499e-01,-2.206269591610338310e+00
-1.626301414193227213e-01,-1.108064741749844151e+00,2.255050647977198119e-01,-2.837724971182715716e-01,-1.616020097333380923e+00,-1.627572355930307024e+00,1.375684071872425474e+00,-5.736480068401743626e-01,-5.543378159855818499e-01,-2.206269591610338310e+00
-1.626301414193227213e-01,-1.108064741749844151e+00,2.004000307077861698e-01,-2.837724971182715716e-01,-1.616020097333380923e+00,-1.627572355930307024e+00,1.375684071872425474e+00,-5.736480068401743626e-01,-5.543378159855818499e-01,-2.206269591610338310e+00
-1.626301414193227213e-01,-1.108064741749844151e+00,-1.385312741441891426e-01,-2.837724971182715716e-01,-1.616020097333380923e+00,-1.627572355930307024e+00,1.375684071872425474e+00,-5.736480068401743626e-01,-5.543378159855818499e-01,-2.206269591610338310e+00
-1.626301414193227213e-01,-1.108064741749844151e+00,-1.385312741441891426e-01,-2.837724971182715716e-01,-1.616020097333380923e+00,-1.627572355930307024e+00,1.375684071872425474e+00,-5.736480068401743626e-01,-5.543378159855818499e-01,-2.206269591610338310e+00
-1.626301414193227213e-01,-1.108064741749844151e+00,-1.385312741441891426e-01,-2.837724971182715716e-01,-1.616020097333380923e+00,-1.627572355930307024e+00,-5.345932023950745737e-01,-2.814671382046035397e+00,-5.543378159855818499e-01,-2.206269591610338310e+00
-1.626301414193227213e-01,-1.108064741749844151e+00,-8.393161767316197341e-01,-2.837724971182715716e-01,-1.616020097333380923e+00,-1.627572355930307024e+00,-5.345932023950745737e-01,-2.814671382046035397e+00,-5.543378159855818499e-01,-2.206269591610338310e+00
-1.626301414193227213e-01,-1.108064741749844151e+00,-8.393161767316197341e-01,-2.837724971182715716e-01,-1.616020097333380923e+00,-1.627572355930307024e+00,-1.821741664408299100e+00,-2.814671382046035397e+00,-5.543378159855818499e-01,-2.206269591610338310e+00
-1.626301414193227213e-01,-1.108064741749844151e+00,-8.393161767316197341e-01,-2.926963007577601528e-01,-1.616020097333380923e+00,-1.852651620825725765e+00,-1.821741664408299100e+00,-2.814671382046035397e+00,-5.543378159855818499e-01,-2.206269591610338310e+00
-1.626301414193227213e-01,-1.507643627231430861e+00,-8.393161767316197341e-01,-2.926963007577601528e-01,-1.616020097333380923e+00,-1.852651620825725765e+00,-1.821741664408299100e+00,-2.814671382046035397e+00,-5.543378159855818499e-01,-2.206269591610338310e+00
-1.626301414193227213e-01,-1.507643627231430861e+00,-8.393161767316197341e-01,-2.926963007577601528e-01,-1.616020097333380923e+00,-1.852651620825725765e+00,-1.821741664408299100e+00,-2.814671382046035397e+00,-5.543378159855818499e-01,-2.206269591610338310e+00
-1.626301414193227213e-01,-1.507643627231430861e+00,-1.070009224552481930e+00,-2.926963007577601528e-01,-1.616020097333380923e+00,-1.852651620825725765e+00,-1.821741664408299100e+00,-2.814671382046035397e+00,-5.543378159855818499e-01,-2.206269591610338310e+00
-1.626301414193227213e-01,-1.527389214114163174e+00,-1.070009224552481930e+00,-2.926963007577601528e-01,-1.797045101025860347e+00,-1.852651620825725765e+00,-1.821741664408299100e+00,-2.814671382046035397e+00,-5.543378159855818499e-01,-2.206269591610338310e+00
-1.626301414193227213e-01,-1.527389214114163174e+00,-1.070009224552481930e+00,-2.926963007577601528e-01,-1.797045101025860347e+00,-1.852651620825725765e+00,-2.563329304770809891e+00,-2.814671382046035397e+00,-5.543378159855818499e-01,-2.206269591610338310e+00
-1.626301414193227213e-01,-1.527389214114163174e+00,-1.070009224552481930e+00,-2.926963007577601528e-01,-1.797045101025860347e+00,-1.852651620825725765e+00,-2.563329304770809891e+00,-2.814671382046035397e+00,-5.543378159855818499e-01,-2.206269591610338310e+00
-1.626301414193227213e-01,-1.527389214114163174e+00,-1.070009224552481930e+00,-2.926963007577601528e-01,-1.797045101025860347e+00,-1.852651620825725765e+00,-2.563329304770809891e+00,-2.814671382046035397e+00,-1.670318359281656395e+00,-2.206269591610338310e+00
-1.626301414193227213e-01,-1.527389214114163174e+00,-1.070009224552481930e+00,-2.926963007577601528e-01,-1.797045101025860347e+00,-1.852651620825725765e+00,-2.563329304770809891e+00,-2.814671382046035397e+00,-1.670318359281656395e+00,-2.206269591610338310e+00
-1.626301414193227213e-01,-1.527389214114163174e+00,-1.070009224552481930e+00,-2.926963007577601528e-01,-1.797045101025860347e+00,-2.317924512943280835e+00,-2.563329304770809891e+00,-2.814671382046035397e+00,-1.670318359281656395e+00,-2.206269591610338310e+00
-1.626301414193227213e-01,-1.527389214114163174e+00,-1.070009224552481930e+00,-2.926963007577601528e-01,-1.797045101025860347e+00,-2.317924512943280835e+00,-2.563329304770809891e+00,-2.814671382046035397e+00,-1.670318359281656395e+00,-2.206269591610338310e+00
-1.626301414193227213e-01,-1.527389214114163174e+00,-1.070009224552481930e+00,-2.926963007577601528e-01,-1.797045101025860347e+00,-2.317924512943280835e+00,-2.563329304770809891e+00,-2.814671382046035397e+00,-1.678112111613219382e+00,-2.206269591610338310e+00
-1.626301414193227213e-01,-1.527389214114163174e+00,-1.070009224552481930e+00,-2.926963007577601528e-01,-1.797045101025860347e+00,-2.317924512943280835e+00,-2.563329304770809891e+00,-2.814671382046035397e+00,-1.678112111613219382e+00,-2.206269591610338310e+00
-1.626301414193227213e-01,-1.760745812667797061e+00,-1.070009224552481930e+00,-2.926963007577601528e-01,-1.797045101025860347e+00,-2.317924512943280835e+00,-2.563329304770809891e+00,-2.814671382046035397e+00,-1.678112111613219382e+00,-2.206269591610338310e+00
-1.626301414193227213e-01,-1.760745812667797061e+00,-1.070009224552481930e+00,-2.926963007577601528e-01,-1.797045101025860347e+00,-2.317924512943280835e+00,-2.563329304770809891e+00,-2.814671382046035397e+00,-1.678112111613219382e+00,-2.206269591610338310e+00
-1.626301414193227213e-01,-1.760745812667797061e+00,-1.070009224552481930e+00,-2.926963007577601528e-01,-1.797045101025860347e+00,-2.317924512943280835e+00,-2.563329304770809891e+00,-2.814671382046035397e+00,-1.678112111613219382e+00,-2.206269591610338310e+00
-1.626301414193227213e-01,-1.760745812667797061e+00,-1.070009224552481930e+00,-2.926963007577601528e-01,-1.797045101025860347e+00,-2.317924512943280835e+00,-2.563329304770809891e+00,-2.814671382046035397e+00,-1.678112111613219382e+00,-2.206269591610338310e+00
-1.626301414193227213e-01,-1.760745812667797061e+00,-1.070009224552481930e+00,-2.926963007577601528e-01,-1.797045101025860347e+00,-2.317924512943280835e+00,-2.563329304770809891e+00,-2.814671382046035397e+00,-1.678112111613219382e+00,-2.206269591610338310e+00
-1.626301414193227213e-01,-1.760745812667797061e+00,-1.070009224552481930e+00,-2.926963007577601528e-01,-1.797045101025860347e+00,-2.317924512943280835e+00,-2.563329304770809891e+00,-2.814671382046035397e+00,-1.678112111613219382e+00,-2.206269591610338310e+00
-1.626301414193227213e-01,-2.347773078952825276e+00,-1.070009224552481930e+00,-2.926963007577601528e-01,-1.797045101025860347e+00,-2.317924512943280835e+00,-2.563329304770809891e+00,-2.814671382046035397e+00,-1.678112111613219382e+00,-2.206269591610338310e+00
-1.626301414193227213e-01,-2.347773078952825276e+00,-1.313900573257863025e+00,-2.926963007577601528e-01,-1.797045101025860347e+00,-2.317924512943280835e+00,-2.563329304770809891e+00,-2.814671382046035397e+00,-1.678112111613219382e+00,-2.206269591610338310e+00
-1.626301414193227213e-01,-2.347773078952825276e+00,-1.313900573257863025e+00,-2.926963007577601528e-01,-1.797045101025860347e+00,-2.317924512943280835e+00,-2.563329304770809891e+00,-2.814671382046035397e+00,-1.678112111613219382e+00,-2.206269591610338310e+00
-1.626301414193227213e-01,-2.347773078952825276e+00,-1.313900573257863025e+00,-2.926963007577601528e-01,-1.797045101025860347e+00,-2.317924512943280835e+00,-2.563329304770809891e+00,-2.814671382046035397e+00,-1.678112111613219382e+00,-2.206269591610338310e+00
-1.626301414193227213e-01,-2.347773078952825276e+00,-1.313900573257863025e+00,-2.926963007577601528e-01,-1.797045101025860347e+00,-2.317924512943280835e+00,-2.563329304770809891e+00,-2.814671382046035397e+00,-1.678112111613219382e+00,-2.206269591610338310e+00
-1.626301414193227213e-01,-2.653614024721496545e+00,-1.313900573257863025e+00,-2.926963007577601528e-01,-1.797045101025860347e+00,-2.317924512943280835e+00,-2.563329304770809891e+00,-2.814671382046035397e+00,-1.678112111613219382e+00,-2.206269591610338310e+00
-1.626301414193227213e-01,-2.653614024721496545e+00,-1.791124436540823650e+00,-2.926963007577601528e-01,-1.797045101025860347e+00,-2.317924512943280835e+00,-2.563329304770809891e+00,-2.814671382046035397e+00,-1.678112111613219382e+00,-2.206269591610338310e+00
-1.626301414193227213e-01,-2.653614024721496545e+00,-1.791124436540823650e+00,-2.926963007577601528e-01,-1.797045101025860347e+00,-2.317924512943280835e+00,-2.563329304770809891e+00,-2.814671382046035397e+00,-1.678112111613219382e+00,-2.206269591610338310e+00
-1.626301414193227213e-01,-2.653614024721496545e+00,-1.791124436540823650e+00,-2.926963007577601528e-01,-2.079983228182603838e+00,-3.031454678704017969e+00,-2.563329304770809891e+00,-2.814671382046035397e+00,-1.678112111613219382e+00,-2.206269591610338310e+00
-1.626301414193227213e-01,-2.653614024721496545e+00,-1.791124436540823650e+00,-2.926963007577601528e-01,-2.079983228182603838e+00,-3.031454678704017969e+00,-2.563329304770809891e+00,-2.814671382046035397e+00,-1.678112111613219382e+00,-2.206269591610338310e+00
-1.626301414193227213e-01,-2.653614024721496545e+00,-1.791124436540823650e+00,-2.926963007577601528e-01,-2.079983228182603838e+00,-3.031454678704017969e+00,-2.563329304770809891e+00,-2.814671382046035397e+00,-1.678112111613219382e+00,-2.206269591610338310e+00
-1.626301414193227213e-01,-2.653614024721496545e+00,-1.791124436540823650e+00,-2.926963007577601528e-01,-2.079983228182603838e+00,-3.031454678704017969e+00,-2.563329304770809891e+00,-2.814671382046035397e+00,-1.678112111613219382e+00,-2.206269591610338310e+00
-1.626301414193227213e-01,-2.653614024721496545e+00,-1.791124436540823650e+00,-2.926963007577601528e-01,-2.079983228182603838e+00,-3.031454678704017969e+00,-2.563329304770809891e+00,-2.814671382046035397e+00,-1.678112111613219382e+00,-2.206269591610338310e+00
-1.626301414193227213e-01,-2.653614024721496545e+00,-1.791124436540823650e+00,-2.926963007577601528e-01,-2.079983228182603838e+00,-3.031454678704017969e+00,-2.563329304770809891e+00,-2.814671382046035397e+00,-1.678112111613219382e+00,-2.206269591610338310e+00
-1.626301414193227213e-01,-2.653614024721496545e+00,-1.791124436540823650e+00,-2.926963007577601528e-01,-2.079983228182603838e+00,-3.031454678704017969e+00,-2.563329304770809891e+00,-2.814671382046035397e+00,-1.678112111613219382e+00,-2.206269591610338310e+00
-1.626301414193227213e-01,-2.653614024721496545e+00,-1.791124436540823650e+00,-2.926963007577601528e-01,-2.079983228182603838e+00,-3.031454678704017969e+00,-2.563329304770809891e+00,-2.814671382046035397e+00,-1.678112111613219382e+00,-2.206269591610338310e+00
-1.626301414193227213e-01,-2.653614024721496545e+00,-1.791124436540823650e+00,-2.926963007577601528e-01,-2.079983228182603838e+00,-3.031454678704017969e+00,-2.563329304770809891e+00,-2.814671382046035397e+00,-1.678112111613219382e+00,-2.206269591610338310e+00
-1.626301414193227213e-01,-2.653614024721496545e+00,-1.791124436540823650e+00,-2.926963007577601528e-01,-2.079983228182603838e+00,-3.031454678704017969e+00,-2.563329304770809891e+00,-2.814671382046035397e+00,-1.678112111613219382e+00,-2.206269591610338310e+00
-1.626301414193227213e-01,-2.653614024721496545e+00,-1.791124436540823650e+00,-2.926963007577601528e-01,-2.079983228182603838e+00,-3.031454678704017969e+00,-2.563329304770809891e+00,-2.814671382046035397e+00,-1.678112111613219382e+00,-2.206269591610338310e+00
-1.626301414193227213e-01,-2.653614024721496545e+00,-1.791124436540823650e+00,-2.926963007577601528e-01,-2.079983228182603838e+00,-3.031454678704017969e+00,-2.563329304770809891e+00,-2.814671382046035397e+00,-1.678112111613219382e+00,-2.206269591610338310e+00
-1.626301414193227213e-01,-2.653614024721496545e+00,-1.791124436540823650e+00,-3.380986351419264513e-01,-2.079983228182603838e+00,-3.031454678704017969e+00,-2.563329304770809891e+00,-2.814671382046035397e+00,-1.678112111613219382e+00,-2.206269591610338310e+00
-1.626301414193227213e-01,-2.653614024721496545e+00,-1.791124436540823650e+00,-3.380986351419264513e-01,-2.079983228182603838e+00,-3.031454678704017969e+00,-2.563329304770809891e+00,-2.814671382046035397e+00,-1.678112111613219382e+00,-2.206269591610338310e+00
-1.626301414193227213e-01,-2.653614024721496545e+00,-1.791124436540823650e+00,-3.380986351419264513e-01,-2.079983228182603838e+00,-3.031454678704017969e+00,-2.563329304770809891e+00,-2.814671382046035397e+00,-1.678112111613219382e+00,-2.206269591610338310e+00
-1.626301414193227213e-01,-2.653614024721496545e+00,-1.791124436540823650e+00,-3.380986351419264513e-01,-2.079983228182603838e+00,-3.031454678704017969e+00,-2.563329304770809891e+00,-2.814671382046035397e+00,-1.678112111613219382e+00,-2.206269591610338310e+00
-1.626301414193227213e-01,-2.653614024721496545e+00,-1.791124436540823650e+00,-3.380986351419264513e-01,-2.079983228182603838e+00,-3.031454678704017969e+00,-2.563329304770809891e+00,-2.814671382046035397e+00,-1.678112111613219382e+00,-2.206269591610338310e+00
-1.626301414193227213e-01,-2.653614024721496545e+00,-1.791124436540823650e+00,-3.380986351419264513e-01,-2.079983228182603838e+00,-3.031454678704017969e+00,-2.563329304770809891e+00,-2.814671382046035397e+00,-1.678112111613219382e+00,-2.206269591610338310e+00
-1.626301414193227213e-01,-2.653614024721496545e+00,-1.791124436540823650e+00,-3.380986351419264513e-01,-2.079983228182603838e+00,-3.031454678704017969e+00,-2.563329304770809891e+00,-2.814671382046035397e+00,-1.678112111613219382e+00,-2.206269591610338310e+00
-1.626301414193227213e-01,-2.653614024721496545e+00,-1.791124436540823650e+00,-3.380986351419264513e-01,-2.079983228182603838e+00,-3.031454678704017969e+00,-2.563329304770809891e+00,-2.814671382046035397e+00,-1.678112111613219382e+00,-2.206269591610338310e+00
-1.626301414193227213e-01,-2.653614024721496545e+00,-1.791124436540823650e+00,-3.380986351419264513e-01,-2.079983228182603838e+00,-3.031454678704017969e+00,-2.563329304770809891e+00,-2.814671382046035397e+00,-1.678112111613219382e+00,-2.206269591610338310e+00
-1.626301414193227213e-01,-2.653614024721496545e+00,-1.791124436540823650e+00,-3.380986351419264513e-01,-2.079983228182603838e+00,-3.031454678704017969e+00,-2.563329304770809891e+00,-2.814671382046035397e+00,-1.678112111613219382e+00,-2.206269591610338310e+00
-1.626301414193227213e-01,-2.653614024721496545e+00,-1.791124436540823650e+00,-3.380986351419264513e-01,-2.079983228182603838e+00,-3.031454678704017969e+00,-2.563329304770809891e+00,-2.814671382046035397e+00,-1.678112111613219382e+00,-2.206269591610338310e+00
-1.626301414193227213e-01,-2.653614024721496545e+00,-1.791124436540823650e+00,-3.380986351419264513e-01,-2.079983228182603838e+00,-3.031454678704017969e+00,-2.563329304770809891e+00,-2.984810215331836325e+00,-1.678112111613219382e+00,-2.206269591610338310e+00
-1.626301414193227213e-01,-2.653614024721496545e+00,-1.791124436540823650e+00,-3.380986351419264513e-01,-2.079983228182603838e+00,-3.031454678704017969e+00,-2.563329304770809891e+00,-2.984810215331836325e+00,-1.678112111613219382e+00,-2.206269591610338310e+00
-1.626301414193227213e-01,-2.653614024721496545e+00,-1.791124436540823650e+00,-3.380986351419264513e-01,-2.079983228182603838e+00,-3.031454678704017969e+00,-2.563329304770809891e+00,-2.984810215331836325e+00,-1.678112111613219382e+00,-2.206269591610338310e+00
-1.626301414193227213e-01,-2.653614024721496545e+00,-1.791124436540823650e+00,-4.261505456777708867e-01,-2.079983228182603838e+00,-3.031454678704017969e+00,-2.563329304770809891e+00,-2.984810215331836325e+00,-1.678112111613219382e+00,-2.206269591610338310e+00
