2.516379039690030517e+00,3.681877397011511732e+00,2.667302063184623928e-01,1.183584639465556476e+00,9.638333739492096486e-01,1.320554152733283693e-01,1.775898707642917795e+00,3.994202908606526048e+00,1.087438641877618961e+00,2.090684439128966066e+00
2.459462381670554532e+00,1.452161385027076479e+00,2.667302063184623928e-01,-1.243438593911559975e+00,9.335626758634182343e-01,1.320554152733283693e-01,1.775898707642917795e+00,2.358755226034424890e+00,1.087438641877618961e+00,2.090684439128966066e+00
2.459462381670554532e+00,-7.161602422875239515e-01,2.667302063184623928e-01,-1.243438593911559975e+00,9.335626758634182343e-01,1.320554152733283693e-01,1.496355674137764824e+00,2.297472373023514258e+00,-4.969233485830021335e-01,2.090684439128966066e+00
2.459462381670554532e+00,-7.161602422875239515e-01,2.667302063184623928e-01,-1.243438593911559975e+00,9.335626758634182343e-01,1.320554152733283693e-01,1.496355674137764824e+00,2.297472373023514258e+00,-4.969233485830021335e-01,1.209847520156692502e+00
6.490560323114746843e-01,-7.161602422875239515e-01,2.667302063184623928e-01,-1.243438593911559975e+00,9.335626758634182343e-01,1.320554152733283693e-01,1.092678079697664062e+00,2.297472373023514258e+00,-4.969233485830021335e-01,1.209847520156692502e+00
6.490560323114746843e-01,-7.530572933180972317e-01,2.667302063184623928e-01,-1.243438593911559975e+00,3.302433757956976801e-01,1.320554152733283693e-01,1.092678079697664062e+00,2.297472373023514258e+00,-4.969233485830021335e-01,1.002072873694632049e+00
6.490560323114746843e-01,-2.651599840942866493e+00,2.667302063184623928e-01,-2.484722939406695197e+00,3.302433757956976801e-01,1.002947880189328511e-01,-8.496294890375025721e-01,1.422410044837081555e+00,-4.969233485830021335e-01,1.002072873694632049e+00
6.490560323114746843e-01,-2.651599840942866493e+00,2.667302063184623928e-01,-3.266804258852167742e+00,3.302433757956976801e-01,1.002947880189328511e-01,-8.496294890375025721e-01,1.422410044837081555e+00,-4.969233485830021335e-01,5.363239742969277968e-01
6.490560323114746843e-01,-2.651599840942866493e+00,2.667302063184623928e-01,-3.266804258852167742e+00,3.302433757956976801e-01,1.002947880189328511e-01,-9.307305586237629713e-01,1.422410044837081555e+00,-4.969233485830021335e-01,5.363239742969277968e-01
6.490560323114746843e-01,-2.651599840942866493e+00,2.420002407590269300e-01,-3.266804258852167742e+00,3.302433757956976801e-01,1.002947880189328511e-01,-9.307305586237629713e-01,1.422410044837081555e+00,-1.036145336244000070e+00,5.363239742969277968e-01
6.490560323114746843e-01,-2.651599840942866493e+00,2.420002407590269300e-01,-3.266804258852167742e+00,3.302433757956976801e-01,1.002947880189328511e-01,-9.307305586237629713e-01,1.422410044837081555e+00,-1.036145336244000070e+00,-1.014793119349124140e-01
6.490560323114746843e-01,-2.651599840942866493e+00,2.420002407590269300e-01,-3.266804258852167742e+00,3.302433757956976801e-01,1.002947880189328511e-01,-9.307305586237629713e-01,1.422410044837081555e+00,-1.036145336244000070e+00,-1.014793119349124140e-01
6.490560323114746843e-01,-2.651599840942866493e+00,-6.997566457252317462e-02,-3.266804258852167742e+00,3.302433757956976801e-01,1.002947880189328511e-01,-9.307305586237629713e-01,1.422410044837081555e+00,-1.036145336244000070e+00,-1.014793119349124140e-01
6.490560323114746843e-01,-2.651599840942866493e+00,-6.997566457252317462e-02,-3.266804258852167742e+00,3.302433757956976801e-01,1.002947880189328511e-01,-9.307305586237629713e-01,1.422410044837081555e+00,-1.036145336244000070e+00,-1.014793119349124140e-01
6.490560323114746843e-01,-2.651599840942866493e+00,-6.997566457252317462e-02,-3.266804258852167742e+00,3.302433757956976801e-01,1.002947880189328511e-01,-9.307305586237629713e-01,1.422410044837081555e+00,-1.036145336244000070e+00,-1.014793119349124140e-01
6.490560323114746843e-01,-2.651599840942866493e+00,-6.997566457252317462e-02,-3.266804258852167742e+00,3.302433757956976801e-01,1.002947880189328511e-01,-9.307305586237629713e-01,8.004872438522385725e-01,-1.036145336244000070e+00,-1.014793119349124140e-01
6.490560323114746843e-01,-2.651599840942866493e+00,-6.997566457252317462e-02,-3.266804258852167742e+00,2.093228861516991390e-01,1.002947880189328511e-01,-9.307305586237629713e-01,8.004872438522385725e-01,-1.036145336244000070e+00,-1.014793119349124140e-01
6.490560323114746843e-01,-2.651599840942866493e+00,-6.997566457252317462e-02,-3.266804258852167742e+00,2.093228861516991390e-01,-5.504338199989897151e-02,-9.307305586237629713e-01,8.004872438522385725e-01,-1.036145336244000070e+00,-1.014793119349124140e-01
6.490560323114746843e-01,-2.651599840942866493e+00,-6.220541122606967344e-01,-3.266804258852167742e+00,2.093228861516991390e-01,-5.504338199989897151e-02,-9.307305586237629713e-01,8.004872438522385725e-01,-1.036145336244000070e+00,-1.014793119349124140e-01
6.490560323114746843e-01,-2.651599840942866493e+00,-6.220541122606967344e-01,-3.266804258852167742e+00,2.093228861516991390e-01,-5.504338199989897151e-02,-9.307305586237629713e-01,8.004872438522385725e-01,-1.036145336244000070e+00,-1.690842174993646696e-01
6.490560323114746843e-01,-2.651599840942866493e+00,-6.220541122606967344e-01,-3.266804258852167742e+00,2.093228861516991390e-01,-5.504338199989897151e-02,-9.307305586237629713e-01,8.004872438522385725e-01,-1.036145336244000070e+00,-4.167259279192663812e-01
6.490560323114746843e-01,-2.651599840942866493e+00,-6.220541122606967344e-01,-3.266804258852167742e+00,2.093228861516991390e-01,-2.379051886875593880e-01,-9.307305586237629713e-01,8.004872438522385725e-01,-1.563649164240284328e+00,-4.167259279192663812e-01
6.490560323114746843e-01,-2.651599840942866493e+00,-6.220541122606967344e-01,-3.266804258852167742e+00,2.093228861516991390e-01,-2.379051886875593880e-01,-9.307305586237629713e-01,8.004872438522385725e-01,-1.563649164240284328e+00,-1.157101590757758425e+00
6.490560323114746843e-01,-3.174241094466888402e+00,-6.220541122606967344e-01,-3.266804258852167742e+00,2.093228861516991390e-01,-2.379051886875593880e-01,-9.307305586237629713e-01,8.004872438522385725e-01,-1.563649164240284328e+00,-1.157101590757758425e+00
2.702918263699763401e-01,-3.174241094466888402e+00,-6.220541122606967344e-01,-3.266804258852167742e+00,2.093228861516991390e-01,-2.379051886875593880e-01,-9.307305586237629713e-01,8.004872438522385725e-01,-1.563649164240284328e+00,-1.157101590757758425e+00
2.702918263699763401e-01,-3.174241094466888402e+00,-6.220541122606967344e-01,-3.266804258852167742e+00,2.093228861516991390e-01,-1.468106449719714712e+00,-9.307305586237629713e-01,8.004872438522385725e-01,-1.563649164240284328e+00,-1.157101590757758425e+00
2.702918263699763401e-01,-3.174241094466888402e+00,-6.220541122606967344e-01,-3.488042463204645394e+00,2.093228861516991390e-01,-1.468106449719714712e+00,-9.307305586237629713e-01,8.004872438522385725e-01,-1.563649164240284328e+00,-1.456633614029196222e+00
2.702918263699763401e-01,-3.174241094466888402e+00,-6.220541122606967344e-01,-3.488042463204645394e+00,2.093228861516991390e-01,-1.468106449719714712e+00,-9.307305586237629713e-01,1.634208567596056594e-01,-1.563649164240284328e+00,-1.456633614029196222e+00
2.702918263699763401e-01,-3.174241094466888402e+00,-6.220541122606967344e-01,-3.488042463204645394e+00,2.093228861516991390e-01,-1.549797493175054885e+00,-9.307305586237629713e-01,1.634208567596056594e-01,-1.563649164240284328e+00,-1.456633614029196222e+00
-3.450348979743213529e-01,-3.174241094466888402e+00,-6.220541122606967344e-01,-3.488042463204645394e+00,2.093228861516991390e-01,-1.549797493175054885e+00,-9.307305586237629713e-01,1.634208567596056594e-01,-1.563649164240284328e+00,-1.456633614029196222e+00
-3.450348979743213529e-01,-3.174241094466888402e+00,-6.220541122606967344e-01,-3.488042463204645394e+00,2.093228861516991390e-01,-1.549797493175054885e+00,-9.307305586237629713e-01,1.634208567596056594e-01,-2.053150742454830535e+00,-1.456633614029196222e+00
-3.450348979743213529e-01,-3.174241094466888402e+00,-6.220541122606967344e-01,-3.488042463204645394e+00,2.093228861516991390e-01,-1.549797493175054885e+00,-9.307305586237629713e-01,1.634208567596056594e-01,-2.053150742454830535e+00,-1.456633614029196222e+00
-3.450348979743213529e-01,-3.174241094466888402e+00,-6.220541122606967344e-01,-3.488042463204645394e+00,-1.002019776464723400e+00,-1.549797493175054885e+00,-9.307305586237629713e-01,1.634208567596056594e-01,-2.053150742454830535e+00,-1.456633614029196222e+00
-3.450348979743213529e-01,-3.174241094466888402e+00,-6.220541122606967344e-01,-3.488042463204645394e+00,-1.002019776464723400e+00,-1.549797493175054885e+00,-9.307305586237629713e-01,1.634208567596056594e-01,-2.053150742454830535e+00,-1.456633614029196222e+00
-1.424731685100825818e+00,-3.174241094466888402e+00,-6.220541122606967344e-01,-3.488042463204645394e+00,-1.002019776464723400e+00,-1.549797493175054885e+00,-9.307305586237629713e-01,1.634208567596056594e-01,-2.053150742454830535e+00,-1.456633614029196222e+00
-1.424731685100825818e+00,-4.457537694204176226e+00,-6.220541122606967344e-01,-3.860173454666175452e+00,-1.002019776464723400e+00,-1.549797493175054885e+00,-9.307305586237629713e-01,1.634208567596056594e-01,-2.053150742454830535e+00,-1.456633614029196222e+00
-1.424731685100825818e+00,-4.457537694204176226e+00,-6.220541122606967344e-01,-3.860173454666175452e+00,-1.002019776464723400e+00,-1.549797493175054885e+00,-9.307305586237629713e-01,1.634208567596056594e-01,-2.053150742454830535e+00,-1.456633614029196222e+00
-1.424731685100825818e+00,-4.457537694204176226e+00,-6.220541122606967344e-01,-3.860173454666175452e+00,-1.002019776464723400e+00,-1.549797493175054885e+00,-1.161016089341550428e+00,1.634208567596056594e-01,-2.053150742454830535e+00,-1.456633614029196222e+00
-1.424731685100825818e+00,-4.457537694204176226e+00,-6.220541122606967344e-01,-3.860173454666175452e+00,-1.399015009899671202e+00,-1.722703970738607371e+00,-1.161016089341550428e+00,1.634208567596056594e-01,-2.053150742454830535e+00,-1.456633614029196222e+00
-1.424731685100825818e+00,-4.457537694204176226e+00,-6.220541122606967344e-01,-3.860173454666175452e+00,-1.644162732527378878e+00,-2.469247254475866793e+00,-1.161016089341550428e+00,1.634208567596056594e-01,-2.053150742454830535e+00,-1.456633614029196222e+00
-1.424731685100825818e+00,-4.457537694204176226e+00,-6.220541122606967344e-01,-3.860173454666175452e+00,-1.644162732527378878e+00,-2.469247254475866793e+00,-1.161016089341550428e+00,5.580056783884351779e-02,-2.053150742454830535e+00,-1.456633614029196222e+00
-1.424731685100825818e+00,-4.457537694204176226e+00,-6.220541122606967344e-01,-3.860173454666175452e+00,-1.897210726358023569e+00,-2.469247254475866793e+00,-1.161016089341550428e+00,5.580056783884351779e-02,-2.053150742454830535e+00,-1.456633614029196222e+00
-1.424731685100825818e+00,-4.457537694204176226e+00,-6.220541122606967344e-01,-3.860173454666175452e+00,-2.844870814036996709e+00,-2.469247254475866793e+00,-1.161016089341550428e+00,5.580056783884351779e-02,-2.053150742454830535e+00,-1.456633614029196222e+00
-1.424731685100825818e+00,-4.457537694204176226e+00,-6.220541122606967344e-01,-3.860173454666175452e+00,-2.844870814036996709e+00,-2.469247254475866793e+00,-1.161016089341550428e+00,5.580056783884351779e-02,-2.053150742454830535e+00,-1.456633614029196222e+00
-1.424731685100825818e+00,-4.457537694204176226e+00,-6.220541122606967344e-01,-3.860173454666175452e+00,-2.844870814036996709e+00,-2.469247254475866793e+00,-1.161016089341550428e+00,5.580056783884351779e-02,-2.053150742454830535e+00,-1.456633614029196222e+00
-1.424731685100825818e+00,-4.457537694204176226e+00,-6.220541122606967344e-01,-3.860173454666175452e+00,-2.844870814036996709e+00,-2.469247254475866793e+00,-1.929725215918769887e+00,5.580056783884351779e-02,-2.053150742454830535e+00,-1.456633614029196222e+00
-1.424731685100825818e+00,-4.457537694204176226e+00,-6.220541122606967344e-01,-3.860173454666175452e+00,-2.844870814036996709e+00,-2.469247254475866793e+00,-1.929725215918769887e+00,5.580056783884351779e-02,-2.053150742454830535e+00,-1.456633614029196222e+00
-1.424731685100825818e+00,-4.457537694204176226e+00,-6.220541122606967344e-01,-3.860173454666175452e+00,-2.844870814036996709e+00,-2.469247254475866793e+00,-1.929725215918769887e+00,5.580056783884351779e-02,-2.053150742454830535e+00,-1.456633614029196222e+00
-1.424731685100825818e+00,-4.457537694204176226e+00,-6.220541122606967344e-01,-3.860173454666175452e+00,-2.844870814036996709e+00,-2.469247254475866793e+00,-1.929725215918769887e+00,5.580056783884351779e-02,-2.053150742454830535e+00,-1.456633614029196222e+00
-1.424731685100825818e+00,-4.457537694204176226e+00,-6.220541122606967344e-01,-3.860173454666175452e+00,-2.844870814036996709e+00,-2.469247254475866793e+00,-1.929725215918769887e+00,5.580056783884351779e-02,-2.053150742454830535e+00,-1.456633614029196222e+00
-1.424731685100825818e+00,-4.457537694204176226e+00,-6.220541122606967344e-01,-3.860173454666175452e+00,-2.844870814036996709e+00,-2.469247254475866793e+00,-1.929725215918769887e+00,5.580056783884351779e-02,-2.053150742454830535e+00,-1.456633614029196222e+00
-1.424731685100825818e+00,-4.457537694204176226e+00,-6.220541122606967344e-01,-3.860173454666175452e+00,-2.844870814036996709e+00,-2.469247254475866793e+00,-1.929725215918769887e+00,5.580056783884351779e-02,-2.053150742454830535e+00,-1.456633614029196222e+00
-1.424731685100825818e+00,-4.457537694204176226e+00,-6.220541122606967344e-01,-3.860173454666175452e+00,-2.844870814036996709e+00,-2.469247254475866793e+00,-1.929725215918769887e+00,5.580056783884351779e-02,-2.053150742454830535e+00,-1.456633614029196222e+00
-1.424731685100825818e+00,-4.457537694204176226e+00,-6.220541122606967344e-01,-3.860173454666175452e+00,-2.844870814036996709e+00,-2.469247254475866793e+00,-1.929725215918769887e+00,5.580056783884351779e-02,-2.053150742454830535e+00,-1.456633614029196222e+00
-1.424731685100825818e+00,-4.457537694204176226e+00,-6.220541122606967344e-01,-3.860173454666175452e+00,-2.844870814036996709e+00,-2.469247254475866793e+00,-1.929725215918769887e+00,5.580056783884351779e-02,-2.053150742454830535e+00,-1.456633614029196222e+00
-1.424731685100825818e+00,-4.457537694204176226e+00,-6.220541122606967344e-01,-3.860173454666175452e+00,-2.844870814036996709e+00,-2.469247254475866793e+00,-1.929725215918769887e+00,5.580056783884351779e-02,-2.053150742454830535e+00,-1.456633614029196222e+00
-1.424731685100825818e+00,-4.457537694204176226e+00,-6.220541122606967344e-01,-3.860173454666175452e+00,-2.844870814036996709e+00,-2.469247254475866793e+00,-1.929725215918769887e+00,5.580056783884351779e-02,-2.053150742454830535e+00,-1.963381580090931777e+00
-1.424731685100825818e+00,-4.457537694204176226e+00,-1.176250631054015949e+00,-3.860173454666175452e+00,-2.844870814036996709e+00,-2.469247254475866793e+00,-1.929725215918769887e+00,5.580056783884351779e-02,-2.107346353488707358e+00,-1.963381580090931777e+00
-1.835856278054537327e+00,-4.457537694204176226e+00,-1.176250631054015949e+00,-3.860173454666175452e+00,-2.844870814036996709e+00,-2.469247254475866793e+00,-1.929725215918769887e+00,5.580056783884351779e-02,-2.107346353488707358e+00,-1.963381580090931777e+00
-1.835856278054537327e+00,-4.457537694204176226e+00,-1.176250631054015949e+00,-3.860173454666175452e+00,-2.955713863148492493e+00,-2.469247254475866793e+00,-1.929725215918769887e+00,5.580056783884351779e-02,-2.107346353488707358e+00,-1.963381580090931777e+00
-1.835856278054537327e+00,-4.457537694204176226e+00,-1.176250631054015949e+00,-3.860173454666175452e+00,-3.374505810981914156e+00,-2.469247254475866793e+00,-1.929725215918769887e+00,5.580056783884351779e-02,-2.107346353488707358e+00,-1.963381580090931777e+00
-1.835856278054537327e+00,-4.457537694204176226e+00,-1.176250631054015949e+00,-3.860173454666175452e+00,-3.374505810981914156e+00,-2.469247254475866793e+00,-1.929725215918769887e+00,5.580056783884351779e-02,-2.982545959153957593e+00,-1.963381580090931777e+00
-1.835856278054537327e+00,-4.457537694204176226e+00,-1.176250631054015949e+00,-3.860173454666175452e+00,-3.374505810981914156e+00,-2.469247254475866793e+00,-1.929725215918769887e+00,5.580056783884351779e-02,-2.982545959153957593e+00,-2.824821142765020276e+00
-1.835856278054537327e+00,-4.457537694204176226e+00,-1.176250631054015949e+00,-3.860173454666175452e+00,-3.374505810981914156e+00,-2.469247254475866793e+00,-1.929725215918769887e+00,5.580056783884351779e-02,-2.982545959153957593e+00,-2.824821142765020276e+00
-1.835856278054537327e+00,-4.457537694204176226e+00,-1.176250631054015949e+00,-3.860173454666175452e+00,-3.374505810981914156e+00,-2.469247254475866793e+00,-1.929725215918769887e+00,5.580056783884351779e-02,-2.982545959153957593e+00,-2.824821142765020276e+00
-1.835856278054537327e+00,-4.457537694204176226e+00,-1.176250631054015949e+00,-3.860173454666175452e+00,-3.374505810981914156e+00,-2.469247254475866793e+00,-1.929725215918769887e+00,5.580056783884351779e-02,-2.982545959153957593e+00,-2.824821142765020276e+00
-1.835856278054537327e+00,-4.457537694204176226e+00,-1.176250631054015949e+00,-3.860173454666175452e+00,-3.374505810981914156e+00,-2.469247254475866793e+00,-1.929725215918769887e+00,5.580056783884351779e-02,-2.982545959153957593e+00,-2.824821142765020276e+00
-1.835856278054537327e+00,-4.457537694204176226e+00,-1.176250631054015949e+00,-3.860173454666175452e+00,-3.374505810981914156e+00,-2.469247254475866793e+00,-1.929725215918769887e+00,5.580056783884351779e-02,-2.982545959153957593e+00,-2.824821142765020276e+00
-1.835856278054537327e+00,-4.457537694204176226e+00,-1.176250631054015949e+00,-3.860173454666175452e+00,-3.374505810981914156e+00,-2.469247254475866793e+00,-1.929725215918769887e+00,5.580056783884351779e-02,-2.982545959153957593e+00,-2.824821142765020276e+00
-1.835856278054537327e+00,-4.457537694204176226e+00,-1.176250631054015949e+00,-3.860173454666175452e+00,-3.374505810981914156e+00,-2.469247254475866793e+00,-1.929725215918769887e+00,5.580056783884351779e-02,-2.982545959153957593e+00,-2.824821142765020276e+00
-1.835856278054537327e+00,-4.457537694204176226e+00,-1.176250631054015949e+00,-3.860173454666175452e+00,-3.374505810981914156e+00,-2.619845235316448306e+00,-1.929725215918769887e+00,5.580056783884351779e-02,-3.254114804575238828e+00,-2.824821142765020276e+00
-1.835856278054537327e+00,-4.457537694204176226e+00,-1.176250631054015949e+00,-3.860173454666175452e+00,-3.374505810981914156e+00,-2.619845235316448306e+00,-1.929725215918769887e+00,5.580056783884351779e-02,-3.254114804575238828e+00,-2.824821142765020276e+00
-1.835856278054537327e+00,-4.457537694204176226e+00,-1.176250631054015949e+00,-3.860173454666175452e+00,-3.374505810981914156e+00,-2.619845235316448306e+00,-1.929725215918769887e+00,5.580056783884351779e-02,-3.254114804575238828e+00,-2.824821142765020276e+00
-1.835856278054537327e+00,-4.950436778946779803e+00,-1.176250631054015949e+00,-3.860173454666175452e+00,-3.374505810981914156e+00,-2.619845235316448306e+00,-1.929725215918769887e+00,5.580056783884351779e-02,-3.254114804575238828e+00,-2.824821142765020276e+00
-1.835856278054537327e+00,-4.950436778946779803e+00,-1.176250631054015949e+00,-3.860173454666175452e+00,-3.374505810981914156e+00,-2.619845235316448306e+00,-1.929725215918769887e+00,5.580056783884351779e-02,-3.254114804575238828e+00,-2.824821142765020276e+00
-1.835856278054537327e+00,-4.950436778946779803e+00,-1.176250631054015949e+00,-3.860173454666175452e+00,-3.374505810981914156e+00,-2.619845235316448306e+00,-1.929725215918769887e+00,5.580056783884351779e-02,-3.254114804575238828e+00,-3.746279900400116603e+00
