4.791192381965838076e-01,8.517682964379349464e-01,3.894453465340073972e+00,9.392142319536488371e-01,5.891624177666787698e-01,4.003362939238968465e+00,1.763266950441675585e+00,1.259326890280047406e+00,1.664080296514873492e-01,2.121299469991094533e+00
3.407114512993857369e-01,-4.591682303032308954e-01,3.894453465340073972e+00,9.392142319536488371e-01,5.891624177666787698e-01,1.686918332741598414e+00,1.660536985432434998e+00,3.870553111370204635e-01,-1.216807389967323461e-01,2.121299469991094533e+00
-1.433283577045817159e-01,-4.591682303032308954e-01,2.903668395381312273e+00,5.198367720677410375e-01,5.891624177666787698e-01,1.192188843834695477e+00,8.962172320258624536e-01,3.870553111370204635e-01,-1.216807389967323461e-01,-4.417514662591226493e-01
-9.375725157778932450e-01,-4.591682303032308954e-01,2.741748963103244563e+00,-2.312726932878561570e-01,-1.052164394443942941e-01,1.192188843834695477e+00,8.962172320258624536e-01,3.870553111370204635e-01,-1.216807389967323461e-01,-4.417514662591226493e-01
-9.375725157778932450e-01,-4.591682303032308954e-01,2.741748963103244563e+00,-2.312726932878561570e-01,-9.813579422289081533e-01,9.534224467601016828e-01,8.962172320258624536e-01,3.870553111370204635e-01,-1.216807389967323461e-01,-4.417514662591226493e-01
-9.375725157778932450e-01,-4.591682303032308954e-01,2.741748963103244563e+00,-4.120478043290929926e-01,-9.813579422289081533e-01,9.534224467601016828e-01,7.410190193206056541e-01,-2.508925575454453716e-01,-1.216807389967323461e-01,-4.417514662591226493e-01
-3.248990447517278835e+00,-4.591682303032308954e-01,2.741748963103244563e+00,-4.120478043290929926e-01,-9.813579422289081533e-01,9.534224467601016828e-01,7.410190193206056541e-01,-5.438638935075292835e-01,-1.216807389967323461e-01,-4.417514662591226493e-01
-3.248990447517278835e+00,-4.591682303032308954e-01,1.916200609806529620e+00,-4.120478043290929926e-01,-9.813579422289081533e-01,9.534224467601016828e-01,7.410190193206056541e-01,-6.201115602981491781e-01,-1.216807389967323461e-01,-4.417514662591226493e-01
-3.248990447517278835e+00,-4.591682303032308954e-01,1.916200609806529620e+00,-4.120478043290929926e-01,-9.813579422289081533e-01,9.534224467601016828e-01,7.410190193206056541e-01,-6.201115602981491781e-01,-1.216807389967323461e-01,-4.417514662591226493e-01
-3.248990447517278835e+00,-4.591682303032308954e-01,1.916200609806529620e+00,-1.691518870376708561e+00,-9.813579422289081533e-01,9.534224467601016828e-01,7.410190193206056541e-01,-6.201115602981491781e-01,-1.216807389967323461e-01,-4.417514662591226493e-01
-3.248990447517278835e+00,-4.591682303032308954e-01,1.916200609806529620e+00,-1.691518870376708561e+00,-9.813579422289081533e-01,-6.225819884180399111e-01,1.696738326792313067e-01,-6.201115602981491781e-01,-1.216807389967323461e-01,-4.417514662591226493e-01
-3.248990447517278835e+00,-4.591682303032308954e-01,-6.851963338636932743e-01,-1.691518870376708561e+00,-9.813579422289081533e-01,-6.225819884180399111e-01,1.696738326792313067e-01,-6.201115602981491781e-01,-1.216807389967323461e-01,-4.417514662591226493e-01
-3.483284366800158072e+00,-4.591682303032308954e-01,-6.851963338636932743e-01,-1.691518870376708561e+00,-1.026605926034329652e+00,-6.225819884180399111e-01,1.696738326792313067e-01,-6.201115602981491781e-01,-1.216807389967323461e-01,-4.417514662591226493e-01
-3.483284366800158072e+00,-4.591682303032308954e-01,-2.046936368155806818e+00,-1.691518870376708561e+00,-1.026605926034329652e+00,-6.225819884180399111e-01,1.696738326792313067e-01,-6.201115602981491781e-01,-1.216807389967323461e-01,-4.417514662591226493e-01
-3.483284366800158072e+00,-4.591682303032308954e-01,-2.046936368155806818e+00,-1.691518870376708561e+00,-1.026605926034329652e+00,-6.225819884180399111e-01,1.696738326792313067e-01,-6.201115602981491781e-01,-1.216807389967323461e-01,-4.417514662591226493e-01
-3.483284366800158072e+00,-4.591682303032308954e-01,-2.046936368155806818e+00,-1.691518870376708561e+00,-1.031645483611415948e+00,-6.225819884180399111e-01,1.696738326792313067e-01,-6.201115602981491781e-01,-1.216807389967323461e-01,-4.417514662591226493e-01
-3.483284366800158072e+00,-4.591682303032308954e-01,-2.046936368155806818e+00,-1.691518870376708561e+00,-1.031645483611415948e+00,-6.225819884180399111e-01,1.696738326792313067e-01,-1.434481100631236350e+00,-1.216807389967323461e-01,-4.417514662591226493e-01
-3.483284366800158072e+00,-5.829161337749526606e-01,-2.046936368155806818e+00,-1.691518870376708561e+00,-1.031645483611415948e+00,-6.225819884180399111e-01,1.696738326792313067e-01,-4.122873177332302852e+00,-1.216807389967323461e-01,-6.428382462024544441e-01
-3.483284366800158072e+00,-5.829161337749526606e-01,-2.046936368155806818e+00,-1.691518870376708561e+00,-1.031645483611415948e+00,-6.225819884180399111e-01,1.007885943897254694e-01,-4.122873177332302852e+00,-1.216807389967323461e-01,-6.428382462024544441e-01
-3.483284366800158072e+00,-5.829161337749526606e-01,-2.046936368155806818e+00,-1.691518870376708561e+00,-1.031645483611415948e+00,-6.225819884180399111e-01,1.007885943897254694e-01,-4.122873177332302852e+00,-1.216807389967323461e-01,-6.428382462024544441e-01
-3.483284366800158072e+00,-5.829161337749526606e-01,-2.046936368155806818e+00,-1.691518870376708561e+00,-1.031645483611415948e+00,-6.225819884180399111e-01,1.007885943897254694e-01,-4.122873177332302852e+00,-1.216807389967323461e-01,-6.428382462024544441e-01
-3.483284366800158072e+00,-5.829161337749526606e-01,-2.046936368155806818e+00,-1.691518870376708561e+00,-1.031645483611415948e+00,-6.225819884180399111e-01,1.007885943897254694e-01,-4.122873177332302852e+00,-1.216807389967323461e-01,-6.428382462024544441e-01
-3.483284366800158072e+00,-5.829161337749526606e-01,-2.046936368155806818e+00,-1.691518870376708561e+00,-1.031645483611415948e+00,-6.225819884180399111e-01,1.007885943897254694e-01,-4.122873177332302852e+00,-1.216807389967323461e-01,-6.428382462024544441e-01
-3.483284366800158072e+00,-5.829161337749526606e-01,-2.880407465928370492e+00,-1.691518870376708561e+00,-1.079992847167120962e+00,-6.225819884180399111e-01,1.007885943897254694e-01,-4.122873177332302852e+00,-1.216807389967323461e-01,-6.428382462024544441e-01
-3.483284366800158072e+00,-1.270089895605706731e+00,-2.880407465928370492e+00,-1.691518870376708561e+00,-1.079992847167120962e+00,-6.225819884180399111e-01,1.007885943897254694e-01,-4.122873177332302852e+00,-1.216807389967323461e-01,-6.428382462024544441e-01
-3.483284366800158072e+00,-1.270089895605706731e+00,-2.880407465928370492e+00,-1.691518870376708561e+00,-1.079992847167120962e+00,-6.225819884180399111e-01,1.007885943897254694e-01,-4.122873177332302852e+00,-1.216807389967323461e-01,-6.428382462024544441e-01
-3.483284366800158072e+00,-1.270089895605706731e+00,-4.190263699662674313e+00,-1.691518870376708561e+00,-1.079992847167120962e+00,-6.225819884180399111e-01,1.007885943897254694e-01,-4.122873177332302852e+00,-1.216807389967323461e-01,-6.428382462024544441e-01
-3.483284366800158072e+00,-1.270089895605706731e+00,-4.190263699662674313e+00,-1.691518870376708561e+00,-1.079992847167120962e+00,-6.225819884180399111e-01,-2.599145299132703535e-01,-4.122873177332302852e+00,-1.216807389967323461e-01,-6.428382462024544441e-01
-3.483284366800158072e+00,-1.270089895605706731e+00,-4.190263699662674313e+00,-1.691518870376708561e+00,-1.079992847167120962e+00,-6.225819884180399111e-01,-2.599145299132703535e-01,-4.122873177332302852e+00,-1.216807389967323461e-01,-6.428382462024544441e-01
-4.073822236959961707e+00,-1.270089895605706731e+00,-4.190263699662674313e+00,-1.691518870376708561e+00,-1.079992847167120962e+00,-6.225819884180399111e-01,-2.599145299132703535e-01,-4.122873177332302852e+00,-1.216807389967323461e-01,-6.428382462024544441e-01
-4.073822236959961707e+00,-1.270089895605706731e+00,-4.190263699662674313e+00,-1.727980604245235252e+00,-1.079992847167120962e+00,-6.225819884180399111e-01,-2.599145299132703535e-01,-4.122873177332302852e+00,-1.991861162339853553e-01,-6.428382462024544441e-01
-4.073822236959961707e+00,-1.270089895605706731e+00,-4.190263699662674313e+00,-1.727980604245235252e+00,-1.079992847167120962e+00,-6.225819884180399111e-01,-2.599145299132703535e-01,-4.136975002239003274e+00,-1.991861162339853553e-01,-6.428382462024544441e-01
-4.543331522130899636e+00,-1.270089895605706731e+00,-4.190263699662674313e+00,-1.727980604245235252e+00,-1.079992847167120962e+00,-6.225819884180399111e-01,-2.599145299132703535e-01,-4.136975002239003274e+00,-1.991861162339853553e-01,-6.428382462024544441e-01
-4.543331522130899636e+00,-1.270089895605706731e+00,-4.190263699662674313e+00,-1.727980604245235252e+00,-1.079992847167120962e+00,-6.225819884180399111e-01,-1.015142756432278803e+00,-4.136975002239003274e+00,-1.991861162339853553e-01,-6.428382462024544441e-01
-4.543331522130899636e+00,-1.270089895605706731e+00,-4.190263699662674313e+00,-1.727980604245235252e+00,-1.079992847167120962e+00,-6.225819884180399111e-01,-1.015142756432278803e+00,-4.136975002239003274e+00,-1.991861162339853553e-01,-6.428382462024544441e-01
-4.543331522130899636e+00,-1.270089895605706731e+00,-4.190263699662674313e+00,-1.727980604245235252e+00,-1.079992847167120962e+00,-6.225819884180399111e-01,-1.045781698164365947e+00,-4.136975002239003274e+00,-1.991861162339853553e-01,-6.428382462024544441e-01
-4.543331522130899636e+00,-1.270089895605706731e+00,-4.190263699662674313e+00,-2.875169405329840888e+00,-1.079992847167120962e+00,-6.225819884180399111e-01,-1.045781698164365947e+00,-4.136975002239003274e+00,-1.991861162339853553e-01,-6.428382462024544441e-01
-4.543331522130899636e+00,-1.270089895605706731e+00,-4.190263699662674313e+00,-3.310462780489585644e+00,-1.079992847167120962e+00,-6.225819884180399111e-01,-1.045781698164365947e+00,-4.136975002239003274e+00,-1.991861162339853553e-01,-6.428382462024544441e-01
-4.543331522130899636e+00,-1.270089895605706731e+00,-4.190263699662674313e+00,-3.310462780489585644e+00,-1.079992847167120962e+00,-6.225819884180399111e-01,-1.045781698164365947e+00,-4.136975002239003274e+00,-1.991861162339853553e-01,-6.428382462024544441e-01
-4.543331522130899636e+00,-1.270089895605706731e+00,-4.190263699662674313e+00,-3.310462780489585644e+00,-1.079992847167120962e+00,-6.225819884180399111e-01,-1.045781698164365947e+00,-4.136975002239003274e+00,-1.991861162339853553e-01,-9.723723294546445794e-01
-4.543331522130899636e+00,-1.270089895605706731e+00,-4.190263699662674313e+00,-3.310462780489585644e+00,-1.079992847167120962e+00,-6.225819884180399111e-01,-1.045781698164365947e+00,-4.136975002239003274e+00,-1.991861162339853553e-01,-9.723723294546445794e-01
-4.543331522130899636e+00,-1.270089895605706731e+00,-4.190263699662674313e+00,-3.738389328436909409e+00,-1.079992847167120962e+00,-6.225819884180399111e-01,-1.045781698164365947e+00,-4.136975002239003274e+00,-1.991861162339853553e-01,-9.723723294546445794e-01
-4.543331522130899636e+00,-1.270089895605706731e+00,-4.190263699662674313e+00,-3.738389328436909409e+00,-1.079992847167120962e+00,-6.225819884180399111e-01,-1.045781698164365947e+00,-4.136975002239003274e+00,-1.991861162339853553e-01,-9.723723294546445794e-01
-4.543331522130899636e+00,-1.270089895605706731e+00,-4.190263699662674313e+00,-3.738389328436909409e+00,-1.079992847167120962e+00,-6.225819884180399111e-01,-1.045781698164365947e+00,-4.136975002239003274e+00,-6.021529529823098636e-01,-9.723723294546445794e-01
-4.543331522130899636e+00,-1.270089895605706731e+00,-4.190263699662674313e+00,-3.738389328436909409e+00,-1.526889699677687950e+00,-6.225819884180399111e-01,-1.586241678074852057e+00,-4.136975002239003274e+00,-6.021529529823098636e-01,-9.723723294546445794e-01
-4.543331522130899636e+00,-1.270089895605706731e+00,-4.190263699662674313e+00,-3.738389328436909409e+00,-1.526889699677687950e+00,-6.225819884180399111e-01,-1.586241678074852057e+00,-4.136975002239003274e+00,-6.021529529823098636e-01,-9.723723294546445794e-01
-4.543331522130899636e+00,-1.270089895605706731e+00,-4.190263699662674313e+00,-3.738389328436909409e+00,-1.526889699677687950e+00,-6.225819884180399111e-01,-1.586241678074852057e+00,-4.136975002239003274e+00,-6.021529529823098636e-01,-9.723723294546445794e-01
-4.543331522130899636e+00,-1.270089895605706731e+00,-4.190263699662674313e+00,-3.738389328436909409e+00,-1.526889699677687950e+00,-6.225819884180399111e-01,-1.586241678074852057e+00,-4.136975002239003274e+00,-6.021529529823098636e-01,-9.723723294546445794e-01
-4.543331522130899636e+00,-1.270089895605706731e+00,-5.281188787419572428e+00,-3.738389328436909409e+00,-1.526889699677687950e+00,-6.225819884180399111e-01,-2.412165744121955946e+00,-4.136975002239003274e+00,-6.021529529823098636e-01,-9.723723294546445794e-01
-4.543331522130899636e+00,-1.270089895605706731e+00,-5.281188787419572428e+00,-3.738389328436909409e+00,-1.526889699677687950e+00,-6.225819884180399111e-01,-2.412165744121955946e+00,-4.136975002239003274e+00,-6.021529529823098636e-01,-9.723723294546445794e-01
-4.543331522130899636e+00,-1.270089895605706731e+00,-5.281188787419572428e+00,-3.738389328436909409e+00,-1.526889699677687950e+00,-6.225819884180399111e-01,-2.412165744121955946e+00,-4.136975002239003274e+00,-6.021529529823098636e-01,-9.723723294546445794e-01
-4.543331522130899636e+00,-1.270089895605706731e+00,-5.281188787419572428e+00,-3.738389328436909409e+00,-1.526889699677687950e+00,-6.225819884180399111e-01,-2.412165744121955946e+00,-4.136975002239003274e+00,-6.021529529823098636e-01,-9.723723294546445794e-01
-4.543331522130899636e+00,-1.270089895605706731e+00,-5.281188787419572428e+00,-3.738389328436909409e+00,-1.526889699677687950e+00,-6.225819884180399111e-01,-2.412165744121955946e+00,-4.136975002239003274e+00,-6.021529529823098636e-01,-9.723723294546445794e-01
-5.470129704028871664e+00,-1.270089895605706731e+00,-5.281188787419572428e+00,-3.738389328436909409e+00,-1.526889699677687950e+00,-6.542115288922241145e-01,-2.412165744121955946e+00,-4.136975002239003274e+00,-6.021529529823098636e-01,-9.723723294546445794e-01
-5.470129704028871664e+00,-1.270089895605706731e+00,-5.281188787419572428e+00,-3.738389328436909409e+00,-1.526889699677687950e+00,-6.542115288922241145e-01,-2.412165744121955946e+00,-4.136975002239003274e+00,-6.021529529823098636e-01,-9.723723294546445794e-01
-5.470129704028871664e+00,-1.270089895605706731e+00,-5.281188787419572428e+00,-3.738389328436909409e+00,-1.526889699677687950e+00,-6.542115288922241145e-01,-2.412165744121955946e+00,-4.460935127331103089e+00,-6.021529529823098636e-01,-9.723723294546445794e-01
-5.470129704028871664e+00,-1.270089895605706731e+00,-5.281188787419572428e+00,-3.738389328436909409e+00,-1.526889699677687950e+00,-6.542115288922241145e-01,-2.412165744121955946e+00,-4.460935127331103089e+00,-6.021529529823098636e-01,-9.723723294546445794e-01
-5.470129704028871664e+00,-1.270089895605706731e+00,-5.281188787419572428e+00,-3.738389328436909409e+00,-1.526889699677687950e+00,-6.542115288922241145e-01,-2.412165744121955946e+00,-4.460935127331103089e+00,-6.021529529823098636e-01,-9.723723294546445794e-01
-5.470129704028871664e+00,-1.270089895605706731e+00,-5.281188787419572428e+00,-3.738389328436909409e+00,-1.526889699677687950e+00,-6.542115288922241145e-01,-2.412165744121955946e+00,-4.460935127331103089e+00,-6.021529529823098636e-01,-9.723723294546445794e-01
-5.470129704028871664e+00,-1.270089895605706731e+00,-5.281188787419572428e+00,-3.738389328436909409e+00,-1.526889699677687950e+00,-6.542115288922241145e-01,-2.412165744121955946e+00,-4.460935127331103089e+00,-6.021529529823098636e-01,-9.723723294546445794e-01
-5.470129704028871664e+00,-1.270089895605706731e+00,-5.281188787419572428e+00,-3.738389328436909409e+00,-3.125704854556558221e+00,-6.542115288922241145e-01,-2.412165744121955946e+00,-4.460935127331103089e+00,-6.021529529823098636e-01,-9.723723294546445794e-01
-5.470129704028871664e+00,-1.270089895605706731e+00,-5.281188787419572428e+00,-3.738389328436909409e+00,-3.125704854556558221e+00,-6.542115288922241145e-01,-2.412165744121955946e+00,-4.460935127331103089e+00,-6.021529529823098636e-01,-9.723723294546445794e-01
-5.470129704028871664e+00,-1.270089895605706731e+00,-5.281188787419572428e+00,-3.738389328436909409e+00,-3.125704854556558221e+00,-6.542115288922241145e-01,-2.412165744121955946e+00,-4.460935127331103089e+00,-6.021529529823098636e-01,-9.723723294546445794e-01
-5.470129704028871664e+00,-1.270089895605706731e+00,-5.281188787419572428e+00,-3.738389328436909409e+00,-3.125704854556558221e+00,-6.542115288922241145e-01,-2.412165744121955946e+00,-4.460935127331103089e+00,-6.021529529823098636e-01,-9.723723294546445794e-01
-5.470129704028871664e+00,-1.280883524425227016e+00,-5.281188787419572428e+00,-3.738389328436909409e+00,-3.125704854556558221e+00,-6.542115288922241145e-01,-2.412165744121955946e+00,-4.460935127331103089e+00,-6.021529529823098636e-01,-9.723723294546445794e-01
-5.470129704028871664e+00,-1.280883524425227016e+00,-5.281188787419572428e+00,-3.738389328436909409e+00,-3.125704854556558221e+00,-6.542115288922241145e-01,-2.412165744121955946e+00,-4.460935127331103089e+00,-6.021529529823098636e-01,-9.723723294546445794e-01
-5.470129704028871664e+00,-1.280883524425227016e+00,-5.281188787419572428e+00,-3.738389328436909409e+00,-3.125704854556558221e+00,-6.542115288922241145e-01,-2.412165744121955946e+00,-4.460935127331103089e+00,-6.021529529823098636e-01,-9.723723294546445794e-01
-5.470129704028871664e+00,-1.280883524425227016e+00,-5.281188787419572428e+00,-3.738389328436909409e+00,-3.125704854556558221e+00,-6.542115288922241145e-01,-2.412165744121955946e+00,-5.831877258581875445e+00,-6.021529529823098636e-01,-9.723723294546445794e-01
-5.470129704028871664e+00,-1.280883524425227016e+00,-5.281188787419572428e+00,-3.738389328436909409e+00,-3.125704854556558221e+00,-6.542115288922241145e-01,-2.412165744121955946e+00,-5.831877258581875445e+00,-6.021529529823098636e-01,-9.723723294546445794e-01
-5.470129704028871664e+00,-1.280883524425227016e+00,-5.281188787419572428e+00,-3.738389328436909409e+00,-3.125704854556558221e+00,-6.542115288922241145e-01,-2.412165744121955946e+00,-5.831877258581875445e+00,-6.021529529823098636e-01,-9.723723294546445794e-01
-5.470129704028871664e+00,-1.280883524425227016e+00,-5.281188787419572428e+00,-3.738389328436909409e+00,-3.125704854556558221e+00,-6.542115288922241145e-01,-2.412165744121955946e+00,-5.831877258581875445e+00,-6.021529529823098636e-01,-9.723723294546445794e-01
-5.470129704028871664e+00,-1.280883524425227016e+00,-5.281188787419572428e+00,-3.738389328436909409e+00,-3.125704854556558221e+00,-6.542115288922241145e-01,-2.412165744121955946e+00,-5.831877258581875445e+00,-6.021529529823098636e-01,-9.723723294546445794e-01
-5.470129704028871664e+00,-1.280883524425227016e+00,-5.281188787419572428e+00,-3.738389328436909409e+00,-3.125704854556558221e+00,-6.542115288922241145e-01,-2.600463435167235549e+00,-5.831877258581875445e+00,-6.021529529823098636e-01,-9.723723294546445794e-01
-5.470129704028871664e+00,-1.280883524425227016e+00,-5.281188787419572428e+00,-3.738389328436909409e+00,-3.125704854556558221e+00,-6.542115288922241145e-01,-2.600463435167235549e+00,-5.831877258581875445e+00,-6.021529529823098636e-01,-9.723723294546445794e-01
-5.470129704028871664e+00,-1.280883524425227016e+00,-5.281188787419572428e+00,-3.738389328436909409e+00,-3.125704854556558221e+00,-6.542115288922241145e-01,-2.600463435167235549e+00,-5.831877258581875445e+00,-6.021529529823098636e-01,-9.723723294546445794e-01
-5.470129704028871664e+00,-1.280883524425227016e+00,-5.281188787419572428e+00,-3.738389328436909409e+00,-3.125704854556558221e+00,-6.542115288922241145e-01,-2.600463435167235549e+00,-5.831877258581875445e+00,-6.021529529823098636e-01,-9.723723294546445794e-01
