1.212834068662966142e-01,1.949198509578849103e+00,7.718800489688927291e-01,2.094741493770920115e+00,5.524775463617396243e-01,2.996410377852236073e-01,6.116459295314176092e-01,5.944319616250158811e-01,4.365257444252112151e+00,3.650768015688027113e+00
-3.005921669067204705e-01,6.802180334470685208e-02,7.718800489688927291e-01,7.973542130237097902e-01,5.524775463617396243e-01,2.996410377852236073e-01,3.366316603863681589e-01,5.321947965066425867e-01,4.365257444252112151e+00,2.982485871248533815e+00
-3.309624190663902343e-01,6.802180334470685208e-02,7.718800489688927291e-01,7.973542130237097902e-01,-5.626342160525207303e-01,2.996410377852236073e-01,3.366316603863681589e-01,5.321947965066425867e-01,3.735619259485772226e+00,1.963218269242724467e+00
-7.026614527020269563e-01,-1.475324371346291352e+00,7.718800489688927291e-01,7.973542130237097902e-01,-1.403008910424666800e+00,2.996410377852236073e-01,3.366316603863681589e-01,5.321947965066425867e-01,3.735619259485772226e+00,1.963218269242724467e+00
-1.035962413383476832e+00,-1.475324371346291352e+00,7.718800489688927291e-01,7.973542130237097902e-01,-2.622341096035483599e+00,-4.871846229220606200e-02,1.596638679332472097e-02,5.321947965066425867e-01,3.735619259485772226e+00,1.963218269242724467e+00
-1.035962413383476832e+00,-2.318256719446531555e+00,7.718800489688927291e-01,-3.577746116561097423e-01,-2.622341096035483599e+00,-4.871846229220606200e-02,1.596638679332472097e-02,5.321947965066425867e-01,3.735619259485772226e+00,1.963218269242724467e+00
-1.035962413383476832e+00,-2.318256719446531555e+00,7.718800489688927291e-01,-3.577746116561097423e-01,-2.622341096035483599e+00,-4.871846229220606200e-02,1.596638679332472097e-02,5.321947965066425867e-01,1.531422880115723473e+00,1.963218269242724467e+00
-1.035962413383476832e+00,-2.318256719446531555e+00,6.605848427401850298e-01,-3.577746116561097423e-01,-2.622341096035483599e+00,-4.871846229220606200e-02,1.596638679332472097e-02,5.321947965066425867e-01,1.438554258808916630e+00,1.963218269242724467e+00
-1.035962413383476832e+00,-2.491148863379837319e+00,6.605848427401850298e-01,-3.577746116561097423e-01,-2.622341096035483599e+00,-4.871846229220606200e-02,-1.367716755898624514e+00,-6.919953218705286735e-02,1.438554258808916630e+00,1.963218269242724467e+00
-1.035962413383476832e+00,-2.491148863379837319e+00,6.605848427401850298e-01,-3.577746116561097423e-01,-2.622341096035483599e+00,-4.871846229220606200e-02,-1.367716755898624514e+00,-6.919953218705286735e-02,1.438554258808916630e+00,1.963218269242724467e+00
-1.035962413383476832e+00,-2.739239968551049120e+00,6.605848427401850298e-01,-7.245600082835537137e-01,-2.622341096035483599e+00,-4.871846229220606200e-02,-1.367716755898624514e+00,-6.919953218705286735e-02,1.438554258808916630e+00,1.963218269242724467e+00
-1.035962413383476832e+00,-2.739239968551049120e+00,6.605848427401850298e-01,-7.245600082835537137e-01,-2.622341096035483599e+00,-4.871846229220606200e-02,-1.367716755898624514e+00,-1.350925073275451194e+00,1.438554258808916630e+00,1.963218269242724467e+00
-1.035962413383476832e+00,-2.739239968551049120e+00,5.356739826447344255e-01,-7.245600082835537137e-01,-2.622341096035483599e+00,-4.871846229220606200e-02,-1.367716755898624514e+00,-1.350925073275451194e+00,1.438554258808916630e+00,1.963218269242724467e+00
-1.035962413383476832e+00,-2.739239968551049120e+00,5.356739826447344255e-01,-7.245600082835537137e-01,-2.622341096035483599e+00,-4.871846229220606200e-02,-1.808007120669547163e+00,-1.350925073275451194e+00,1.222901242600373140e+00,1.963218269242724467e+00
-1.661846447324197396e+00,-2.739239968551049120e+00,-6.700797012070959235e-01,-7.245600082835537137e-01,-2.622341096035483599e+00,-4.871846229220606200e-02,-1.808007120669547163e+00,-1.350925073275451194e+00,1.222901242600373140e+00,1.963218269242724467e+00
-2.141532061280440935e+00,-2.739239968551049120e+00,-6.700797012070959235e-01,-7.245600082835537137e-01,-2.622341096035483599e+00,-4.871846229220606200e-02,-1.808007120669547163e+00,-1.350925073275451194e+00,1.183075740963786204e+00,1.963218269242724467e+00
-2.141532061280440935e+00,-3.369251545075566234e+00,-6.700797012070959235e-01,-7.245600082835537137e-01,-2.622341096035483599e+00,-4.871846229220606200e-02,-1.808007120669547163e+00,-1.350925073275451194e+00,1.183075740963786204e+00,1.963218269242724467e+00
-2.141532061280440935e+00,-3.369251545075566234e+00,-6.700797012070959235e-01,-7.245600082835537137e-01,-2.622341096035483599e+00,-4.871846229220606200e-02,-1.808007120669547163e+00,-1.350925073275451194e+00,7.287905673379271310e-01,1.772434140413015502e+00
-2.141532061280440935e+00,-3.369251545075566234e+00,-6.700797012070959235e-01,-7.245600082835537137e-01,-2.622341096035483599e+00,-1.917503251322168589e+00,-1.808007120669547163e+00,-1.350925073275451194e+00,7.287905673379271310e-01,1.772434140413015502e+00
-2.141532061280440935e+00,-3.369251545075566234e+00,-6.700797012070959235e-01,-1.569640467138981643e+00,-2.622341096035483599e+00,-1.917503251322168589e+00,-1.808007120669547163e+00,-1.350925073275451194e+00,7.287905673379271310e-01,1.772434140413015502e+00
-2.141532061280440935e+00,-3.369251545075566234e+00,-1.075567104020176412e+00,-1.569640467138981643e+00,-2.622341096035483599e+00,-1.917503251322168589e+00,-1.808007120669547163e+00,-1.512960858375024475e+00,7.193687027746104024e-01,1.772434140413015502e+00
-2.141532061280440935e+00,-3.369251545075566234e+00,-1.075567104020176412e+00,-1.569640467138981643e+00,-2.622341096035483599e+00,-1.917503251322168589e+00,-1.808007120669547163e+00,-1.512960858375024475e+00,7.193687027746104024e-01,1.772434140413015502e+00
-2.141532061280440935e+00,-3.369251545075566234e+00,-1.075567104020176412e+00,-1.569640467138981643e+00,-2.622341096035483599e+00,-1.917503251322168589e+00,-1.808007120669547163e+00,-1.512960858375024475e+00,7.193687027746104024e-01,6.804666460413419937e-01
-2.495778489887066964e+00,-3.369251545075566234e+00,-1.075567104020176412e+00,-1.620564842910705350e+00,-2.622341096035483599e+00,-1.917503251322168589e+00,-1.808007120669547163e+00,-2.312181907014972282e+00,6.095095323303073576e-01,6.804666460413419937e-01
-2.495778489887066964e+00,-4.751019012912461648e+00,-1.075567104020176412e+00,-1.620564842910705350e+00,-2.622341096035483599e+00,-1.917503251322168589e+00,-1.808007120669547163e+00,-2.312181907014972282e+00,6.095095323303073576e-01,6.804666460413419937e-01
-3.222019473495271846e+00,-4.751019012912461648e+00,-1.075567104020176412e+00,-1.620564842910705350e+00,-3.673022364508774285e+00,-1.917503251322168589e+00,-1.808007120669547163e+00,-2.312181907014972282e+00,6.095095323303073576e-01,6.804666460413419937e-01
-3.222019473495271846e+00,-5.453807092881582719e+00,-1.075567104020176412e+00,-1.620564842910705350e+00,-3.673022364508774285e+00,-1.917503251322168589e+00,-1.808007120669547163e+00,-2.312181907014972282e+00,6.095095323303073576e-01,6.804666460413419937e-01
-3.222019473495271846e+00,-5.453807092881582719e+00,-1.075567104020176412e+00,-1.620564842910705350e+00,-3.673022364508774285e+00,-1.917503251322168589e+00,-1.808007120669547163e+00,-2.312181907014972282e+00,6.095095323303073576e-01,6.804666460413419937e-01
-3.222019473495271846e+00,-5.453807092881582719e+00,-1.075567104020176412e+00,-1.620564842910705350e+00,-3.673022364508774285e+00,-2.061177190783642921e+00,-1.808007120669547163e+00,-2.312181907014972282e+00,6.095095323303073576e-01,6.804666460413419937e-01
-3.222019473495271846e+00,-5.453807092881582719e+00,-1.075567104020176412e+00,-1.620564842910705350e+00,-4.970582389477308460e+00,-2.061177190783642921e+00,-1.808007120669547163e+00,-2.312181907014972282e+00,6.095095323303073576e-01,6.804666460413419937e-01
-3.222019473495271846e+00,-5.453807092881582719e+00,-1.075567104020176412e+00,-1.620564842910705350e+00,-4.970582389477308460e+00,-2.061177190783642921e+00,-1.808007120669547163e+00,-2.312181907014972282e+00,6.095095323303073576e-01,6.804666460413419937e-01
-3.222019473495271846e+00,-5.453807092881582719e+00,-1.075567104020176412e+00,-1.620564842910705350e+00,-4.970582389477308460e+00,-2.061177190783642921e+00,-1.808007120669547163e+00,-3.604911764258519113e+00,6.095095323303073576e-01,6.804666460413419937e-01
-3.222019473495271846e+00,-5.453807092881582719e+00,-1.075567104020176412e+00,-2.728588565340916094e+00,-4.970582389477308460e+00,-2.061177190783642921e+00,-1.808007120669547163e+00,-3.604911764258519113e+00,6.095095323303073576e-01,6.804666460413419937e-01
-3.222019473495271846e+00,-5.453807092881582719e+00,-1.075567104020176412e+00,-2.728588565340916094e+00,-4.970582389477308460e+00,-2.061177190783642921e+00,-1.808007120669547163e+00,-3.604911764258519113e+00,6.095095323303073576e-01,6.359274505518067722e-01
-3.222019473495271846e+00,-5.453807092881582719e+00,-1.075567104020176412e+00,-2.728588565340916094e+00,-4.970582389477308460e+00,-2.061177190783642921e+00,-1.808007120669547163e+00,-3.604911764258519113e+00,6.095095323303073576e-01,6.359274505518067722e-01
-3.222019473495271846e+00,-5.453807092881582719e+00,-1.075567104020176412e+00,-2.728588565340916094e+00,-4.970582389477308460e+00,-2.061177190783642921e+00,-1.808007120669547163e+00,-3.604911764258519113e+00,6.095095323303073576e-01,-2.846359264664864996e-01
-3.222019473495271846e+00,-5.612959776050021610e+00,-1.075567104020176412e+00,-2.728588565340916094e+00,-4.970582389477308460e+00,-2.061177190783642921e+00,-1.808007120669547163e+00,-3.604911764258519113e+00,-9.397210555388040287e-01,-2.846359264664864996e-01
-3.222179867157975330e+00,-5.612959776050021610e+00,-1.075567104020176412e+00,-2.728588565340916094e+00,-4.970582389477308460e+00,-2.061177190783642921e+00,-1.808007120669547163e+00,-3.604911764258519113e+00,-9.397210555388040287e-01,-2.846359264664864996e-01
-3.222179867157975330e+00,-5.612959776050021610e+00,-1.075567104020176412e+00,-2.728588565340916094e+00,-4.970582389477308460e+00,-2.061177190783642921e+00,-2.133213256969993754e+00,-3.604911764258519113e+00,-9.397210555388040287e-01,-2.846359264664864996e-01
-3.222179867157975330e+00,-5.612959776050021610e+00,-1.075567104020176412e+00,-2.764590059569230096e+00,-4.970582389477308460e+00,-2.061177190783642921e+00,-2.133213256969993754e+00,-3.604911764258519113e+00,-9.397210555388040287e-01,-2.846359264664864996e-01
-3.222179867157975330e+00,-5.612959776050021610e+00,-1.075567104020176412e+00,-2.764590059569230096e+00,-4.970582389477308460e+00,-2.061177190783642921e+00,-2.133213256969993754e+00,-3.604911764258519113e+00,-9.397210555388040287e-01,-2.846359264664864996e-01
-3.410037668795855126e+00,-5.612959776050021610e+00,-1.075567104020176412e+00,-2.764590059569230096e+00,-4.970582389477308460e+00,-2.061177190783642921e+00,-2.133213256969993754e+00,-3.604911764258519113e+00,-9.397210555388040287e-01,-7.612099709685415938e-01
-3.410037668795855126e+00,-5.612959776050021610e+00,-1.075567104020176412e+00,-2.764590059569230096e+00,-4.970582389477308460e+00,-2.061177190783642921e+00,-2.133213256969993754e+00,-3.604911764258519113e+00,-9.397210555388040287e-01,-7.612099709685415938e-01
-3.410037668795855126e+00,-6.461867590679637452e+00,-1.075567104020176412e+00,-2.764590059569230096e+00,-4.970582389477308460e+00,-2.061177190783642921e+00,-2.133213256969993754e+00,-3.604911764258519113e+00,-9.397210555388040287e-01,-7.612099709685415938e-01
-3.410037668795855126e+00,-6.461867590679637452e+00,-1.075567104020176412e+00,-2.764590059569230096e+00,-4.970582389477308460e+00,-2.061177190783642921e+00,-2.515158408969667914e+00,-3.604911764258519113e+00,-9.397210555388040287e-01,-8.941318288405090131e-01
-3.410037668795855126e+00,-6.461867590679637452e+00,-1.075567104020176412e+00,-2.764590059569230096e+00,-4.970582389477308460e+00,-2.061177190783642921e+00,-2.515158408969667914e+00,-3.604911764258519113e+00,-9.397210555388040287e-01,-8.941318288405090131e-01
-3.410037668795855126e+00,-6.461867590679637452e+00,-1.075567104020176412e+00,-2.764590059569230096e+00,-4.970582389477308460e+00,-2.061177190783642921e+00,-2.515158408969667914e+00,-3.604911764258519113e+00,-9.397210555388040287e-01,-8.941318288405090131e-01
-3.410037668795855126e+00,-6.461867590679637452e+00,-1.075567104020176412e+00,-2.764590059569230096e+00,-4.970582389477308460e+00,-2.061177190783642921e+00,-2.515158408969667914e+00,-3.604911764258519113e+00,-9.397210555388040287e-01,-8.941318288405090131e-01
-3.410037668795855126e+00,-6.461867590679637452e+00,-1.075567104020176412e+00,-2.764590059569230096e+00,-4.970582389477308460e+00,-2.061177190783642921e+00,-2.515158408969667914e+00,-3.604911764258519113e+00,-9.397210555388040287e-01,-8.941318288405090131e-01
-3.410037668795855126e+00,-6.461867590679637452e+00,-1.075567104020176412e+00,-2.764590059569230096e+00,-4.970582389477308460e+00,-2.061177190783642921e+00,-2.515158408969667914e+00,-3.604911764258519113e+00,-9.397210555388040287e-01,-1.569376044263084635e+00
-3.410037668795855126e+00,-6.461867590679637452e+00,-1.075567104020176412e+00,-2.764590059569230096e+00,-4.970582389477308460e+00,-2.061177190783642921e+00,-2.515158408969667914e+00,-3.604911764258519113e+00,-1.351524675328750646e+00,-1.569376044263084635e+00
-3.410037668795855126e+00,-6.461867590679637452e+00,-1.075567104020176412e+00,-2.764590059569230096e+00,-4.970582389477308460e+00,-2.061177190783642921e+00,-2.515158408969667914e+00,-3.604911764258519113e+00,-1.351524675328750646e+00,-1.569376044263084635e+00
-3.410037668795855126e+00,-6.461867590679637452e+00,-1.075567104020176412e+00,-2.764590059569230096e+00,-4.970582389477308460e+00,-2.061177190783642921e+00,-2.515158408969667914e+00,-3.604911764258519113e+00,-1.351524675328750646e+00,-1.569376044263084635e+00
-3.410037668795855126e+00,-6.461867590679637452e+00,-1.075567104020176412e+00,-2.965005837641362607e+00,-4.970582389477308460e+00,-2.061177190783642921e+00,-2.515158408969667914e+00,-3.604911764258519113e+00,-1.351524675328750646e+00,-1.569376044263084635e+00
-3.410037668795855126e+00,-6.461867590679637452e+00,-1.075567104020176412e+00,-2.965005837641362607e+00,-4.970582389477308460e+00,-2.174083818885574892e+00,-2.515158408969667914e+00,-3.604911764258519113e+00,-1.351524675328750646e+00,-1.569376044263084635e+00
-3.410037668795855126e+00,-6.461867590679637452e+00,-1.075567104020176412e+00,-2.965005837641362607e+00,-4.970582389477308460e+00,-2.174083818885574892e+00,-2.515158408969667914e+00,-3.604911764258519113e+00,-1.351524675328750646e+00,-1.918982249484227909e+00
-3.410037668795855126e+00,-6.461867590679637452e+00,-1.075567104020176412e+00,-2.965005837641362607e+00,-4.970582389477308460e+00,-2.174083818885574892e+00,-2.515158408969667914e+00,-3.604911764258519113e+00,-1.351524675328750646e+00,-1.918982249484227909e+00
-3.410037668795855126e+00,-6.461867590679637452e+00,-1.075567104020176412e+00,-2.965005837641362607e+00,-4.970582389477308460e+00,-2.174083818885574892e+00,-2.515158408969667914e+00,-3.604911764258519113e+00,-1.850065039924172039e+00,-1.918982249484227909e+00
-3.410037668795855126e+00,-6.461867590679637452e+00,-1.075567104020176412e+00,-2.965005837641362607e+00,-4.970582389477308460e+00,-2.174083818885574892e+00,-2.515158408969667914e+00,-3.604911764258519113e+00,-1.850065039924172039e+00,-1.918982249484227909e+00
-3.410037668795855126e+00,-6.461867590679637452e+00,-1.075567104020176412e+00,-2.965005837641362607e+00,-4.970582389477308460e+00,-2.174083818885574892e+00,-2.515158408969667914e+00,-3.604911764258519113e+00,-1.850065039924172039e+00,-1.918982249484227909e+00
-3.410037668795855126e+00,-6.461867590679637452e+00,-1.075567104020176412e+00,-2.965005837641362607e+00,-4.970582389477308460e+00,-2.174083818885574892e+00,-2.515158408969667914e+00,-3.604911764258519113e+00,-1.850065039924172039e+00,-1.918982249484227909e+00
-3.410037668795855126e+00,-6.461867590679637452e+00,-1.075567104020176412e+00,-2.965005837641362607e+00,-4.970582389477308460e+00,-2.174083818885574892e+00,-2.515158408969667914e+00,-3.604911764258519113e+00,-1.850065039924172039e+00,-1.918982249484227909e+00
-3.410037668795855126e+00,-6.461867590679637452e+00,-1.075567104020176412e+00,-2.965005837641362607e+00,-4.970582389477308460e+00,-2.174083818885574892e+00,-2.515158408969667914e+00,-3.604911764258519113e+00,-1.850065039924172039e+00,-1.918982249484227909e+00
-3.410037668795855126e+00,-6.461867590679637452e+00,-1.075567104020176412e+00,-2.965005837641362607e+00,-4.970582389477308460e+00,-2.174083818885574892e+00,-2.515158408969667914e+00,-3.604911764258519113e+00,-1.850065039924172039e+00,-1.918982249484227909e+00
-3.410037668795855126e+00,-6.461867590679637452e+00,-1.075567104020176412e+00,-2.965005837641362607e+00,-4.970582389477308460e+00,-2.174083818885574892e+00,-2.515158408969667914e+00,-3.604911764258519113e+00,-1.850065039924172039e+00,-1.918982249484227909e+00
-3.410037668795855126e+00,-6.461867590679637452e+00,-1.075567104020176412e+00,-2.965005837641362607e+00,-4.970582389477308460e+00,-2.174083818885574892e+00,-2.515158408969667914e+00,-3.604911764258519113e+00,-1.850065039924172039e+00,-1.918982249484227909e+00
-3.410037668795855126e+00,-6.461867590679637452e+00,-1.075567104020176412e+00,-2.965005837641362607e+00,-4.970582389477308460e+00,-2.174083818885574892e+00,-2.515158408969667914e+00,-3.604911764258519113e+00,-1.850065039924172039e+00,-1.918982249484227909e+00
-3.410037668795855126e+00,-6.461867590679637452e+00,-1.075567104020176412e+00,-2.965005837641362607e+00,-4.970582389477308460e+00,-2.174083818885574892e+00,-2.515158408969667914e+00,-3.604911764258519113e+00,-1.850065039924172039e+00,-1.918982249484227909e+00
-3.410037668795855126e+00,-6.461867590679637452e+00,-1.075567104020176412e+00,-2.965005837641362607e+00,-4.970582389477308460e+00,-2.174083818885574892e+00,-2.515158408969667914e+00,-3.604911764258519113e+00,-1.850065039924172039e+00,-1.918982249484227909e+00
-3.410037668795855126e+00,-6.461867590679637452e+00,-1.075567104020176412e+00,-2.965005837641362607e+00,-4.970582389477308460e+00,-2.174083818885574892e+00,-2.515158408969667914e+00,-3.604911764258519113e+00,-1.850065039924172039e+00,-1.918982249484227909e+00
-3.410037668795855126e+00,-6.461867590679637452e+00,-1.075567104020176412e+00,-2.965005837641362607e+00,-4.970582389477308460e+00,-2.174083818885574892e+00,-2.515158408969667914e+00,-3.604911764258519113e+00,-1.850065039924172039e+00,-1.918982249484227909e+00
-3.410037668795855126e+00,-6.461867590679637452e+00,-1.075567104020176412e+00,-2.965005837641362607e+00,-4.970582389477308460e+00,-2.174083818885574892e+00,-2.515158408969667914e+00,-3.604911764258519113e+00,-2.289776446826640832e+00,-1.918982249484227909e+00
-3.410037668795855126e+00,-6.461867590679637452e+00,-1.075567104020176412e+00,-2.965005837641362607e+00,-4.970582389477308460e+00,-2.174083818885574892e+00,-2.515158408969667914e+00,-3.604911764258519113e+00,-2.289776446826640832e+00,-1.918982249484227909e+00
-4.560071741895615816e+00,-6.461867590679637452e+00,-1.075567104020176412e+00,-2.965005837641362607e+00,-4.970582389477308460e+00,-2.174083818885574892e+00,-2.515158408969667914e+00,-3.604911764258519113e+00,-2.289776446826640832e+00,-1.918982249484227909e+00
-4.560071741895615816e+00,-6.461867590679637452e+00,-1.075567104020176412e+00,-2.965005837641362607e+00,-4.970582389477308460e+00,-2.174083818885574892e+00,-2.515158408969667914e+00,-3.604911764258519113e+00,-2.289776446826640832e+00,-1.918982249484227909e+00
-4.560071741895615816e+00,-6.461867590679637452e+00,-1.075567104020176412e+00,-2.965005837641362607e+00,-4.970582389477308460e+00,-2.174083818885574892e+00,-2.515158408969667914e+00,-3.604911764258519113e+00,-2.289776446826640832e+00,-1.918982249484227909e+00
