1.569293824015398187e+00,2.279262003260492886e+00,1.466512614101372347e-01,-2.457480247332410883e-01,7.796135218858318838e-01,2.519772442017433889e+00,3.618712467264363131e+00,-6.379329089534667707e-01,4.385020356304511480e-01,6.410336035647454800e-01
1.569293824015398187e+00,1.061917267154993683e+00,1.466512614101372347e-01,-1.617411810405313899e+00,7.796135218858318838e-01,2.519772442017433889e+00,1.508952194517255041e+00,-6.379329089534667707e-01,4.385020356304511480e-01,6.410336035647454800e-01
-2.336457756345378556e+00,1.061917267154993683e+00,1.466512614101372347e-01,-2.209557739770792839e+00,7.796135218858318838e-01,1.069331732658733713e+00,-7.881861417227616906e-01,-6.379329089534667707e-01,4.385020356304511480e-01,6.410336035647454800e-01
-2.336457756345378556e+00,-2.527100291405514620e-01,1.466512614101372347e-01,-3.551316290523378605e+00,7.796135218858318838e-01,1.656574131018801743e-01,-7.881861417227616906e-01,-6.955472092231809178e-01,4.385020356304511480e-01,2.582963328195847161e-02
-2.336457756345378556e+00,-2.527100291405514620e-01,1.466512614101372347e-01,-3.551316290523378605e+00,3.012164908266384278e-01,1.656574131018801743e-01,-7.881861417227616906e-01,-6.955472092231809178e-01,4.385020356304511480e-01,2.582963328195847161e-02
-2.518387369177789825e+00,-2.527100291405514620e-01,1.466512614101372347e-01,-3.551316290523378605e+00,3.012164908266384278e-01,1.656574131018801743e-01,-7.881861417227616906e-01,-1.513409687367682332e+00,4.385020356304511480e-01,-3.473905730583810858e-02
-2.518387369177789825e+00,-2.527100291405514620e-01,1.466512614101372347e-01,-3.551316290523378605e+00,3.012164908266384278e-01,1.656574131018801743e-01,-7.881861417227616906e-01,-1.534981708048877680e+00,4.385020356304511480e-01,-4.413163138319508572e-01
-2.518387369177789825e+00,-2.527100291405514620e-01,1.466512614101372347e-01,-4.505095595192418756e+00,3.012164908266384278e-01,1.656574131018801743e-01,-1.193210245912077916e+00,-2.388668922183389220e+00,4.385020356304511480e-01,-4.562121470813252921e-01
-2.518387369177789825e+00,-2.527100291405514620e-01,1.466512614101372347e-01,-4.505095595192418756e+00,3.012164908266384278e-01,1.656574131018801743e-01,-1.193210245912077916e+00,-2.388668922183389220e+00,4.385020356304511480e-01,-4.562121470813252921e-01
-2.518387369177789825e+00,-2.527100291405514620e-01,1.466512614101372347e-01,-4.505095595192418756e+00,3.012164908266384278e-01,1.656574131018801743e-01,-1.193210245912077916e+00,-2.388668922183389220e+00,4.385020356304511480e-01,-4.562121470813252921e-01
-2.518387369177789825e+00,-2.527100291405514620e-01,1.466512614101372347e-01,-4.505095595192418756e+00,3.012164908266384278e-01,1.656574131018801743e-01,-1.193210245912077916e+00,-2.388668922183389220e+00,4.385020356304511480e-01,-4.562121470813252921e-01
-2.518387369177789825e+00,-2.527100291405514620e-01,1.466512614101372347e-01,-4.505095595192418756e+00,3.012164908266384278e-01,1.656574131018801743e-01,-1.193210245912077916e+00,-2.388668922183389220e+00,4.385020356304511480e-01,-4.562121470813252921e-01
-2.723120328957670644e+00,-9.347083754986573734e-01,1.466512614101372347e-01,-4.505095595192418756e+00,3.012164908266384278e-01,1.656574131018801743e-01,-1.193210245912077916e+00,-2.388668922183389220e+00,2.813851702266900734e-01,-1.052978107465630364e+00
-2.723120328957670644e+00,-1.238656929174199117e+00,-7.782325041121302966e-01,-4.505095595192418756e+00,3.012164908266384278e-01,1.656574131018801743e-01,-1.193210245912077916e+00,-2.388668922183389220e+00,2.813851702266900734e-01,-1.052978107465630364e+00
-2.723120328957670644e+00,-1.365920302344690862e+00,-7.782325041121302966e-01,-4.505095595192418756e+00,3.012164908266384278e-01,1.656574131018801743e-01,-1.193210245912077916e+00,-2.388668922183389220e+00,2.813851702266900734e-01,-1.052978107465630364e+00
-2.723120328957670644e+00,-1.365920302344690862e+00,-7.782325041121302966e-01,-5.988917428000902099e+00,3.012164908266384278e-01,1.656574131018801743e-01,-1.193210245912077916e+00,-2.388668922183389220e+00,2.813851702266900734e-01,-1.052978107465630364e+00
-2.723120328957670644e+00,-1.365920302344690862e+00,-7.782325041121302966e-01,-5.988917428000902099e+00,3.012164908266384278e-01,1.656574131018801743e-01,-1.193210245912077916e+00,-2.388668922183389220e+00,2.813851702266900734e-01,-1.052978107465630364e+00
-2.723120328957670644e+00,-1.849724265234589105e+00,-7.782325041121302966e-01,-6.052384396980627024e+00,3.012164908266384278e-01,5.354218793698453660e-02,-1.633780776860296102e+00,-2.388668922183389220e+00,2.813851702266900734e-01,-1.052978107465630364e+00
-2.723120328957670644e+00,-2.442269842739209107e+00,-8.663712866073932650e-01,-6.052384396980627024e+00,3.012164908266384278e-01,-7.491405738723044827e-01,-3.203774904826595993e+00,-2.760849992422552468e+00,-2.494619403467783214e-01,-1.052978107465630364e+00
-2.723120328957670644e+00,-2.442269842739209107e+00,-8.663712866073932650e-01,-6.052384396980627024e+00,3.012164908266384278e-01,-7.491405738723044827e-01,-3.203774904826595993e+00,-2.760849992422552468e+00,-2.494619403467783214e-01,-1.052978107465630364e+00
-2.723120328957670644e+00,-2.442269842739209107e+00,-8.663712866073932650e-01,-6.052384396980627024e+00,3.012164908266384278e-01,-7.491405738723044827e-01,-3.203774904826595993e+00,-2.760849992422552468e+00,-2.494619403467783214e-01,-1.052978107465630364e+00
-2.723120328957670644e+00,-2.442269842739209107e+00,-8.663712866073932650e-01,-6.052384396980627024e+00,3.012164908266384278e-01,-7.491405738723044827e-01,-3.203774904826595993e+00,-2.760849992422552468e+00,-2.494619403467783214e-01,-1.052978107465630364e+00
-2.723120328957670644e+00,-2.442269842739209107e+00,-8.663712866073932650e-01,-6.052384396980627024e+00,1.382865285604419070e-01,-7.491405738723044827e-01,-3.203774904826595993e+00,-2.760849992422552468e+00,-2.494619403467783214e-01,-1.052978107465630364e+00
-2.723120328957670644e+00,-2.442269842739209107e+00,-9.767583672066353362e-01,-6.052384396980627024e+00,1.382865285604419070e-01,-7.491405738723044827e-01,-3.203774904826595993e+00,-2.760849992422552468e+00,-2.494619403467783214e-01,-1.052978107465630364e+00
-2.723120328957670644e+00,-2.442269842739209107e+00,-1.547256372403551739e+00,-6.052384396980627024e+00,1.382865285604419070e-01,-7.491405738723044827e-01,-3.203774904826595993e+00,-2.760849992422552468e+00,-2.494619403467783214e-01,-1.052978107465630364e+00
-2.723120328957670644e+00,-2.442269842739209107e+00,-1.821747003368979323e+00,-6.052384396980627024e+00,1.382865285604419070e-01,-7.491405738723044827e-01,-3.203774904826595993e+00,-2.760849992422552468e+00,-2.494619403467783214e-01,-1.052978107465630364e+00
-2.723120328957670644e+00,-2.442269842739209107e+00,-1.821747003368979323e+00,-6.052384396980627024e+00,1.382865285604419070e-01,-9.461017482682592128e-01,-3.203774904826595993e+00,-3.027078909998957013e+00,-2.494619403467783214e-01,-1.052978107465630364e+00
-2.723120328957670644e+00,-2.442269842739209107e+00,-1.821747003368979323e+00,-6.052384396980627024e+00,1.382865285604419070e-01,-9.461017482682592128e-01,-3.203774904826595993e+00,-3.027078909998957013e+00,-2.494619403467783214e-01,-1.052978107465630364e+00
-2.723120328957670644e+00,-2.442269842739209107e+00,-1.821747003368979323e+00,-6.052384396980627024e+00,1.382865285604419070e-01,-1.229035458779788481e+00,-3.203774904826595993e+00,-3.027078909998957013e+00,-2.494619403467783214e-01,-1.052978107465630364e+00
-2.723120328957670644e+00,-2.442269842739209107e+00,-1.821747003368979323e+00,-6.052384396980627024e+00,1.382865285604419070e-01,-1.229035458779788481e+00,-3.203774904826595993e+00,-3.027078909998957013e+00,-2.494619403467783214e-01,-1.052978107465630364e+00
-2.723120328957670644e+00,-2.442269842739209107e+00,-1.821747003368979323e+00,-6.052384396980627024e+00,1.382865285604419070e-01,-1.292597613861588890e+00,-3.203774904826595993e+00,-3.668548476850328921e+00,-2.494619403467783214e-01,-1.052978107465630364e+00
-2.723120328957670644e+00,-2.442269842739209107e+00,-1.821747003368979323e+00,-6.052384396980627024e+00,1.382865285604419070e-01,-1.365964094148784280e+00,-3.203774904826595993e+00,-3.668548476850328921e+00,-2.494619403467783214e-01,-1.052978107465630364e+00
-2.723120328957670644e+00,-3.258384551743678692e+00,-1.821747003368979323e+00,-6.052384396980627024e+00,1.382865285604419070e-01,-1.365964094148784280e+00,-3.203774904826595993e+00,-3.668548476850328921e+00,-2.494619403467783214e-01,-1.052978107465630364e+00
-2.723120328957670644e+00,-3.258384551743678692e+00,-1.821747003368979323e+00,-6.052384396980627024e+00,1.382865285604419070e-01,-1.365964094148784280e+00,-3.203774904826595993e+00,-3.668548476850328921e+00,-2.494619403467783214e-01,-1.052978107465630364e+00
-2.723120328957670644e+00,-3.258384551743678692e+00,-1.821747003368979323e+00,-6.052384396980627024e+00,1.382865285604419070e-01,-1.365964094148784280e+00,-3.203774904826595993e+00,-3.668548476850328921e+00,-2.494619403467783214e-01,-1.052978107465630364e+00
-2.723120328957670644e+00,-3.258384551743678692e+00,-1.821747003368979323e+00,-6.052384396980627024e+00,1.382865285604419070e-01,-1.365964094148784280e+00,-3.203774904826595993e+00,-3.668548476850328921e+00,-2.494619403467783214e-01,-1.052978107465630364e+00
-2.723120328957670644e+00,-3.258384551743678692e+00,-1.821747003368979323e+00,-6.052384396980627024e+00,1.382865285604419070e-01,-1.365964094148784280e+00,-3.203774904826595993e+00,-3.668548476850328921e+00,-2.494619403467783214e-01,-1.052978107465630364e+00
-2.723120328957670644e+00,-3.258384551743678692e+00,-1.821747003368979323e+00,-6.052384396980627024e+00,1.382865285604419070e-01,-1.365964094148784280e+00,-3.203774904826595993e+00,-3.668548476850328921e+00,-2.494619403467783214e-01,-1.052978107465630364e+00
-2.723120328957670644e+00,-3.258384551743678692e+00,-1.821747003368979323e+00,-6.052384396980627024e+00,1.382865285604419070e-01,-1.365964094148784280e+00,-3.203774904826595993e+00,-3.668548476850328921e+00,-2.494619403467783214e-01,-1.052978107465630364e+00
-2.723120328957670644e+00,-3.258384551743678692e+00,-1.821747003368979323e+00,-6.052384396980627024e+00,1.382865285604419070e-01,-1.365964094148784280e+00,-3.203774904826595993e+00,-3.668548476850328921e+00,-2.494619403467783214e-01,-1.052978107465630364e+00
-2.723120328957670644e+00,-3.258384551743678692e+00,-1.821747003368979323e+00,-6.052384396980627024e+00,1.382865285604419070e-01,-1.365964094148784280e+00,-3.203774904826595993e+00,-3.668548476850328921e+00,-2.494619403467783214e-01,-1.052978107465630364e+00
-2.723120328957670644e+00,-3.258384551743678692e+00,-1.821747003368979323e+00,-6.052384396980627024e+00,1.382865285604419070e-01,-1.365964094148784280e+00,-3.203774904826595993e+00,-3.668548476850328921e+00,-2.494619403467783214e-01,-1.052978107465630364e+00
-2.723120328957670644e+00,-3.258384551743678692e+00,-1.821747003368979323e+00,-6.052384396980627024e+00,1.382865285604419070e-01,-1.365964094148784280e+00,-3.203774904826595993e+00,-3.668548476850328921e+00,-2.494619403467783214e-01,-1.052978107465630364e+00
-2.726988977110024415e+00,-3.258384551743678692e+00,-1.821747003368979323e+00,-6.052384396980627024e+00,1.382865285604419070e-01,-1.365964094148784280e+00,-4.115599657228845132e+00,-3.668548476850328921e+00,-2.494619403467783214e-01,-1.052978107465630364e+00
-2.726988977110024415e+00,-3.258384551743678692e+00,-1.821747003368979323e+00,-6.052384396980627024e+00,1.382865285604419070e-01,-1.365964094148784280e+00,-4.115599657228845132e+00,-3.668548476850328921e+00,-2.494619403467783214e-01,-1.052978107465630364e+00
-2.726988977110024415e+00,-3.258384551743678692e+00,-1.821747003368979323e+00,-6.052384396980627024e+00,1.382865285604419070e-01,-1.365964094148784280e+00,-4.115599657228845132e+00,-3.668548476850328921e+00,-2.494619403467783214e-01,-1.052978107465630364e+00
-2.726988977110024415e+00,-3.258384551743678692e+00,-1.821747003368979323e+00,-6.052384396980627024e+00,1.382865285604419070e-01,-1.365964094148784280e+00,-4.115599657228845132e+00,-3.668548476850328921e+00,-2.494619403467783214e-01,-1.052978107465630364e+00
-2.726988977110024415e+00,-3.258384551743678692e+00,-1.821747003368979323e+00,-6.052384396980627024e+00,1.382865285604419070e-01,-1.365964094148784280e+00,-4.115599657228845132e+00,-3.668548476850328921e+00,-2.494619403467783214e-01,-1.052978107465630364e+00
-3.055092895619769600e+00,-3.258384551743678692e+00,-1.821747003368979323e+00,-6.052384396980627024e+00,1.382865285604419070e-01,-1.365964094148784280e+00,-4.115599657228845132e+00,-3.668548476850328921e+00,-2.494619403467783214e-01,-1.052978107465630364e+00
-3.055092895619769600e+00,-3.258384551743678692e+00,-1.821747003368979323e+00,-6.052384396980627024e+00,1.382865285604419070e-01,-1.365964094148784280e+00,-4.115599657228845132e+00,-3.668548476850328921e+00,-2.494619403467783214e-01,-1.052978107465630364e+00
-3.990321459857066433e+00,-3.258384551743678692e+00,-1.821747003368979323e+00,-6.052384396980627024e+00,1.382865285604419070e-01,-1.365964094148784280e+00,-4.115599657228845132e+00,-3.668548476850328921e+00,-2.494619403467783214e-01,-1.052978107465630364e+00
-3.990321459857066433e+00,-4.468482459818513775e+00,-1.821747003368979323e+00,-6.052384396980627024e+00,1.382865285604419070e-01,-1.365964094148784280e+00,-4.115599657228845132e+00,-3.668548476850328921e+00,-2.494619403467783214e-01,-1.052978107465630364e+00
-3.990321459857066433e+00,-4.468482459818513775e+00,-1.821747003368979323e+00,-6.052384396980627024e+00,1.382865285604419070e-01,-1.365964094148784280e+00,-4.115599657228845132e+00,-3.668548476850328921e+00,-2.494619403467783214e-01,-1.052978107465630364e+00
-3.990321459857066433e+00,-4.468482459818513775e+00,-1.821747003368979323e+00,-6.052384396980627024e+00,1.382865285604419070e-01,-1.365964094148784280e+00,-4.115599657228845132e+00,-3.668548476850328921e+00,-2.494619403467783214e-01,-1.052978107465630364e+00
-3.994011205691367472e+00,-4.468482459818513775e+00,-1.821747003368979323e+00,-6.052384396980627024e+00,1.382865285604419070e-01,-1.365964094148784280e+00,-4.115599657228845132e+00,-3.668548476850328921e+00,-2.494619403467783214e-01,-1.269354741563644362e+00
-3.994011205691367472e+00,-4.468482459818513775e+00,-1.821747003368979323e+00,-6.614392560687887723e+00,1.382865285604419070e-01,-1.365964094148784280e+00,-4.115599657228845132e+00,-3.668548476850328921e+00,-2.494619403467783214e-01,-1.269354741563644362e+00
-3.994011205691367472e+00,-4.468482459818513775e+00,-1.821747003368979323e+00,-6.614392560687887723e+00,1.382865285604419070e-01,-1.365964094148784280e+00,-4.115599657228845132e+00,-3.668548476850328921e+00,-2.494619403467783214e-01,-1.269354741563644362e+00
-3.994011205691367472e+00,-4.468482459818513775e+00,-1.821747003368979323e+00,-6.614392560687887723e+00,1.382865285604419070e-01,-1.365964094148784280e+00,-4.115599657228845132e+00,-3.668548476850328921e+00,-2.494619403467783214e-01,-1.269354741563644362e+00
-3.994011205691367472e+00,-4.468482459818513775e+00,-1.821747003368979323e+00,-6.614392560687887723e+00,1.382865285604419070e-01,-1.365964094148784280e+00,-4.115599657228845132e+00,-3.668548476850328921e+00,-2.494619403467783214e-01,-1.269354741563644362e+00
-3.994011205691367472e+00,-4.468482459818513775e+00,-1.821747003368979323e+00,-6.614392560687887723e+00,1.382865285604419070e-01,-1.365964094148784280e+00,-4.115599657228845132e+00,-3.668548476850328921e+00,-2.494619403467783214e-01,-1.269354741563644362e+00
-3.994011205691367472e+00,-4.468482459818513775e+00,-1.821747003368979323e+00,-6.614392560687887723e+00,1.382865285604419070e-01,-1.365964094148784280e+00,-4.115599657228845132e+00,-3.668548476850328921e+00,-2.494619403467783214e-01,-1.269354741563644362e+00
-3.994011205691367472e+00,-4.468482459818513775e+00,-1.821747003368979323e+00,-6.614392560687887723e+00,1.382865285604419070e-01,-1.434540944728134537e+00,-4.115599657228845132e+00,-3.668548476850328921e+00,-2.494619403467783214e-01,-1.269354741563644362e+00
-4.051109880918732919e+00,-4.468482459818513775e+00,-1.821747003368979323e+00,-6.614392560687887723e+00,1.382865285604419070e-01,-1.434540944728134537e+00,-4.115599657228845132e+00,-3.668548476850328921e+00,-2.494619403467783214e-01,-1.269354741563644362e+00
-4.051109880918732919e+00,-4.468482459818513775e+00,-1.821747003368979323e+00,-6.614392560687887723e+00,1.382865285604419070e-01,-1.434540944728134537e+00,-4.115599657228845132e+00,-3.668548476850328921e+00,-2.494619403467783214e-01,-1.269354741563644362e+00
-4.051109880918732919e+00,-4.468482459818513775e+00,-1.821747003368979323e+00,-6.614392560687887723e+00,-1.735090123606642942e-01,-1.434540944728134537e+00,-4.115599657228845132e+00,-3.668548476850328921e+00,-2.494619403467783214e-01,-1.269354741563644362e+00
-4.051109880918732919e+00,-4.468482459818513775e+00,-1.821747003368979323e+00,-6.614392560687887723e+00,-1.735090123606642942e-01,-1.434540944728134537e+00,-4.115599657228845132e+00,-3.668548476850328921e+00,-2.494619403467783214e-01,-1.269354741563644362e+00
-4.051109880918732919e+00,-4.468482459818513775e+00,-1.821747003368979323e+00,-6.614392560687887723e+00,-1.735090123606642942e-01,-1.434540944728134537e+00,-4.115599657228845132e+00,-3.718878477804534288e+00,-2.494619403467783214e-01,-1.269354741563644362e+00
-4.051109880918732919e+00,-4.468482459818513775e+00,-1.821747003368979323e+00,-6.614392560687887723e+00,-1.735090123606642942e-01,-1.434540944728134537e+00,-4.115599657228845132e+00,-3.718878477804534288e+00,-2.494619403467783214e-01,-2.623610518860149288e+00
-4.051109880918732919e+00,-4.468482459818513775e+00,-1.821747003368979323e+00,-6.614392560687887723e+00,-1.735090123606642942e-01,-1.434540944728134537e+00,-4.115599657228845132e+00,-3.718878477804534288e+00,-2.494619403467783214e-01,-2.623610518860149288e+00
-4.051109880918732919e+00,-4.468482459818513775e+00,-1.821747003368979323e+00,-6.614392560687887723e+00,-1.735090123606642942e-01,-1.434540944728134537e+00,-4.115599657228845132e+00,-3.718878477804534288e+00,-2.494619403467783214e-01,-2.623610518860149288e+00
-4.051109880918732919e+00,-4.468482459818513775e+00,-1.821747003368979323e+00,-6.614392560687887723e+00,-1.735090123606642942e-01,-1.434540944728134537e+00,-4.115599657228845132e+00,-3.718878477804534288e+00,-2.494619403467783214e-01,-2.623610518860149288e+00
-4.051109880918732919e+00,-4.468482459818513775e+00,-1.821747003368979323e+00,-6.614392560687887723e+00,-7.634725994823563511e-01,-1.434540944728134537e+00,-4.115599657228845132e+00,-3.718878477804534288e+00,-2.494619403467783214e-01,-2.623610518860149288e+00
-4.051109880918732919e+00,-4.468482459818513775e+00,-1.821747003368979323e+00,-6.614392560687887723e+00,-7.634725994823563511e-01,-1.434540944728134537e+00,-4.115599657228845132e+00,-3.718878477804534288e+00,-2.494619403467783214e-01,-2.675633365603114378e+00
-4.051109880918732919e+00,-4.468482459818513775e+00,-1.821747003368979323e+00,-6.614392560687887723e+00,-7.634725994823563511e-01,-1.434540944728134537e+00,-4.115599657228845132e+00,-3.718878477804534288e+00,-2.494619403467783214e-01,-2.675633365603114378e+00
-4.051109880918732919e+00,-4.468482459818513775e+00,-1.821747003368979323e+00,-6.614392560687887723e+00,-7.634725994823563511e-01,-1.502042649657060913e+00,-4.115599657228845132e+00,-3.718878477804534288e+00,-2.494619403467783214e-01,-2.675633365603114378e+00
-4.051109880918732919e+00,-4.468482459818513775e+00,-1.821747003368979323e+00,-6.614392560687887723e+00,-7.634725994823563511e-01,-1.502042649657060913e+00,-4.115599657228845132e+00,-3.718878477804534288e+00,-2.494619403467783214e-01,-2.675633365603114378e+00
