1.132914066109349971e+00,1.515298908114270482e+00,9.110801666794690057e-01,-2.698380081416502208e+00,-1.659439184857752769e+00,1.071850677323852308e+00,2.757193992567665397e+00,2.545175974197337876e+00,2.345800536114476254e-01,6.821681434733772864e-01
1.132914066109349971e+00,1.515298908114270482e+00,-1.104339100408577634e+00,-2.698380081416502208e+00,-1.659439184857752769e+00,-1.539887056930223430e+00,1.717623820308985305e+00,1.310426289814997869e+00,2.345800536114476254e-01,-1.156374474838892219e+00
3.244123133365379164e-01,7.514505084828575487e-01,-1.104339100408577634e+00,-2.698380081416502208e+00,-1.659439184857752769e+00,-1.539887056930223430e+00,5.207765570584393933e-01,7.971496772167038225e-01,2.034884364575442195e-01,-1.156374474838892219e+00
-1.013721665753649193e+00,5.766081593600579785e-02,-1.104339100408577634e+00,-2.698380081416502208e+00,-1.977903184734630448e+00,-1.539887056930223430e+00,1.668742412890459881e-01,-1.101915590849151583e+00,2.034884364575442195e-01,-1.156374474838892219e+00
-1.013721665753649193e+00,5.766081593600579785e-02,-1.104339100408577634e+00,-2.698380081416502208e+00,-1.977903184734630448e+00,-1.539887056930223430e+00,1.668742412890459881e-01,-1.101915590849151583e+00,2.034884364575442195e-01,-1.156374474838892219e+00
-1.013721665753649193e+00,5.766081593600579785e-02,-1.104339100408577634e+00,-2.698380081416502208e+00,-1.977903184734630448e+00,-1.539887056930223430e+00,-4.367695456219007344e-01,-1.156658575995622495e+00,1.943331070856545717e-01,-1.156374474838892219e+00
-1.013721665753649193e+00,5.766081593600579785e-02,-1.104339100408577634e+00,-2.698380081416502208e+00,-1.977903184734630448e+00,-1.539887056930223430e+00,-4.367695456219007344e-01,-1.156658575995622495e+00,-2.938954338372019581e-01,-1.909567208040074293e+00
-1.013721665753649193e+00,5.766081593600579785e-02,-1.104339100408577634e+00,-2.698380081416502208e+00,-2.054339422393908876e+00,-1.539887056930223430e+00,-7.053274976135408547e-01,-1.995570486430910728e+00,-6.594094247916665319e-01,-1.909567208040074293e+00
-1.013721665753649193e+00,5.766081593600579785e-02,-1.104339100408577634e+00,-2.698380081416502208e+00,-2.236492042944852265e+00,-1.539887056930223430e+00,-7.053274976135408547e-01,-1.995570486430910728e+00,-6.594094247916665319e-01,-1.909567208040074293e+00
-1.013721665753649193e+00,5.766081593600579785e-02,-1.104339100408577634e+00,-2.698380081416502208e+00,-2.236492042944852265e+00,-1.539887056930223430e+00,-1.125854775464716573e+00,-1.995570486430910728e+00,-1.037711545085651110e+00,-1.909567208040074293e+00
-1.013721665753649193e+00,5.766081593600579785e-02,-1.104339100408577634e+00,-2.698380081416502208e+00,-2.849515839204672218e+00,-1.539887056930223430e+00,-1.125854775464716573e+00,-1.995570486430910728e+00,-1.037711545085651110e+00,-1.909567208040074293e+00
-1.013721665753649193e+00,5.766081593600579785e-02,-1.104339100408577634e+00,-2.698380081416502208e+00,-2.849515839204672218e+00,-1.539887056930223430e+00,-1.125854775464716573e+00,-1.995570486430910728e+00,-1.037711545085651110e+00,-1.909567208040074293e+00
-1.013721665753649193e+00,5.766081593600579785e-02,-1.104339100408577634e+00,-2.698380081416502208e+00,-2.849515839204672218e+00,-1.539887056930223430e+00,-1.125854775464716573e+00,-1.995570486430910728e+00,-1.037711545085651110e+00,-1.909567208040074293e+00
-1.013721665753649193e+00,5.766081593600579785e-02,-1.104339100408577634e+00,-2.928231775039428442e+00,-2.849515839204672218e+00,-1.539887056930223430e+00,-1.138707335061141190e+00,-1.995570486430910728e+00,-1.037711545085651110e+00,-2.202860232752690717e+00
-1.013721665753649193e+00,5.766081593600579785e-02,-1.104339100408577634e+00,-2.928231775039428442e+00,-2.849515839204672218e+00,-1.539887056930223430e+00,-1.138707335061141190e+00,-1.995570486430910728e+00,-1.573176525121588787e+00,-3.056569585691805813e+00
-1.013721665753649193e+00,5.766081593600579785e-02,-1.104339100408577634e+00,-2.928231775039428442e+00,-2.849515839204672218e+00,-1.539887056930223430e+00,-1.138707335061141190e+00,-1.995570486430910728e+00,-1.573176525121588787e+00,-3.056569585691805813e+00
-1.013721665753649193e+00,5.766081593600579785e-02,-1.104339100408577634e+00,-2.928231775039428442e+00,-2.849515839204672218e+00,-1.539887056930223430e+00,-1.138707335061141190e+00,-1.995570486430910728e+00,-1.573176525121588787e+00,-3.056569585691805813e+00
-1.013721665753649193e+00,5.766081593600579785e-02,-1.104339100408577634e+00,-2.928231775039428442e+00,-2.849515839204672218e+00,-1.539887056930223430e+00,-1.138707335061141190e+00,-1.995570486430910728e+00,-1.573176525121588787e+00,-3.056569585691805813e+00
-1.013721665753649193e+00,5.766081593600579785e-02,-1.104339100408577634e+00,-2.928231775039428442e+00,-2.849515839204672218e+00,-1.539887056930223430e+00,-1.138707335061141190e+00,-1.995570486430910728e+00,-1.573176525121588787e+00,-3.056569585691805813e+00
-1.013721665753649193e+00,5.766081593600579785e-02,-1.104339100408577634e+00,-2.928231775039428442e+00,-2.849515839204672218e+00,-1.539887056930223430e+00,-1.138707335061141190e+00,-1.995570486430910728e+00,-1.573176525121588787e+00,-3.056569585691805813e+00
-1.013721665753649193e+00,5.766081593600579785e-02,-1.104339100408577634e+00,-2.928231775039428442e+00,-2.849515839204672218e+00,-1.539887056930223430e+00,-1.138707335061141190e+00,-1.995570486430910728e+00,-1.573176525121588787e+00,-3.056569585691805813e+00
-1.013721665753649193e+00,5.766081593600579785e-02,-1.104339100408577634e+00,-2.928231775039428442e+00,-2.849515839204672218e+00,-1.539887056930223430e+00,-1.138707335061141190e+00,-1.995570486430910728e+00,-1.573176525121588787e+00,-3.056569585691805813e+00
-1.013721665753649193e+00,5.766081593600579785e-02,-1.104339100408577634e+00,-2.928231775039428442e+00,-2.849515839204672218e+00,-1.539887056930223430e+00,-1.138707335061141190e+00,-1.995570486430910728e+00,-1.953396129175686946e+00,-3.056569585691805813e+00
-1.013721665753649193e+00,5.766081593600579785e-02,-1.104339100408577634e+00,-2.928231775039428442e+00,-2.849515839204672218e+00,-1.539887056930223430e+00,-1.138707335061141190e+00,-1.995570486430910728e+00,-1.953396129175686946e+00,-3.056569585691805813e+00
-1.013721665753649193e+00,5.766081593600579785e-02,-1.104339100408577634e+00,-2.928231775039428442e+00,-2.849515839204672218e+00,-1.539887056930223430e+00,-1.138707335061141190e+00,-1.995570486430910728e+00,-1.953396129175686946e+00,-3.056569585691805813e+00
-1.013721665753649193e+00,5.766081593600579785e-02,-1.104339100408577634e+00,-2.928231775039428442e+00,-2.849515839204672218e+00,-1.539887056930223430e+00,-1.138707335061141190e+00,-1.995570486430910728e+00,-1.953396129175686946e+00,-3.056569585691805813e+00
-1.013721665753649193e+00,5.766081593600579785e-02,-1.104339100408577634e+00,-2.928231775039428442e+00,-2.849515839204672218e+00,-1.539887056930223430e+00,-1.138707335061141190e+00,-1.995570486430910728e+00,-1.953396129175686946e+00,-3.056569585691805813e+00
-1.013721665753649193e+00,5.766081593600579785e-02,-1.104339100408577634e+00,-2.928231775039428442e+00,-2.849515839204672218e+00,-1.539887056930223430e+00,-1.138707335061141190e+00,-1.995570486430910728e+00,-1.953396129175686946e+00,-3.056569585691805813e+00
-1.013721665753649193e+00,5.766081593600579785e-02,-1.104339100408577634e+00,-2.928231775039428442e+00,-2.849515839204672218e+00,-1.539887056930223430e+00,-1.138707335061141190e+00,-1.995570486430910728e+00,-1.953396129175686946e+00,-3.056569585691805813e+00
-1.013721665753649193e+00,5.766081593600579785e-02,-1.104339100408577634e+00,-2.928231775039428442e+00,-2.849515839204672218e+00,-1.539887056930223430e+00,-1.138707335061141190e+00,-1.995570486430910728e+00,-2.745765151791368819e+00,-3.056569585691805813e+00
-1.013721665753649193e+00,5.766081593600579785e-02,-1.104339100408577634e+00,-2.928231775039428442e+00,-2.849515839204672218e+00,-1.539887056930223430e+00,-1.138707335061141190e+00,-1.995570486430910728e+00,-2.745765151791368819e+00,-3.056569585691805813e+00
-1.013721665753649193e+00,5.766081593600579785e-02,-1.104339100408577634e+00,-2.928231775039428442e+00,-2.849515839204672218e+00,-1.539887056930223430e+00,-1.138707335061141190e+00,-1.995570486430910728e+00,-2.745765151791368819e+00,-3.056569585691805813e+00
-1.013721665753649193e+00,5.766081593600579785e-02,-1.104339100408577634e+00,-2.928231775039428442e+00,-2.849515839204672218e+00,-1.539887056930223430e+00,-1.138707335061141190e+00,-1.995570486430910728e+00,-2.745765151791368819e+00,-3.056569585691805813e+00
-1.013721665753649193e+00,5.766081593600579785e-02,-1.104339100408577634e+00,-2.928231775039428442e+00,-2.849515839204672218e+00,-1.539887056930223430e+00,-1.138707335061141190e+00,-1.995570486430910728e+00,-2.745765151791368819e+00,-3.056569585691805813e+00
-1.013721665753649193e+00,5.766081593600579785e-02,-1.104339100408577634e+00,-2.928231775039428442e+00,-2.849515839204672218e+00,-1.539887056930223430e+00,-1.138707335061141190e+00,-1.995570486430910728e+00,-2.745765151791368819e+00,-3.056569585691805813e+00
-1.013721665753649193e+00,5.766081593600579785e-02,-1.104339100408577634e+00,-2.928231775039428442e+00,-2.849515839204672218e+00,-1.539887056930223430e+00,-1.138707335061141190e+00,-1.995570486430910728e+00,-2.745765151791368819e+00,-3.056569585691805813e+00
-1.013721665753649193e+00,5.766081593600579785e-02,-1.104339100408577634e+00,-2.928231775039428442e+00,-2.849515839204672218e+00,-1.539887056930223430e+00,-1.138707335061141190e+00,-1.995570486430910728e+00,-2.745765151791368819e+00,-3.056569585691805813e+00
-1.013721665753649193e+00,5.766081593600579785e-02,-1.104339100408577634e+00,-2.928231775039428442e+00,-2.849515839204672218e+00,-1.539887056930223430e+00,-1.138707335061141190e+00,-1.995570486430910728e+00,-2.745765151791368819e+00,-3.056569585691805813e+00
-1.013721665753649193e+00,5.766081593600579785e-02,-1.104339100408577634e+00,-2.928231775039428442e+00,-2.849515839204672218e+00,-1.539887056930223430e+00,-1.138707335061141190e+00,-1.995570486430910728e+00,-2.745765151791368819e+00,-3.056569585691805813e+00
-1.013721665753649193e+00,5.766081593600579785e-02,-1.104339100408577634e+00,-2.928231775039428442e+00,-2.849515839204672218e+00,-1.539887056930223430e+00,-1.138707335061141190e+00,-1.995570486430910728e+00,-2.745765151791368819e+00,-3.183924088973485222e+00
-1.013721665753649193e+00,5.766081593600579785e-02,-1.104339100408577634e+00,-2.928231775039428442e+00,-3.225531592316016383e+00,-1.539887056930223430e+00,-1.138707335061141190e+00,-1.995570486430910728e+00,-2.745765151791368819e+00,-3.417980717366837951e+00
-1.013721665753649193e+00,5.766081593600579785e-02,-1.712558816026985342e+00,-2.928231775039428442e+00,-3.225531592316016383e+00,-1.539887056930223430e+00,-1.138707335061141190e+00,-1.995570486430910728e+00,-2.745765151791368819e+00,-3.417980717366837951e+00
-1.013721665753649193e+00,5.766081593600579785e-02,-1.712558816026985342e+00,-2.928231775039428442e+00,-3.225531592316016383e+00,-1.539887056930223430e+00,-1.138707335061141190e+00,-1.995570486430910728e+00,-2.745765151791368819e+00,-3.417980717366837951e+00
-1.013721665753649193e+00,5.766081593600579785e-02,-1.712558816026985342e+00,-2.928231775039428442e+00,-3.225531592316016383e+00,-1.539887056930223430e+00,-1.138707335061141190e+00,-1.995570486430910728e+00,-2.745765151791368819e+00,-3.417980717366837951e+00
-1.013721665753649193e+00,5.766081593600579785e-02,-1.712558816026985342e+00,-2.928231775039428442e+00,-3.225531592316016383e+00,-1.539887056930223430e+00,-1.138707335061141190e+00,-1.995570486430910728e+00,-2.745765151791368819e+00,-3.592723179056195537e+00
-1.013721665753649193e+00,5.766081593600579785e-02,-1.712558816026985342e+00,-2.928231775039428442e+00,-3.225531592316016383e+00,-1.539887056930223430e+00,-1.138707335061141190e+00,-1.995570486430910728e+00,-2.745765151791368819e+00,-3.592723179056195537e+00
-1.013721665753649193e+00,5.766081593600579785e-02,-1.712558816026985342e+00,-2.964119130158076931e+00,-3.225531592316016383e+00,-1.539887056930223430e+00,-1.417142872813601961e+00,-1.995570486430910728e+00,-2.745765151791368819e+00,-3.592723179056195537e+00
-1.013721665753649193e+00,5.766081593600579785e-02,-1.712558816026985342e+00,-2.964119130158076931e+00,-3.225531592316016383e+00,-1.539887056930223430e+00,-1.417142872813601961e+00,-1.995570486430910728e+00,-2.745765151791368819e+00,-3.592723179056195537e+00
-1.013721665753649193e+00,5.766081593600579785e-02,-1.712558816026985342e+00,-2.964119130158076931e+00,-3.225531592316016383e+00,-1.539887056930223430e+00,-1.417142872813601961e+00,-1.995570486430910728e+00,-2.745765151791368819e+00,-3.592723179056195537e+00
-1.013721665753649193e+00,5.766081593600579785e-02,-1.712558816026985342e+00,-2.964119130158076931e+00,-3.225531592316016383e+00,-1.539887056930223430e+00,-1.417142872813601961e+00,-2.731214604095788978e+00,-2.745765151791368819e+00,-3.592723179056195537e+00
-1.013721665753649193e+00,5.766081593600579785e-02,-1.712558816026985342e+00,-2.964119130158076931e+00,-3.225531592316016383e+00,-1.539887056930223430e+00,-1.417142872813601961e+00,-2.731214604095788978e+00,-2.745765151791368819e+00,-3.592723179056195537e+00
-1.013721665753649193e+00,5.766081593600579785e-02,-1.712558816026985342e+00,-3.094924095826714350e+00,-3.225531592316016383e+00,-1.539887056930223430e+00,-1.417142872813601961e+00,-2.731214604095788978e+00,-2.745765151791368819e+00,-3.592723179056195537e+00
-1.013721665753649193e+00,5.766081593600579785e-02,-1.712558816026985342e+00,-3.094924095826714350e+00,-3.225531592316016383e+00,-1.539887056930223430e+00,-1.417142872813601961e+00,-2.731214604095788978e+00,-2.745765151791368819e+00,-3.592723179056195537e+00
-1.013721665753649193e+00,5.766081593600579785e-02,-1.712558816026985342e+00,-3.094924095826714350e+00,-3.225531592316016383e+00,-1.539887056930223430e+00,-1.417142872813601961e+00,-2.731214604095788978e+00,-2.745765151791368819e+00,-3.592723179056195537e+00
-1.013721665753649193e+00,5.766081593600579785e-02,-1.712558816026985342e+00,-3.521222254636028115e+00,-3.225531592316016383e+00,-1.539887056930223430e+00,-1.417142872813601961e+00,-2.731214604095788978e+00,-2.745765151791368819e+00,-3.592723179056195537e+00
-1.013721665753649193e+00,5.766081593600579785e-02,-1.712558816026985342e+00,-3.521222254636028115e+00,-3.225531592316016383e+00,-1.539887056930223430e+00,-1.417142872813601961e+00,-2.731214604095788978e+00,-2.745765151791368819e+00,-3.592723179056195537e+00
-1.013721665753649193e+00,5.766081593600579785e-02,-4.195395076195678641e+00,-3.521222254636028115e+00,-3.225531592316016383e+00,-1.539887056930223430e+00,-1.417142872813601961e+00,-2.731214604095788978e+00,-2.745765151791368819e+00,-3.592723179056195537e+00
-1.013721665753649193e+00,5.766081593600579785e-02,-4.195395076195678641e+00,-3.521222254636028115e+00,-3.225531592316016383e+00,-1.539887056930223430e+00,-1.417142872813601961e+00,-2.731214604095788978e+00,-2.745765151791368819e+00,-3.592723179056195537e+00
-1.013721665753649193e+00,5.766081593600579785e-02,-4.195395076195678641e+00,-3.521222254636028115e+00,-3.225531592316016383e+00,-1.539887056930223430e+00,-1.417142872813601961e+00,-2.731214604095788978e+00,-2.745765151791368819e+00,-3.592723179056195537e+00
-1.013721665753649193e+00,5.766081593600579785e-02,-4.195395076195678641e+00,-3.521222254636028115e+00,-3.225531592316016383e+00,-1.539887056930223430e+00,-1.417142872813601961e+00,-2.731214604095788978e+00,-2.745765151791368819e+00,-3.592723179056195537e+00
-1.013721665753649193e+00,5.766081593600579785e-02,-4.195395076195678641e+00,-3.521222254636028115e+00,-3.225531592316016383e+00,-1.539887056930223430e+00,-1.417142872813601961e+00,-2.731214604095788978e+00,-2.745765151791368819e+00,-3.592723179056195537e+00
-1.013721665753649193e+00,5.766081593600579785e-02,-4.195395076195678641e+00,-3.521222254636028115e+00,-3.225531592316016383e+00,-1.539887056930223430e+00,-1.417142872813601961e+00,-2.731214604095788978e+00,-2.745765151791368819e+00,-3.592723179056195537e+00
-1.013721665753649193e+00,5.766081593600579785e-02,-4.195395076195678641e+00,-3.521222254636028115e+00,-3.225531592316016383e+00,-1.539887056930223430e+00,-1.417142872813601961e+00,-2.731214604095788978e+00,-2.745765151791368819e+00,-3.592723179056195537e+00
-1.013721665753649193e+00,5.766081593600579785e-02,-4.195395076195678641e+00,-3.521222254636028115e+00,-3.225531592316016383e+00,-1.539887056930223430e+00,-1.417142872813601961e+00,-2.731214604095788978e+00,-2.745765151791368819e+00,-3.592723179056195537e+00
-1.013721665753649193e+00,5.766081593600579785e-02,-4.195395076195678641e+00,-3.521222254636028115e+00,-3.225531592316016383e+00,-1.539887056930223430e+00,-1.417142872813601961e+00,-2.731214604095788978e+00,-2.745765151791368819e+00,-3.592723179056195537e+00
-1.013721665753649193e+00,5.766081593600579785e-02,-4.195395076195678641e+00,-3.521222254636028115e+00,-3.225531592316016383e+00,-1.539887056930223430e+00,-1.417142872813601961e+00,-2.731214604095788978e+00,-2.745765151791368819e+00,-3.592723179056195537e+00
-1.013721665753649193e+00,5.766081593600579785e-02,-4.195395076195678641e+00,-3.521222254636028115e+00,-3.225531592316016383e+00,-1.539887056930223430e+00,-1.417142872813601961e+00,-2.731214604095788978e+00,-2.745765151791368819e+00,-3.592723179056195537e+00
-1.013721665753649193e+00,5.766081593600579785e-02,-4.195395076195678641e+00,-3.521222254636028115e+00,-3.327385232921062919e+00,-1.539887056930223430e+00,-1.417142872813601961e+00,-2.731214604095788978e+00,-2.745765151791368819e+00,-3.592723179056195537e+00
-1.013721665753649193e+00,5.766081593600579785e-02,-4.195395076195678641e+00,-3.521222254636028115e+00,-3.327385232921062919e+00,-1.539887056930223430e+00,-1.417142872813601961e+00,-2.731214604095788978e+00,-2.745765151791368819e+00,-3.592723179056195537e+00
-1.013721665753649193e+00,5.766081593600579785e-02,-4.195395076195678641e+00,-3.521222254636028115e+00,-3.327385232921062919e+00,-1.539887056930223430e+00,-1.417142872813601961e+00,-2.731214604095788978e+00,-2.745765151791368819e+00,-3.592723179056195537e+00
-1.013721665753649193e+00,5.766081593600579785e-02,-4.195395076195678641e+00,-3.521222254636028115e+00,-3.327385232921062919e+00,-1.539887056930223430e+00,-1.417142872813601961e+00,-2.731214604095788978e+00,-2.745765151791368819e+00,-3.592723179056195537e+00
-1.013721665753649193e+00,5.766081593600579785e-02,-4.195395076195678641e+00,-3.521222254636028115e+00,-3.327385232921062919e+00,-1.539887056930223430e+00,-1.417142872813601961e+00,-2.731214604095788978e+00,-2.745765151791368819e+00,-3.592723179056195537e+00
-1.013721665753649193e+00,5.766081593600579785e-02,-4.195395076195678641e+00,-3.521222254636028115e+00,-3.327385232921062919e+00,-1.539887056930223430e+00,-1.417142872813601961e+00,-2.731214604095788978e+00,-2.745765151791368819e+00,-3.592723179056195537e+00
-1.013721665753649193e+00,5.766081593600579785e-02,-4.195395076195678641e+00,-3.521222254636028115e+00,-3.327385232921062919e+00,-1.539887056930223430e+00,-1.417142872813601961e+00,-2.731214604095788978e+00,-2.745765151791368819e+00,-3.592723179056195537e+00
-1.013721665753649193e+00,5.766081593600579785e-02,-4.195395076195678641e+00,-3.521222254636028115e+00,-3.327385232921062919e+00,-1.539887056930223430e+00,-1.417142872813601961e+00,-2.731214604095788978e+00,-2.745765151791368819e+00,-3.592723179056195537e+00
-1.013721665753649193e+00,5.766081593600579785e-02,-4.195395076195678641e+00,-3.521222254636028115e+00,-3.327385232921062919e+00,-1.539887056930223430e+00,-1.417142872813601961e+00,-2.731214604095788978e+00,-2.745765151791368819e+00,-3.592723179056195537e+00
-1.013721665753649193e+00,5.766081593600579785e-02,-4.195395076195678641e+00,-3.521222254636028115e+00,-3.327385232921062919e+00,-1.539887056930223430e+00,-1.417142872813601961e+00,-2.731214604095788978e+00,-2.745765151791368819e+00,-3.592723179056195537e+00
-1.013721665753649193e+00,5.766081593600579785e-02,-4.195395076195678641e+00,-3.521222254636028115e+00,-3.327385232921062919e+00,-1.539887056930223430e+00,-1.417142872813601961e+00,-2.731214604095788978e+00,-2.745765151791368819e+00,-3.592723179056195537e+00
-1.013721665753649193e+00,5.766081593600579785e-02,-4.195395076195678641e+00,-3.521222254636028115e+00,-3.327385232921062919e+00,-1.539887056930223430e+00,-1.417142872813601961e+00,-2.731214604095788978e+00,-2.745765151791368819e+00,-3.592723179056195537e+00
-1.013721665753649193e+00,5.766081593600579785e-02,-4.195395076195678641e+00,-3.521222254636028115e+00,-3.327385232921062919e+00,-1.539887056930223430e+00,-1.417142872813601961e+00,-2.731214604095788978e+00,-2.745765151791368819e+00,-3.592723179056195537e+00
-1.013721665753649193e+00,5.766081593600579785e-02,-4.195395076195678641e+00,-3.521222254636028115e+00,-3.327385232921062919e+00,-1.539887056930223430e+00,-1.417142872813601961e+00,-2.731214604095788978e+00,-2.745765151791368819e+00,-3.592723179056195537e+00
-1.013721665753649193e+00,5.766081593600579785e-02,-4.195395076195678641e+00,-3.521222254636028115e+00,-3.327385232921062919e+00,-1.539887056930223430e+00,-1.417142872813601961e+00,-2.731214604095788978e+00,-2.745765151791368819e+00,-3.592723179056195537e+00
-1.013721665753649193e+00,5.766081593600579785e-02,-4.195395076195678641e+00,-3.521222254636028115e+00,-3.327385232921062919e+00,-1.539887056930223430e+00,-1.926699628479445314e+00,-2.731214604095788978e+00,-2.745765151791368819e+00,-3.592723179056195537e+00
-1.013721665753649193e+00,5.766081593600579785e-02,-4.195395076195678641e+00,-3.521222254636028115e+00,-3.327385232921062919e+00,-1.539887056930223430e+00,-2.947220023501932573e+00,-2.731214604095788978e+00,-2.745765151791368819e+00,-3.592723179056195537e+00
-1.013721665753649193e+00,3.092613210371983334e-02,-4.195395076195678641e+00,-3.521222254636028115e+00,-3.327385232921062919e+00,-1.539887056930223430e+00,-2.947220023501932573e+00,-2.731214604095788978e+00,-2.745765151791368819e+00,-3.592723179056195537e+00
-1.013721665753649193e+00,3.092613210371983334e-02,-4.195395076195678641e+00,-3.521222254636028115e+00,-3.327385232921062919e+00,-1.539887056930223430e+00,-2.947220023501932573e+00,-2.731214604095788978e+00,-2.745765151791368819e+00,-3.592723179056195537e+00
-1.013721665753649193e+00,3.092613210371983334e-02,-4.195395076195678641e+00,-3.521222254636028115e+00,-3.327385232921062919e+00,-1.539887056930223430e+00,-2.947220023501932573e+00,-2.731214604095788978e+00,-2.745765151791368819e+00,-3.592723179056195537e+00
-1.013721665753649193e+00,3.092613210371983334e-02,-4.195395076195678641e+00,-3.521222254636028115e+00,-3.327385232921062919e+00,-1.539887056930223430e+00,-2.947220023501932573e+00,-2.731214604095788978e+00,-2.745765151791368819e+00,-3.592723179056195537e+00
-1.013721665753649193e+00,3.092613210371983334e-02,-4.195395076195678641e+00,-3.521222254636028115e+00,-3.327385232921062919e+00,-1.539887056930223430e+00,-2.947220023501932573e+00,-2.731214604095788978e+00,-2.745765151791368819e+00,-3.592723179056195537e+00
-1.013721665753649193e+00,3.092613210371983334e-02,-4.195395076195678641e+00,-3.521222254636028115e+00,-3.327385232921062919e+00,-1.539887056930223430e+00,-2.947220023501932573e+00,-2.731214604095788978e+00,-2.745765151791368819e+00,-3.592723179056195537e+00
-1.013721665753649193e+00,3.092613210371983334e-02,-4.195395076195678641e+00,-3.521222254636028115e+00,-3.327385232921062919e+00,-1.539887056930223430e+00,-2.947220023501932573e+00,-2.731214604095788978e+00,-2.745765151791368819e+00,-3.592723179056195537e+00
-1.013721665753649193e+00,3.092613210371983334e-02,-4.195395076195678641e+00,-3.521222254636028115e+00,-3.327385232921062919e+00,-1.539887056930223430e+00,-2.947220023501932573e+00,-2.731214604095788978e+00,-2.745765151791368819e+00,-3.592723179056195537e+00
-1.013721665753649193e+00,3.092613210371983334e-02,-4.195395076195678641e+00,-3.521222254636028115e+00,-3.327385232921062919e+00,-1.539887056930223430e+00,-2.947220023501932573e+00,-2.731214604095788978e+00,-2.745765151791368819e+00,-3.790282637248902464e+00
-1.013721665753649193e+00,3.092613210371983334e-02,-4.195395076195678641e+00,-3.521222254636028115e+00,-3.327385232921062919e+00,-1.539887056930223430e+00,-2.947220023501932573e+00,-2.731214604095788978e+00,-2.745765151791368819e+00,-3.790282637248902464e+00
-1.013721665753649193e+00,3.092613210371983334e-02,-4.195395076195678641e+00,-3.521222254636028115e+00,-3.327385232921062919e+00,-1.539887056930223430e+00,-2.947220023501932573e+00,-2.731214604095788978e+00,-2.745765151791368819e+00,-3.790282637248902464e+00
-1.013721665753649193e+00,3.092613210371983334e-02,-4.195395076195678641e+00,-3.521222254636028115e+00,-3.327385232921062919e+00,-1.539887056930223430e+00,-2.947220023501932573e+00,-2.731214604095788978e+00,-2.745765151791368819e+00,-3.790282637248902464e+00
-1.013721665753649193e+00,3.092613210371983334e-02,-4.195395076195678641e+00,-3.521222254636028115e+00,-3.327385232921062919e+00,-1.539887056930223430e+00,-2.947220023501932573e+00,-2.731214604095788978e+00,-2.745765151791368819e+00,-3.790282637248902464e+00
-1.013721665753649193e+00,-2.600517826855348602e-01,-4.195395076195678641e+00,-3.521222254636028115e+00,-3.327385232921062919e+00,-1.539887056930223430e+00,-2.947220023501932573e+00,-2.731214604095788978e+00,-2.745765151791368819e+00,-3.790282637248902464e+00
-1.085289113738036937e+00,-4.768697634462054635e-01,-4.195395076195678641e+00,-3.521222254636028115e+00,-3.327385232921062919e+00,-1.539887056930223430e+00,-2.947220023501932573e+00,-2.731214604095788978e+00,-2.745765151791368819e+00,-3.790282637248902464e+00
-1.085289113738036937e+00,-4.768697634462054635e-01,-4.195395076195678641e+00,-3.521222254636028115e+00,-3.327385232921062919e+00,-1.539887056930223430e+00,-2.947220023501932573e+00,-2.731214604095788978e+00,-2.745765151791368819e+00,-3.790282637248902464e+00
-1.085289113738036937e+00,-4.768697634462054635e-01,-4.195395076195678641e+00,-3.521222254636028115e+00,-3.327385232921062919e+00,-1.539887056930223430e+00,-2.947220023501932573e+00,-2.731214604095788978e+00,-2.745765151791368819e+00,-3.790282637248902464e+00
-1.085289113738036937e+00,-4.768697634462054635e-01,-4.195395076195678641e+00,-3.521222254636028115e+00,-3.327385232921062919e+00,-1.539887056930223430e+00,-2.947220023501932573e+00,-2.731214604095788978e+00,-2.745765151791368819e+00,-3.790282637248902464e+00
-1.085289113738036937e+00,-4.768697634462054635e-01,-4.195395076195678641e+00,-3.521222254636028115e+00,-3.327385232921062919e+00,-1.539887056930223430e+00,-2.947220023501932573e+00,-2.731214604095788978e+00,-2.745765151791368819e+00,-3.790282637248902464e+00
-1.085289113738036937e+00,-4.768697634462054635e-01,-4.195395076195678641e+00,-3.521222254636028115e+00,-3.327385232921062919e+00,-1.539887056930223430e+00,-2.947220023501932573e+00,-2.731214604095788978e+00,-2.745765151791368819e+00,-3.790282637248902464e+00
-1.085289113738036937e+00,-4.768697634462054635e-01,-4.195395076195678641e+00,-3.521222254636028115e+00,-3.327385232921062919e+00,-1.539887056930223430e+00,-2.947220023501932573e+00,-2.731214604095788978e+00,-2.745765151791368819e+00,-3.790282637248902464e+00
-1.112245873285679032e+00,-4.768697634462054635e-01,-4.195395076195678641e+00,-3.521222254636028115e+00,-3.327385232921062919e+00,-1.539887056930223430e+00,-2.947220023501932573e+00,-2.731214604095788978e+00,-2.745765151791368819e+00,-3.790282637248902464e+00
-1.112245873285679032e+00,-4.768697634462054635e-01,-4.195395076195678641e+00,-3.521222254636028115e+00,-3.327385232921062919e+00,-1.539887056930223430e+00,-2.947220023501932573e+00,-2.731214604095788978e+00,-2.745765151791368819e+00,-3.790282637248902464e+00
-1.112245873285679032e+00,-4.768697634462054635e-01,-4.195395076195678641e+00,-3.521222254636028115e+00,-3.327385232921062919e+00,-1.539887056930223430e+00,-2.947220023501932573e+00,-2.731214604095788978e+00,-2.745765151791368819e+00,-3.790282637248902464e+00
-1.112245873285679032e+00,-4.768697634462054635e-01,-4.195395076195678641e+00,-3.521222254636028115e+00,-3.327385232921062919e+00,-1.539887056930223430e+00,-2.947220023501932573e+00,-2.731214604095788978e+00,-2.745765151791368819e+00,-3.790282637248902464e+00
-1.112245873285679032e+00,-4.768697634462054635e-01,-4.195395076195678641e+00,-3.521222254636028115e+00,-3.327385232921062919e+00,-1.539887056930223430e+00,-2.947220023501932573e+00,-2.731214604095788978e+00,-2.745765151791368819e+00,-3.790282637248902464e+00
-1.329218733526051910e+00,-4.768697634462054635e-01,-4.195395076195678641e+00,-3.521222254636028115e+00,-3.327385232921062919e+00,-1.539887056930223430e+00,-2.947220023501932573e+00,-2.731214604095788978e+00,-2.745765151791368819e+00,-3.839202145052475146e+00
-1.329218733526051910e+00,-4.768697634462054635e-01,-4.195395076195678641e+00,-3.521222254636028115e+00,-3.327385232921062919e+00,-1.539887056930223430e+00,-2.947220023501932573e+00,-2.731214604095788978e+00,-2.745765151791368819e+00,-3.944640494221946181e+00
-1.329218733526051910e+00,-4.768697634462054635e-01,-4.195395076195678641e+00,-3.521222254636028115e+00,-3.327385232921062919e+00,-1.539887056930223430e+00,-2.947220023501932573e+00,-2.731214604095788978e+00,-2.745765151791368819e+00,-3.944640494221946181e+00
-1.329218733526051910e+00,-4.768697634462054635e-01,-4.195395076195678641e+00,-3.521222254636028115e+00,-3.327385232921062919e+00,-1.539887056930223430e+00,-2.947220023501932573e+00,-2.731214604095788978e+00,-2.745765151791368819e+00,-3.944640494221946181e+00
-1.329218733526051910e+00,-4.768697634462054635e-01,-4.195395076195678641e+00,-3.521222254636028115e+00,-3.327385232921062919e+00,-1.539887056930223430e+00,-2.947220023501932573e+00,-2.731214604095788978e+00,-2.745765151791368819e+00,-3.944640494221946181e+00
-1.329218733526051910e+00,-4.768697634462054635e-01,-4.195395076195678641e+00,-3.521222254636028115e+00,-3.327385232921062919e+00,-1.539887056930223430e+00,-2.947220023501932573e+00,-2.731214604095788978e+00,-2.745765151791368819e+00,-3.944640494221946181e+00
-1.329218733526051910e+00,-5.156616313351530811e-01,-4.195395076195678641e+00,-3.521222254636028115e+00,-3.327385232921062919e+00,-1.539887056930223430e+00,-2.947220023501932573e+00,-2.731214604095788978e+00,-2.745765151791368819e+00,-3.944640494221946181e+00
-1.329218733526051910e+00,-5.156616313351530811e-01,-4.195395076195678641e+00,-3.521222254636028115e+00,-3.327385232921062919e+00,-1.539887056930223430e+00,-2.947220023501932573e+00,-2.731214604095788978e+00,-2.745765151791368819e+00,-3.944640494221946181e+00
-1.329218733526051910e+00,-5.156616313351530811e-01,-4.195395076195678641e+00,-3.521222254636028115e+00,-3.327385232921062919e+00,-1.539887056930223430e+00,-2.947220023501932573e+00,-2.731214604095788978e+00,-2.745765151791368819e+00,-3.944640494221946181e+00
-1.329218733526051910e+00,-5.156616313351530811e-01,-4.195395076195678641e+00,-3.521222254636028115e+00,-3.327385232921062919e+00,-1.539887056930223430e+00,-2.947220023501932573e+00,-2.731214604095788978e+00,-2.745765151791368819e+00,-3.944640494221946181e+00
-1.329218733526051910e+00,-5.156616313351530811e-01,-4.195395076195678641e+00,-3.521222254636028115e+00,-3.327385232921062919e+00,-1.539887056930223430e+00,-2.947220023501932573e+00,-2.731214604095788978e+00,-2.745765151791368819e+00,-3.944640494221946181e+00
-1.329218733526051910e+00,-5.156616313351530811e-01,-4.195395076195678641e+00,-3.521222254636028115e+00,-3.327385232921062919e+00,-1.539887056930223430e+00,-2.947220023501932573e+00,-2.731214604095788978e+00,-2.745765151791368819e+00,-3.944640494221946181e+00
-1.329218733526051910e+00,-5.156616313351530811e-01,-4.195395076195678641e+00,-3.521222254636028115e+00,-3.327385232921062919e+00,-1.539887056930223430e+00,-2.947220023501932573e+00,-2.731214604095788978e+00,-2.745765151791368819e+00,-3.944640494221946181e+00
-1.329218733526051910e+00,-5.156616313351530811e-01,-4.195395076195678641e+00,-3.521222254636028115e+00,-3.327385232921062919e+00,-1.539887056930223430e+00,-2.947220023501932573e+00,-2.731214604095788978e+00,-2.745765151791368819e+00,-3.944640494221946181e+00
-1.329218733526051910e+00,-5.156616313351530811e-01,-4.195395076195678641e+00,-3.521222254636028115e+00,-3.327385232921062919e+00,-1.539887056930223430e+00,-2.947220023501932573e+00,-2.731214604095788978e+00,-2.745765151791368819e+00,-3.944640494221946181e+00
-1.329218733526051910e+00,-5.156616313351530811e-01,-4.195395076195678641e+00,-3.521222254636028115e+00,-3.327385232921062919e+00,-1.539887056930223430e+00,-2.947220023501932573e+00,-2.731214604095788978e+00,-2.745765151791368819e+00,-3.944640494221946181e+00
-1.329218733526051910e+00,-5.156616313351530811e-01,-4.195395076195678641e+00,-3.521222254636028115e+00,-3.327385232921062919e+00,-1.539887056930223430e+00,-2.947220023501932573e+00,-2.731214604095788978e+00,-2.745765151791368819e+00,-3.944640494221946181e+00
-1.329218733526051910e+00,-5.156616313351530811e-01,-4.195395076195678641e+00,-3.521222254636028115e+00,-3.327385232921062919e+00,-1.539887056930223430e+00,-2.947220023501932573e+00,-2.731214604095788978e+00,-2.745765151791368819e+00,-3.944640494221946181e+00
-1.329218733526051910e+00,-5.156616313351530811e-01,-4.195395076195678641e+00,-3.521222254636028115e+00,-3.327385232921062919e+00,-1.539887056930223430e+00,-2.947220023501932573e+00,-2.731214604095788978e+00,-2.745765151791368819e+00,-3.944640494221946181e+00
-1.329218733526051910e+00,-5.156616313351530811e-01,-4.195395076195678641e+00,-3.521222254636028115e+00,-3.327385232921062919e+00,-1.539887056930223430e+00,-2.947220023501932573e+00,-2.731214604095788978e+00,-2.745765151791368819e+00,-3.944640494221946181e+00
-1.329218733526051910e+00,-5.156616313351530811e-01,-4.195395076195678641e+00,-3.521222254636028115e+00,-3.327385232921062919e+00,-1.539887056930223430e+00,-2.947220023501932573e+00,-2.731214604095788978e+00,-2.745765151791368819e+00,-4.599803763471254747e+00
-1.329218733526051910e+00,-5.156616313351530811e-01,-4.195395076195678641e+00,-3.521222254636028115e+00,-3.327385232921062919e+00,-1.539887056930223430e+00,-2.947220023501932573e+00,-2.731214604095788978e+00,-2.745765151791368819e+00,-4.599803763471254747e+00
-1.329218733526051910e+00,-5.156616313351530811e-01,-4.195395076195678641e+00,-3.521222254636028115e+00,-3.327385232921062919e+00,-1.539887056930223430e+00,-2.947220023501932573e+00,-2.731214604095788978e+00,-2.745765151791368819e+00,-4.599803763471254747e+00
-1.329218733526051910e+00,-5.156616313351530811e-01,-4.195395076195678641e+00,-3.521222254636028115e+00,-3.327385232921062919e+00,-1.539887056930223430e+00,-2.947220023501932573e+00,-2.731214604095788978e+00,-2.745765151791368819e+00,-4.599803763471254747e+00
-1.329218733526051910e+00,-5.156616313351530811e-01,-4.195395076195678641e+00,-3.521222254636028115e+00,-3.327385232921062919e+00,-1.539887056930223430e+00,-2.947220023501932573e+00,-2.731214604095788978e+00,-2.745765151791368819e+00,-4.599803763471254747e+00
-1.329218733526051910e+00,-5.834732011403701568e-01,-4.195395076195678641e+00,-3.521222254636028115e+00,-3.327385232921062919e+00,-1.658293319103764762e+00,-2.947220023501932573e+00,-2.731214604095788978e+00,-2.745765151791368819e+00,-4.599803763471254747e+00
-1.329218733526051910e+00,-5.834732011403701568e-01,-4.195395076195678641e+00,-3.521222254636028115e+00,-3.327385232921062919e+00,-1.658293319103764762e+00,-2.947220023501932573e+00,-2.731214604095788978e+00,-2.745765151791368819e+00,-5.296370163221065575e+00
-1.329218733526051910e+00,-5.834732011403701568e-01,-4.195395076195678641e+00,-3.521222254636028115e+00,-3.327385232921062919e+00,-1.658293319103764762e+00,-2.947220023501932573e+00,-2.731214604095788978e+00,-2.745765151791368819e+00,-5.296370163221065575e+00
-1.329218733526051910e+00,-5.834732011403701568e-01,-4.195395076195678641e+00,-3.521222254636028115e+00,-3.327385232921062919e+00,-1.658293319103764762e+00,-2.947220023501932573e+00,-2.731214604095788978e+00,-2.745765151791368819e+00,-5.296370163221065575e+00
-1.329218733526051910e+00,-5.834732011403701568e-01,-4.195395076195678641e+00,-3.521222254636028115e+00,-3.327385232921062919e+00,-1.658293319103764762e+00,-3.226336828181725735e+00,-2.731214604095788978e+00,-2.745765151791368819e+00,-5.296370163221065575e+00
-1.329218733526051910e+00,-5.834732011403701568e-01,-4.195395076195678641e+00,-3.521222254636028115e+00,-3.327385232921062919e+00,-1.658293319103764762e+00,-3.226336828181725735e+00,-2.731214604095788978e+00,-2.745765151791368819e+00,-5.296370163221065575e+00
-1.329218733526051910e+00,-5.834732011403701568e-01,-4.195395076195678641e+00,-3.521222254636028115e+00,-3.327385232921062919e+00,-1.658293319103764762e+00,-3.226336828181725735e+00,-2.731214604095788978e+00,-2.745765151791368819e+00,-5.296370163221065575e+00
-1.329218733526051910e+00,-5.834732011403701568e-01,-4.195395076195678641e+00,-3.521222254636028115e+00,-3.327385232921062919e+00,-1.658293319103764762e+00,-3.226336828181725735e+00,-2.731214604095788978e+00,-2.745765151791368819e+00,-5.296370163221065575e+00
-1.329218733526051910e+00,-5.834732011403701568e-01,-4.195395076195678641e+00,-3.521222254636028115e+00,-3.327385232921062919e+00,-1.658293319103764762e+00,-3.226336828181725735e+00,-2.731214604095788978e+00,-2.745765151791368819e+00,-5.296370163221065575e+00
-1.329218733526051910e+00,-5.834732011403701568e-01,-4.195395076195678641e+00,-3.521222254636028115e+00,-3.327385232921062919e+00,-1.658293319103764762e+00,-3.226336828181725735e+00,-2.731214604095788978e+00,-2.745765151791368819e+00,-5.296370163221065575e+00
-1.329218733526051910e+00,-5.834732011403701568e-01,-4.195395076195678641e+00,-3.521222254636028115e+00,-3.327385232921062919e+00,-1.658293319103764762e+00,-3.226336828181725735e+00,-2.731214604095788978e+00,-2.745765151791368819e+00,-5.296370163221065575e+00
-1.329218733526051910e+00,-5.834732011403701568e-01,-4.195395076195678641e+00,-3.521222254636028115e+00,-3.327385232921062919e+00,-1.658293319103764762e+00,-3.226336828181725735e+00,-2.731214604095788978e+00,-2.745765151791368819e+00,-5.296370163221065575e+00
-1.329218733526051910e+00,-5.834732011403701568e-01,-4.195395076195678641e+00,-3.521222254636028115e+00,-3.327385232921062919e+00,-1.658293319103764762e+00,-3.226336828181725735e+00,-2.731214604095788978e+00,-2.745765151791368819e+00,-5.296370163221065575e+00
-1.329218733526051910e+00,-5.834732011403701568e-01,-4.195395076195678641e+00,-3.521222254636028115e+00,-3.327385232921062919e+00,-1.658293319103764762e+00,-3.226336828181725735e+00,-2.731214604095788978e+00,-2.745765151791368819e+00,-5.296370163221065575e+00
-1.329218733526051910e+00,-5.834732011403701568e-01,-4.195395076195678641e+00,-3.521222254636028115e+00,-3.327385232921062919e+00,-1.658293319103764762e+00,-3.226336828181725735e+00,-2.731214604095788978e+00,-2.745765151791368819e+00,-5.296370163221065575e+00
-1.329218733526051910e+00,-5.834732011403701568e-01,-4.195395076195678641e+00,-3.521222254636028115e+00,-3.327385232921062919e+00,-1.658293319103764762e+00,-3.226336828181725735e+00,-2.731214604095788978e+00,-2.745765151791368819e+00,-5.296370163221065575e+00
