-2.698738687623480903e-01,1.755330972958738744e+00,1.778269589013329099e+00,-1.373279351513916335e+00,1.154072083398578474e+00,-7.953012239390946925e-03,2.103020098236177748e+00,3.761573532075877413e+00,-4.590421625968535979e-01,3.547431208145839232e+00
-2.698738687623480903e-01,1.755330972958738744e+00,-8.834800352522491351e-02,-1.373279351513916335e+00,1.154072083398578474e+00,-1.497660563133260681e-01,1.148726026570404457e+00,2.678161555657497805e-01,-4.590421625968535979e-01,3.547431208145839232e+00
-6.013226191576558355e-01,1.755330972958738744e+00,-8.834800352522491351e-02,-1.373279351513916335e+00,2.754487176398109916e-01,-1.497660563133260681e-01,-3.498068679324717323e-01,2.678161555657497805e-01,-4.590421625968535979e-01,3.547431208145839232e+00
-6.013226191576558355e-01,1.755330972958738744e+00,-4.699524434704458464e-01,-2.068549299184519352e+00,2.754487176398109916e-01,-1.497660563133260681e-01,-3.498068679324717323e-01,2.678161555657497805e-01,-4.590421625968535979e-01,1.162731112040216730e-01
-6.013226191576558355e-01,1.987559492231511238e-01,-6.637901330298918712e-01,-2.068549299184519352e+00,2.754487176398109916e-01,-1.497660563133260681e-01,-3.498068679324717323e-01,2.678161555657497805e-01,-4.590421625968535979e-01,1.162731112040216730e-01
-6.013226191576558355e-01,-1.161196933463305575e-01,-6.637901330298918712e-01,-2.068549299184519352e+00,2.754487176398109916e-01,-1.497660563133260681e-01,-3.498068679324717323e-01,2.678161555657497805e-01,-1.114885233655467989e+00,1.162731112040216730e-01
-2.068944032756477203e+00,-1.161196933463305575e-01,-6.637901330298918712e-01,-2.068549299184519352e+00,2.754487176398109916e-01,-1.497660563133260681e-01,-3.498068679324717323e-01,2.678161555657497805e-01,-1.114885233655467989e+00,1.162731112040216730e-01
-2.068944032756477203e+00,-1.161196933463305575e-01,-6.637901330298918712e-01,-2.068549299184519352e+00,2.754487176398109916e-01,-1.497660563133260681e-01,-3.498068679324717323e-01,2.678161555657497805e-01,-1.114885233655467989e+00,1.162731112040216730e-01
-2.068944032756477203e+00,-7.153052968056436978e-01,-6.637901330298918712e-01,-2.068549299184519352e+00,2.754487176398109916e-01,-3.084861763781785449e-01,-1.867970149115890210e+00,9.720759405890549987e-02,-1.114885233655467989e+00,1.162731112040216730e-01
-2.068944032756477203e+00,-7.153052968056436978e-01,-6.637901330298918712e-01,-2.068549299184519352e+00,2.228360091623218520e-01,-3.084861763781785449e-01,-1.867970149115890210e+00,9.720759405890549987e-02,-1.114885233655467989e+00,-8.452590126102442758e-01
-2.068944032756477203e+00,-7.153052968056436978e-01,-6.637901330298918712e-01,-2.068549299184519352e+00,2.228360091623218520e-01,-6.236219424300895042e-01,-1.867970149115890210e+00,9.720759405890549987e-02,-1.114885233655467989e+00,-8.452590126102442758e-01
-2.068944032756477203e+00,-7.153052968056436978e-01,-6.637901330298918712e-01,-2.068549299184519352e+00,2.228360091623218520e-01,-6.236219424300895042e-01,-1.867970149115890210e+00,9.720759405890549987e-02,-1.114885233655467989e+00,-3.294813307789238088e+00
-2.215380265745181099e+00,-7.153052968056436978e-01,-6.637901330298918712e-01,-2.068549299184519352e+00,2.228360091623218520e-01,-6.236219424300895042e-01,-1.867970149115890210e+00,9.720759405890549987e-02,-1.114885233655467989e+00,-3.730921592764839811e+00
-2.215380265745181099e+00,-7.153052968056436978e-01,-6.637901330298918712e-01,-2.068549299184519352e+00,2.228360091623218520e-01,-6.236219424300895042e-01,-1.867970149115890210e+00,9.720759405890549987e-02,-1.114885233655467989e+00,-3.730921592764839811e+00
-2.215380265745181099e+00,-7.153052968056436978e-01,-6.637901330298918712e-01,-3.203712976690713976e+00,2.228360091623218520e-01,-6.236219424300895042e-01,-1.867970149115890210e+00,9.720759405890549987e-02,-1.114885233655467989e+00,-3.730921592764839811e+00
-2.215380265745181099e+00,-7.153052968056436978e-01,-6.637901330298918712e-01,-3.203712976690713976e+00,-1.104473832839446001e-01,-6.236219424300895042e-01,-1.867970149115890210e+00,9.720759405890549987e-02,-1.114885233655467989e+00,-3.730921592764839811e+00
-2.215380265745181099e+00,-7.153052968056436978e-01,-6.637901330298918712e-01,-3.203712976690713976e+00,-1.104473832839446001e-01,-6.236219424300895042e-01,-1.867970149115890210e+00,9.720759405890549987e-02,-1.114885233655467989e+00,-3.730921592764839811e+00
-2.215380265745181099e+00,-7.153052968056436978e-01,-6.637901330298918712e-01,-3.203712976690713976e+00,-1.104473832839446001e-01,-6.236219424300895042e-01,-1.867970149115890210e+00,9.720759405890549987e-02,-1.114885233655467989e+00,-3.730921592764839811e+00
-2.215380265745181099e+00,-7.153052968056436978e-01,-6.637901330298918712e-01,-3.203712976690713976e+00,-1.358302905717269082e+00,-6.236219424300895042e-01,-1.867970149115890210e+00,9.720759405890549987e-02,-1.114885233655467989e+00,-3.730921592764839811e+00
-2.215380265745181099e+00,-7.153052968056436978e-01,-6.637901330298918712e-01,-3.203712976690713976e+00,-1.358302905717269082e+00,-6.236219424300895042e-01,-1.867970149115890210e+00,9.720759405890549987e-02,-1.114885233655467989e+00,-4.326880344284030677e+00
-2.215380265745181099e+00,-7.153052968056436978e-01,-6.637901330298918712e-01,-3.203712976690713976e+00,-1.358302905717269082e+00,-6.236219424300895042e-01,-1.867970149115890210e+00,-3.668543693760599189e-01,-1.114885233655467989e+00,-4.326880344284030677e+00
-2.215380265745181099e+00,-7.153052968056436978e-01,-6.637901330298918712e-01,-3.203712976690713976e+00,-1.780143068314774091e+00,-6.236219424300895042e-01,-1.867970149115890210e+00,-9.683204214149282452e-01,-1.114885233655467989e+00,-4.326880344284030677e+00
-2.215380265745181099e+00,-7.153052968056436978e-01,-6.637901330298918712e-01,-3.203712976690713976e+00,-1.780143068314774091e+00,-6.236219424300895042e-01,-1.867970149115890210e+00,-9.683204214149282452e-01,-1.114885233655467989e+00,-4.326880344284030677e+00
-4.518488530568324002e+00,-7.153052968056436978e-01,-6.637901330298918712e-01,-3.203712976690713976e+00,-1.780143068314774091e+00,-6.236219424300895042e-01,-1.867970149115890210e+00,-1.304425113870609110e+00,-1.114885233655467989e+00,-4.326880344284030677e+00
-4.518488530568324002e+00,-7.153052968056436978e-01,-6.637901330298918712e-01,-3.203712976690713976e+00,-1.780143068314774091e+00,-6.236219424300895042e-01,-1.867970149115890210e+00,-1.304425113870609110e+00,-1.114885233655467989e+00,-4.326880344284030677e+00
-4.518488530568324002e+00,-7.153052968056436978e-01,-6.637901330298918712e-01,-3.203712976690713976e+00,-1.780143068314774091e+00,-6.236219424300895042e-01,-1.867970149115890210e+00,-1.304425113870609110e+00,-1.114885233655467989e+00,-4.326880344284030677e+00
-4.518488530568324002e+00,-7.153052968056436978e-01,-6.637901330298918712e-01,-3.203712976690713976e+00,-1.780143068314774091e+00,-6.236219424300895042e-01,-1.867970149115890210e+00,-1.304425113870609110e+00,-1.114885233655467989e+00,-4.326880344284030677e+00
-4.518488530568324002e+00,-7.153052968056436978e-01,-6.637901330298918712e-01,-3.203712976690713976e+00,-1.780143068314774091e+00,-6.236219424300895042e-01,-1.867970149115890210e+00,-1.304425113870609110e+00,-1.114885233655467989e+00,-4.326880344284030677e+00
-4.518488530568324002e+00,-7.153052968056436978e-01,-6.637901330298918712e-01,-3.203712976690713976e+00,-1.780143068314774091e+00,-6.236219424300895042e-01,-1.867970149115890210e+00,-1.304425113870609110e+00,-1.114885233655467989e+00,-4.326880344284030677e+00
-4.518488530568324002e+00,-7.153052968056436978e-01,-6.637901330298918712e-01,-3.203712976690713976e+00,-1.780143068314774091e+00,-6.236219424300895042e-01,-1.867970149115890210e+00,-1.304425113870609110e+00,-1.114885233655467989e+00,-4.326880344284030677e+00
-4.518488530568324002e+00,-7.153052968056436978e-01,-6.637901330298918712e-01,-3.203712976690713976e+00,-1.780143068314774091e+00,-6.236219424300895042e-01,-1.867970149115890210e+00,-1.304425113870609110e+00,-1.114885233655467989e+00,-4.326880344284030677e+00
-4.518488530568324002e+00,-7.153052968056436978e-01,-6.637901330298918712e-01,-3.203712976690713976e+00,-1.780143068314774091e+00,-6.236219424300895042e-01,-1.867970149115890210e+00,-1.304425113870609110e+00,-1.114885233655467989e+00,-4.326880344284030677e+00
-4.518488530568324002e+00,-7.153052968056436978e-01,-6.637901330298918712e-01,-3.203712976690713976e+00,-1.780143068314774091e+00,-6.236219424300895042e-01,-1.867970149115890210e+00,-1.304425113870609110e+00,-1.114885233655467989e+00,-4.326880344284030677e+00
-4.518488530568324002e+00,-7.153052968056436978e-01,-6.637901330298918712e-01,-3.203712976690713976e+00,-1.780143068314774091e+00,-6.236219424300895042e-01,-4.323078923496365356e+00,-1.304425113870609110e+00,-1.114885233655467989e+00,-4.326880344284030677e+00
-4.518488530568324002e+00,-7.153052968056436978e-01,-6.637901330298918712e-01,-3.203712976690713976e+00,-1.780143068314774091e+00,-6.236219424300895042e-01,-4.323078923496365356e+00,-1.304425113870609110e+00,-1.114885233655467989e+00,-4.326880344284030677e+00
-4.518488530568324002e+00,-7.153052968056436978e-01,-6.637901330298918712e-01,-3.203712976690713976e+00,-1.780143068314774091e+00,-6.236219424300895042e-01,-4.323078923496365356e+00,-1.304425113870609110e+00,-1.114885233655467989e+00,-4.326880344284030677e+00
-4.518488530568324002e+00,-7.153052968056436978e-01,-6.637901330298918712e-01,-3.203712976690713976e+00,-1.780143068314774091e+00,-6.236219424300895042e-01,-4.323078923496365356e+00,-1.304425113870609110e+00,-1.114885233655467989e+00,-4.326880344284030677e+00
-4.628892241324110479e+00,-7.153052968056436978e-01,-6.637901330298918712e-01,-3.203712976690713976e+00,-1.780143068314774091e+00,-6.236219424300895042e-01,-4.323078923496365356e+00,-1.304425113870609110e+00,-1.114885233655467989e+00,-4.701999851827260102e+00
-4.628892241324110479e+00,-7.153052968056436978e-01,-6.637901330298918712e-01,-3.203712976690713976e+00,-1.780143068314774091e+00,-1.592103306816618380e+00,-4.323078923496365356e+00,-1.304425113870609110e+00,-1.114885233655467989e+00,-4.701999851827260102e+00
-4.628892241324110479e+00,-7.153052968056436978e-01,-6.637901330298918712e-01,-3.203712976690713976e+00,-1.780143068314774091e+00,-1.592103306816618380e+00,-4.323078923496365356e+00,-1.304425113870609110e+00,-1.114885233655467989e+00,-4.701999851827260102e+00
-5.796800278319649280e+00,-7.153052968056436978e-01,-6.637901330298918712e-01,-3.203712976690713976e+00,-1.780143068314774091e+00,-1.592103306816618380e+00,-4.323078923496365356e+00,-1.304425113870609110e+00,-1.114885233655467989e+00,-4.701999851827260102e+00
-5.796800278319649280e+00,-7.153052968056436978e-01,-6.637901330298918712e-01,-3.203712976690713976e+00,-1.780143068314774091e+00,-1.592103306816618380e+00,-4.323078923496365356e+00,-1.304425113870609110e+00,-1.114885233655467989e+00,-4.701999851827260102e+00
-5.796800278319649280e+00,-7.153052968056436978e-01,-6.637901330298918712e-01,-3.203712976690713976e+00,-1.780143068314774091e+00,-1.592103306816618380e+00,-4.323078923496365356e+00,-1.304425113870609110e+00,-1.114885233655467989e+00,-5.008312181577600164e+00
-5.796800278319649280e+00,-7.153052968056436978e-01,-6.637901330298918712e-01,-3.203712976690713976e+00,-1.780143068314774091e+00,-1.592103306816618380e+00,-4.323078923496365356e+00,-1.304425113870609110e+00,-1.114885233655467989e+00,-5.008312181577600164e+00
-5.796800278319649280e+00,-7.153052968056436978e-01,-6.637901330298918712e-01,-3.203712976690713976e+00,-1.780143068314774091e+00,-1.592103306816618380e+00,-4.323078923496365356e+00,-1.304425113870609110e+00,-1.114885233655467989e+00,-5.008312181577600164e+00
-5.796800278319649280e+00,-7.153052968056436978e-01,-6.637901330298918712e-01,-3.203712976690713976e+00,-1.780143068314774091e+00,-1.592103306816618380e+00,-4.323078923496365356e+00,-1.304425113870609110e+00,-1.114885233655467989e+00,-5.008312181577600164e+00
-5.796800278319649280e+00,-7.153052968056436978e-01,-6.637901330298918712e-01,-3.203712976690713976e+00,-1.780143068314774091e+00,-1.592103306816618380e+00,-4.323078923496365356e+00,-1.304425113870609110e+00,-1.114885233655467989e+00,-5.008312181577600164e+00
-5.796800278319649280e+00,-7.153052968056436978e-01,-6.637901330298918712e-01,-3.203712976690713976e+00,-1.780143068314774091e+00,-1.592103306816618380e+00,-4.323078923496365356e+00,-1.304425113870609110e+00,-1.114885233655467989e+00,-5.008312181577600164e+00
-5.796800278319649280e+00,-7.153052968056436978e-01,-6.637901330298918712e-01,-3.203712976690713976e+00,-1.780143068314774091e+00,-1.592103306816618380e+00,-4.323078923496365356e+00,-1.304425113870609110e+00,-1.114885233655467989e+00,-5.008312181577600164e+00
-5.796800278319649280e+00,-1.266224920825871347e+00,-6.637901330298918712e-01,-3.203712976690713976e+00,-1.780143068314774091e+00,-1.592103306816618380e+00,-4.323078923496365356e+00,-1.304425113870609110e+00,-1.114885233655467989e+00,-5.008312181577600164e+00
-5.796800278319649280e+00,-1.266224920825871347e+00,-6.637901330298918712e-01,-3.203712976690713976e+00,-1.780143068314774091e+00,-1.592103306816618380e+00,-4.323078923496365356e+00,-2.713369876937594682e+00,-1.114885233655467989e+00,-5.008312181577600164e+00
-5.796800278319649280e+00,-1.266224920825871347e+00,-6.637901330298918712e-01,-3.203712976690713976e+00,-1.780143068314774091e+00,-1.592103306816618380e+00,-4.323078923496365356e+00,-2.713369876937594682e+00,-1.364553748079821549e+00,-5.008312181577600164e+00
-5.796800278319649280e+00,-1.266224920825871347e+00,-6.637901330298918712e-01,-3.203712976690713976e+00,-1.780143068314774091e+00,-1.592103306816618380e+00,-4.323078923496365356e+00,-2.713369876937594682e+00,-1.364553748079821549e+00,-5.008312181577600164e+00
-5.796800278319649280e+00,-1.266224920825871347e+00,-6.637901330298918712e-01,-3.203712976690713976e+00,-1.780143068314774091e+00,-1.592103306816618380e+00,-4.323078923496365356e+00,-2.713369876937594682e+00,-1.364553748079821549e+00,-5.008312181577600164e+00
-5.796800278319649280e+00,-1.266224920825871347e+00,-6.637901330298918712e-01,-3.203712976690713976e+00,-1.780143068314774091e+00,-1.592103306816618380e+00,-4.323078923496365356e+00,-2.713369876937594682e+00,-1.364553748079821549e+00,-5.008312181577600164e+00
-5.796800278319649280e+00,-1.266224920825871347e+00,-6.637901330298918712e-01,-3.203712976690713976e+00,-1.780143068314774091e+00,-1.592103306816618380e+00,-4.323078923496365356e+00,-2.713369876937594682e+00,-1.364553748079821549e+00,-5.008312181577600164e+00
-5.847358396791928037e+00,-1.266224920825871347e+00,-6.637901330298918712e-01,-3.203712976690713976e+00,-1.780143068314774091e+00,-1.592103306816618380e+00,-4.323078923496365356e+00,-2.713369876937594682e+00,-1.364553748079821549e+00,-5.008312181577600164e+00
-5.847358396791928037e+00,-1.266224920825871347e+00,-6.637901330298918712e-01,-3.203712976690713976e+00,-1.780143068314774091e+00,-1.592103306816618380e+00,-4.323078923496365356e+00,-2.713369876937594682e+00,-1.364553748079821549e+00,-5.008312181577600164e+00
-5.847358396791928037e+00,-1.266224920825871347e+00,-6.873301439566060766e-01,-3.203712976690713976e+00,-1.780143068314774091e+00,-3.104859691171177438e+00,-4.323078923496365356e+00,-2.713369876937594682e+00,-1.364553748079821549e+00,-5.008312181577600164e+00
-5.847358396791928037e+00,-1.266224920825871347e+00,-6.873301439566060766e-01,-3.203712976690713976e+00,-1.780143068314774091e+00,-3.104859691171177438e+00,-4.323078923496365356e+00,-2.713369876937594682e+00,-1.364553748079821549e+00,-5.008312181577600164e+00
-5.847358396791928037e+00,-1.266224920825871347e+00,-6.873301439566060766e-01,-3.203712976690713976e+00,-1.780143068314774091e+00,-3.104859691171177438e+00,-4.323078923496365356e+00,-2.713369876937594682e+00,-1.364553748079821549e+00,-5.008312181577600164e+00
-5.847358396791928037e+00,-1.266224920825871347e+00,-6.873301439566060766e-01,-3.203712976690713976e+00,-1.780143068314774091e+00,-3.104859691171177438e+00,-4.323078923496365356e+00,-2.713369876937594682e+00,-1.364553748079821549e+00,-5.008312181577600164e+00
-5.847358396791928037e+00,-1.266224920825871347e+00,-6.873301439566060766e-01,-3.203712976690713976e+00,-1.780143068314774091e+00,-3.104859691171177438e+00,-4.323078923496365356e+00,-2.713369876937594682e+00,-1.364553748079821549e+00,-5.008312181577600164e+00
-5.847358396791928037e+00,-1.266224920825871347e+00,-6.873301439566060766e-01,-3.917428098269557957e+00,-1.780143068314774091e+00,-3.104859691171177438e+00,-4.323078923496365356e+00,-2.713369876937594682e+00,-1.364553748079821549e+00,-5.008312181577600164e+00
-5.847358396791928037e+00,-1.266224920825871347e+00,-6.873301439566060766e-01,-3.917428098269557957e+00,-1.780143068314774091e+00,-3.104859691171177438e+00,-4.323078923496365356e+00,-2.713369876937594682e+00,-1.364553748079821549e+00,-5.008312181577600164e+00
-5.847358396791928037e+00,-1.266224920825871347e+00,-6.873301439566060766e-01,-3.917428098269557957e+00,-1.780143068314774091e+00,-3.104859691171177438e+00,-4.323078923496365356e+00,-2.713369876937594682e+00,-1.364553748079821549e+00,-5.008312181577600164e+00
-5.847358396791928037e+00,-1.266224920825871347e+00,-6.873301439566060766e-01,-3.917428098269557957e+00,-1.780143068314774091e+00,-3.104859691171177438e+00,-4.323078923496365356e+00,-2.713369876937594682e+00,-1.364553748079821549e+00,-5.008312181577600164e+00
-5.847358396791928037e+00,-1.266224920825871347e+00,-6.873301439566060766e-01,-3.917428098269557957e+00,-1.780143068314774091e+00,-3.104859691171177438e+00,-4.323078923496365356e+00,-2.713369876937594682e+00,-1.364553748079821549e+00,-5.008312181577600164e+00
-5.847358396791928037e+00,-1.266224920825871347e+00,-6.873301439566060766e-01,-3.917428098269557957e+00,-1.780143068314774091e+00,-3.104859691171177438e+00,-4.323078923496365356e+00,-2.713369876937594682e+00,-1.364553748079821549e+00,-5.008312181577600164e+00
-5.847358396791928037e+00,-1.266224920825871347e+00,-6.873301439566060766e-01,-3.917428098269557957e+00,-1.780143068314774091e+00,-3.104859691171177438e+00,-4.323078923496365356e+00,-2.713369876937594682e+00,-1.364553748079821549e+00,-5.008312181577600164e+00
-5.847358396791928037e+00,-1.266224920825871347e+00,-6.873301439566060766e-01,-3.917428098269557957e+00,-1.780143068314774091e+00,-3.104859691171177438e+00,-4.323078923496365356e+00,-2.713369876937594682e+00,-1.364553748079821549e+00,-5.008312181577600164e+00
-6.635710144536242971e+00,-1.266224920825871347e+00,-6.873301439566060766e-01,-3.917428098269557957e+00,-1.780143068314774091e+00,-3.104859691171177438e+00,-4.323078923496365356e+00,-2.713369876937594682e+00,-2.017599749531121756e+00,-5.008312181577600164e+00
-6.635710144536242971e+00,-1.266224920825871347e+00,-6.873301439566060766e-01,-3.917428098269557957e+00,-1.780143068314774091e+00,-3.104859691171177438e+00,-4.323078923496365356e+00,-2.713369876937594682e+00,-2.017599749531121756e+00,-5.008312181577600164e+00
-6.635710144536242971e+00,-1.266224920825871347e+00,-6.873301439566060766e-01,-3.917428098269557957e+00,-1.780143068314774091e+00,-3.104859691171177438e+00,-4.323078923496365356e+00,-2.713369876937594682e+00,-2.017599749531121756e+00,-5.008312181577600164e+00
-6.635710144536242971e+00,-1.266224920825871347e+00,-6.873301439566060766e-01,-3.917428098269557957e+00,-1.780143068314774091e+00,-3.104859691171177438e+00,-4.323078923496365356e+00,-2.713369876937594682e+00,-2.017599749531121756e+00,-5.008312181577600164e+00
-6.635710144536242971e+00,-1.266224920825871347e+00,-6.873301439566060766e-01,-3.917428098269557957e+00,-1.780143068314774091e+00,-3.104859691171177438e+00,-4.323078923496365356e+00,-2.713369876937594682e+00,-2.017599749531121756e+00,-5.008312181577600164e+00
-6.635710144536242971e+00,-1.266224920825871347e+00,-6.873301439566060766e-01,-3.917428098269557957e+00,-1.780143068314774091e+00,-3.104859691171177438e+00,-4.323078923496365356e+00,-2.713369876937594682e+00,-2.017599749531121756e+00,-5.008312181577600164e+00
-6.635710144536242971e+00,-1.266224920825871347e+00,-6.873301439566060766e-01,-3.917428098269557957e+00,-1.780143068314774091e+00,-3.104859691171177438e+00,-4.323078923496365356e+00,-2.713369876937594682e+00,-2.017599749531121756e+00,-5.008312181577600164e+00
-6.635710144536242971e+00,-1.266224920825871347e+00,-6.873301439566060766e-01,-3.917428098269557957e+00,-1.780143068314774091e+00,-3.104859691171177438e+00,-4.323078923496365356e+00,-2.713369876937594682e+00,-2.017599749531121756e+00,-5.008312181577600164e+00
-6.635710144536242971e+00,-1.266224920825871347e+00,-6.873301439566060766e-01,-3.917428098269557957e+00,-1.780143068314774091e+00,-3.104859691171177438e+00,-4.323078923496365356e+00,-2.713369876937594682e+00,-2.017599749531121756e+00,-5.008312181577600164e+00
-6.635710144536242971e+00,-1.266224920825871347e+00,-6.873301439566060766e-01,-3.917428098269557957e+00,-1.780143068314774091e+00,-3.104859691171177438e+00,-4.323078923496365356e+00,-2.713369876937594682e+00,-2.017599749531121756e+00,-5.008312181577600164e+00
-6.635710144536242971e+00,-1.266224920825871347e+00,-6.873301439566060766e-01,-3.917428098269557957e+00,-1.780143068314774091e+00,-3.104859691171177438e+00,-4.323078923496365356e+00,-2.713369876937594682e+00,-2.017599749531121756e+00,-5.008312181577600164e+00
-6.635710144536242971e+00,-1.266224920825871347e+00,-6.873301439566060766e-01,-3.917428098269557957e+00,-1.780143068314774091e+00,-3.104859691171177438e+00,-4.323078923496365356e+00,-2.713369876937594682e+00,-2.017599749531121756e+00,-5.008312181577600164e+00
-6.635710144536242971e+00,-1.266224920825871347e+00,-6.873301439566060766e-01,-3.917428098269557957e+00,-1.780143068314774091e+00,-3.104859691171177438e+00,-4.323078923496365356e+00,-2.713369876937594682e+00,-2.017599749531121756e+00,-5.688922062166631655e+00
-6.635710144536242971e+00,-1.266224920825871347e+00,-6.873301439566060766e-01,-3.917428098269557957e+00,-1.780143068314774091e+00,-3.104859691171177438e+00,-4.323078923496365356e+00,-2.713369876937594682e+00,-2.017599749531121756e+00,-5.688922062166631655e+00
-6.635710144536242971e+00,-1.266224920825871347e+00,-6.873301439566060766e-01,-3.917428098269557957e+00,-1.780143068314774091e+00,-3.104859691171177438e+00,-4.323078923496365356e+00,-2.713369876937594682e+00,-2.017599749531121756e+00,-5.688922062166631655e+00
-6.635710144536242971e+00,-1.266224920825871347e+00,-6.873301439566060766e-01,-3.917428098269557957e+00,-1.780143068314774091e+00,-3.104859691171177438e+00,-4.323078923496365356e+00,-2.713369876937594682e+00,-2.017599749531121756e+00,-5.688922062166631655e+00
-6.635710144536242971e+00,-1.266224920825871347e+00,-6.873301439566060766e-01,-3.917428098269557957e+00,-1.780143068314774091e+00,-3.104859691171177438e+00,-4.323078923496365356e+00,-2.713369876937594682e+00,-2.070177091288375237e+00,-5.688922062166631655e+00
-6.635710144536242971e+00,-1.266224920825871347e+00,-6.873301439566060766e-01,-3.917428098269557957e+00,-1.780143068314774091e+00,-3.104859691171177438e+00,-4.323078923496365356e+00,-2.713369876937594682e+00,-2.070177091288375237e+00,-5.688922062166631655e+00
-6.635710144536242971e+00,-1.266224920825871347e+00,-6.873301439566060766e-01,-3.917428098269557957e+00,-1.780143068314774091e+00,-3.104859691171177438e+00,-4.323078923496365356e+00,-2.713369876937594682e+00,-2.070177091288375237e+00,-5.688922062166631655e+00
-6.635710144536242971e+00,-1.266224920825871347e+00,-6.873301439566060766e-01,-3.917428098269557957e+00,-1.780143068314774091e+00,-3.104859691171177438e+00,-4.323078923496365356e+00,-2.713369876937594682e+00,-2.070177091288375237e+00,-5.688922062166631655e+00
-6.635710144536242971e+00,-1.266224920825871347e+00,-6.873301439566060766e-01,-3.917428098269557957e+00,-1.780143068314774091e+00,-3.104859691171177438e+00,-4.323078923496365356e+00,-2.713369876937594682e+00,-2.070177091288375237e+00,-5.688922062166631655e+00
-6.635710144536242971e+00,-1.266224920825871347e+00,-6.873301439566060766e-01,-3.917428098269557957e+00,-1.780143068314774091e+00,-3.104859691171177438e+00,-4.323078923496365356e+00,-2.713369876937594682e+00,-2.070177091288375237e+00,-5.688922062166631655e+00
-6.635710144536242971e+00,-1.266224920825871347e+00,-6.873301439566060766e-01,-3.917428098269557957e+00,-1.780143068314774091e+00,-3.104859691171177438e+00,-4.323078923496365356e+00,-3.040449213374258441e+00,-2.070177091288375237e+00,-5.688922062166631655e+00
-6.635710144536242971e+00,-1.266224920825871347e+00,-6.873301439566060766e-01,-3.917428098269557957e+00,-1.780143068314774091e+00,-3.104859691171177438e+00,-4.323078923496365356e+00,-3.040449213374258441e+00,-2.070177091288375237e+00,-5.688922062166631655e+00
-6.635710144536242971e+00,-1.266224920825871347e+00,-6.873301439566060766e-01,-3.917428098269557957e+00,-1.780143068314774091e+00,-3.104859691171177438e+00,-4.323078923496365356e+00,-3.040449213374258441e+00,-2.070177091288375237e+00,-5.688922062166631655e+00
-6.635710144536242971e+00,-1.266224920825871347e+00,-6.873301439566060766e-01,-3.917428098269557957e+00,-1.780143068314774091e+00,-3.104859691171177438e+00,-4.323078923496365356e+00,-3.040449213374258441e+00,-2.070177091288375237e+00,-5.688922062166631655e+00
-6.635710144536242971e+00,-1.266224920825871347e+00,-6.873301439566060766e-01,-3.917428098269557957e+00,-1.780143068314774091e+00,-3.104859691171177438e+00,-4.323078923496365356e+00,-3.040449213374258441e+00,-2.070177091288375237e+00,-5.688922062166631655e+00
-6.635710144536242971e+00,-1.266224920825871347e+00,-6.873301439566060766e-01,-3.917428098269557957e+00,-1.780143068314774091e+00,-3.104859691171177438e+00,-4.323078923496365356e+00,-3.040449213374258441e+00,-2.070177091288375237e+00,-5.688922062166631655e+00
-6.635710144536242971e+00,-1.266224920825871347e+00,-6.873301439566060766e-01,-3.917428098269557957e+00,-1.780143068314774091e+00,-3.104859691171177438e+00,-4.323078923496365356e+00,-3.040449213374258441e+00,-2.070177091288375237e+00,-5.688922062166631655e+00
-6.635710144536242971e+00,-1.266224920825871347e+00,-6.873301439566060766e-01,-3.917428098269557957e+00,-1.780143068314774091e+00,-3.104859691171177438e+00,-4.323078923496365356e+00,-3.040449213374258441e+00,-2.070177091288375237e+00,-5.688922062166631655e+00
-6.635710144536242971e+00,-1.266224920825871347e+00,-6.873301439566060766e-01,-3.917428098269557957e+00,-1.780143068314774091e+00,-3.104859691171177438e+00,-4.323078923496365356e+00,-3.040449213374258441e+00,-2.070177091288375237e+00,-5.688922062166631655e+00
-6.635710144536242971e+00,-1.266224920825871347e+00,-6.873301439566060766e-01,-3.917428098269557957e+00,-1.780143068314774091e+00,-3.104859691171177438e+00,-4.323078923496365356e+00,-3.040449213374258441e+00,-2.070177091288375237e+00,-5.688922062166631655e+00
-6.635710144536242971e+00,-1.266224920825871347e+00,-6.873301439566060766e-01,-3.917428098269557957e+00,-1.780143068314774091e+00,-3.104859691171177438e+00,-4.323078923496365356e+00,-3.040449213374258441e+00,-2.070177091288375237e+00,-5.688922062166631655e+00
-6.635710144536242971e+00,-1.266224920825871347e+00,-6.873301439566060766e-01,-3.917428098269557957e+00,-1.780143068314774091e+00,-3.104859691171177438e+00,-4.323078923496365356e+00,-3.040449213374258441e+00,-2.070177091288375237e+00,-5.688922062166631655e+00
-6.635710144536242971e+00,-1.266224920825871347e+00,-6.873301439566060766e-01,-3.917428098269557957e+00,-1.780143068314774091e+00,-3.104859691171177438e+00,-4.323078923496365356e+00,-3.040449213374258441e+00,-2.070177091288375237e+00,-5.688922062166631655e+00
-6.635710144536242971e+00,-1.266224920825871347e+00,-6.873301439566060766e-01,-4.774406559462971877e+00,-1.780143068314774091e+00,-3.104859691171177438e+00,-4.323078923496365356e+00,-3.040449213374258441e+00,-2.070177091288375237e+00,-5.688922062166631655e+00
-6.635710144536242971e+00,-1.266224920825871347e+00,-6.873301439566060766e-01,-4.774406559462971877e+00,-1.780143068314774091e+00,-3.104859691171177438e+00,-4.323078923496365356e+00,-3.040449213374258441e+00,-2.070177091288375237e+00,-5.688922062166631655e+00
-6.635710144536242971e+00,-1.266224920825871347e+00,-6.873301439566060766e-01,-4.774406559462971877e+00,-1.780143068314774091e+00,-3.104859691171177438e+00,-4.323078923496365356e+00,-3.040449213374258441e+00,-2.070177091288375237e+00,-5.688922062166631655e+00
-6.635710144536242971e+00,-1.266224920825871347e+00,-6.873301439566060766e-01,-4.774406559462971877e+00,-1.780143068314774091e+00,-3.104859691171177438e+00,-4.323078923496365356e+00,-3.040449213374258441e+00,-2.070177091288375237e+00,-5.688922062166631655e+00
-6.635710144536242971e+00,-1.266224920825871347e+00,-6.873301439566060766e-01,-4.774406559462971877e+00,-1.780143068314774091e+00,-3.104859691171177438e+00,-4.323078923496365356e+00,-3.040449213374258441e+00,-2.070177091288375237e+00,-5.688922062166631655e+00
-6.635710144536242971e+00,-1.266224920825871347e+00,-6.873301439566060766e-01,-4.774406559462971877e+00,-1.780143068314774091e+00,-3.104859691171177438e+00,-4.323078923496365356e+00,-3.040449213374258441e+00,-2.070177091288375237e+00,-5.688922062166631655e+00
-6.635710144536242971e+00,-1.266224920825871347e+00,-6.873301439566060766e-01,-4.774406559462971877e+00,-1.780143068314774091e+00,-3.104859691171177438e+00,-4.323078923496365356e+00,-3.040449213374258441e+00,-2.070177091288375237e+00,-5.688922062166631655e+00
-6.635710144536242971e+00,-1.266224920825871347e+00,-6.873301439566060766e-01,-4.774406559462971877e+00,-1.780143068314774091e+00,-3.104859691171177438e+00,-4.323078923496365356e+00,-3.040449213374258441e+00,-2.070177091288375237e+00,-5.688922062166631655e+00
-6.635710144536242971e+00,-1.266224920825871347e+00,-6.873301439566060766e-01,-4.774406559462971877e+00,-1.780143068314774091e+00,-3.104859691171177438e+00,-4.323078923496365356e+00,-3.040449213374258441e+00,-2.070177091288375237e+00,-5.688922062166631655e+00
-6.635710144536242971e+00,-1.266224920825871347e+00,-6.873301439566060766e-01,-4.774406559462971877e+00,-1.780143068314774091e+00,-3.104859691171177438e+00,-4.323078923496365356e+00,-3.040449213374258441e+00,-2.070177091288375237e+00,-5.688922062166631655e+00
-6.635710144536242971e+00,-1.266224920825871347e+00,-6.873301439566060766e-01,-4.774406559462971877e+00,-1.780143068314774091e+00,-3.104859691171177438e+00,-4.323078923496365356e+00,-3.254882136030222473e+00,-2.070177091288375237e+00,-5.688922062166631655e+00
-6.635710144536242971e+00,-1.847390688619419796e+00,-6.873301439566060766e-01,-4.774406559462971877e+00,-1.780143068314774091e+00,-3.104859691171177438e+00,-4.323078923496365356e+00,-3.254882136030222473e+00,-2.070177091288375237e+00,-5.688922062166631655e+00
-6.635710144536242971e+00,-1.847390688619419796e+00,-6.873301439566060766e-01,-4.774406559462971877e+00,-1.780143068314774091e+00,-3.104859691171177438e+00,-4.323078923496365356e+00,-3.254882136030222473e+00,-2.070177091288375237e+00,-5.688922062166631655e+00
-6.635710144536242971e+00,-1.847390688619419796e+00,-6.873301439566060766e-01,-4.774406559462971877e+00,-1.780143068314774091e+00,-3.104859691171177438e+00,-4.323078923496365356e+00,-3.254882136030222473e+00,-2.070177091288375237e+00,-5.688922062166631655e+00
-6.635710144536242971e+00,-1.847390688619419796e+00,-6.873301439566060766e-01,-4.774406559462971877e+00,-1.780143068314774091e+00,-3.104859691171177438e+00,-4.323078923496365356e+00,-3.254882136030222473e+00,-2.070177091288375237e+00,-5.688922062166631655e+00
-6.635710144536242971e+00,-1.847390688619419796e+00,-6.873301439566060766e-01,-4.774406559462971877e+00,-1.780143068314774091e+00,-3.104859691171177438e+00,-4.323078923496365356e+00,-3.254882136030222473e+00,-2.070177091288375237e+00,-5.688922062166631655e+00
-6.635710144536242971e+00,-1.847390688619419796e+00,-6.873301439566060766e-01,-4.774406559462971877e+00,-1.780143068314774091e+00,-3.104859691171177438e+00,-4.323078923496365356e+00,-3.254882136030222473e+00,-2.070177091288375237e+00,-5.688922062166631655e+00
-6.635710144536242971e+00,-1.847390688619419796e+00,-6.873301439566060766e-01,-4.774406559462971877e+00,-1.780143068314774091e+00,-3.104859691171177438e+00,-4.323078923496365356e+00,-3.254882136030222473e+00,-2.070177091288375237e+00,-5.688922062166631655e+00
-6.635710144536242971e+00,-1.847390688619419796e+00,-6.873301439566060766e-01,-4.774406559462971877e+00,-1.780143068314774091e+00,-3.104859691171177438e+00,-4.323078923496365356e+00,-3.254882136030222473e+00,-2.070177091288375237e+00,-5.688922062166631655e+00
-6.635710144536242971e+00,-1.847390688619419796e+00,-6.873301439566060766e-01,-4.774406559462971877e+00,-1.780143068314774091e+00,-3.104859691171177438e+00,-4.323078923496365356e+00,-3.254882136030222473e+00,-2.070177091288375237e+00,-5.688922062166631655e+00
-6.635710144536242971e+00,-1.847390688619419796e+00,-6.873301439566060766e-01,-4.774406559462971877e+00,-1.780143068314774091e+00,-3.104859691171177438e+00,-4.323078923496365356e+00,-3.254882136030222473e+00,-2.070177091288375237e+00,-5.688922062166631655e+00
-6.635710144536242971e+00,-1.847390688619419796e+00,-6.873301439566060766e-01,-4.774406559462971877e+00,-1.780143068314774091e+00,-3.104859691171177438e+00,-4.323078923496365356e+00,-3.975591563701257769e+00,-2.070177091288375237e+00,-5.688922062166631655e+00
-6.635710144536242971e+00,-1.847390688619419796e+00,-6.873301439566060766e-01,-4.774406559462971877e+00,-1.780143068314774091e+00,-3.104859691171177438e+00,-4.323078923496365356e+00,-3.975591563701257769e+00,-2.070177091288375237e+00,-5.688922062166631655e+00
-6.635710144536242971e+00,-1.847390688619419796e+00,-6.873301439566060766e-01,-4.774406559462971877e+00,-1.780143068314774091e+00,-3.104859691171177438e+00,-4.323078923496365356e+00,-3.975591563701257769e+00,-2.070177091288375237e+00,-5.688922062166631655e+00
-6.635710144536242971e+00,-1.847390688619419796e+00,-6.873301439566060766e-01,-4.774406559462971877e+00,-1.780143068314774091e+00,-3.104859691171177438e+00,-4.323078923496365356e+00,-4.295034239797696607e+00,-2.070177091288375237e+00,-5.688922062166631655e+00
-6.635710144536242971e+00,-1.847390688619419796e+00,-6.873301439566060766e-01,-4.774406559462971877e+00,-1.780143068314774091e+00,-3.104859691171177438e+00,-4.323078923496365356e+00,-4.295034239797696607e+00,-2.070177091288375237e+00,-5.688922062166631655e+00
-6.635710144536242971e+00,-1.847390688619419796e+00,-6.873301439566060766e-01,-4.774406559462971877e+00,-1.780143068314774091e+00,-3.104859691171177438e+00,-4.323078923496365356e+00,-4.295034239797696607e+00,-2.070177091288375237e+00,-5.688922062166631655e+00
-6.635710144536242971e+00,-1.847390688619419796e+00,-6.873301439566060766e-01,-4.774406559462971877e+00,-1.780143068314774091e+00,-3.104859691171177438e+00,-4.323078923496365356e+00,-4.295034239797696607e+00,-2.070177091288375237e+00,-5.688922062166631655e+00
-6.635710144536242971e+00,-1.847390688619419796e+00,-6.873301439566060766e-01,-4.774406559462971877e+00,-1.780143068314774091e+00,-3.104859691171177438e+00,-4.323078923496365356e+00,-4.295034239797696607e+00,-2.070177091288375237e+00,-5.688922062166631655e+00
-6.635710144536242971e+00,-1.847390688619419796e+00,-6.873301439566060766e-01,-4.774406559462971877e+00,-1.780143068314774091e+00,-3.104859691171177438e+00,-4.323078923496365356e+00,-4.295034239797696607e+00,-2.070177091288375237e+00,-5.688922062166631655e+00
-6.635710144536242971e+00,-1.847390688619419796e+00,-6.873301439566060766e-01,-4.774406559462971877e+00,-1.780143068314774091e+00,-3.104859691171177438e+00,-4.323078923496365356e+00,-4.295034239797696607e+00,-2.070177091288375237e+00,-5.688922062166631655e+00
-6.635710144536242971e+00,-1.847390688619419796e+00,-6.873301439566060766e-01,-4.774406559462971877e+00,-1.780143068314774091e+00,-3.104859691171177438e+00,-4.323078923496365356e+00,-4.295034239797696607e+00,-2.070177091288375237e+00,-5.688922062166631655e+00
-6.635710144536242971e+00,-1.847390688619419796e+00,-6.873301439566060766e-01,-4.774406559462971877e+00,-1.780143068314774091e+00,-3.104859691171177438e+00,-4.323078923496365356e+00,-4.295034239797696607e+00,-2.070177091288375237e+00,-5.688922062166631655e+00
-6.635710144536242971e+00,-1.847390688619419796e+00,-7.728229033430095152e-01,-4.774406559462971877e+00,-1.780143068314774091e+00,-3.104859691171177438e+00,-4.323078923496365356e+00,-4.295034239797696607e+00,-2.070177091288375237e+00,-5.688922062166631655e+00
-6.635710144536242971e+00,-1.847390688619419796e+00,-7.728229033430095152e-01,-4.774406559462971877e+00,-1.780143068314774091e+00,-3.104859691171177438e+00,-4.323078923496365356e+00,-4.295034239797696607e+00,-2.070177091288375237e+00,-5.688922062166631655e+00
-6.635710144536242971e+00,-1.847390688619419796e+00,-7.728229033430095152e-01,-4.774406559462971877e+00,-1.780143068314774091e+00,-3.104859691171177438e+00,-4.323078923496365356e+00,-4.295034239797696607e+00,-2.070177091288375237e+00,-5.688922062166631655e+00
-6.635710144536242971e+00,-1.847390688619419796e+00,-1.635789560308497537e+00,-4.774406559462971877e+00,-1.780143068314774091e+00,-3.104859691171177438e+00,-4.323078923496365356e+00,-4.295034239797696607e+00,-2.070177091288375237e+00,-5.688922062166631655e+00
-6.635710144536242971e+00,-1.847390688619419796e+00,-1.635789560308497537e+00,-4.774406559462971877e+00,-1.780143068314774091e+00,-3.104859691171177438e+00,-4.323078923496365356e+00,-4.295034239797696607e+00,-2.070177091288375237e+00,-5.688922062166631655e+00
-6.635710144536242971e+00,-1.847390688619419796e+00,-1.635789560308497537e+00,-4.774406559462971877e+00,-1.780143068314774091e+00,-3.104859691171177438e+00,-4.323078923496365356e+00,-4.295034239797696607e+00,-2.070177091288375237e+00,-5.688922062166631655e+00
-6.635710144536242971e+00,-1.847390688619419796e+00,-1.635789560308497537e+00,-4.774406559462971877e+00,-2.759673321274061841e+00,-3.104859691171177438e+00,-4.323078923496365356e+00,-4.295034239797696607e+00,-2.070177091288375237e+00,-5.688922062166631655e+00
-6.635710144536242971e+00,-1.847390688619419796e+00,-1.635789560308497537e+00,-4.774406559462971877e+00,-2.759673321274061841e+00,-3.104859691171177438e+00,-4.323078923496365356e+00,-4.295034239797696607e+00,-2.070177091288375237e+00,-5.688922062166631655e+00
-6.635710144536242971e+00,-1.847390688619419796e+00,-1.635789560308497537e+00,-4.774406559462971877e+00,-2.759673321274061841e+00,-3.104859691171177438e+00,-4.323078923496365356e+00,-4.295034239797696607e+00,-2.070177091288375237e+00,-5.688922062166631655e+00
-6.635710144536242971e+00,-1.847390688619419796e+00,-1.635789560308497537e+00,-4.774406559462971877e+00,-2.759673321274061841e+00,-3.104859691171177438e+00,-4.323078923496365356e+00,-4.295034239797696607e+00,-2.070177091288375237e+00,-5.688922062166631655e+00
-6.635710144536242971e+00,-1.847390688619419796e+00,-1.681663933163096925e+00,-4.774406559462971877e+00,-2.759673321274061841e+00,-3.104859691171177438e+00,-4.323078923496365356e+00,-4.295034239797696607e+00,-2.070177091288375237e+00,-5.688922062166631655e+00
-6.635710144536242971e+00,-1.847390688619419796e+00,-1.681663933163096925e+00,-4.774406559462971877e+00,-2.759673321274061841e+00,-3.104859691171177438e+00,-4.323078923496365356e+00,-4.295034239797696607e+00,-2.070177091288375237e+00,-5.688922062166631655e+00
