1.324502526158408688e-01,5.838772392652130883e+00,6.621198149939953037e-01,2.707092683479122908e+00,9.473168917252230425e-01,4.053648173215262496e+00,2.645310190097938552e+00,2.511477262719115089e+00,-1.377867779263734827e+00,-1.140082643081935521e+00
-8.905270889308362081e-01,5.838772392652130883e+00,-4.773089165697341762e-01,2.707092683479122908e+00,-7.405719547618505594e-01,3.807126171465351483e+00,1.764245926320016755e+00,2.505891324831444500e+00,-1.377867779263734827e+00,-1.140082643081935521e+00
-8.905270889308362081e-01,5.838772392652130883e+00,-4.773089165697341762e-01,2.707092683479122908e+00,-7.405719547618505594e-01,2.399058220572075406e+00,6.452526768423726654e-03,2.505891324831444500e+00,-1.377867779263734827e+00,-1.140082643081935521e+00
-8.905270889308362081e-01,5.838772392652130883e+00,-1.160401731629983724e+00,2.277286894308313325e+00,-8.048367056929328633e-01,2.399058220572075406e+00,-1.327575841745021190e+00,1.023404324732705817e+00,-1.377867779263734827e+00,-1.140082643081935521e+00
-8.905270889308362081e-01,5.838772392652130883e+00,-3.007515739596189341e+00,1.909835530102920398e+00,-8.048367056929328633e-01,2.399058220572075406e+00,-1.327575841745021190e+00,4.655362758658854738e-01,-1.377867779263734827e+00,-1.140082643081935521e+00
-8.905270889308362081e-01,5.838772392652130883e+00,-3.007515739596189341e+00,1.909835530102920398e+00,-8.048367056929328633e-01,2.399058220572075406e+00,-1.327575841745021190e+00,4.655362758658854738e-01,-1.377867779263734827e+00,-1.140082643081935521e+00
-8.905270889308362081e-01,5.838772392652130883e+00,-3.176183920864576127e+00,1.909835530102920398e+00,-8.072613265955030926e-01,2.399058220572075406e+00,-1.327575841745021190e+00,4.655362758658854738e-01,-1.377867779263734827e+00,-1.140082643081935521e+00
-1.001706652099966455e+00,5.838772392652130883e+00,-3.176183920864576127e+00,1.909835530102920398e+00,-8.072613265955030926e-01,-1.845142480135800733e-01,-1.327575841745021190e+00,4.655362758658854738e-01,-1.377867779263734827e+00,-1.434876771937665163e+00
-1.207972616518222297e+00,3.189770942426576994e+00,-3.176183920864576127e+00,1.909835530102920398e+00,-8.072613265955030926e-01,-1.845142480135800733e-01,-1.327575841745021190e+00,1.373959278706692044e-02,-1.377867779263734827e+00,-1.434876771937665163e+00
-1.207972616518222297e+00,1.246322174580680509e+00,-3.176183920864576127e+00,1.909835530102920398e+00,-8.072613265955030926e-01,-1.845142480135800733e-01,-1.327575841745021190e+00,1.373959278706692044e-02,-1.377867779263734827e+00,-1.434876771937665163e+00
-1.906648203049387647e+00,-1.524250857632214240e+00,-3.176183920864576127e+00,1.434823662861483662e+00,-8.072613265955030926e-01,-1.845142480135800733e-01,-1.327575841745021190e+00,1.373959278706692044e-02,-1.377867779263734827e+00,-1.434876771937665163e+00
-1.906648203049387647e+00,-1.524250857632214240e+00,-3.176183920864576127e+00,-3.984244183686600493e-01,-8.072613265955030926e-01,-1.845142480135800733e-01,-1.327575841745021190e+00,1.373959278706692044e-02,-1.377867779263734827e+00,-1.434876771937665163e+00
-1.906648203049387647e+00,-3.135590163780483497e+00,-3.176183920864576127e+00,-3.984244183686600493e-01,-8.072613265955030926e-01,-1.845142480135800733e-01,-1.327575841745021190e+00,1.373959278706692044e-02,-1.377867779263734827e+00,-1.434876771937665163e+00
-1.906648203049387647e+00,-3.135590163780483497e+00,-3.176183920864576127e+00,-3.984244183686600493e-01,-8.072613265955030926e-01,-1.845142480135800733e-01,-1.327575841745021190e+00,1.373959278706692044e-02,-1.377867779263734827e+00,-1.434876771937665163e+00
-1.906648203049387647e+00,-3.135590163780483497e+00,-3.261788593437521921e+00,-3.984244183686600493e-01,-8.072613265955030926e-01,-1.845142480135800733e-01,-1.327575841745021190e+00,1.373959278706692044e-02,-1.377867779263734827e+00,-1.434876771937665163e+00
-1.906648203049387647e+00,-3.135590163780483497e+00,-3.261788593437521921e+00,-3.984244183686600493e-01,-8.072613265955030926e-01,-1.845142480135800733e-01,-1.327575841745021190e+00,1.373959278706692044e-02,-1.377867779263734827e+00,-1.434876771937665163e+00
-1.906648203049387647e+00,-3.135590163780483497e+00,-3.261788593437521921e+00,-3.984244183686600493e-01,-1.892975528672137697e+00,-1.845142480135800733e-01,-1.327575841745021190e+00,1.373959278706692044e-02,-1.377867779263734827e+00,-1.434876771937665163e+00
-1.938670538786281483e+00,-3.135590163780483497e+00,-3.261788593437521921e+00,-3.984244183686600493e-01,-1.892975528672137697e+00,-1.845142480135800733e-01,-1.327575841745021190e+00,1.373959278706692044e-02,-1.377867779263734827e+00,-1.434876771937665163e+00
-1.938670538786281483e+00,-3.135590163780483497e+00,-3.261788593437521921e+00,-3.984244183686600493e-01,-1.892975528672137697e+00,-1.845142480135800733e-01,-1.327575841745021190e+00,1.373959278706692044e-02,-1.377867779263734827e+00,-1.434876771937665163e+00
-1.938670538786281483e+00,-3.135590163780483497e+00,-3.261788593437521921e+00,-3.984244183686600493e-01,-1.892975528672137697e+00,-1.845142480135800733e-01,-1.327575841745021190e+00,1.373959278706692044e-02,-1.377867779263734827e+00,-1.434876771937665163e+00
-1.938670538786281483e+00,-3.135590163780483497e+00,-3.261788593437521921e+00,-3.984244183686600493e-01,-1.892975528672137697e+00,-1.845142480135800733e-01,-1.327575841745021190e+00,1.373959278706692044e-02,-1.377867779263734827e+00,-1.434876771937665163e+00
-1.938670538786281483e+00,-3.135590163780483497e+00,-3.261788593437521921e+00,-3.984244183686600493e-01,-1.892975528672137697e+00,-1.845142480135800733e-01,-1.327575841745021190e+00,1.373959278706692044e-02,-1.377867779263734827e+00,-1.434876771937665163e+00
-2.308650132225111840e+00,-3.135590163780483497e+00,-3.261788593437521921e+00,-3.984244183686600493e-01,-1.892975528672137697e+00,-1.845142480135800733e-01,-1.327575841745021190e+00,1.373959278706692044e-02,-1.377867779263734827e+00,-1.434876771937665163e+00
-2.308650132225111840e+00,-3.135590163780483497e+00,-3.261788593437521921e+00,-3.984244183686600493e-01,-1.892975528672137697e+00,-1.845142480135800733e-01,-1.327575841745021190e+00,-3.679021693030627427e-01,-2.108848571294497543e+00,-1.434876771937665163e+00
-2.308650132225111840e+00,-3.135590163780483497e+00,-3.261788593437521921e+00,-3.984244183686600493e-01,-1.892975528672137697e+00,-1.845142480135800733e-01,-1.327575841745021190e+00,-8.683917323658231213e-01,-2.108848571294497543e+00,-1.434876771937665163e+00
-2.308650132225111840e+00,-3.135590163780483497e+00,-3.261788593437521921e+00,-3.984244183686600493e-01,-1.892975528672137697e+00,-1.845142480135800733e-01,-1.327575841745021190e+00,-8.683917323658231213e-01,-2.108848571294497543e+00,-1.434876771937665163e+00
-2.308650132225111840e+00,-3.135590163780483497e+00,-3.261788593437521921e+00,-3.984244183686600493e-01,-1.892975528672137697e+00,-1.845142480135800733e-01,-1.327575841745021190e+00,-8.683917323658231213e-01,-2.108848571294497543e+00,-1.434876771937665163e+00
-2.308650132225111840e+00,-3.135590163780483497e+00,-3.261788593437521921e+00,-3.984244183686600493e-01,-1.892975528672137697e+00,-1.845142480135800733e-01,-1.832989489347169654e+00,-8.683917323658231213e-01,-2.573974813140540441e+00,-1.434876771937665163e+00
-2.308650132225111840e+00,-3.135590163780483497e+00,-3.261788593437521921e+00,-3.984244183686600493e-01,-1.892975528672137697e+00,-1.845142480135800733e-01,-1.832989489347169654e+00,-8.683917323658231213e-01,-2.573974813140540441e+00,-1.434876771937665163e+00
-2.308650132225111840e+00,-3.135590163780483497e+00,-3.261788593437521921e+00,-3.984244183686600493e-01,-1.892975528672137697e+00,-1.845142480135800733e-01,-1.832989489347169654e+00,-8.683917323658231213e-01,-2.573974813140540441e+00,-1.434876771937665163e+00
-2.308650132225111840e+00,-3.135590163780483497e+00,-3.261788593437521921e+00,-3.984244183686600493e-01,-1.892975528672137697e+00,-1.845142480135800733e-01,-1.832989489347169654e+00,-8.683917323658231213e-01,-2.573974813140540441e+00,-1.434876771937665163e+00
-2.308650132225111840e+00,-3.135590163780483497e+00,-3.261788593437521921e+00,-3.984244183686600493e-01,-1.892975528672137697e+00,-1.845142480135800733e-01,-1.832989489347169654e+00,-1.267242963731398442e+00,-2.573974813140540441e+00,-1.434876771937665163e+00
-2.308650132225111840e+00,-3.135590163780483497e+00,-3.261788593437521921e+00,-3.984244183686600493e-01,-1.892975528672137697e+00,-1.845142480135800733e-01,-1.832989489347169654e+00,-2.413497227589827876e+00,-2.573974813140540441e+00,-1.434876771937665163e+00
-2.308650132225111840e+00,-3.135590163780483497e+00,-3.261788593437521921e+00,-3.984244183686600493e-01,-1.892975528672137697e+00,-1.845142480135800733e-01,-1.832989489347169654e+00,-2.413497227589827876e+00,-2.573974813140540441e+00,-1.434876771937665163e+00
-2.308650132225111840e+00,-3.135590163780483497e+00,-3.927512561325758877e+00,-3.984244183686600493e-01,-1.892975528672137697e+00,-1.845142480135800733e-01,-1.832989489347169654e+00,-2.413497227589827876e+00,-2.573974813140540441e+00,-1.434876771937665163e+00
-2.308650132225111840e+00,-3.135590163780483497e+00,-3.927512561325758877e+00,-3.984244183686600493e-01,-1.892975528672137697e+00,-1.845142480135800733e-01,-1.832989489347169654e+00,-2.413497227589827876e+00,-2.573974813140540441e+00,-1.434876771937665163e+00
-2.308650132225111840e+00,-3.135590163780483497e+00,-3.927512561325758877e+00,-9.436962830777567701e-01,-1.892975528672137697e+00,-1.845142480135800733e-01,-1.832989489347169654e+00,-2.618956267922705639e+00,-3.663988472701542598e+00,-1.434876771937665163e+00
-2.308650132225111840e+00,-3.135590163780483497e+00,-3.927512561325758877e+00,-9.436962830777567701e-01,-1.892975528672137697e+00,-1.845142480135800733e-01,-1.832989489347169654e+00,-2.618956267922705639e+00,-3.663988472701542598e+00,-1.434876771937665163e+00
-2.308650132225111840e+00,-3.135590163780483497e+00,-3.927512561325758877e+00,-9.436962830777567701e-01,-1.892975528672137697e+00,-1.845142480135800733e-01,-1.832989489347169654e+00,-2.618956267922705639e+00,-3.663988472701542598e+00,-1.434876771937665163e+00
-2.308650132225111840e+00,-3.135590163780483497e+00,-3.927512561325758877e+00,-9.436962830777567701e-01,-1.892975528672137697e+00,-1.845142480135800733e-01,-1.832989489347169654e+00,-2.618956267922705639e+00,-3.663988472701542598e+00,-1.434876771937665163e+00
-2.308650132225111840e+00,-4.364969408110773941e+00,-3.927512561325758877e+00,-9.436962830777567701e-01,-1.892975528672137697e+00,-1.845142480135800733e-01,-1.832989489347169654e+00,-2.618956267922705639e+00,-3.663988472701542598e+00,-1.434876771937665163e+00
-2.308650132225111840e+00,-4.364969408110773941e+00,-3.927512561325758877e+00,-9.436962830777567701e-01,-1.892975528672137697e+00,-1.845142480135800733e-01,-1.832989489347169654e+00,-2.618956267922705639e+00,-3.663988472701542598e+00,-1.434876771937665163e+00
-2.308650132225111840e+00,-4.364969408110773941e+00,-3.927512561325758877e+00,-3.145647519243754076e+00,-1.892975528672137697e+00,-1.845142480135800733e-01,-1.832989489347169654e+00,-2.618956267922705639e+00,-3.663988472701542598e+00,-1.434876771937665163e+00
-2.308650132225111840e+00,-4.364969408110773941e+00,-5.276982689010534244e+00,-3.145647519243754076e+00,-1.892975528672137697e+00,-1.845142480135800733e-01,-1.832989489347169654e+00,-2.618956267922705639e+00,-3.663988472701542598e+00,-2.690221596786777525e+00
-2.308650132225111840e+00,-4.364969408110773941e+00,-5.276982689010534244e+00,-3.145647519243754076e+00,-1.892975528672137697e+00,-1.845142480135800733e-01,-1.832989489347169654e+00,-2.618956267922705639e+00,-3.663988472701542598e+00,-4.197525575030788048e+00
-2.308650132225111840e+00,-4.364969408110773941e+00,-5.276982689010534244e+00,-3.145647519243754076e+00,-1.892975528672137697e+00,-1.845142480135800733e-01,-1.832989489347169654e+00,-2.618956267922705639e+00,-3.663988472701542598e+00,-4.197525575030788048e+00
-2.308650132225111840e+00,-4.364969408110773941e+00,-5.276982689010534244e+00,-3.145647519243754076e+00,-1.892975528672137697e+00,-1.845142480135800733e-01,-1.832989489347169654e+00,-2.618956267922705639e+00,-3.663988472701542598e+00,-4.197525575030788048e+00
-2.308650132225111840e+00,-4.364969408110773941e+00,-5.276982689010534244e+00,-3.145647519243754076e+00,-1.892975528672137697e+00,-1.845142480135800733e-01,-1.832989489347169654e+00,-2.618956267922705639e+00,-3.663988472701542598e+00,-4.197525575030788048e+00
-2.308650132225111840e+00,-4.364969408110773941e+00,-5.276982689010534244e+00,-3.461410638862999711e+00,-1.892975528672137697e+00,-1.845142480135800733e-01,-1.832989489347169654e+00,-2.618956267922705639e+00,-3.663988472701542598e+00,-4.197525575030788048e+00
-2.308650132225111840e+00,-5.581684823077933899e+00,-5.276982689010534244e+00,-3.461410638862999711e+00,-1.892975528672137697e+00,-1.845142480135800733e-01,-1.832989489347169654e+00,-2.618956267922705639e+00,-3.663988472701542598e+00,-4.197525575030788048e+00
-2.308650132225111840e+00,-5.581684823077933899e+00,-5.276982689010534244e+00,-3.461410638862999711e+00,-1.892975528672137697e+00,-1.845142480135800733e-01,-1.832989489347169654e+00,-2.618956267922705639e+00,-3.663988472701542598e+00,-4.197525575030788048e+00
-2.308650132225111840e+00,-5.581684823077933899e+00,-5.276982689010534244e+00,-3.461410638862999711e+00,-1.892975528672137697e+00,-1.845142480135800733e-01,-1.832989489347169654e+00,-2.618956267922705639e+00,-3.663988472701542598e+00,-4.197525575030788048e+00
-2.308650132225111840e+00,-5.581684823077933899e+00,-5.276982689010534244e+00,-3.461410638862999711e+00,-1.892975528672137697e+00,-1.845142480135800733e-01,-1.832989489347169654e+00,-2.618956267922705639e+00,-3.663988472701542598e+00,-4.197525575030788048e+00
-2.308650132225111840e+00,-5.581684823077933899e+00,-5.276982689010534244e+00,-3.461410638862999711e+00,-1.892975528672137697e+00,-1.845142480135800733e-01,-1.832989489347169654e+00,-2.618956267922705639e+00,-3.663988472701542598e+00,-4.197525575030788048e+00
-2.308650132225111840e+00,-5.581684823077933899e+00,-5.276982689010534244e+00,-3.461410638862999711e+00,-1.892975528672137697e+00,-1.845142480135800733e-01,-1.832989489347169654e+00,-2.618956267922705639e+00,-3.663988472701542598e+00,-4.197525575030788048e+00
-2.308650132225111840e+00,-5.581684823077933899e+00,-5.276982689010534244e+00,-3.461410638862999711e+00,-1.892975528672137697e+00,-1.845142480135800733e-01,-1.832989489347169654e+00,-2.618956267922705639e+00,-3.663988472701542598e+00,-4.197525575030788048e+00
-2.308650132225111840e+00,-5.581684823077933899e+00,-5.276982689010534244e+00,-3.461410638862999711e+00,-1.892975528672137697e+00,-1.845142480135800733e-01,-1.832989489347169654e+00,-2.618956267922705639e+00,-3.663988472701542598e+00,-4.197525575030788048e+00
-2.308650132225111840e+00,-5.581684823077933899e+00,-5.276982689010534244e+00,-3.461410638862999711e+00,-1.892975528672137697e+00,-1.845142480135800733e-01,-1.832989489347169654e+00,-2.618956267922705639e+00,-3.663988472701542598e+00,-4.197525575030788048e+00
-2.308650132225111840e+00,-5.581684823077933899e+00,-5.276982689010534244e+00,-3.461410638862999711e+00,-1.892975528672137697e+00,-1.845142480135800733e-01,-1.832989489347169654e+00,-2.618956267922705639e+00,-3.663988472701542598e+00,-4.197525575030788048e+00
-2.308650132225111840e+00,-5.581684823077933899e+00,-5.276982689010534244e+00,-3.461410638862999711e+00,-1.892975528672137697e+00,-1.845142480135800733e-01,-1.832989489347169654e+00,-2.618956267922705639e+00,-3.663988472701542598e+00,-4.197525575030788048e+00
-2.308650132225111840e+00,-5.581684823077933899e+00,-5.276982689010534244e+00,-3.461410638862999711e+00,-1.892975528672137697e+00,-1.845142480135800733e-01,-1.832989489347169654e+00,-2.618956267922705639e+00,-3.663988472701542598e+00,-4.197525575030788048e+00
-2.308650132225111840e+00,-5.581684823077933899e+00,-5.276982689010534244e+00,-3.461410638862999711e+00,-1.892975528672137697e+00,-1.845142480135800733e-01,-1.832989489347169654e+00,-2.618956267922705639e+00,-3.663988472701542598e+00,-4.197525575030788048e+00
-2.308650132225111840e+00,-5.581684823077933899e+00,-5.276982689010534244e+00,-3.746413270630468251e+00,-1.892975528672137697e+00,-1.845142480135800733e-01,-1.832989489347169654e+00,-2.618956267922705639e+00,-3.663988472701542598e+00,-4.197525575030788048e+00
-2.308650132225111840e+00,-5.581684823077933899e+00,-5.276982689010534244e+00,-3.746413270630468251e+00,-1.892975528672137697e+00,-1.845142480135800733e-01,-1.832989489347169654e+00,-2.618956267922705639e+00,-3.663988472701542598e+00,-4.197525575030788048e+00
-2.308650132225111840e+00,-5.581684823077933899e+00,-5.276982689010534244e+00,-3.746413270630468251e+00,-1.892975528672137697e+00,-1.845142480135800733e-01,-1.832989489347169654e+00,-2.618956267922705639e+00,-3.663988472701542598e+00,-4.197525575030788048e+00
-2.308650132225111840e+00,-5.581684823077933899e+00,-5.276982689010534244e+00,-3.746413270630468251e+00,-1.892975528672137697e+00,-1.845142480135800733e-01,-1.832989489347169654e+00,-2.618956267922705639e+00,-3.663988472701542598e+00,-4.197525575030788048e+00
-2.308650132225111840e+00,-5.581684823077933899e+00,-5.276982689010534244e+00,-3.746413270630468251e+00,-1.892975528672137697e+00,-1.845142480135800733e-01,-1.832989489347169654e+00,-2.618956267922705639e+00,-3.663988472701542598e+00,-4.197525575030788048e+00
-2.308650132225111840e+00,-5.581684823077933899e+00,-5.276982689010534244e+00,-3.746413270630468251e+00,-1.892975528672137697e+00,-1.845142480135800733e-01,-1.832989489347169654e+00,-2.618956267922705639e+00,-3.663988472701542598e+00,-4.197525575030788048e+00
-2.308650132225111840e+00,-5.581684823077933899e+00,-5.276982689010534244e+00,-3.746413270630468251e+00,-1.892975528672137697e+00,-1.845142480135800733e-01,-1.832989489347169654e+00,-2.618956267922705639e+00,-3.663988472701542598e+00,-4.197525575030788048e+00
-2.308650132225111840e+00,-5.581684823077933899e+00,-5.276982689010534244e+00,-3.746413270630468251e+00,-1.892975528672137697e+00,-1.259653969558774733e+00,-1.832989489347169654e+00,-2.618956267922705639e+00,-3.663988472701542598e+00,-4.197525575030788048e+00
-2.308650132225111840e+00,-5.581684823077933899e+00,-5.276982689010534244e+00,-3.746413270630468251e+00,-1.892975528672137697e+00,-1.259653969558774733e+00,-2.047008592744180344e+00,-2.618956267922705639e+00,-3.663988472701542598e+00,-4.197525575030788048e+00
-2.308650132225111840e+00,-5.581684823077933899e+00,-5.276982689010534244e+00,-3.746413270630468251e+00,-1.892975528672137697e+00,-1.259653969558774733e+00,-2.047008592744180344e+00,-2.618956267922705639e+00,-3.663988472701542598e+00,-4.197525575030788048e+00
-2.308650132225111840e+00,-5.581684823077933899e+00,-5.276982689010534244e+00,-3.746413270630468251e+00,-1.892975528672137697e+00,-1.259653969558774733e+00,-2.047008592744180344e+00,-2.618956267922705639e+00,-3.663988472701542598e+00,-4.197525575030788048e+00
-2.308650132225111840e+00,-5.581684823077933899e+00,-5.276982689010534244e+00,-3.746413270630468251e+00,-1.892975528672137697e+00,-1.259653969558774733e+00,-2.047008592744180344e+00,-2.618956267922705639e+00,-3.663988472701542598e+00,-4.197525575030788048e+00
-2.308650132225111840e+00,-5.581684823077933899e+00,-5.276982689010534244e+00,-3.746413270630468251e+00,-1.892975528672137697e+00,-1.787636937858212205e+00,-2.047008592744180344e+00,-2.618956267922705639e+00,-3.663988472701542598e+00,-4.197525575030788048e+00
-2.965967788025811736e+00,-5.581684823077933899e+00,-5.276982689010534244e+00,-3.746413270630468251e+00,-1.892975528672137697e+00,-1.787636937858212205e+00,-2.047008592744180344e+00,-2.618956267922705639e+00,-3.663988472701542598e+00,-4.197525575030788048e+00
-2.965967788025811736e+00,-5.581684823077933899e+00,-5.276982689010534244e+00,-3.746413270630468251e+00,-1.892975528672137697e+00,-1.787636937858212205e+00,-2.047008592744180344e+00,-2.618956267922705639e+00,-3.663988472701542598e+00,-4.197525575030788048e+00
-2.965967788025811736e+00,-5.581684823077933899e+00,-5.276982689010534244e+00,-3.746413270630468251e+00,-1.892975528672137697e+00,-1.787636937858212205e+00,-2.047008592744180344e+00,-2.618956267922705639e+00,-3.663988472701542598e+00,-4.197525575030788048e+00
-2.965967788025811736e+00,-5.581684823077933899e+00,-5.276982689010534244e+00,-3.746413270630468251e+00,-1.892975528672137697e+00,-1.787636937858212205e+00,-2.047008592744180344e+00,-2.618956267922705639e+00,-3.663988472701542598e+00,-4.197525575030788048e+00
-2.965967788025811736e+00,-5.581684823077933899e+00,-5.276982689010534244e+00,-3.746413270630468251e+00,-1.892975528672137697e+00,-1.787636937858212205e+00,-2.047008592744180344e+00,-2.618956267922705639e+00,-3.663988472701542598e+00,-4.197525575030788048e+00
-2.965967788025811736e+00,-5.581684823077933899e+00,-5.276982689010534244e+00,-3.746413270630468251e+00,-1.892975528672137697e+00,-1.787636937858212205e+00,-2.047008592744180344e+00,-2.618956267922705639e+00,-3.663988472701542598e+00,-4.197525575030788048e+00
-2.965967788025811736e+00,-5.581684823077933899e+00,-5.276982689010534244e+00,-3.746413270630468251e+00,-1.892975528672137697e+00,-1.787636937858212205e+00,-2.047008592744180344e+00,-2.618956267922705639e+00,-3.663988472701542598e+00,-4.197525575030788048e+00
-2.965967788025811736e+00,-5.581684823077933899e+00,-5.276982689010534244e+00,-3.746413270630468251e+00,-1.892975528672137697e+00,-4.416817840451789934e+00,-2.047008592744180344e+00,-2.618956267922705639e+00,-3.663988472701542598e+00,-4.197525575030788048e+00
-2.965967788025811736e+00,-5.581684823077933899e+00,-5.276982689010534244e+00,-3.746413270630468251e+00,-1.892975528672137697e+00,-4.416817840451789934e+00,-2.047008592744180344e+00,-2.618956267922705639e+00,-3.663988472701542598e+00,-4.197525575030788048e+00
-2.965967788025811736e+00,-5.581684823077933899e+00,-5.276982689010534244e+00,-3.746413270630468251e+00,-1.892975528672137697e+00,-4.416817840451789934e+00,-2.047008592744180344e+00,-2.618956267922705639e+00,-3.663988472701542598e+00,-4.197525575030788048e+00
-2.965967788025811736e+00,-5.581684823077933899e+00,-5.276982689010534244e+00,-3.746413270630468251e+00,-1.892975528672137697e+00,-4.416817840451789934e+00,-2.047008592744180344e+00,-2.618956267922705639e+00,-3.663988472701542598e+00,-4.197525575030788048e+00
-2.965967788025811736e+00,-5.581684823077933899e+00,-5.276982689010534244e+00,-3.746413270630468251e+00,-1.892975528672137697e+00,-4.416817840451789934e+00,-2.047008592744180344e+00,-2.618956267922705639e+00,-3.663988472701542598e+00,-4.197525575030788048e+00
-2.965967788025811736e+00,-5.581684823077933899e+00,-5.276982689010534244e+00,-3.746413270630468251e+00,-1.892975528672137697e+00,-4.416817840451789934e+00,-2.047008592744180344e+00,-2.618956267922705639e+00,-3.663988472701542598e+00,-4.197525575030788048e+00
-2.965967788025811736e+00,-5.581684823077933899e+00,-5.276982689010534244e+00,-3.746413270630468251e+00,-1.892975528672137697e+00,-4.416817840451789934e+00,-2.047008592744180344e+00,-2.618956267922705639e+00,-3.663988472701542598e+00,-4.197525575030788048e+00
-2.965967788025811736e+00,-5.581684823077933899e+00,-5.276982689010534244e+00,-3.746413270630468251e+00,-1.892975528672137697e+00,-4.416817840451789934e+00,-2.047008592744180344e+00,-2.618956267922705639e+00,-3.663988472701542598e+00,-4.197525575030788048e+00
-2.965967788025811736e+00,-5.581684823077933899e+00,-5.276982689010534244e+00,-3.746413270630468251e+00,-1.892975528672137697e+00,-4.416817840451789934e+00,-2.047008592744180344e+00,-2.618956267922705639e+00,-3.663988472701542598e+00,-4.197525575030788048e+00
-2.965967788025811736e+00,-5.581684823077933899e+00,-5.276982689010534244e+00,-3.746413270630468251e+00,-1.892975528672137697e+00,-4.416817840451789934e+00,-2.047008592744180344e+00,-2.618956267922705639e+00,-3.663988472701542598e+00,-4.197525575030788048e+00
-2.965967788025811736e+00,-5.581684823077933899e+00,-5.276982689010534244e+00,-3.746413270630468251e+00,-1.892975528672137697e+00,-4.416817840451789934e+00,-2.047008592744180344e+00,-2.618956267922705639e+00,-3.663988472701542598e+00,-4.197525575030788048e+00
-2.965967788025811736e+00,-5.581684823077933899e+00,-5.276982689010534244e+00,-3.746413270630468251e+00,-1.892975528672137697e+00,-4.416817840451789934e+00,-2.047008592744180344e+00,-2.618956267922705639e+00,-3.663988472701542598e+00,-4.197525575030788048e+00
-2.965967788025811736e+00,-5.581684823077933899e+00,-5.276982689010534244e+00,-3.746413270630468251e+00,-1.892975528672137697e+00,-4.416817840451789934e+00,-2.047008592744180344e+00,-2.618956267922705639e+00,-3.663988472701542598e+00,-4.197525575030788048e+00
-2.965967788025811736e+00,-5.581684823077933899e+00,-5.276982689010534244e+00,-3.746413270630468251e+00,-1.892975528672137697e+00,-4.823049744761832791e+00,-2.047008592744180344e+00,-2.618956267922705639e+00,-3.663988472701542598e+00,-4.197525575030788048e+00
-2.965967788025811736e+00,-5.581684823077933899e+00,-5.276982689010534244e+00,-3.746413270630468251e+00,-1.892975528672137697e+00,-4.823049744761832791e+00,-2.047008592744180344e+00,-2.921405517462899226e+00,-3.663988472701542598e+00,-4.197525575030788048e+00
-2.965967788025811736e+00,-5.581684823077933899e+00,-5.276982689010534244e+00,-3.746413270630468251e+00,-1.892975528672137697e+00,-4.823049744761832791e+00,-2.047008592744180344e+00,-2.921405517462899226e+00,-3.663988472701542598e+00,-4.197525575030788048e+00
-2.965967788025811736e+00,-5.581684823077933899e+00,-5.276982689010534244e+00,-3.746413270630468251e+00,-1.892975528672137697e+00,-4.823049744761832791e+00,-2.047008592744180344e+00,-2.921405517462899226e+00,-3.663988472701542598e+00,-4.197525575030788048e+00
-2.965967788025811736e+00,-5.581684823077933899e+00,-5.276982689010534244e+00,-3.746413270630468251e+00,-1.892975528672137697e+00,-4.823049744761832791e+00,-2.311090805323615882e+00,-2.921405517462899226e+00,-3.663988472701542598e+00,-4.197525575030788048e+00
-2.965967788025811736e+00,-5.581684823077933899e+00,-5.276982689010534244e+00,-3.746413270630468251e+00,-1.892975528672137697e+00,-4.823049744761832791e+00,-2.311090805323615882e+00,-2.921405517462899226e+00,-3.663988472701542598e+00,-4.197525575030788048e+00
-2.965967788025811736e+00,-5.581684823077933899e+00,-5.276982689010534244e+00,-3.746413270630468251e+00,-1.892975528672137697e+00,-4.823049744761832791e+00,-2.311090805323615882e+00,-2.921405517462899226e+00,-3.663988472701542598e+00,-4.197525575030788048e+00
-2.965967788025811736e+00,-5.581684823077933899e+00,-5.276982689010534244e+00,-3.746413270630468251e+00,-1.892975528672137697e+00,-4.823049744761832791e+00,-2.311090805323615882e+00,-2.921405517462899226e+00,-3.663988472701542598e+00,-4.197525575030788048e+00
-2.965967788025811736e+00,-5.581684823077933899e+00,-5.276982689010534244e+00,-3.746413270630468251e+00,-1.892975528672137697e+00,-4.823049744761832791e+00,-2.311090805323615882e+00,-2.921405517462899226e+00,-3.663988472701542598e+00,-4.197525575030788048e+00
-2.965967788025811736e+00,-5.581684823077933899e+00,-5.276982689010534244e+00,-3.746413270630468251e+00,-1.892975528672137697e+00,-4.823049744761832791e+00,-2.311090805323615882e+00,-2.921405517462899226e+00,-3.663988472701542598e+00,-4.197525575030788048e+00
-2.965967788025811736e+00,-5.581684823077933899e+00,-5.276982689010534244e+00,-3.746413270630468251e+00,-1.892975528672137697e+00,-4.823049744761832791e+00,-2.311090805323615882e+00,-2.921405517462899226e+00,-3.663988472701542598e+00,-4.197525575030788048e+00
-2.965967788025811736e+00,-5.581684823077933899e+00,-5.276982689010534244e+00,-3.746413270630468251e+00,-1.892975528672137697e+00,-5.552422692021647954e+00,-2.311090805323615882e+00,-2.921405517462899226e+00,-3.663988472701542598e+00,-4.197525575030788048e+00
-2.965967788025811736e+00,-5.581684823077933899e+00,-5.276982689010534244e+00,-3.746413270630468251e+00,-1.892975528672137697e+00,-5.552422692021647954e+00,-2.311090805323615882e+00,-2.921405517462899226e+00,-3.663988472701542598e+00,-4.197525575030788048e+00
-2.965967788025811736e+00,-5.581684823077933899e+00,-5.276982689010534244e+00,-3.746413270630468251e+00,-1.892975528672137697e+00,-5.552422692021647954e+00,-2.311090805323615882e+00,-2.921405517462899226e+00,-3.663988472701542598e+00,-4.197525575030788048e+00
-2.965967788025811736e+00,-5.581684823077933899e+00,-5.276982689010534244e+00,-3.746413270630468251e+00,-1.892975528672137697e+00,-5.552422692021647954e+00,-2.311090805323615882e+00,-2.921405517462899226e+00,-3.663988472701542598e+00,-4.197525575030788048e+00
-2.965967788025811736e+00,-5.581684823077933899e+00,-5.276982689010534244e+00,-3.746413270630468251e+00,-1.892975528672137697e+00,-5.552422692021647954e+00,-2.311090805323615882e+00,-2.921405517462899226e+00,-3.663988472701542598e+00,-4.197525575030788048e+00
-2.965967788025811736e+00,-5.581684823077933899e+00,-5.276982689010534244e+00,-3.746413270630468251e+00,-1.892975528672137697e+00,-5.552422692021647954e+00,-2.311090805323615882e+00,-2.921405517462899226e+00,-3.663988472701542598e+00,-4.197525575030788048e+00
-2.965967788025811736e+00,-5.581684823077933899e+00,-5.276982689010534244e+00,-3.746413270630468251e+00,-1.892975528672137697e+00,-5.552422692021647954e+00,-2.311090805323615882e+00,-2.921405517462899226e+00,-3.663988472701542598e+00,-4.197525575030788048e+00
-2.965967788025811736e+00,-5.581684823077933899e+00,-5.276982689010534244e+00,-3.746413270630468251e+00,-1.892975528672137697e+00,-5.552422692021647954e+00,-2.311090805323615882e+00,-2.921405517462899226e+00,-3.663988472701542598e+00,-4.197525575030788048e+00
-2.965967788025811736e+00,-5.581684823077933899e+00,-5.276982689010534244e+00,-3.746413270630468251e+00,-1.892975528672137697e+00,-5.552422692021647954e+00,-2.311090805323615882e+00,-2.921405517462899226e+00,-3.663988472701542598e+00,-4.197525575030788048e+00
-2.965967788025811736e+00,-5.581684823077933899e+00,-5.276982689010534244e+00,-3.746413270630468251e+00,-1.892975528672137697e+00,-5.552422692021647954e+00,-2.311090805323615882e+00,-2.921405517462899226e+00,-3.663988472701542598e+00,-4.197525575030788048e+00
-2.965967788025811736e+00,-5.581684823077933899e+00,-5.276982689010534244e+00,-3.746413270630468251e+00,-1.892975528672137697e+00,-5.552422692021647954e+00,-2.311090805323615882e+00,-2.921405517462899226e+00,-3.663988472701542598e+00,-4.197525575030788048e+00
-2.965967788025811736e+00,-5.581684823077933899e+00,-5.276982689010534244e+00,-3.746413270630468251e+00,-1.892975528672137697e+00,-5.552422692021647954e+00,-2.311090805323615882e+00,-2.921405517462899226e+00,-3.663988472701542598e+00,-4.197525575030788048e+00
-2.965967788025811736e+00,-5.581684823077933899e+00,-5.276982689010534244e+00,-3.885426703350041588e+00,-1.892975528672137697e+00,-5.552422692021647954e+00,-2.311090805323615882e+00,-2.921405517462899226e+00,-3.663988472701542598e+00,-4.500199336499712821e+00
-2.965967788025811736e+00,-5.581684823077933899e+00,-5.276982689010534244e+00,-3.885426703350041588e+00,-1.892975528672137697e+00,-5.552422692021647954e+00,-2.311090805323615882e+00,-2.921405517462899226e+00,-3.663988472701542598e+00,-4.500199336499712821e+00
-2.965967788025811736e+00,-5.581684823077933899e+00,-5.276982689010534244e+00,-3.885426703350041588e+00,-1.892975528672137697e+00,-5.552422692021647954e+00,-2.311090805323615882e+00,-2.921405517462899226e+00,-3.663988472701542598e+00,-4.500199336499712821e+00
-2.965967788025811736e+00,-5.581684823077933899e+00,-5.276982689010534244e+00,-3.885426703350041588e+00,-1.892975528672137697e+00,-5.552422692021647954e+00,-2.311090805323615882e+00,-2.921405517462899226e+00,-3.663988472701542598e+00,-4.500199336499712821e+00
-2.965967788025811736e+00,-5.581684823077933899e+00,-5.276982689010534244e+00,-3.885426703350041588e+00,-1.892975528672137697e+00,-5.552422692021647954e+00,-2.311090805323615882e+00,-2.921405517462899226e+00,-3.663988472701542598e+00,-4.500199336499712821e+00
-2.965967788025811736e+00,-5.581684823077933899e+00,-5.276982689010534244e+00,-3.885426703350041588e+00,-1.892975528672137697e+00,-5.552422692021647954e+00,-2.311090805323615882e+00,-2.921405517462899226e+00,-3.663988472701542598e+00,-4.500199336499712821e+00
-2.965967788025811736e+00,-5.581684823077933899e+00,-5.276982689010534244e+00,-3.885426703350041588e+00,-1.892975528672137697e+00,-5.552422692021647954e+00,-2.311090805323615882e+00,-2.921405517462899226e+00,-3.663988472701542598e+00,-4.500199336499712821e+00
-2.965967788025811736e+00,-5.581684823077933899e+00,-5.276982689010534244e+00,-3.885426703350041588e+00,-1.892975528672137697e+00,-5.552422692021647954e+00,-2.311090805323615882e+00,-2.921405517462899226e+00,-3.663988472701542598e+00,-4.500199336499712821e+00
-2.965967788025811736e+00,-5.581684823077933899e+00,-5.276982689010534244e+00,-3.885426703350041588e+00,-1.892975528672137697e+00,-5.552422692021647954e+00,-2.311090805323615882e+00,-2.921405517462899226e+00,-3.663988472701542598e+00,-4.500199336499712821e+00
-2.965967788025811736e+00,-5.581684823077933899e+00,-5.276982689010534244e+00,-3.885426703350041588e+00,-1.892975528672137697e+00,-5.552422692021647954e+00,-2.311090805323615882e+00,-2.921405517462899226e+00,-3.663988472701542598e+00,-4.500199336499712821e+00
-2.965967788025811736e+00,-5.581684823077933899e+00,-5.276982689010534244e+00,-3.885426703350041588e+00,-1.892975528672137697e+00,-5.552422692021647954e+00,-2.311090805323615882e+00,-2.921405517462899226e+00,-3.663988472701542598e+00,-4.500199336499712821e+00
-2.965967788025811736e+00,-5.581684823077933899e+00,-5.276982689010534244e+00,-3.924911128913345149e+00,-1.892975528672137697e+00,-5.552422692021647954e+00,-2.311090805323615882e+00,-2.921405517462899226e+00,-3.663988472701542598e+00,-4.500199336499712821e+00
-2.965967788025811736e+00,-5.581684823077933899e+00,-5.276982689010534244e+00,-3.924911128913345149e+00,-1.892975528672137697e+00,-5.552422692021647954e+00,-2.311090805323615882e+00,-2.921405517462899226e+00,-3.663988472701542598e+00,-4.500199336499712821e+00
-2.965967788025811736e+00,-5.581684823077933899e+00,-5.276982689010534244e+00,-3.924911128913345149e+00,-1.892975528672137697e+00,-5.552422692021647954e+00,-2.311090805323615882e+00,-2.921405517462899226e+00,-3.663988472701542598e+00,-4.500199336499712821e+00
-2.965967788025811736e+00,-5.581684823077933899e+00,-5.276982689010534244e+00,-3.924911128913345149e+00,-1.892975528672137697e+00,-5.552422692021647954e+00,-2.311090805323615882e+00,-3.283325697900795870e+00,-3.663988472701542598e+00,-4.500199336499712821e+00
-2.965967788025811736e+00,-5.581684823077933899e+00,-5.276982689010534244e+00,-3.924911128913345149e+00,-1.892975528672137697e+00,-5.552422692021647954e+00,-2.311090805323615882e+00,-3.283325697900795870e+00,-3.663988472701542598e+00,-4.500199336499712821e+00
-2.965967788025811736e+00,-5.581684823077933899e+00,-5.276982689010534244e+00,-3.924911128913345149e+00,-1.892975528672137697e+00,-5.552422692021647954e+00,-2.311090805323615882e+00,-3.283325697900795870e+00,-3.663988472701542598e+00,-4.500199336499712821e+00
-2.965967788025811736e+00,-5.581684823077933899e+00,-5.276982689010534244e+00,-3.924911128913345149e+00,-1.892975528672137697e+00,-5.552422692021647954e+00,-2.311090805323615882e+00,-3.283325697900795870e+00,-3.663988472701542598e+00,-4.500199336499712821e+00
-2.965967788025811736e+00,-5.581684823077933899e+00,-5.276982689010534244e+00,-3.924911128913345149e+00,-1.892975528672137697e+00,-5.552422692021647954e+00,-2.311090805323615882e+00,-3.283325697900795870e+00,-3.663988472701542598e+00,-4.500199336499712821e+00
-2.965967788025811736e+00,-5.581684823077933899e+00,-5.276982689010534244e+00,-3.924911128913345149e+00,-1.892975528672137697e+00,-5.552422692021647954e+00,-2.311090805323615882e+00,-3.283325697900795870e+00,-3.663988472701542598e+00,-4.500199336499712821e+00
-2.965967788025811736e+00,-5.581684823077933899e+00,-5.276982689010534244e+00,-3.924911128913345149e+00,-1.892975528672137697e+00,-5.552422692021647954e+00,-2.311090805323615882e+00,-3.283325697900795870e+00,-3.663988472701542598e+00,-4.500199336499712821e+00
-2.965967788025811736e+00,-5.581684823077933899e+00,-5.276982689010534244e+00,-3.924911128913345149e+00,-1.892975528672137697e+00,-5.552422692021647954e+00,-2.311090805323615882e+00,-3.283325697900795870e+00,-3.663988472701542598e+00,-4.500199336499712821e+00
-2.965967788025811736e+00,-5.581684823077933899e+00,-5.276982689010534244e+00,-3.924911128913345149e+00,-1.892975528672137697e+00,-5.552422692021647954e+00,-2.311090805323615882e+00,-3.283325697900795870e+00,-3.663988472701542598e+00,-4.500199336499712821e+00
-2.965967788025811736e+00,-5.581684823077933899e+00,-5.276982689010534244e+00,-3.924911128913345149e+00,-1.892975528672137697e+00,-5.552422692021647954e+00,-2.311090805323615882e+00,-3.283325697900795870e+00,-3.663988472701542598e+00,-4.500199336499712821e+00
-2.965967788025811736e+00,-5.581684823077933899e+00,-5.276982689010534244e+00,-3.924911128913345149e+00,-1.892975528672137697e+00,-5.552422692021647954e+00,-2.311090805323615882e+00,-3.283325697900795870e+00,-3.663988472701542598e+00,-4.500199336499712821e+00
-2.965967788025811736e+00,-5.581684823077933899e+00,-5.276982689010534244e+00,-3.924911128913345149e+00,-1.892975528672137697e+00,-5.552422692021647954e+00,-2.311090805323615882e+00,-3.283325697900795870e+00,-3.663988472701542598e+00,-4.500199336499712821e+00
-2.965967788025811736e+00,-5.581684823077933899e+00,-5.276982689010534244e+00,-3.924911128913345149e+00,-1.892975528672137697e+00,-5.552422692021647954e+00,-2.311090805323615882e+00,-3.283325697900795870e+00,-3.663988472701542598e+00,-4.500199336499712821e+00
-2.965967788025811736e+00,-5.581684823077933899e+00,-5.276982689010534244e+00,-3.924911128913345149e+00,-1.892975528672137697e+00,-5.552422692021647954e+00,-2.311090805323615882e+00,-3.283325697900795870e+00,-3.663988472701542598e+00,-4.500199336499712821e+00
-2.965967788025811736e+00,-5.581684823077933899e+00,-5.276982689010534244e+00,-3.924911128913345149e+00,-1.892975528672137697e+00,-5.552422692021647954e+00,-3.194805770136141643e+00,-3.283325697900795870e+00,-3.663988472701542598e+00,-4.500199336499712821e+00
-2.965967788025811736e+00,-5.581684823077933899e+00,-5.276982689010534244e+00,-3.924911128913345149e+00,-1.892975528672137697e+00,-5.552422692021647954e+00,-3.194805770136141643e+00,-3.283325697900795870e+00,-3.663988472701542598e+00,-4.500199336499712821e+00
-2.965967788025811736e+00,-5.581684823077933899e+00,-5.276982689010534244e+00,-3.924911128913345149e+00,-1.892975528672137697e+00,-5.552422692021647954e+00,-3.194805770136141643e+00,-3.283325697900795870e+00,-3.663988472701542598e+00,-4.500199336499712821e+00
-2.965967788025811736e+00,-5.581684823077933899e+00,-5.276982689010534244e+00,-3.924911128913345149e+00,-1.892975528672137697e+00,-5.552422692021647954e+00,-3.194805770136141643e+00,-3.283325697900795870e+00,-3.663988472701542598e+00,-4.500199336499712821e+00
-2.965967788025811736e+00,-5.581684823077933899e+00,-5.276982689010534244e+00,-3.924911128913345149e+00,-1.892975528672137697e+00,-5.552422692021647954e+00,-3.194805770136141643e+00,-3.283325697900795870e+00,-3.663988472701542598e+00,-4.500199336499712821e+00
