3.446193379624009623e+00,-1.117382196098940739e+00,1.424252736927994256e+00,1.138956700596022165e+00,-4.837975944146749030e-01,3.835342738389805106e+00,1.339965756735854496e+00,2.399956146548728242e+00,-9.287197362511354637e-01,1.936064590544884556e+00
3.446193379624009623e+00,-1.117382196098940739e+00,1.424252736927994256e+00,4.855783767092534120e-01,-1.732251771917727057e+00,1.731525112991038950e+00,1.339965756735854496e+00,1.392113269055637703e+00,-9.287197362511354637e-01,1.753144578904258788e+00
3.446193379624009623e+00,-1.117382196098940739e+00,1.424252736927994256e+00,4.855783767092534120e-01,-1.732251771917727057e+00,1.731525112991038950e+00,1.339965756735854496e+00,6.598417251307847620e-01,-9.287197362511354637e-01,9.972872852131859922e-01
3.446193379624009623e+00,-1.120232535190367251e+00,1.424252736927994256e+00,4.855783767092534120e-01,-1.732251771917727057e+00,1.731525112991038950e+00,1.339965756735854496e+00,1.429891564129832926e-01,-9.287197362511354637e-01,4.516240665433945978e-01
3.446193379624009623e+00,-1.843553103090154854e+00,3.015344775432991509e-01,4.855783767092534120e-01,-1.732251771917727057e+00,1.731525112991038950e+00,1.339965756735854496e+00,1.429891564129832926e-01,-1.523353691307564262e+00,-3.365611767370482732e-02
3.446193379624009623e+00,-1.843553103090154854e+00,3.015344775432991509e-01,4.855783767092534120e-01,-2.316348091181717805e+00,1.720979239702038699e+00,-1.025182537796205384e+00,-4.259258139816801125e-01,-1.523353691307564262e+00,-3.365611767370482732e-02
3.446193379624009623e+00,-2.116372478012742864e+00,3.015344775432991509e-01,4.855783767092534120e-01,-2.316348091181717805e+00,1.298826318413049075e+00,-1.025182537796205384e+00,-4.669017162405528776e-01,-1.523353691307564262e+00,-3.365611767370482732e-02
3.446193379624009623e+00,-2.116372478012742864e+00,3.015344775432991509e-01,4.855783767092534120e-01,-2.316348091181717805e+00,1.298826318413049075e+00,-1.025182537796205384e+00,-1.275743548168576824e+00,-1.523353691307564262e+00,-3.365611767370482732e-02
1.124796369590361778e+00,-2.116372478012742864e+00,-1.098101629597760365e+00,-5.307850952614285855e-01,-2.531105923568712779e+00,1.298826318413049075e+00,-1.025182537796205384e+00,-1.275743548168576824e+00,-1.523353691307564262e+00,-3.365611767370482732e-02
1.124796369590361778e+00,-2.116372478012742864e+00,-1.098101629597760365e+00,-5.307850952614285855e-01,-2.531105923568712779e+00,1.147789371253086221e+00,-1.025182537796205384e+00,-1.423293812433181760e+00,-1.523353691307564262e+00,-3.365611767370482732e-02
1.124796369590361778e+00,-2.116372478012742864e+00,-1.098101629597760365e+00,-5.307850952614285855e-01,-3.111488099518692430e+00,4.367094007888326912e-01,-1.025182537796205384e+00,-1.423293812433181760e+00,-1.523353691307564262e+00,-3.365611767370482732e-02
1.124796369590361778e+00,-2.116372478012742864e+00,-1.098101629597760365e+00,-5.307850952614285855e-01,-3.111488099518692430e+00,4.367094007888326912e-01,-1.025182537796205384e+00,-1.423293812433181760e+00,-1.523353691307564262e+00,-3.365611767370482732e-02
1.124796369590361778e+00,-2.116372478012742864e+00,-1.098101629597760365e+00,-7.979485276594006082e-01,-3.111488099518692430e+00,-9.585069269347085141e-01,-1.025182537796205384e+00,-1.919469664254111585e+00,-1.523353691307564262e+00,-3.365611767370482732e-02
1.124796369590361778e+00,-2.116372478012742864e+00,-1.098101629597760365e+00,-7.979485276594006082e-01,-3.111488099518692430e+00,-9.585069269347085141e-01,-1.025182537796205384e+00,-1.919469664254111585e+00,-1.932365285761777463e+00,-3.365611767370482732e-02
1.124796369590361778e+00,-2.116372478012742864e+00,-1.098101629597760365e+00,-7.979485276594006082e-01,-3.111488099518692430e+00,-9.585069269347085141e-01,-1.025182537796205384e+00,-1.919469664254111585e+00,-2.403538485282280313e+00,-3.365611767370482732e-02
1.124796369590361778e+00,-2.116372478012742864e+00,-1.098101629597760365e+00,-1.885602170438441805e+00,-3.111488099518692430e+00,-9.585069269347085141e-01,-1.025182537796205384e+00,-1.919469664254111585e+00,-2.403538485282280313e+00,-3.365611767370482732e-02
1.124796369590361778e+00,-2.116372478012742864e+00,-1.098101629597760365e+00,-1.885602170438441805e+00,-3.111488099518692430e+00,-9.585069269347085141e-01,-1.025182537796205384e+00,-1.919469664254111585e+00,-2.403538485282280313e+00,-1.645003927228841922e+00
1.124796369590361778e+00,-2.116372478012742864e+00,-1.098101629597760365e+00,-1.885602170438441805e+00,-3.111488099518692430e+00,-9.585069269347085141e-01,-1.025182537796205384e+00,-1.919469664254111585e+00,-2.403538485282280313e+00,-1.645003927228841922e+00
1.124796369590361778e+00,-3.137707506354918241e+00,-1.098101629597760365e+00,-1.885602170438441805e+00,-3.111488099518692430e+00,-9.585069269347085141e-01,-1.025182537796205384e+00,-1.919469664254111585e+00,-2.403538485282280313e+00,-1.645003927228841922e+00
1.124796369590361778e+00,-3.137707506354918241e+00,-1.098101629597760365e+00,-1.885602170438441805e+00,-3.839964950437527946e+00,-9.585069269347085141e-01,-1.025182537796205384e+00,-1.919469664254111585e+00,-2.403538485282280313e+00,-1.645003927228841922e+00
1.124796369590361778e+00,-3.137707506354918241e+00,-1.098101629597760365e+00,-1.885602170438441805e+00,-3.839964950437527946e+00,-9.585069269347085141e-01,-1.025182537796205384e+00,-1.919469664254111585e+00,-2.403538485282280313e+00,-1.645003927228841922e+00
1.124796369590361778e+00,-3.137707506354918241e+00,-1.098101629597760365e+00,-1.885602170438441805e+00,-3.839964950437527946e+00,-9.585069269347085141e-01,-1.025182537796205384e+00,-1.919469664254111585e+00,-2.403538485282280313e+00,-1.645003927228841922e+00
1.065673564310843036e+00,-3.137707506354918241e+00,-1.098101629597760365e+00,-1.885602170438441805e+00,-3.839964950437527946e+00,-2.360624982831882157e+00,-1.025182537796205384e+00,-1.919469664254111585e+00,-2.403538485282280313e+00,-1.645003927228841922e+00
1.065673564310843036e+00,-3.137707506354918241e+00,-1.098101629597760365e+00,-3.064418990709455670e+00,-3.839964950437527946e+00,-2.360624982831882157e+00,-1.025182537796205384e+00,-1.919469664254111585e+00,-2.403538485282280313e+00,-1.645003927228841922e+00
1.065673564310843036e+00,-3.137707506354918241e+00,-1.098101629597760365e+00,-3.064418990709455670e+00,-3.839964950437527946e+00,-2.360624982831882157e+00,-1.025182537796205384e+00,-1.919469664254111585e+00,-2.403538485282280313e+00,-1.645003927228841922e+00
1.065673564310843036e+00,-3.137707506354918241e+00,-1.098101629597760365e+00,-3.064418990709455670e+00,-3.839964950437527946e+00,-2.360624982831882157e+00,-1.025182537796205384e+00,-1.919469664254111585e+00,-2.403538485282280313e+00,-1.645003927228841922e+00
3.279373146613475121e-01,-3.137707506354918241e+00,-1.098101629597760365e+00,-3.064418990709455670e+00,-3.839964950437527946e+00,-2.360624982831882157e+00,-1.025182537796205384e+00,-1.919469664254111585e+00,-2.403538485282280313e+00,-1.645003927228841922e+00
3.279373146613475121e-01,-3.137707506354918241e+00,-1.098101629597760365e+00,-3.064418990709455670e+00,-3.839964950437527946e+00,-2.360624982831882157e+00,-1.025182537796205384e+00,-1.919469664254111585e+00,-2.403538485282280313e+00,-1.645003927228841922e+00
3.279373146613475121e-01,-3.137707506354918241e+00,-1.098101629597760365e+00,-3.064418990709455670e+00,-3.839964950437527946e+00,-2.360624982831882157e+00,-1.025182537796205384e+00,-1.919469664254111585e+00,-2.403538485282280313e+00,-1.645003927228841922e+00
3.279373146613475121e-01,-3.137707506354918241e+00,-1.098101629597760365e+00,-3.064418990709455670e+00,-3.839964950437527946e+00,-2.360624982831882157e+00,-1.025182537796205384e+00,-1.919469664254111585e+00,-2.403538485282280313e+00,-1.645003927228841922e+00
3.279373146613475121e-01,-3.137707506354918241e+00,-1.098101629597760365e+00,-3.064418990709455670e+00,-3.839964950437527946e+00,-2.360624982831882157e+00,-1.025182537796205384e+00,-1.919469664254111585e+00,-2.403538485282280313e+00,-1.645003927228841922e+00
3.279373146613475121e-01,-3.137707506354918241e+00,-1.098101629597760365e+00,-3.064418990709455670e+00,-3.839964950437527946e+00,-2.360624982831882157e+00,-1.025182537796205384e+00,-1.919469664254111585e+00,-2.403538485282280313e+00,-1.645003927228841922e+00
3.279373146613475121e-01,-3.137707506354918241e+00,-1.098101629597760365e+00,-3.064418990709455670e+00,-3.839964950437527946e+00,-2.360624982831882157e+00,-1.025182537796205384e+00,-1.919469664254111585e+00,-2.403538485282280313e+00,-1.645003927228841922e+00
3.279373146613475121e-01,-3.137707506354918241e+00,-1.098101629597760365e+00,-3.064418990709455670e+00,-3.839964950437527946e+00,-2.360624982831882157e+00,-1.025182537796205384e+00,-1.919469664254111585e+00,-2.403538485282280313e+00,-1.645003927228841922e+00
3.279373146613475121e-01,-3.137707506354918241e+00,-1.098101629597760365e+00,-3.064418990709455670e+00,-4.386569710036575032e+00,-2.360624982831882157e+00,-1.025182537796205384e+00,-1.919469664254111585e+00,-2.403538485282280313e+00,-1.645003927228841922e+00
3.279373146613475121e-01,-3.137707506354918241e+00,-1.098101629597760365e+00,-3.064418990709455670e+00,-4.386569710036575032e+00,-2.360624982831882157e+00,-1.025182537796205384e+00,-1.919469664254111585e+00,-2.403538485282280313e+00,-1.645003927228841922e+00
2.243677432071679301e-01,-3.137707506354918241e+00,-1.098101629597760365e+00,-3.064418990709455670e+00,-4.386569710036575032e+00,-2.360624982831882157e+00,-1.025182537796205384e+00,-1.919469664254111585e+00,-2.403538485282280313e+00,-1.645003927228841922e+00
2.243677432071679301e-01,-3.137707506354918241e+00,-1.098101629597760365e+00,-3.064418990709455670e+00,-4.386569710036575032e+00,-2.360624982831882157e+00,-1.025182537796205384e+00,-1.919469664254111585e+00,-2.403538485282280313e+00,-1.645003927228841922e+00
2.243677432071679301e-01,-3.137707506354918241e+00,-1.098101629597760365e+00,-3.064418990709455670e+00,-4.386569710036575032e+00,-2.360624982831882157e+00,-1.025182537796205384e+00,-1.919469664254111585e+00,-2.403538485282280313e+00,-2.505253905737339970e+00
2.243677432071679301e-01,-3.137707506354918241e+00,-1.098101629597760365e+00,-3.064418990709455670e+00,-4.386569710036575032e+00,-2.360624982831882157e+00,-1.025182537796205384e+00,-1.919469664254111585e+00,-2.403538485282280313e+00,-2.505253905737339970e+00
2.243677432071679301e-01,-3.137707506354918241e+00,-1.098101629597760365e+00,-3.064418990709455670e+00,-4.386569710036575032e+00,-2.360624982831882157e+00,-1.025182537796205384e+00,-1.919469664254111585e+00,-2.403538485282280313e+00,-2.505253905737339970e+00
-9.509773370738057174e-01,-3.137707506354918241e+00,-1.098101629597760365e+00,-3.064418990709455670e+00,-4.386569710036575032e+00,-2.360624982831882157e+00,-1.025182537796205384e+00,-1.919469664254111585e+00,-2.403538485282280313e+00,-2.685596009666000317e+00
-9.509773370738057174e-01,-3.155546068274406313e+00,-1.098101629597760365e+00,-3.064418990709455670e+00,-4.386569710036575032e+00,-2.360624982831882157e+00,-1.025182537796205384e+00,-1.919469664254111585e+00,-2.403538485282280313e+00,-2.685596009666000317e+00
-9.509773370738057174e-01,-3.155546068274406313e+00,-1.098101629597760365e+00,-3.064418990709455670e+00,-4.386569710036575032e+00,-2.360624982831882157e+00,-1.025182537796205384e+00,-1.919469664254111585e+00,-2.403538485282280313e+00,-2.685596009666000317e+00
-9.509773370738057174e-01,-3.155546068274406313e+00,-1.098101629597760365e+00,-3.064418990709455670e+00,-4.386569710036575032e+00,-2.360624982831882157e+00,-1.025182537796205384e+00,-1.919469664254111585e+00,-2.403538485282280313e+00,-3.294285245753581393e+00
-9.509773370738057174e-01,-3.155546068274406313e+00,-1.098101629597760365e+00,-3.064418990709455670e+00,-4.386569710036575032e+00,-2.360624982831882157e+00,-1.025182537796205384e+00,-1.919469664254111585e+00,-2.403538485282280313e+00,-3.294285245753581393e+00
-9.509773370738057174e-01,-3.155546068274406313e+00,-1.098101629597760365e+00,-3.064418990709455670e+00,-4.386569710036575032e+00,-2.360624982831882157e+00,-1.025182537796205384e+00,-1.919469664254111585e+00,-2.403538485282280313e+00,-3.294285245753581393e+00
-1.239617397999398740e+00,-3.155546068274406313e+00,-1.098101629597760365e+00,-3.064418990709455670e+00,-4.386569710036575032e+00,-2.360624982831882157e+00,-1.025182537796205384e+00,-1.919469664254111585e+00,-2.484350307084174148e+00,-3.294285245753581393e+00
-1.239617397999398740e+00,-3.155546068274406313e+00,-1.098101629597760365e+00,-3.064418990709455670e+00,-4.386569710036575032e+00,-2.360624982831882157e+00,-1.025182537796205384e+00,-1.919469664254111585e+00,-3.178904800139600528e+00,-3.294285245753581393e+00
-3.843798917402396320e+00,-3.155546068274406313e+00,-1.098101629597760365e+00,-3.131723101674667831e+00,-4.386569710036575032e+00,-2.360624982831882157e+00,-1.025182537796205384e+00,-1.919469664254111585e+00,-3.178904800139600528e+00,-3.377959552747073158e+00
-3.843798917402396320e+00,-3.155546068274406313e+00,-1.098101629597760365e+00,-3.131723101674667831e+00,-4.386569710036575032e+00,-2.360624982831882157e+00,-1.025182537796205384e+00,-1.919469664254111585e+00,-3.178904800139600528e+00,-3.377959552747073158e+00
-3.843798917402396320e+00,-3.155546068274406313e+00,-1.098101629597760365e+00,-3.131723101674667831e+00,-4.386569710036575032e+00,-2.360624982831882157e+00,-1.025182537796205384e+00,-1.919469664254111585e+00,-3.178904800139600528e+00,-3.377959552747073158e+00
-3.843798917402396320e+00,-3.155546068274406313e+00,-1.098101629597760365e+00,-3.131723101674667831e+00,-4.386569710036575032e+00,-2.360624982831882157e+00,-1.025182537796205384e+00,-1.919469664254111585e+00,-3.178904800139600528e+00,-3.377959552747073158e+00
-3.843798917402396320e+00,-3.155546068274406313e+00,-1.098101629597760365e+00,-3.131723101674667831e+00,-4.386569710036575032e+00,-2.360624982831882157e+00,-1.025182537796205384e+00,-1.919469664254111585e+00,-3.178904800139600528e+00,-3.377959552747073158e+00
-3.843798917402396320e+00,-3.155546068274406313e+00,-1.098101629597760365e+00,-3.131723101674667831e+00,-4.386569710036575032e+00,-2.360624982831882157e+00,-1.025182537796205384e+00,-1.919469664254111585e+00,-3.178904800139600528e+00,-3.377959552747073158e+00
-3.843798917402396320e+00,-3.155546068274406313e+00,-1.797381528051170463e+00,-3.131723101674667831e+00,-4.386569710036575032e+00,-2.360624982831882157e+00,-1.025182537796205384e+00,-1.919469664254111585e+00,-3.178904800139600528e+00,-3.377959552747073158e+00
-3.843798917402396320e+00,-3.155546068274406313e+00,-1.797381528051170463e+00,-3.131723101674667831e+00,-4.386569710036575032e+00,-2.360624982831882157e+00,-1.025182537796205384e+00,-1.919469664254111585e+00,-3.178904800139600528e+00,-3.377959552747073158e+00
-3.843798917402396320e+00,-3.155546068274406313e+00,-1.797381528051170463e+00,-3.131723101674667831e+00,-4.386569710036575032e+00,-2.360624982831882157e+00,-1.025182537796205384e+00,-1.919469664254111585e+00,-3.178904800139600528e+00,-3.377959552747073158e+00
-3.843798917402396320e+00,-3.155546068274406313e+00,-1.797381528051170463e+00,-3.131723101674667831e+00,-4.386569710036575032e+00,-2.360624982831882157e+00,-1.025182537796205384e+00,-1.919469664254111585e+00,-3.178904800139600528e+00,-3.377959552747073158e+00
-3.843798917402396320e+00,-3.155546068274406313e+00,-1.797381528051170463e+00,-3.131723101674667831e+00,-4.386569710036575032e+00,-2.360624982831882157e+00,-1.025182537796205384e+00,-1.919469664254111585e+00,-3.178904800139600528e+00,-3.377959552747073158e+00
-3.843798917402396320e+00,-3.155546068274406313e+00,-1.797381528051170463e+00,-3.131723101674667831e+00,-4.386569710036575032e+00,-2.360624982831882157e+00,-1.025182537796205384e+00,-1.919469664254111585e+00,-3.178904800139600528e+00,-3.377959552747073158e+00
-3.843798917402396320e+00,-3.155546068274406313e+00,-1.797381528051170463e+00,-3.131723101674667831e+00,-4.386569710036575032e+00,-2.360624982831882157e+00,-1.025182537796205384e+00,-1.919469664254111585e+00,-3.178904800139600528e+00,-3.377959552747073158e+00
-3.843798917402396320e+00,-3.155546068274406313e+00,-1.797381528051170463e+00,-3.131723101674667831e+00,-4.386569710036575032e+00,-2.360624982831882157e+00,-1.025182537796205384e+00,-1.919469664254111585e+00,-3.178904800139600528e+00,-3.377959552747073158e+00
-3.843798917402396320e+00,-3.155546068274406313e+00,-1.797381528051170463e+00,-3.131723101674667831e+00,-4.386569710036575032e+00,-2.360624982831882157e+00,-1.025182537796205384e+00,-1.919469664254111585e+00,-3.178904800139600528e+00,-3.377959552747073158e+00
-3.843798917402396320e+00,-3.155546068274406313e+00,-1.797381528051170463e+00,-3.131723101674667831e+00,-4.386569710036575032e+00,-2.754885968003958574e+00,-1.025182537796205384e+00,-1.919469664254111585e+00,-3.316515232641072064e+00,-3.377959552747073158e+00
-3.843798917402396320e+00,-3.155546068274406313e+00,-1.797381528051170463e+00,-3.131723101674667831e+00,-4.386569710036575032e+00,-2.754885968003958574e+00,-1.025182537796205384e+00,-1.919469664254111585e+00,-3.316515232641072064e+00,-3.377959552747073158e+00
-3.843798917402396320e+00,-3.155546068274406313e+00,-1.797381528051170463e+00,-3.131723101674667831e+00,-4.386569710036575032e+00,-2.754885968003958574e+00,-1.025182537796205384e+00,-1.919469664254111585e+00,-3.316515232641072064e+00,-3.377959552747073158e+00
-3.843798917402396320e+00,-3.155546068274406313e+00,-1.797381528051170463e+00,-3.131723101674667831e+00,-4.386569710036575032e+00,-2.754885968003958574e+00,-1.025182537796205384e+00,-1.919469664254111585e+00,-3.316515232641072064e+00,-3.377959552747073158e+00
-3.843798917402396320e+00,-3.155546068274406313e+00,-1.797381528051170463e+00,-3.131723101674667831e+00,-4.386569710036575032e+00,-2.754885968003958574e+00,-1.025182537796205384e+00,-1.919469664254111585e+00,-3.316515232641072064e+00,-3.377959552747073158e+00
-3.843798917402396320e+00,-3.155546068274406313e+00,-1.797381528051170463e+00,-3.131723101674667831e+00,-4.386569710036575032e+00,-2.754885968003958574e+00,-1.025182537796205384e+00,-1.919469664254111585e+00,-3.316515232641072064e+00,-3.377959552747073158e+00
-3.843798917402396320e+00,-3.155546068274406313e+00,-1.797381528051170463e+00,-3.131723101674667831e+00,-4.386569710036575032e+00,-2.754885968003958574e+00,-1.025182537796205384e+00,-1.919469664254111585e+00,-3.316515232641072064e+00,-3.377959552747073158e+00
-3.843798917402396320e+00,-3.155546068274406313e+00,-1.797381528051170463e+00,-3.131723101674667831e+00,-4.386569710036575032e+00,-2.754885968003958574e+00,-1.025182537796205384e+00,-1.919469664254111585e+00,-3.766691368103331605e+00,-3.377959552747073158e+00
-3.843798917402396320e+00,-3.155546068274406313e+00,-1.797381528051170463e+00,-3.131723101674667831e+00,-4.386569710036575032e+00,-2.754885968003958574e+00,-1.025182537796205384e+00,-1.919469664254111585e+00,-3.766691368103331605e+00,-3.528864191472551148e+00
-3.843798917402396320e+00,-3.155546068274406313e+00,-1.797381528051170463e+00,-3.131723101674667831e+00,-4.386569710036575032e+00,-2.754885968003958574e+00,-1.025182537796205384e+00,-1.919469664254111585e+00,-3.766691368103331605e+00,-3.528864191472551148e+00
-3.843798917402396320e+00,-3.155546068274406313e+00,-1.797381528051170463e+00,-3.131723101674667831e+00,-4.386569710036575032e+00,-2.754885968003958574e+00,-1.025182537796205384e+00,-1.919469664254111585e+00,-3.766691368103331605e+00,-3.528864191472551148e+00
-3.843798917402396320e+00,-3.155546068274406313e+00,-1.797381528051170463e+00,-3.131723101674667831e+00,-4.386569710036575032e+00,-2.754885968003958574e+00,-1.025182537796205384e+00,-1.919469664254111585e+00,-3.766691368103331605e+00,-3.528864191472551148e+00
-3.843798917402396320e+00,-3.155546068274406313e+00,-1.797381528051170463e+00,-3.131723101674667831e+00,-4.472630084727033939e+00,-2.754885968003958574e+00,-1.025182537796205384e+00,-1.919469664254111585e+00,-3.766691368103331605e+00,-3.528864191472551148e+00
-3.843798917402396320e+00,-3.155546068274406313e+00,-1.797381528051170463e+00,-3.131723101674667831e+00,-4.472630084727033939e+00,-2.754885968003958574e+00,-1.090552453394495691e+00,-1.919469664254111585e+00,-3.766691368103331605e+00,-3.528864191472551148e+00
-3.843798917402396320e+00,-3.155546068274406313e+00,-1.797381528051170463e+00,-3.131723101674667831e+00,-4.472630084727033939e+00,-2.754885968003958574e+00,-1.090552453394495691e+00,-1.919469664254111585e+00,-3.766691368103331605e+00,-3.528864191472551148e+00
-3.843798917402396320e+00,-3.155546068274406313e+00,-1.797381528051170463e+00,-3.131723101674667831e+00,-4.472630084727033939e+00,-2.754885968003958574e+00,-1.090552453394495691e+00,-1.919469664254111585e+00,-3.766691368103331605e+00,-3.528864191472551148e+00
-3.843798917402396320e+00,-3.155546068274406313e+00,-1.797381528051170463e+00,-3.131723101674667831e+00,-4.472630084727033939e+00,-2.754885968003958574e+00,-1.090552453394495691e+00,-1.919469664254111585e+00,-3.766691368103331605e+00,-3.528864191472551148e+00
-3.843798917402396320e+00,-3.155546068274406313e+00,-1.797381528051170463e+00,-3.470115582426269718e+00,-4.472630084727033939e+00,-2.754885968003958574e+00,-1.090552453394495691e+00,-1.919469664254111585e+00,-3.766691368103331605e+00,-3.528864191472551148e+00
-3.843798917402396320e+00,-3.155546068274406313e+00,-1.797381528051170463e+00,-3.470115582426269718e+00,-4.472630084727033939e+00,-3.126281475656121689e+00,-1.090552453394495691e+00,-1.919469664254111585e+00,-3.766691368103331605e+00,-3.528864191472551148e+00
-3.843798917402396320e+00,-3.155546068274406313e+00,-1.797381528051170463e+00,-3.470115582426269718e+00,-4.472630084727033939e+00,-3.126281475656121689e+00,-1.090552453394495691e+00,-1.919469664254111585e+00,-3.766691368103331605e+00,-3.528864191472551148e+00
-3.843798917402396320e+00,-3.155546068274406313e+00,-1.797381528051170463e+00,-3.470115582426269718e+00,-4.472630084727033939e+00,-3.126281475656121689e+00,-1.090552453394495691e+00,-2.414048356947176455e+00,-3.766691368103331605e+00,-3.528864191472551148e+00
-3.843798917402396320e+00,-3.155546068274406313e+00,-1.797381528051170463e+00,-3.470115582426269718e+00,-4.472630084727033939e+00,-3.126281475656121689e+00,-1.090552453394495691e+00,-2.414048356947176455e+00,-3.766691368103331605e+00,-3.528864191472551148e+00
-3.843798917402396320e+00,-3.155546068274406313e+00,-1.797381528051170463e+00,-3.470115582426269718e+00,-4.472630084727033939e+00,-3.126281475656121689e+00,-1.090552453394495691e+00,-2.414048356947176455e+00,-3.766691368103331605e+00,-3.528864191472551148e+00
-3.843798917402396320e+00,-3.155546068274406313e+00,-1.797381528051170463e+00,-3.470115582426269718e+00,-4.472630084727033939e+00,-3.126281475656121689e+00,-1.090552453394495691e+00,-2.414048356947176455e+00,-3.766691368103331605e+00,-3.528864191472551148e+00
-3.843798917402396320e+00,-3.155546068274406313e+00,-1.797381528051170463e+00,-3.470115582426269718e+00,-4.472630084727033939e+00,-3.126281475656121689e+00,-1.090552453394495691e+00,-2.414048356947176455e+00,-3.766691368103331605e+00,-3.528864191472551148e+00
-3.843798917402396320e+00,-3.155546068274406313e+00,-1.797381528051170463e+00,-3.470115582426269718e+00,-4.472630084727033939e+00,-3.126281475656121689e+00,-1.090552453394495691e+00,-2.414048356947176455e+00,-3.766691368103331605e+00,-3.528864191472551148e+00
-3.843798917402396320e+00,-3.155546068274406313e+00,-1.797381528051170463e+00,-3.470115582426269718e+00,-4.472630084727033939e+00,-3.126281475656121689e+00,-1.090552453394495691e+00,-2.414048356947176455e+00,-3.766691368103331605e+00,-3.528864191472551148e+00
-3.843798917402396320e+00,-3.155546068274406313e+00,-1.797381528051170463e+00,-3.470115582426269718e+00,-4.472630084727033939e+00,-3.126281475656121689e+00,-1.090552453394495691e+00,-2.414048356947176455e+00,-3.766691368103331605e+00,-3.528864191472551148e+00
-3.843798917402396320e+00,-3.155546068274406313e+00,-1.797381528051170463e+00,-3.470115582426269718e+00,-4.472630084727033939e+00,-3.126281475656121689e+00,-1.090552453394495691e+00,-2.414048356947176455e+00,-3.766691368103331605e+00,-3.528864191472551148e+00
-3.843798917402396320e+00,-3.155546068274406313e+00,-1.797381528051170463e+00,-3.470115582426269718e+00,-4.472630084727033939e+00,-3.126281475656121689e+00,-1.090552453394495691e+00,-2.414048356947176455e+00,-3.766691368103331605e+00,-3.528864191472551148e+00
-3.843798917402396320e+00,-3.155546068274406313e+00,-1.797381528051170463e+00,-3.470115582426269718e+00,-4.977999481240830804e+00,-3.126281475656121689e+00,-1.090552453394495691e+00,-2.414048356947176455e+00,-3.766691368103331605e+00,-3.528864191472551148e+00
-3.843798917402396320e+00,-3.155546068274406313e+00,-1.797381528051170463e+00,-3.470115582426269718e+00,-4.977999481240830804e+00,-3.126281475656121689e+00,-1.090552453394495691e+00,-2.414048356947176455e+00,-3.766691368103331605e+00,-3.528864191472551148e+00
-3.843798917402396320e+00,-3.155546068274406313e+00,-1.797381528051170463e+00,-3.470115582426269718e+00,-4.977999481240830804e+00,-3.126281475656121689e+00,-1.090552453394495691e+00,-2.414048356947176455e+00,-3.766691368103331605e+00,-3.528864191472551148e+00
-3.843798917402396320e+00,-3.240674605120323903e+00,-1.797381528051170463e+00,-3.470115582426269718e+00,-4.977999481240830804e+00,-3.126281475656121689e+00,-1.090552453394495691e+00,-2.414048356947176455e+00,-3.766691368103331605e+00,-3.528864191472551148e+00
-3.843798917402396320e+00,-3.240674605120323903e+00,-1.797381528051170463e+00,-3.470115582426269718e+00,-4.977999481240830804e+00,-3.126281475656121689e+00,-1.090552453394495691e+00,-2.414048356947176455e+00,-3.766691368103331605e+00,-3.528864191472551148e+00
-3.843798917402396320e+00,-3.240674605120323903e+00,-1.797381528051170463e+00,-3.470115582426269718e+00,-4.977999481240830804e+00,-3.126281475656121689e+00,-1.090552453394495691e+00,-2.414048356947176455e+00,-3.766691368103331605e+00,-3.528864191472551148e+00
-3.843798917402396320e+00,-3.240674605120323903e+00,-1.797381528051170463e+00,-3.470115582426269718e+00,-4.977999481240830804e+00,-3.126281475656121689e+00,-1.090552453394495691e+00,-2.414048356947176455e+00,-3.766691368103331605e+00,-3.528864191472551148e+00
-3.843798917402396320e+00,-3.240674605120323903e+00,-1.797381528051170463e+00,-3.470115582426269718e+00,-4.977999481240830804e+00,-3.126281475656121689e+00,-1.090552453394495691e+00,-2.414048356947176455e+00,-3.869094900518276425e+00,-3.528864191472551148e+00
-3.843798917402396320e+00,-3.240674605120323903e+00,-1.797381528051170463e+00,-3.470115582426269718e+00,-4.977999481240830804e+00,-3.126281475656121689e+00,-1.090552453394495691e+00,-2.414048356947176455e+00,-3.869094900518276425e+00,-3.528864191472551148e+00
-3.843798917402396320e+00,-3.240674605120323903e+00,-1.797381528051170463e+00,-3.470115582426269718e+00,-4.977999481240830804e+00,-3.126281475656121689e+00,-1.090552453394495691e+00,-2.414048356947176455e+00,-3.869094900518276425e+00,-3.528864191472551148e+00
-3.843798917402396320e+00,-3.240674605120323903e+00,-1.797381528051170463e+00,-3.470115582426269718e+00,-4.977999481240830804e+00,-3.126281475656121689e+00,-1.090552453394495691e+00,-2.414048356947176455e+00,-3.869094900518276425e+00,-3.528864191472551148e+00
-3.843798917402396320e+00,-3.240674605120323903e+00,-1.797381528051170463e+00,-3.470115582426269718e+00,-4.977999481240830804e+00,-3.126281475656121689e+00,-1.090552453394495691e+00,-2.414048356947176455e+00,-3.869094900518276425e+00,-3.528864191472551148e+00
-3.843798917402396320e+00,-3.240674605120323903e+00,-1.797381528051170463e+00,-3.470115582426269718e+00,-4.977999481240830804e+00,-3.126281475656121689e+00,-1.090552453394495691e+00,-2.414048356947176455e+00,-3.869094900518276425e+00,-3.528864191472551148e+00
-3.843798917402396320e+00,-3.240674605120323903e+00,-1.797381528051170463e+00,-3.470115582426269718e+00,-4.977999481240830804e+00,-3.126281475656121689e+00,-1.090552453394495691e+00,-2.414048356947176455e+00,-3.869094900518276425e+00,-3.528864191472551148e+00
-3.843798917402396320e+00,-3.240674605120323903e+00,-1.797381528051170463e+00,-3.470115582426269718e+00,-4.977999481240830804e+00,-3.126281475656121689e+00,-1.090552453394495691e+00,-2.414048356947176455e+00,-3.869094900518276425e+00,-3.528864191472551148e+00
-3.843798917402396320e+00,-3.240674605120323903e+00,-1.797381528051170463e+00,-3.470115582426269718e+00,-4.977999481240830804e+00,-3.126281475656121689e+00,-1.090552453394495691e+00,-2.414048356947176455e+00,-3.869094900518276425e+00,-3.528864191472551148e+00
-3.843798917402396320e+00,-3.240674605120323903e+00,-1.797381528051170463e+00,-3.470115582426269718e+00,-4.977999481240830804e+00,-3.126281475656121689e+00,-1.090552453394495691e+00,-2.414048356947176455e+00,-3.869094900518276425e+00,-3.528864191472551148e+00
-3.843798917402396320e+00,-3.240674605120323903e+00,-1.797381528051170463e+00,-3.470115582426269718e+00,-4.977999481240830804e+00,-3.126281475656121689e+00,-1.090552453394495691e+00,-2.414048356947176455e+00,-3.869094900518276425e+00,-3.528864191472551148e+00
-3.843798917402396320e+00,-3.240674605120323903e+00,-1.797381528051170463e+00,-3.470115582426269718e+00,-4.977999481240830804e+00,-3.126281475656121689e+00,-1.090552453394495691e+00,-2.414048356947176455e+00,-3.869094900518276425e+00,-3.528864191472551148e+00
-3.843798917402396320e+00,-3.240674605120323903e+00,-1.797381528051170463e+00,-3.470115582426269718e+00,-4.977999481240830804e+00,-3.126281475656121689e+00,-1.090552453394495691e+00,-2.414048356947176455e+00,-3.869094900518276425e+00,-3.528864191472551148e+00
-3.843798917402396320e+00,-3.240674605120323903e+00,-1.908511379692924281e+00,-3.470115582426269718e+00,-4.977999481240830804e+00,-3.126281475656121689e+00,-1.090552453394495691e+00,-2.414048356947176455e+00,-3.869094900518276425e+00,-3.528864191472551148e+00
-3.843798917402396320e+00,-3.240674605120323903e+00,-1.908511379692924281e+00,-3.470115582426269718e+00,-5.066783217989208055e+00,-3.126281475656121689e+00,-1.090552453394495691e+00,-2.414048356947176455e+00,-3.869094900518276425e+00,-3.528864191472551148e+00
-3.843798917402396320e+00,-3.240674605120323903e+00,-1.908511379692924281e+00,-3.470115582426269718e+00,-5.066783217989208055e+00,-3.126281475656121689e+00,-1.090552453394495691e+00,-2.414048356947176455e+00,-3.869094900518276425e+00,-3.528864191472551148e+00
-3.843798917402396320e+00,-3.240674605120323903e+00,-1.908511379692924281e+00,-3.470115582426269718e+00,-5.066783217989208055e+00,-3.126281475656121689e+00,-1.090552453394495691e+00,-2.414048356947176455e+00,-3.869094900518276425e+00,-3.528864191472551148e+00
-3.843798917402396320e+00,-3.240674605120323903e+00,-1.908511379692924281e+00,-3.470115582426269718e+00,-5.066783217989208055e+00,-3.126281475656121689e+00,-1.090552453394495691e+00,-2.414048356947176455e+00,-3.869094900518276425e+00,-3.528864191472551148e+00
-3.843798917402396320e+00,-3.240674605120323903e+00,-1.908511379692924281e+00,-3.470115582426269718e+00,-5.066783217989208055e+00,-3.126281475656121689e+00,-1.181138197783348609e+00,-2.414048356947176455e+00,-3.869094900518276425e+00,-3.528864191472551148e+00
-3.843798917402396320e+00,-3.240674605120323903e+00,-1.908511379692924281e+00,-3.470115582426269718e+00,-5.066783217989208055e+00,-3.126281475656121689e+00,-1.181138197783348609e+00,-2.414048356947176455e+00,-3.869094900518276425e+00,-3.528864191472551148e+00
-3.843798917402396320e+00,-3.240674605120323903e+00,-1.908511379692924281e+00,-3.470115582426269718e+00,-5.066783217989208055e+00,-3.126281475656121689e+00,-1.181138197783348609e+00,-2.414048356947176455e+00,-3.869094900518276425e+00,-3.528864191472551148e+00
-3.843798917402396320e+00,-3.240674605120323903e+00,-1.908511379692924281e+00,-3.470115582426269718e+00,-5.066783217989208055e+00,-3.126281475656121689e+00,-1.181138197783348609e+00,-2.414048356947176455e+00,-4.357319531674000324e+00,-3.985213755875651742e+00
-3.843798917402396320e+00,-3.240674605120323903e+00,-1.908511379692924281e+00,-3.470115582426269718e+00,-5.066783217989208055e+00,-3.126281475656121689e+00,-1.181138197783348609e+00,-2.414048356947176455e+00,-4.357319531674000324e+00,-3.985213755875651742e+00
-3.843798917402396320e+00,-3.240674605120323903e+00,-1.908511379692924281e+00,-3.470115582426269718e+00,-5.066783217989208055e+00,-3.126281475656121689e+00,-1.181138197783348609e+00,-2.414048356947176455e+00,-4.357319531674000324e+00,-3.985213755875651742e+00
-3.843798917402396320e+00,-3.240674605120323903e+00,-1.908511379692924281e+00,-3.470115582426269718e+00,-5.066783217989208055e+00,-3.126281475656121689e+00,-1.181138197783348609e+00,-2.414048356947176455e+00,-4.357319531674000324e+00,-3.985213755875651742e+00
-3.843798917402396320e+00,-3.240674605120323903e+00,-1.908511379692924281e+00,-3.470115582426269718e+00,-5.066783217989208055e+00,-3.126281475656121689e+00,-1.181138197783348609e+00,-2.414048356947176455e+00,-4.357319531674000324e+00,-3.985213755875651742e+00
-3.843798917402396320e+00,-3.240674605120323903e+00,-1.908511379692924281e+00,-3.470115582426269718e+00,-5.066783217989208055e+00,-3.126281475656121689e+00,-1.181138197783348609e+00,-2.414048356947176455e+00,-4.357319531674000324e+00,-3.985213755875651742e+00
-3.843798917402396320e+00,-3.240674605120323903e+00,-1.908511379692924281e+00,-3.470115582426269718e+00,-5.066783217989208055e+00,-3.126281475656121689e+00,-1.543563752609246498e+00,-2.414048356947176455e+00,-4.357319531674000324e+00,-3.985213755875651742e+00
-3.843798917402396320e+00,-3.240674605120323903e+00,-2.275020238484088519e+00,-3.470115582426269718e+00,-5.066783217989208055e+00,-3.126281475656121689e+00,-1.543563752609246498e+00,-2.414048356947176455e+00,-4.357319531674000324e+00,-3.985213755875651742e+00
-3.843798917402396320e+00,-3.240674605120323903e+00,-2.275020238484088519e+00,-3.470115582426269718e+00,-5.066783217989208055e+00,-3.126281475656121689e+00,-1.543563752609246498e+00,-2.414048356947176455e+00,-4.357319531674000324e+00,-3.985213755875651742e+00
-3.843798917402396320e+00,-3.240674605120323903e+00,-2.275020238484088519e+00,-3.470115582426269718e+00,-5.066783217989208055e+00,-3.126281475656121689e+00,-1.543563752609246498e+00,-2.414048356947176455e+00,-4.357319531674000324e+00,-3.985213755875651742e+00
-3.843798917402396320e+00,-3.240674605120323903e+00,-2.275020238484088519e+00,-3.470115582426269718e+00,-5.066783217989208055e+00,-3.126281475656121689e+00,-1.543563752609246498e+00,-2.414048356947176455e+00,-4.357319531674000324e+00,-3.985213755875651742e+00
-3.843798917402396320e+00,-3.240674605120323903e+00,-2.275020238484088519e+00,-3.470115582426269718e+00,-5.066783217989208055e+00,-3.126281475656121689e+00,-1.543563752609246498e+00,-2.414048356947176455e+00,-4.357319531674000324e+00,-3.985213755875651742e+00
-3.843798917402396320e+00,-3.240674605120323903e+00,-2.275020238484088519e+00,-3.470115582426269718e+00,-5.066783217989208055e+00,-3.126281475656121689e+00,-1.543563752609246498e+00,-2.414048356947176455e+00,-4.357319531674000324e+00,-3.985213755875651742e+00
-3.843798917402396320e+00,-3.240674605120323903e+00,-2.275020238484088519e+00,-3.470115582426269718e+00,-5.066783217989208055e+00,-3.126281475656121689e+00,-1.543563752609246498e+00,-2.414048356947176455e+00,-4.357319531674000324e+00,-3.985213755875651742e+00
-3.843798917402396320e+00,-3.240674605120323903e+00,-2.275020238484088519e+00,-3.470115582426269718e+00,-5.066783217989208055e+00,-3.126281475656121689e+00,-1.543563752609246498e+00,-2.414048356947176455e+00,-4.357319531674000324e+00,-3.985213755875651742e+00
-3.843798917402396320e+00,-3.240674605120323903e+00,-2.275020238484088519e+00,-3.470115582426269718e+00,-5.066783217989208055e+00,-3.126281475656121689e+00,-1.543563752609246498e+00,-2.414048356947176455e+00,-4.357319531674000324e+00,-3.985213755875651742e+00
-3.843798917402396320e+00,-3.240674605120323903e+00,-2.275020238484088519e+00,-3.470115582426269718e+00,-5.066783217989208055e+00,-3.126281475656121689e+00,-1.543563752609246498e+00,-2.414048356947176455e+00,-4.357319531674000324e+00,-3.985213755875651742e+00
-3.843798917402396320e+00,-3.240674605120323903e+00,-2.275020238484088519e+00,-3.470115582426269718e+00,-5.066783217989208055e+00,-3.126281475656121689e+00,-1.543563752609246498e+00,-2.414048356947176455e+00,-4.357319531674000324e+00,-3.985213755875651742e+00
-3.843798917402396320e+00,-3.240674605120323903e+00,-2.275020238484088519e+00,-3.470115582426269718e+00,-5.066783217989208055e+00,-3.126281475656121689e+00,-1.543563752609246498e+00,-2.414048356947176455e+00,-4.357319531674000324e+00,-3.985213755875651742e+00
-3.843798917402396320e+00,-3.240674605120323903e+00,-2.275020238484088519e+00,-3.470115582426269718e+00,-5.066783217989208055e+00,-3.126281475656121689e+00,-1.543563752609246498e+00,-2.414048356947176455e+00,-4.357319531674000324e+00,-3.985213755875651742e+00
-3.843798917402396320e+00,-3.240674605120323903e+00,-2.275020238484088519e+00,-3.470115582426269718e+00,-5.066783217989208055e+00,-3.126281475656121689e+00,-1.543563752609246498e+00,-2.414048356947176455e+00,-4.357319531674000324e+00,-3.985213755875651742e+00
-3.843798917402396320e+00,-3.240674605120323903e+00,-2.275020238484088519e+00,-3.470115582426269718e+00,-5.066783217989208055e+00,-3.126281475656121689e+00,-1.543563752609246498e+00,-2.414048356947176455e+00,-4.357319531674000324e+00,-3.985213755875651742e+00
-3.843798917402396320e+00,-3.240674605120323903e+00,-2.275020238484088519e+00,-3.470115582426269718e+00,-5.066783217989208055e+00,-3.126281475656121689e+00,-1.543563752609246498e+00,-2.414048356947176455e+00,-4.357319531674000324e+00,-3.985213755875651742e+00
-3.843798917402396320e+00,-3.240674605120323903e+00,-2.275020238484088519e+00,-3.470115582426269718e+00,-5.066783217989208055e+00,-3.126281475656121689e+00,-1.543563752609246498e+00,-2.414048356947176455e+00,-4.357319531674000324e+00,-3.985213755875651742e+00
-3.843798917402396320e+00,-3.240674605120323903e+00,-2.275020238484088519e+00,-3.470115582426269718e+00,-5.066783217989208055e+00,-3.126281475656121689e+00,-1.543563752609246498e+00,-2.414048356947176455e+00,-4.357319531674000324e+00,-3.985213755875651742e+00
-3.843798917402396320e+00,-3.735210354274478561e+00,-2.275020238484088519e+00,-3.470115582426269718e+00,-5.066783217989208055e+00,-3.126281475656121689e+00,-1.543563752609246498e+00,-2.414048356947176455e+00,-4.357319531674000324e+00,-3.985213755875651742e+00
-3.843798917402396320e+00,-3.735210354274478561e+00,-2.275020238484088519e+00,-3.470115582426269718e+00,-5.066783217989208055e+00,-3.126281475656121689e+00,-1.543563752609246498e+00,-2.414048356947176455e+00,-4.357319531674000324e+00,-3.985213755875651742e+00
-3.843798917402396320e+00,-3.735210354274478561e+00,-2.275020238484088519e+00,-3.470115582426269718e+00,-5.066783217989208055e+00,-3.126281475656121689e+00,-2.068560905996807975e+00,-2.414048356947176455e+00,-4.357319531674000324e+00,-3.985213755875651742e+00
-3.843798917402396320e+00,-3.735210354274478561e+00,-2.275020238484088519e+00,-3.470115582426269718e+00,-5.066783217989208055e+00,-3.126281475656121689e+00,-2.068560905996807975e+00,-2.414048356947176455e+00,-4.357319531674000324e+00,-3.985213755875651742e+00
