1.021638093835936179e+00,-7.904082773586755817e-01,2.039233317648795563e+00,-3.235148000513340949e-01,1.752355896615052089e+00,-2.100738876500627850e+00,2.120276176316061800e+00,6.536079430585574057e-01,1.007728845644554339e+00,1.913283380040208037e+00
2.875219359104961292e-01,-7.904082773586755817e-01,1.041596479841977896e+00,-3.235148000513340949e-01,7.863775110851054517e-01,-2.100738876500627850e+00,2.120276176316061800e+00,2.149639093092148845e-01,1.007728845644554339e+00,1.809722005860338712e+00
2.875219359104961292e-01,-7.904082773586755817e-01,7.874623905053536044e-01,-9.292327915899611934e-01,-1.899940382035675557e-01,-2.100738876500627850e+00,1.980571393814681835e+00,-5.803512650747739698e-01,1.072524030948416723e-01,1.809722005860338712e+00
9.850344283078389662e-02,-7.904082773586755817e-01,7.874623905053536044e-01,-9.292327915899611934e-01,-1.899940382035675557e-01,-2.100738876500627850e+00,6.937571969108373426e-02,-5.803512650747739698e-01,1.072524030948416723e-01,1.555732602769835493e+00
9.850344283078389662e-02,-7.904082773586755817e-01,7.874623905053536044e-01,-9.292327915899611934e-01,-1.899940382035675557e-01,-2.100738876500627850e+00,6.937571969108373426e-02,-8.173209044613928276e-01,1.072524030948416723e-01,1.555732602769835493e+00
9.850344283078389662e-02,-7.904082773586755817e-01,7.874623905053536044e-01,-1.199086952098094461e+00,-1.067856007488271031e+00,-2.100738876500627850e+00,-2.602555528751123240e-02,-8.173209044613928276e-01,1.072524030948416723e-01,1.555732602769835493e+00
5.576183618208738202e-02,-7.904082773586755817e-01,7.874623905053536044e-01,-1.199086952098094461e+00,-1.067856007488271031e+00,-2.100738876500627850e+00,-2.602555528751123240e-02,-8.173209044613928276e-01,1.072524030948416723e-01,1.537505153275731784e+00
5.576183618208738202e-02,-7.904082773586755817e-01,7.874623905053536044e-01,-1.679895865770793861e+00,-1.067856007488271031e+00,-2.100738876500627850e+00,-2.602555528751123240e-02,-8.173209044613928276e-01,1.072524030948416723e-01,1.504526353822200901e+00
5.576183618208738202e-02,-7.904082773586755817e-01,4.726558628749628621e-01,-1.679895865770793861e+00,-1.067856007488271031e+00,-2.100738876500627850e+00,-2.602555528751123240e-02,-8.173209044613928276e-01,1.072524030948416723e-01,1.504526353822200901e+00
5.576183618208738202e-02,-7.904082773586755817e-01,-5.058614952160673389e-02,-2.547140103109225784e+00,-1.462416563148384752e+00,-2.100738876500627850e+00,-2.602555528751123240e-02,-8.173209044613928276e-01,1.072524030948416723e-01,1.504526353822200901e+00
5.576183618208738202e-02,-7.904082773586755817e-01,-5.058614952160673389e-02,-2.547140103109225784e+00,-1.462416563148384752e+00,-2.100738876500627850e+00,-2.602555528751123240e-02,-8.173209044613928276e-01,-1.303051916025630141e-01,1.504526353822200901e+00
5.576183618208738202e-02,-7.904082773586755817e-01,-1.505662651831879417e-01,-2.547140103109225784e+00,-1.462416563148384752e+00,-2.100738876500627850e+00,-2.602555528751123240e-02,-9.432474342189319794e-01,-1.830608120052107934e-01,1.197425484657913319e+00
5.576183618208738202e-02,-7.904082773586755817e-01,-2.043787091192691696e-01,-2.547140103109225784e+00,-1.462416563148384752e+00,-2.100738876500627850e+00,-2.602555528751123240e-02,-9.432474342189319794e-01,-1.830608120052107934e-01,7.871189589356333283e-01
5.576183618208738202e-02,-7.904082773586755817e-01,-2.043787091192691696e-01,-2.547140103109225784e+00,-1.462416563148384752e+00,-2.100738876500627850e+00,-2.602555528751123240e-02,-9.432474342189319794e-01,-1.830608120052107934e-01,7.871189589356333283e-01
5.576183618208738202e-02,-7.904082773586755817e-01,-2.043787091192691696e-01,-2.547140103109225784e+00,-1.462416563148384752e+00,-2.100738876500627850e+00,-2.602555528751123240e-02,-9.432474342189319794e-01,-8.752819708006350785e-01,7.871189589356333283e-01
5.576183618208738202e-02,-7.904082773586755817e-01,-6.818994020356624608e-01,-2.547140103109225784e+00,-1.462416563148384752e+00,-2.100738876500627850e+00,-2.602555528751123240e-02,-9.432474342189319794e-01,-8.752819708006350785e-01,7.871189589356333283e-01
5.576183618208738202e-02,-7.904082773586755817e-01,-6.818994020356624608e-01,-2.547140103109225784e+00,-1.462416563148384752e+00,-2.100738876500627850e+00,-2.602555528751123240e-02,-9.432474342189319794e-01,-8.752819708006350785e-01,7.871189589356333283e-01
5.576183618208738202e-02,-7.904082773586755817e-01,-6.818994020356624608e-01,-2.547140103109225784e+00,-1.462416563148384752e+00,-2.100738876500627850e+00,-2.602555528751123240e-02,-9.432474342189319794e-01,-8.752819708006350785e-01,7.871189589356333283e-01
5.576183618208738202e-02,-7.904082773586755817e-01,-6.818994020356624608e-01,-2.547140103109225784e+00,-1.462416563148384752e+00,-2.100738876500627850e+00,-2.602555528751123240e-02,-9.432474342189319794e-01,-8.752819708006350785e-01,7.871189589356333283e-01
5.576183618208738202e-02,-9.776431243192739151e-01,-6.818994020356624608e-01,-2.547140103109225784e+00,-1.857161167086033515e+00,-2.100738876500627850e+00,-2.602555528751123240e-02,-9.432474342189319794e-01,-8.752819708006350785e-01,7.871189589356333283e-01
5.576183618208738202e-02,-9.776431243192739151e-01,-6.818994020356624608e-01,-2.547140103109225784e+00,-1.857161167086033515e+00,-2.100738876500627850e+00,-2.602555528751123240e-02,-1.282744856025248792e+00,-8.752819708006350785e-01,7.871189589356333283e-01
5.576183618208738202e-02,-9.776431243192739151e-01,-6.818994020356624608e-01,-2.547140103109225784e+00,-1.857161167086033515e+00,-2.100738876500627850e+00,-2.602555528751123240e-02,-1.282744856025248792e+00,-8.752819708006350785e-01,7.871189589356333283e-01
5.576183618208738202e-02,-9.776431243192739151e-01,-6.818994020356624608e-01,-2.547140103109225784e+00,-1.857161167086033515e+00,-2.100738876500627850e+00,-2.602555528751123240e-02,-1.282744856025248792e+00,-8.752819708006350785e-01,7.871189589356333283e-01
5.576183618208738202e-02,-9.776431243192739151e-01,-6.818994020356624608e-01,-2.547140103109225784e+00,-1.857161167086033515e+00,-2.100738876500627850e+00,-2.602555528751123240e-02,-1.282744856025248792e+00,-8.752819708006350785e-01,7.871189589356333283e-01
5.576183618208738202e-02,-9.776431243192739151e-01,-6.818994020356624608e-01,-2.547140103109225784e+00,-1.857161167086033515e+00,-2.100738876500627850e+00,-2.602555528751123240e-02,-1.282744856025248792e+00,-8.752819708006350785e-01,7.871189589356333283e-01
5.576183618208738202e-02,-9.776431243192739151e-01,-6.818994020356624608e-01,-2.547140103109225784e+00,-1.857161167086033515e+00,-2.100738876500627850e+00,-2.602555528751123240e-02,-1.282744856025248792e+00,-8.752819708006350785e-01,7.871189589356333283e-01
5.576183618208738202e-02,-9.776431243192739151e-01,-6.818994020356624608e-01,-2.547140103109225784e+00,-1.857161167086033515e+00,-2.100738876500627850e+00,-2.602555528751123240e-02,-1.282744856025248792e+00,-8.752819708006350785e-01,7.871189589356333283e-01
5.576183618208738202e-02,-9.776431243192739151e-01,-6.818994020356624608e-01,-2.547140103109225784e+00,-1.857161167086033515e+00,-2.100738876500627850e+00,-2.602555528751123240e-02,-1.282744856025248792e+00,-8.752819708006350785e-01,7.871189589356333283e-01
5.576183618208738202e-02,-9.776431243192739151e-01,-6.818994020356624608e-01,-2.547140103109225784e+00,-1.857161167086033515e+00,-2.100738876500627850e+00,-2.602555528751123240e-02,-1.282744856025248792e+00,-8.752819708006350785e-01,7.871189589356333283e-01
5.576183618208738202e-02,-9.776431243192739151e-01,-6.818994020356624608e-01,-2.547140103109225784e+00,-1.857161167086033515e+00,-2.100738876500627850e+00,-2.602555528751123240e-02,-1.282744856025248792e+00,-8.752819708006350785e-01,7.871189589356333283e-01
5.576183618208738202e-02,-9.776431243192739151e-01,-6.818994020356624608e-01,-2.547140103109225784e+00,-1.857161167086033515e+00,-2.100738876500627850e+00,-2.602555528751123240e-02,-1.282744856025248792e+00,-9.499478578214474167e-01,7.871189589356333283e-01
5.576183618208738202e-02,-9.776431243192739151e-01,-6.818994020356624608e-01,-2.547140103109225784e+00,-1.857161167086033515e+00,-2.100738876500627850e+00,-2.602555528751123240e-02,-1.282744856025248792e+00,-9.499478578214474167e-01,7.871189589356333283e-01
5.576183618208738202e-02,-9.776431243192739151e-01,-6.818994020356624608e-01,-2.547140103109225784e+00,-1.857161167086033515e+00,-2.100738876500627850e+00,-2.602555528751123240e-02,-1.282744856025248792e+00,-9.499478578214474167e-01,7.871189589356333283e-01
5.576183618208738202e-02,-9.776431243192739151e-01,-6.818994020356624608e-01,-2.547140103109225784e+00,-1.857161167086033515e+00,-2.100738876500627850e+00,-2.602555528751123240e-02,-1.282744856025248792e+00,-9.499478578214474167e-01,7.871189589356333283e-01
5.576183618208738202e-02,-9.776431243192739151e-01,-6.818994020356624608e-01,-2.547140103109225784e+00,-1.857161167086033515e+00,-2.100738876500627850e+00,-2.602555528751123240e-02,-1.282744856025248792e+00,-9.499478578214474167e-01,7.871189589356333283e-01
5.576183618208738202e-02,-9.776431243192739151e-01,-6.818994020356624608e-01,-2.547140103109225784e+00,-1.857161167086033515e+00,-2.100738876500627850e+00,-2.602555528751123240e-02,-1.282744856025248792e+00,-9.499478578214474167e-01,7.871189589356333283e-01
-3.932520616442938266e-01,-9.776431243192739151e-01,-6.818994020356624608e-01,-2.547140103109225784e+00,-1.857161167086033515e+00,-2.100738876500627850e+00,-2.602555528751123240e-02,-1.450329250106994206e+00,-9.499478578214474167e-01,7.871189589356333283e-01
-5.569966580735895567e-01,-9.776431243192739151e-01,-6.818994020356624608e-01,-2.547140103109225784e+00,-1.857161167086033515e+00,-2.100738876500627850e+00,-2.602555528751123240e-02,-1.450329250106994206e+00,-9.499478578214474167e-01,7.871189589356333283e-01
-9.760440474206854011e-01,-1.246512844066818282e+00,-6.818994020356624608e-01,-2.547140103109225784e+00,-1.857161167086033515e+00,-2.100738876500627850e+00,-2.602555528751123240e-02,-1.450329250106994206e+00,-9.499478578214474167e-01,7.871189589356333283e-01
-9.760440474206854011e-01,-1.246512844066818282e+00,-6.818994020356624608e-01,-2.547140103109225784e+00,-1.857161167086033515e+00,-2.100738876500627850e+00,-2.602555528751123240e-02,-1.450329250106994206e+00,-9.499478578214474167e-01,8.621587154721278845e-02
-9.760440474206854011e-01,-1.246512844066818282e+00,-6.818994020356624608e-01,-2.547140103109225784e+00,-1.857161167086033515e+00,-2.100738876500627850e+00,-2.602555528751123240e-02,-1.748622880220320530e+00,-9.499478578214474167e-01,8.621587154721278845e-02
-1.725445477182702358e+00,-1.246512844066818282e+00,-6.818994020356624608e-01,-2.547140103109225784e+00,-1.857161167086033515e+00,-2.100738876500627850e+00,-7.304048727538116348e-02,-1.748622880220320530e+00,-9.499478578214474167e-01,8.621587154721278845e-02
-1.725445477182702358e+00,-2.525439907371377579e+00,-6.818994020356624608e-01,-2.547140103109225784e+00,-1.857161167086033515e+00,-2.100738876500627850e+00,-1.569822634486849888e-01,-1.748622880220320530e+00,-9.499478578214474167e-01,8.621587154721278845e-02
-1.725445477182702358e+00,-2.525439907371377579e+00,-6.818994020356624608e-01,-2.547140103109225784e+00,-1.857161167086033515e+00,-2.100738876500627850e+00,-1.569822634486849888e-01,-1.748622880220320530e+00,-9.499478578214474167e-01,8.621587154721278845e-02
-1.725445477182702358e+00,-2.525439907371377579e+00,-9.571485810251509907e-01,-2.547140103109225784e+00,-1.857161167086033515e+00,-2.100738876500627850e+00,-1.569822634486849888e-01,-1.748622880220320530e+00,-9.499478578214474167e-01,8.621587154721278845e-02
-1.725445477182702358e+00,-2.525439907371377579e+00,-9.571485810251509907e-01,-2.563894995649247388e+00,-1.857161167086033515e+00,-2.100738876500627850e+00,-1.569822634486849888e-01,-1.748622880220320530e+00,-9.499478578214474167e-01,8.621587154721278845e-02
-1.725445477182702358e+00,-2.525439907371377579e+00,-1.634303143171490946e+00,-2.563894995649247388e+00,-1.857161167086033515e+00,-2.100738876500627850e+00,-1.569822634486849888e-01,-1.748622880220320530e+00,-9.499478578214474167e-01,8.621587154721278845e-02
-1.725445477182702358e+00,-2.525439907371377579e+00,-1.634303143171490946e+00,-2.563894995649247388e+00,-1.857161167086033515e+00,-2.100738876500627850e+00,-1.569822634486849888e-01,-1.748622880220320530e+00,-9.499478578214474167e-01,8.621587154721278845e-02
-1.970245614672859968e+00,-2.525439907371377579e+00,-1.634303143171490946e+00,-2.563894995649247388e+00,-1.857161167086033515e+00,-2.100738876500627850e+00,-1.569822634486849888e-01,-1.748622880220320530e+00,-9.499478578214474167e-01,8.621587154721278845e-02
-1.970245614672859968e+00,-2.525439907371377579e+00,-1.634303143171490946e+00,-2.563894995649247388e+00,-1.857161167086033515e+00,-2.100738876500627850e+00,-2.479608886376062082e-01,-1.748622880220320530e+00,-9.499478578214474167e-01,8.621587154721278845e-02
-1.970245614672859968e+00,-2.525439907371377579e+00,-1.634303143171490946e+00,-2.563894995649247388e+00,-1.857161167086033515e+00,-2.100738876500627850e+00,-2.479608886376062082e-01,-1.749833923603843822e+00,-9.499478578214474167e-01,8.621587154721278845e-02
-2.081706480661361436e+00,-2.525439907371377579e+00,-1.634303143171490946e+00,-2.563894995649247388e+00,-1.857161167086033515e+00,-2.100738876500627850e+00,-4.583331712986461470e-01,-1.749833923603843822e+00,-9.499478578214474167e-01,8.621587154721278845e-02
-2.081706480661361436e+00,-2.525439907371377579e+00,-1.634303143171490946e+00,-2.563894995649247388e+00,-1.857161167086033515e+00,-2.100738876500627850e+00,-4.583331712986461470e-01,-1.749833923603843822e+00,-9.499478578214474167e-01,8.621587154721278845e-02
-2.081706480661361436e+00,-2.525439907371377579e+00,-1.634303143171490946e+00,-2.563894995649247388e+00,-1.857161167086033515e+00,-2.100738876500627850e+00,-4.583331712986461470e-01,-1.749833923603843822e+00,-9.499478578214474167e-01,8.621587154721278845e-02
-2.081706480661361436e+00,-2.525439907371377579e+00,-1.634303143171490946e+00,-2.575047160076622266e+00,-1.857161167086033515e+00,-2.100738876500627850e+00,-4.583331712986461470e-01,-1.749833923603843822e+00,-9.499478578214474167e-01,8.621587154721278845e-02
-2.081706480661361436e+00,-2.525439907371377579e+00,-1.634303143171490946e+00,-2.575047160076622266e+00,-1.857161167086033515e+00,-2.100738876500627850e+00,-4.583331712986461470e-01,-1.749833923603843822e+00,-9.499478578214474167e-01,8.621587154721278845e-02
-2.081706480661361436e+00,-2.525439907371377579e+00,-1.634303143171490946e+00,-2.575047160076622266e+00,-1.857161167086033515e+00,-2.100738876500627850e+00,-4.583331712986461470e-01,-1.749833923603843822e+00,-9.499478578214474167e-01,8.621587154721278845e-02
-2.081706480661361436e+00,-2.525439907371377579e+00,-1.634303143171490946e+00,-2.575047160076622266e+00,-1.857161167086033515e+00,-2.100738876500627850e+00,-4.583331712986461470e-01,-1.749833923603843822e+00,-9.499478578214474167e-01,8.621587154721278845e-02
-2.081706480661361436e+00,-2.525439907371377579e+00,-1.634303143171490946e+00,-2.575047160076622266e+00,-1.857161167086033515e+00,-2.100738876500627850e+00,-4.583331712986461470e-01,-1.749833923603843822e+00,-9.499478578214474167e-01,8.621587154721278845e-02
-2.081706480661361436e+00,-2.525439907371377579e+00,-1.634303143171490946e+00,-2.575047160076622266e+00,-1.857161167086033515e+00,-2.100738876500627850e+00,-4.583331712986461470e-01,-1.749833923603843822e+00,-9.499478578214474167e-01,8.621587154721278845e-02
-2.081706480661361436e+00,-2.525439907371377579e+00,-1.634303143171490946e+00,-2.575047160076622266e+00,-1.857161167086033515e+00,-2.100738876500627850e+00,-4.583331712986461470e-01,-1.749833923603843822e+00,-1.552701059365425129e+00,8.621587154721278845e-02
-2.081706480661361436e+00,-3.123515066295750486e+00,-1.634303143171490946e+00,-2.575047160076622266e+00,-1.857161167086033515e+00,-2.100738876500627850e+00,-4.583331712986461470e-01,-1.749833923603843822e+00,-1.552701059365425129e+00,8.621587154721278845e-02
-2.081706480661361436e+00,-3.123515066295750486e+00,-1.634303143171490946e+00,-2.575047160076622266e+00,-1.857161167086033515e+00,-2.100738876500627850e+00,-6.913617343117992586e-01,-1.749833923603843822e+00,-1.552701059365425129e+00,8.621587154721278845e-02
-2.081706480661361436e+00,-3.123515066295750486e+00,-1.634303143171490946e+00,-2.575047160076622266e+00,-1.857161167086033515e+00,-2.100738876500627850e+00,-6.913617343117992586e-01,-1.749833923603843822e+00,-1.552701059365425129e+00,8.621587154721278845e-02
-2.081706480661361436e+00,-3.123515066295750486e+00,-1.634303143171490946e+00,-2.575047160076622266e+00,-1.857161167086033515e+00,-2.100738876500627850e+00,-6.913617343117992586e-01,-1.749833923603843822e+00,-1.552701059365425129e+00,8.621587154721278845e-02
-2.081706480661361436e+00,-3.123515066295750486e+00,-1.855902587935195136e+00,-2.575047160076622266e+00,-1.857161167086033515e+00,-2.100738876500627850e+00,-7.530835501246995189e-01,-2.307194880322279928e+00,-1.552701059365425129e+00,8.621587154721278845e-02
-2.081706480661361436e+00,-3.123515066295750486e+00,-2.055601845579325015e+00,-2.575047160076622266e+00,-1.857161167086033515e+00,-2.100738876500627850e+00,-7.530835501246995189e-01,-2.307194880322279928e+00,-1.552701059365425129e+00,8.621587154721278845e-02
-2.081706480661361436e+00,-3.123515066295750486e+00,-2.055601845579325015e+00,-2.575047160076622266e+00,-1.857161167086033515e+00,-2.100738876500627850e+00,-7.530835501246995189e-01,-2.307194880322279928e+00,-1.552701059365425129e+00,-4.099767473443522575e-02
-2.081706480661361436e+00,-3.123515066295750486e+00,-2.055601845579325015e+00,-2.575047160076622266e+00,-1.857161167086033515e+00,-2.100738876500627850e+00,-7.530835501246995189e-01,-2.307194880322279928e+00,-1.552701059365425129e+00,-4.099767473443522575e-02
-2.081706480661361436e+00,-3.123515066295750486e+00,-2.055601845579325015e+00,-2.575047160076622266e+00,-1.857161167086033515e+00,-2.100738876500627850e+00,-7.530835501246995189e-01,-2.307194880322279928e+00,-1.552701059365425129e+00,-3.260566642722725339e-01
-2.081706480661361436e+00,-3.123515066295750486e+00,-2.055601845579325015e+00,-2.575047160076622266e+00,-1.857161167086033515e+00,-2.100738876500627850e+00,-7.530835501246995189e-01,-4.210760996516410337e+00,-1.552701059365425129e+00,-3.260566642722725339e-01
-2.559094024564354974e+00,-3.123515066295750486e+00,-2.055601845579325015e+00,-2.575047160076622266e+00,-1.857161167086033515e+00,-2.100738876500627850e+00,-7.530835501246995189e-01,-4.210760996516410337e+00,-1.552701059365425129e+00,-3.260566642722725339e-01
-2.559094024564354974e+00,-3.123515066295750486e+00,-2.055601845579325015e+00,-2.575047160076622266e+00,-1.857161167086033515e+00,-2.100738876500627850e+00,-7.530835501246995189e-01,-4.210760996516410337e+00,-1.552701059365425129e+00,-3.260566642722725339e-01
-2.559094024564354974e+00,-3.123515066295750486e+00,-2.055601845579325015e+00,-2.575047160076622266e+00,-1.857161167086033515e+00,-2.100738876500627850e+00,-7.530835501246995189e-01,-4.780501381934333160e+00,-1.552701059365425129e+00,-3.260566642722725339e-01
-2.559094024564354974e+00,-3.123515066295750486e+00,-2.061197813570306181e+00,-2.575047160076622266e+00,-1.857161167086033515e+00,-2.100738876500627850e+00,-7.530835501246995189e-01,-4.780501381934333160e+00,-1.552701059365425129e+00,-3.260566642722725339e-01
-2.559094024564354974e+00,-3.123515066295750486e+00,-2.182914889136171155e+00,-2.575047160076622266e+00,-1.857161167086033515e+00,-2.100738876500627850e+00,-7.530835501246995189e-01,-4.780501381934333160e+00,-1.552701059365425129e+00,-3.260566642722725339e-01
-2.559094024564354974e+00,-3.123515066295750486e+00,-2.182914889136171155e+00,-2.575047160076622266e+00,-1.857161167086033515e+00,-2.100738876500627850e+00,-7.530835501246995189e-01,-5.726417483285251464e+00,-1.552701059365425129e+00,-3.260566642722725339e-01
-2.559094024564354974e+00,-3.123515066295750486e+00,-2.182914889136171155e+00,-2.575047160076622266e+00,-1.857161167086033515e+00,-2.100738876500627850e+00,-7.530835501246995189e-01,-5.726417483285251464e+00,-1.552701059365425129e+00,-3.260566642722725339e-01
-2.559094024564354974e+00,-3.123515066295750486e+00,-2.182914889136171155e+00,-2.575047160076622266e+00,-1.857161167086033515e+00,-2.100738876500627850e+00,-7.530835501246995189e-01,-5.726417483285251464e+00,-1.552701059365425129e+00,-3.260566642722725339e-01
-2.559094024564354974e+00,-3.123515066295750486e+00,-2.182914889136171155e+00,-2.575047160076622266e+00,-1.857161167086033515e+00,-2.100738876500627850e+00,-7.530835501246995189e-01,-5.726417483285251464e+00,-1.552701059365425129e+00,-3.260566642722725339e-01
-2.559094024564354974e+00,-3.123515066295750486e+00,-2.182914889136171155e+00,-2.575047160076622266e+00,-1.857161167086033515e+00,-2.100738876500627850e+00,-7.530835501246995189e-01,-5.726417483285251464e+00,-1.552701059365425129e+00,-3.260566642722725339e-01
-2.559094024564354974e+00,-3.123515066295750486e+00,-2.182914889136171155e+00,-2.575047160076622266e+00,-1.857161167086033515e+00,-2.100738876500627850e+00,-7.530835501246995189e-01,-5.726417483285251464e+00,-1.552701059365425129e+00,-3.260566642722725339e-01
-2.559094024564354974e+00,-3.123515066295750486e+00,-2.182914889136171155e+00,-2.575047160076622266e+00,-1.857161167086033515e+00,-2.100738876500627850e+00,-7.530835501246995189e-01,-5.726417483285251464e+00,-1.552701059365425129e+00,-3.260566642722725339e-01
-2.559094024564354974e+00,-3.123515066295750486e+00,-2.182914889136171155e+00,-2.575047160076622266e+00,-1.857161167086033515e+00,-2.100738876500627850e+00,-7.530835501246995189e-01,-5.726417483285251464e+00,-1.552701059365425129e+00,-3.260566642722725339e-01
-2.559094024564354974e+00,-3.123515066295750486e+00,-2.182914889136171155e+00,-2.575047160076622266e+00,-1.963842447738286978e+00,-2.100738876500627850e+00,-7.530835501246995189e-01,-5.726417483285251464e+00,-1.552701059365425129e+00,-3.260566642722725339e-01
-2.559094024564354974e+00,-3.123515066295750486e+00,-2.182914889136171155e+00,-2.575047160076622266e+00,-1.963842447738286978e+00,-2.100738876500627850e+00,-8.070907838163935422e-01,-5.726417483285251464e+00,-1.552701059365425129e+00,-3.260566642722725339e-01
-2.559094024564354974e+00,-3.123515066295750486e+00,-2.182914889136171155e+00,-2.575047160076622266e+00,-1.963842447738286978e+00,-2.100738876500627850e+00,-8.070907838163935422e-01,-5.726417483285251464e+00,-1.552701059365425129e+00,-3.313789043128078649e-01
-2.559094024564354974e+00,-3.123515066295750486e+00,-2.182914889136171155e+00,-2.575047160076622266e+00,-1.963842447738286978e+00,-2.100738876500627850e+00,-8.070907838163935422e-01,-5.726417483285251464e+00,-1.552701059365425129e+00,-7.313974709603582314e-01
-2.559094024564354974e+00,-3.123515066295750486e+00,-2.182914889136171155e+00,-2.575047160076622266e+00,-1.963842447738286978e+00,-2.100738876500627850e+00,-8.070907838163935422e-01,-5.726417483285251464e+00,-1.552701059365425129e+00,-7.313974709603582314e-01
-2.559094024564354974e+00,-3.123515066295750486e+00,-2.182914889136171155e+00,-2.575047160076622266e+00,-1.963842447738286978e+00,-2.100738876500627850e+00,-8.070907838163935422e-01,-5.726417483285251464e+00,-1.552701059365425129e+00,-7.313974709603582314e-01
-2.559094024564354974e+00,-3.123515066295750486e+00,-2.182914889136171155e+00,-2.575047160076622266e+00,-1.963842447738286978e+00,-2.100738876500627850e+00,-8.070907838163935422e-01,-5.726417483285251464e+00,-1.676750649494314294e+00,-7.313974709603582314e-01
-2.559094024564354974e+00,-3.123515066295750486e+00,-2.182914889136171155e+00,-2.575047160076622266e+00,-1.963842447738286978e+00,-2.100738876500627850e+00,-8.070907838163935422e-01,-5.726417483285251464e+00,-1.676750649494314294e+00,-7.313974709603582314e-01
-2.559094024564354974e+00,-3.123515066295750486e+00,-2.182914889136171155e+00,-2.575047160076622266e+00,-1.963842447738286978e+00,-2.100738876500627850e+00,-8.070907838163935422e-01,-5.726417483285251464e+00,-1.676750649494314294e+00,-7.313974709603582314e-01
-2.559094024564354974e+00,-3.123515066295750486e+00,-2.348751543106605943e+00,-2.575047160076622266e+00,-1.963842447738286978e+00,-2.100738876500627850e+00,-8.070907838163935422e-01,-5.726417483285251464e+00,-1.676750649494314294e+00,-7.313974709603582314e-01
-2.559094024564354974e+00,-3.123515066295750486e+00,-2.348751543106605943e+00,-2.575047160076622266e+00,-1.963842447738286978e+00,-2.100738876500627850e+00,-8.070907838163935422e-01,-5.726417483285251464e+00,-2.002253632885447665e+00,-7.313974709603582314e-01
-2.559094024564354974e+00,-3.123515066295750486e+00,-2.348751543106605943e+00,-2.575047160076622266e+00,-1.963842447738286978e+00,-2.100738876500627850e+00,-8.070907838163935422e-01,-5.726417483285251464e+00,-2.002253632885447665e+00,-7.313974709603582314e-01
-2.559094024564354974e+00,-3.123515066295750486e+00,-2.348751543106605943e+00,-2.575047160076622266e+00,-1.963842447738286978e+00,-2.100738876500627850e+00,-8.070907838163935422e-01,-5.726417483285251464e+00,-2.002253632885447665e+00,-7.313974709603582314e-01
-2.559094024564354974e+00,-3.123515066295750486e+00,-2.348751543106605943e+00,-2.575047160076622266e+00,-1.963842447738286978e+00,-2.100738876500627850e+00,-8.070907838163935422e-01,-5.726417483285251464e+00,-2.002253632885447665e+00,-1.312897286493376114e+00
-2.559094024564354974e+00,-3.123515066295750486e+00,-2.348751543106605943e+00,-2.575047160076622266e+00,-1.963842447738286978e+00,-2.100738876500627850e+00,-8.070907838163935422e-01,-5.726417483285251464e+00,-2.002253632885447665e+00,-1.312897286493376114e+00
-2.559094024564354974e+00,-3.123515066295750486e+00,-2.348751543106605943e+00,-2.575047160076622266e+00,-1.963842447738286978e+00,-2.100738876500627850e+00,-8.070907838163935422e-01,-5.726417483285251464e+00,-2.002253632885447665e+00,-1.312897286493376114e+00
-2.559094024564354974e+00,-3.123515066295750486e+00,-2.348751543106605943e+00,-2.575047160076622266e+00,-1.963842447738286978e+00,-2.100738876500627850e+00,-8.070907838163935422e-01,-5.726417483285251464e+00,-2.002253632885447665e+00,-1.312897286493376114e+00
-2.559094024564354974e+00,-3.123515066295750486e+00,-2.348751543106605943e+00,-3.353580629720236406e+00,-1.963842447738286978e+00,-2.100738876500627850e+00,-8.070907838163935422e-01,-5.726417483285251464e+00,-2.002253632885447665e+00,-1.312897286493376114e+00
-2.559094024564354974e+00,-3.123515066295750486e+00,-2.348751543106605943e+00,-3.353580629720236406e+00,-1.963842447738286978e+00,-2.100738876500627850e+00,-8.070907838163935422e-01,-5.726417483285251464e+00,-2.002253632885447665e+00,-1.312897286493376114e+00
-2.559094024564354974e+00,-3.123515066295750486e+00,-2.348751543106605943e+00,-3.353580629720236406e+00,-1.963842447738286978e+00,-2.100738876500627850e+00,-8.070907838163935422e-01,-5.726417483285251464e+00,-2.002253632885447665e+00,-1.312897286493376114e+00
-2.559094024564354974e+00,-3.123515066295750486e+00,-2.348751543106605943e+00,-3.353580629720236406e+00,-1.963842447738286978e+00,-2.100738876500627850e+00,-8.070907838163935422e-01,-5.726417483285251464e+00,-2.002253632885447665e+00,-1.312897286493376114e+00
-2.559094024564354974e+00,-3.123515066295750486e+00,-2.348751543106605943e+00,-3.353580629720236406e+00,-1.963842447738286978e+00,-2.100738876500627850e+00,-8.070907838163935422e-01,-5.726417483285251464e+00,-2.002253632885447665e+00,-1.312897286493376114e+00
-2.559094024564354974e+00,-3.123515066295750486e+00,-2.348751543106605943e+00,-3.353580629720236406e+00,-1.963842447738286978e+00,-2.100738876500627850e+00,-8.070907838163935422e-01,-5.726417483285251464e+00,-2.002253632885447665e+00,-1.312897286493376114e+00
-2.559094024564354974e+00,-3.123515066295750486e+00,-2.348751543106605943e+00,-3.353580629720236406e+00,-1.963842447738286978e+00,-2.100738876500627850e+00,-8.070907838163935422e-01,-5.726417483285251464e+00,-2.002253632885447665e+00,-1.312897286493376114e+00
-2.559094024564354974e+00,-3.123515066295750486e+00,-2.348751543106605943e+00,-3.353580629720236406e+00,-1.963842447738286978e+00,-2.100738876500627850e+00,-8.070907838163935422e-01,-5.726417483285251464e+00,-2.002253632885447665e+00,-1.312897286493376114e+00
-2.559094024564354974e+00,-3.123515066295750486e+00,-2.348751543106605943e+00,-3.353580629720236406e+00,-1.963842447738286978e+00,-2.100738876500627850e+00,-8.070907838163935422e-01,-5.726417483285251464e+00,-2.002253632885447665e+00,-1.312897286493376114e+00
-2.559094024564354974e+00,-3.123515066295750486e+00,-2.348751543106605943e+00,-3.353580629720236406e+00,-1.963842447738286978e+00,-2.100738876500627850e+00,-8.070907838163935422e-01,-5.726417483285251464e+00,-2.002253632885447665e+00,-1.312897286493376114e+00
-2.559094024564354974e+00,-3.123515066295750486e+00,-2.348751543106605943e+00,-3.353580629720236406e+00,-1.963842447738286978e+00,-2.100738876500627850e+00,-8.070907838163935422e-01,-5.726417483285251464e+00,-2.002253632885447665e+00,-1.312897286493376114e+00
-2.559094024564354974e+00,-3.123515066295750486e+00,-2.348751543106605943e+00,-3.353580629720236406e+00,-1.963842447738286978e+00,-2.100738876500627850e+00,-8.070907838163935422e-01,-5.726417483285251464e+00,-2.002253632885447665e+00,-1.312897286493376114e+00
-2.559094024564354974e+00,-3.123515066295750486e+00,-2.348751543106605943e+00,-3.353580629720236406e+00,-1.963842447738286978e+00,-2.100738876500627850e+00,-8.070907838163935422e-01,-5.726417483285251464e+00,-2.002253632885447665e+00,-1.312897286493376114e+00
-2.559094024564354974e+00,-3.123515066295750486e+00,-2.348751543106605943e+00,-3.353580629720236406e+00,-1.963842447738286978e+00,-2.100738876500627850e+00,-8.070907838163935422e-01,-5.726417483285251464e+00,-2.002253632885447665e+00,-1.312897286493376114e+00
-2.559094024564354974e+00,-3.123515066295750486e+00,-2.348751543106605943e+00,-3.353580629720236406e+00,-1.963842447738286978e+00,-2.100738876500627850e+00,-8.070907838163935422e-01,-5.726417483285251464e+00,-2.002253632885447665e+00,-1.312897286493376114e+00
-2.559094024564354974e+00,-3.123515066295750486e+00,-2.348751543106605943e+00,-3.353580629720236406e+00,-1.963842447738286978e+00,-2.100738876500627850e+00,-8.070907838163935422e-01,-5.726417483285251464e+00,-2.002253632885447665e+00,-1.312897286493376114e+00
-2.559094024564354974e+00,-3.123515066295750486e+00,-2.348751543106605943e+00,-3.353580629720236406e+00,-1.963842447738286978e+00,-2.100738876500627850e+00,-8.070907838163935422e-01,-5.726417483285251464e+00,-2.002253632885447665e+00,-1.312897286493376114e+00
-2.559094024564354974e+00,-3.123515066295750486e+00,-2.348751543106605943e+00,-3.353580629720236406e+00,-1.963842447738286978e+00,-2.100738876500627850e+00,-8.070907838163935422e-01,-5.726417483285251464e+00,-2.002253632885447665e+00,-1.312897286493376114e+00
-2.559094024564354974e+00,-3.123515066295750486e+00,-2.348751543106605943e+00,-3.353580629720236406e+00,-1.963842447738286978e+00,-2.100738876500627850e+00,-8.070907838163935422e-01,-5.726417483285251464e+00,-2.002253632885447665e+00,-1.312897286493376114e+00
-2.559094024564354974e+00,-3.123515066295750486e+00,-2.348751543106605943e+00,-3.353580629720236406e+00,-1.963842447738286978e+00,-2.100738876500627850e+00,-8.070907838163935422e-01,-5.726417483285251464e+00,-2.002253632885447665e+00,-1.312897286493376114e+00
-2.559094024564354974e+00,-3.123515066295750486e+00,-2.348751543106605943e+00,-3.353580629720236406e+00,-1.963842447738286978e+00,-2.100738876500627850e+00,-8.070907838163935422e-01,-5.726417483285251464e+00,-2.002253632885447665e+00,-1.312897286493376114e+00
-2.559094024564354974e+00,-3.123515066295750486e+00,-2.348751543106605943e+00,-3.353580629720236406e+00,-1.963842447738286978e+00,-2.100738876500627850e+00,-8.070907838163935422e-01,-5.726417483285251464e+00,-2.002253632885447665e+00,-1.312897286493376114e+00
-2.559094024564354974e+00,-3.123515066295750486e+00,-2.348751543106605943e+00,-3.353580629720236406e+00,-1.963842447738286978e+00,-2.100738876500627850e+00,-8.070907838163935422e-01,-5.726417483285251464e+00,-2.002253632885447665e+00,-1.312897286493376114e+00
-2.559094024564354974e+00,-3.123515066295750486e+00,-2.348751543106605943e+00,-3.353580629720236406e+00,-1.963842447738286978e+00,-2.100738876500627850e+00,-8.070907838163935422e-01,-5.726417483285251464e+00,-2.002253632885447665e+00,-1.312897286493376114e+00
-2.559094024564354974e+00,-3.215157755511309556e+00,-2.348751543106605943e+00,-3.353580629720236406e+00,-1.963842447738286978e+00,-2.100738876500627850e+00,-8.070907838163935422e-01,-5.726417483285251464e+00,-2.002253632885447665e+00,-2.108208581319816588e+00
-2.559094024564354974e+00,-3.215157755511309556e+00,-2.348751543106605943e+00,-3.353580629720236406e+00,-1.963842447738286978e+00,-2.100738876500627850e+00,-8.070907838163935422e-01,-5.726417483285251464e+00,-2.002253632885447665e+00,-2.108208581319816588e+00
-2.559094024564354974e+00,-3.215157755511309556e+00,-2.348751543106605943e+00,-3.353580629720236406e+00,-1.963842447738286978e+00,-2.100738876500627850e+00,-8.070907838163935422e-01,-5.726417483285251464e+00,-2.002253632885447665e+00,-2.108208581319816588e+00
-2.559094024564354974e+00,-3.460839064423591793e+00,-2.348751543106605943e+00,-3.353580629720236406e+00,-1.963842447738286978e+00,-2.100738876500627850e+00,-8.070907838163935422e-01,-5.726417483285251464e+00,-2.002253632885447665e+00,-2.108208581319816588e+00
-2.559094024564354974e+00,-3.460839064423591793e+00,-2.348751543106605943e+00,-3.353580629720236406e+00,-1.963842447738286978e+00,-2.100738876500627850e+00,-8.070907838163935422e-01,-5.726417483285251464e+00,-2.002253632885447665e+00,-2.108208581319816588e+00
-2.559094024564354974e+00,-3.460839064423591793e+00,-2.348751543106605943e+00,-3.353580629720236406e+00,-1.963842447738286978e+00,-2.100738876500627850e+00,-8.070907838163935422e-01,-5.726417483285251464e+00,-2.002253632885447665e+00,-2.108208581319816588e+00
-2.559094024564354974e+00,-3.460839064423591793e+00,-2.348751543106605943e+00,-3.353580629720236406e+00,-1.963842447738286978e+00,-2.100738876500627850e+00,-8.070907838163935422e-01,-5.726417483285251464e+00,-2.002253632885447665e+00,-2.108208581319816588e+00
-2.559094024564354974e+00,-3.460839064423591793e+00,-2.348751543106605943e+00,-3.353580629720236406e+00,-1.963842447738286978e+00,-2.100738876500627850e+00,-8.070907838163935422e-01,-5.726417483285251464e+00,-2.002253632885447665e+00,-2.108208581319816588e+00
-2.559094024564354974e+00,-3.899472157349727297e+00,-2.348751543106605943e+00,-3.353580629720236406e+00,-1.963842447738286978e+00,-2.100738876500627850e+00,-8.070907838163935422e-01,-5.726417483285251464e+00,-2.002253632885447665e+00,-2.108208581319816588e+00
-2.559094024564354974e+00,-3.899472157349727297e+00,-2.348751543106605943e+00,-3.353580629720236406e+00,-1.963842447738286978e+00,-2.100738876500627850e+00,-8.070907838163935422e-01,-5.726417483285251464e+00,-2.002253632885447665e+00,-2.108208581319816588e+00
-2.559094024564354974e+00,-3.899472157349727297e+00,-2.348751543106605943e+00,-3.353580629720236406e+00,-1.963842447738286978e+00,-2.100738876500627850e+00,-8.070907838163935422e-01,-5.726417483285251464e+00,-2.002253632885447665e+00,-2.108208581319816588e+00
-2.559094024564354974e+00,-3.899472157349727297e+00,-2.348751543106605943e+00,-3.353580629720236406e+00,-1.963842447738286978e+00,-2.100738876500627850e+00,-8.070907838163935422e-01,-5.726417483285251464e+00,-2.002253632885447665e+00,-2.108208581319816588e+00
-2.559094024564354974e+00,-3.899472157349727297e+00,-2.348751543106605943e+00,-3.353580629720236406e+00,-1.963842447738286978e+00,-2.100738876500627850e+00,-8.070907838163935422e-01,-5.726417483285251464e+00,-2.002253632885447665e+00,-2.108208581319816588e+00
-2.559094024564354974e+00,-3.899472157349727297e+00,-2.348751543106605943e+00,-3.353580629720236406e+00,-1.963842447738286978e+00,-2.100738876500627850e+00,-8.070907838163935422e-01,-5.726417483285251464e+00,-2.002253632885447665e+00,-2.108208581319816588e+00
-2.559094024564354974e+00,-3.899472157349727297e+00,-2.348751543106605943e+00,-3.353580629720236406e+00,-1.963842447738286978e+00,-2.100738876500627850e+00,-8.070907838163935422e-01,-5.726417483285251464e+00,-2.002253632885447665e+00,-2.108208581319816588e+00
-2.559094024564354974e+00,-3.899472157349727297e+00,-2.348751543106605943e+00,-3.353580629720236406e+00,-1.963842447738286978e+00,-2.100738876500627850e+00,-8.070907838163935422e-01,-5.726417483285251464e+00,-2.002253632885447665e+00,-2.108208581319816588e+00
-2.559094024564354974e+00,-3.899472157349727297e+00,-2.348751543106605943e+00,-3.353580629720236406e+00,-1.963842447738286978e+00,-2.100738876500627850e+00,-8.070907838163935422e-01,-5.726417483285251464e+00,-2.002253632885447665e+00,-2.108208581319816588e+00
-2.559094024564354974e+00,-3.899472157349727297e+00,-2.348751543106605943e+00,-3.353580629720236406e+00,-1.963842447738286978e+00,-2.100738876500627850e+00,-8.070907838163935422e-01,-5.726417483285251464e+00,-2.002253632885447665e+00,-2.108208581319816588e+00
-2.559094024564354974e+00,-3.899472157349727297e+00,-2.348751543106605943e+00,-3.353580629720236406e+00,-1.963842447738286978e+00,-2.100738876500627850e+00,-8.070907838163935422e-01,-5.726417483285251464e+00,-2.002253632885447665e+00,-2.108208581319816588e+00
-2.559094024564354974e+00,-3.899472157349727297e+00,-2.348751543106605943e+00,-3.353580629720236406e+00,-1.963842447738286978e+00,-2.100738876500627850e+00,-1.630530303855803442e+00,-5.726417483285251464e+00,-2.002253632885447665e+00,-2.108208581319816588e+00
-2.559094024564354974e+00,-3.899472157349727297e+00,-2.348751543106605943e+00,-3.353580629720236406e+00,-1.963842447738286978e+00,-2.100738876500627850e+00,-1.630530303855803442e+00,-5.726417483285251464e+00,-2.002253632885447665e+00,-2.108208581319816588e+00
-2.559094024564354974e+00,-3.899472157349727297e+00,-2.348751543106605943e+00,-3.353580629720236406e+00,-1.963842447738286978e+00,-2.100738876500627850e+00,-1.630530303855803442e+00,-5.726417483285251464e+00,-2.002253632885447665e+00,-2.108208581319816588e+00
-2.559094024564354974e+00,-3.899472157349727297e+00,-2.348751543106605943e+00,-3.353580629720236406e+00,-1.963842447738286978e+00,-2.100738876500627850e+00,-1.630530303855803442e+00,-5.726417483285251464e+00,-2.002253632885447665e+00,-2.108208581319816588e+00
-2.559094024564354974e+00,-3.899472157349727297e+00,-2.348751543106605943e+00,-3.353580629720236406e+00,-1.963842447738286978e+00,-2.100738876500627850e+00,-1.630530303855803442e+00,-5.726417483285251464e+00,-2.002253632885447665e+00,-2.108208581319816588e+00
-2.559094024564354974e+00,-3.899472157349727297e+00,-2.348751543106605943e+00,-3.353580629720236406e+00,-1.963842447738286978e+00,-2.100738876500627850e+00,-1.630530303855803442e+00,-5.726417483285251464e+00,-2.002253632885447665e+00,-2.108208581319816588e+00
-2.559094024564354974e+00,-3.899472157349727297e+00,-2.348751543106605943e+00,-3.353580629720236406e+00,-1.963842447738286978e+00,-2.100738876500627850e+00,-1.630530303855803442e+00,-5.726417483285251464e+00,-2.002253632885447665e+00,-2.108208581319816588e+00
