1.303885921948075621e+00,1.063428460722500635e+00,-1.440968810590442517e-01,3.327562324757392886e+00,-2.974987313647637910e-01,3.250155693489099384e+00,7.227341193269704034e-01,-4.996840878983292433e-01,-8.859886652231493409e-01,1.245498864441068498e+00
1.303885921948075621e+00,6.028666873809657156e-01,-1.440968810590442517e-01,1.676916789996730328e+00,-7.570531364238920480e-01,2.688515633218785172e+00,1.676698037193527779e-01,-4.996840878983292433e-01,-9.019902125760526079e-01,9.605954094218706052e-01
5.222768574874770975e-01,6.979412042613465650e-02,-1.440968810590442517e-01,1.676916789996730328e+00,-7.570531364238920480e-01,2.688515633218785172e+00,-7.780083773892435550e-01,-4.996840878983292433e-01,-9.019902125760526079e-01,8.640006052011470761e-01
5.222768574874770975e-01,6.979412042613465650e-02,-2.250983783973388996e-01,1.676916789996730328e+00,-7.570531364238920480e-01,2.124394728840462765e+00,-7.780083773892435550e-01,-4.996840878983292433e-01,-2.587392819093606189e+00,3.186406806970114025e-01
5.222768574874770975e-01,6.979412042613465650e-02,-2.282585629306759678e+00,1.676916789996730328e+00,-1.678534847344729020e+00,2.124394728840462765e+00,-1.436779683364121984e+00,-1.399787779543834043e+00,-2.587392819093606189e+00,3.186406806970114025e-01
1.611998456001918489e-01,6.979412042613465650e-02,-2.282585629306759678e+00,1.676916789996730328e+00,-1.678534847344729020e+00,2.124394728840462765e+00,-1.436779683364121984e+00,-1.399787779543834043e+00,-2.587392819093606189e+00,3.186406806970114025e-01
-3.016220595012061335e-03,6.979412042613465650e-02,-2.282585629306759678e+00,-7.859466195982701686e-01,-1.678534847344729020e+00,2.285516758701359452e-01,-2.436359369830959132e+00,-1.399787779543834043e+00,-2.587392819093606189e+00,3.186406806970114025e-01
-3.016220595012061335e-03,6.979412042613465650e-02,-2.282585629306759678e+00,-7.859466195982701686e-01,-1.678534847344729020e+00,2.285516758701359452e-01,-2.436359369830959132e+00,-1.399787779543834043e+00,-2.587392819093606189e+00,3.186406806970114025e-01
-3.016220595012061335e-03,6.979412042613465650e-02,-2.282585629306759678e+00,-7.859466195982701686e-01,-1.678534847344729020e+00,2.285516758701359452e-01,-2.436359369830959132e+00,-1.399787779543834043e+00,-2.587392819093606189e+00,3.087984538799835033e-01
-3.016220595012061335e-03,6.979412042613465650e-02,-2.282585629306759678e+00,-7.859466195982701686e-01,-1.678534847344729020e+00,2.285516758701359452e-01,-2.436359369830959132e+00,-1.399787779543834043e+00,-2.587392819093606189e+00,3.087984538799835033e-01
-3.016220595012061335e-03,6.979412042613465650e-02,-2.282585629306759678e+00,-7.859466195982701686e-01,-1.678534847344729020e+00,2.285516758701359452e-01,-5.193189257449265739e+00,-1.399787779543834043e+00,-2.587392819093606189e+00,2.513306669588163955e-01
-3.016220595012061335e-03,6.979412042613465650e-02,-2.282585629306759678e+00,-7.859466195982701686e-01,-1.678534847344729020e+00,2.285516758701359452e-01,-5.193189257449265739e+00,-1.786964462788925845e+00,-2.587392819093606189e+00,2.513306669588163955e-01
-3.016220595012061335e-03,6.979412042613465650e-02,-2.282585629306759678e+00,-7.859466195982701686e-01,-1.678534847344729020e+00,2.285516758701359452e-01,-5.193189257449265739e+00,-3.745104052302678177e+00,-2.587392819093606189e+00,2.513306669588163955e-01
-3.016220595012061335e-03,6.979412042613465650e-02,-2.282585629306759678e+00,-7.859466195982701686e-01,-1.915597169532738731e+00,2.285516758701359452e-01,-5.193189257449265739e+00,-3.745104052302678177e+00,-2.587392819093606189e+00,2.513306669588163955e-01
-3.016220595012061335e-03,6.979412042613465650e-02,-2.282585629306759678e+00,-7.859466195982701686e-01,-2.815578974029999682e+00,2.285516758701359452e-01,-5.193189257449265739e+00,-3.745104052302678177e+00,-2.587392819093606189e+00,2.513306669588163955e-01
-3.016220595012061335e-03,6.979412042613465650e-02,-2.282585629306759678e+00,-7.859466195982701686e-01,-2.815578974029999682e+00,2.285516758701359452e-01,-5.193189257449265739e+00,-3.745104052302678177e+00,-2.587392819093606189e+00,2.513306669588163955e-01
-3.016220595012061335e-03,6.979412042613465650e-02,-2.282585629306759678e+00,-7.859466195982701686e-01,-2.815578974029999682e+00,2.285516758701359452e-01,-5.193189257449265739e+00,-3.745104052302678177e+00,-2.587392819093606189e+00,2.513306669588163955e-01
-3.016220595012061335e-03,6.979412042613465650e-02,-2.282585629306759678e+00,-7.859466195982701686e-01,-2.815578974029999682e+00,2.285516758701359452e-01,-5.377144331050701886e+00,-3.745104052302678177e+00,-2.587392819093606189e+00,6.048312755516582762e-02
-1.547378028928699523e-01,6.979412042613465650e-02,-3.571984131713740407e+00,-7.859466195982701686e-01,-2.815578974029999682e+00,2.285516758701359452e-01,-5.377144331050701886e+00,-3.745104052302678177e+00,-2.587392819093606189e+00,6.048312755516582762e-02
-1.833315028019369963e-01,-1.125975587815988943e+00,-3.571984131713740407e+00,-7.859466195982701686e-01,-2.815578974029999682e+00,2.285516758701359452e-01,-5.377144331050701886e+00,-3.745104052302678177e+00,-2.587392819093606189e+00,6.048312755516582762e-02
-4.059013176094969921e-01,-1.125975587815988943e+00,-3.571984131713740407e+00,-7.859466195982701686e-01,-2.815578974029999682e+00,2.285516758701359452e-01,-5.377144331050701886e+00,-3.745104052302678177e+00,-2.587392819093606189e+00,6.048312755516582762e-02
-4.059013176094969921e-01,-1.125975587815988943e+00,-3.571984131713740407e+00,-7.859466195982701686e-01,-2.815578974029999682e+00,2.285516758701359452e-01,-5.377144331050701886e+00,-3.745104052302678177e+00,-2.587392819093606189e+00,6.048312755516582762e-02
-4.059013176094969921e-01,-1.125975587815988943e+00,-3.571984131713740407e+00,-7.859466195982701686e-01,-2.815578974029999682e+00,1.416156981919008684e-01,-5.377144331050701886e+00,-3.745104052302678177e+00,-2.587392819093606189e+00,6.048312755516582762e-02
-4.059013176094969921e-01,-1.125975587815988943e+00,-3.571984131713740407e+00,-7.859466195982701686e-01,-2.815578974029999682e+00,1.416156981919008684e-01,-5.377144331050701886e+00,-3.745104052302678177e+00,-2.587392819093606189e+00,6.048312755516582762e-02
-4.059013176094969921e-01,-1.125975587815988943e+00,-3.571984131713740407e+00,-7.859466195982701686e-01,-2.815578974029999682e+00,1.416156981919008684e-01,-5.377144331050701886e+00,-3.745104052302678177e+00,-2.587392819093606189e+00,6.048312755516582762e-02
-4.059013176094969921e-01,-1.125975587815988943e+00,-3.571984131713740407e+00,-7.859466195982701686e-01,-2.815578974029999682e+00,1.416156981919008684e-01,-5.377144331050701886e+00,-3.745104052302678177e+00,-2.587392819093606189e+00,6.048312755516582762e-02
-1.174310495056765102e+00,-1.125975587815988943e+00,-3.571984131713740407e+00,-7.859466195982701686e-01,-2.815578974029999682e+00,1.416156981919008684e-01,-5.377144331050701886e+00,-3.745104052302678177e+00,-2.587392819093606189e+00,6.048312755516582762e-02
-1.174310495056765102e+00,-1.125975587815988943e+00,-3.571984131713740407e+00,-7.859466195982701686e-01,-2.815578974029999682e+00,1.416156981919008684e-01,-5.377144331050701886e+00,-3.755994475607104199e+00,-2.587392819093606189e+00,-8.022343823856334377e-02
-1.174310495056765102e+00,-1.125975587815988943e+00,-3.571984131713740407e+00,-7.859466195982701686e-01,-2.815578974029999682e+00,1.416156981919008684e-01,-5.377144331050701886e+00,-3.755994475607104199e+00,-2.587392819093606189e+00,-8.022343823856334377e-02
-1.174310495056765102e+00,-1.125975587815988943e+00,-3.571984131713740407e+00,-7.859466195982701686e-01,-2.815578974029999682e+00,1.416156981919008684e-01,-5.377144331050701886e+00,-3.755994475607104199e+00,-2.587392819093606189e+00,-8.022343823856334377e-02
-1.174310495056765102e+00,-1.125975587815988943e+00,-3.571984131713740407e+00,-7.859466195982701686e-01,-2.815578974029999682e+00,1.416156981919008684e-01,-5.377144331050701886e+00,-3.755994475607104199e+00,-2.587392819093606189e+00,-8.022343823856334377e-02
-1.174310495056765102e+00,-1.125975587815988943e+00,-3.571984131713740407e+00,-7.859466195982701686e-01,-2.815578974029999682e+00,-1.057768924617806250e-01,-5.377144331050701886e+00,-3.755994475607104199e+00,-2.587392819093606189e+00,-8.022343823856334377e-02
-1.174310495056765102e+00,-1.125975587815988943e+00,-3.571984131713740407e+00,-7.859466195982701686e-01,-2.815578974029999682e+00,-1.057768924617806250e-01,-5.377144331050701886e+00,-3.755994475607104199e+00,-2.587392819093606189e+00,-2.091257145661406192e+00
-1.174310495056765102e+00,-1.125975587815988943e+00,-3.571984131713740407e+00,-7.859466195982701686e-01,-2.815578974029999682e+00,-1.057768924617806250e-01,-5.377144331050701886e+00,-3.755994475607104199e+00,-2.587392819093606189e+00,-2.091257145661406192e+00
-1.174310495056765102e+00,-1.125975587815988943e+00,-3.819834393155183694e+00,-7.859466195982701686e-01,-2.815578974029999682e+00,-1.057768924617806250e-01,-5.377144331050701886e+00,-3.755994475607104199e+00,-2.587392819093606189e+00,-2.091257145661406192e+00
-1.174310495056765102e+00,-1.125975587815988943e+00,-3.819834393155183694e+00,-7.859466195982701686e-01,-2.815578974029999682e+00,-1.057768924617806250e-01,-5.377144331050701886e+00,-3.755994475607104199e+00,-2.587392819093606189e+00,-2.091257145661406192e+00
-1.174310495056765102e+00,-1.125975587815988943e+00,-3.819834393155183694e+00,-7.859466195982701686e-01,-2.815578974029999682e+00,-1.057768924617806250e-01,-5.377144331050701886e+00,-3.755994475607104199e+00,-2.587392819093606189e+00,-2.091257145661406192e+00
-1.174310495056765102e+00,-1.125975587815988943e+00,-3.819834393155183694e+00,-7.859466195982701686e-01,-2.815578974029999682e+00,-1.057768924617806250e-01,-5.377144331050701886e+00,-3.755994475607104199e+00,-2.587392819093606189e+00,-2.091257145661406192e+00
-1.174310495056765102e+00,-1.125975587815988943e+00,-3.819834393155183694e+00,-7.859466195982701686e-01,-2.815578974029999682e+00,-1.057768924617806250e-01,-5.377144331050701886e+00,-3.755994475607104199e+00,-2.587392819093606189e+00,-2.091257145661406192e+00
-1.174310495056765102e+00,-1.125975587815988943e+00,-3.819834393155183694e+00,-7.859466195982701686e-01,-2.815578974029999682e+00,-1.057768924617806250e-01,-5.377144331050701886e+00,-3.755994475607104199e+00,-2.587392819093606189e+00,-2.091257145661406192e+00
-1.174310495056765102e+00,-1.125975587815988943e+00,-3.819834393155183694e+00,-7.859466195982701686e-01,-4.660582437605357953e+00,-1.057768924617806250e-01,-5.377144331050701886e+00,-3.755994475607104199e+00,-2.587392819093606189e+00,-2.091257145661406192e+00
-1.174310495056765102e+00,-1.125975587815988943e+00,-3.819834393155183694e+00,-7.859466195982701686e-01,-4.660582437605357953e+00,-1.057768924617806250e-01,-5.377144331050701886e+00,-3.755994475607104199e+00,-2.587392819093606189e+00,-2.091257145661406192e+00
-1.174310495056765102e+00,-1.125975587815988943e+00,-3.898552785975384349e+00,-7.859466195982701686e-01,-4.660582437605357953e+00,-1.057768924617806250e-01,-5.377144331050701886e+00,-3.755994475607104199e+00,-2.587392819093606189e+00,-2.091257145661406192e+00
-1.174310495056765102e+00,-1.125975587815988943e+00,-3.898552785975384349e+00,-7.859466195982701686e-01,-4.660582437605357953e+00,-1.057768924617806250e-01,-5.377144331050701886e+00,-3.755994475607104199e+00,-2.587392819093606189e+00,-2.091257145661406192e+00
-1.174310495056765102e+00,-1.125975587815988943e+00,-3.898552785975384349e+00,-7.859466195982701686e-01,-4.660582437605357953e+00,-1.057768924617806250e-01,-5.377144331050701886e+00,-3.755994475607104199e+00,-2.587392819093606189e+00,-2.091257145661406192e+00
-1.174310495056765102e+00,-1.125975587815988943e+00,-3.898552785975384349e+00,-7.859466195982701686e-01,-4.660582437605357953e+00,-1.057768924617806250e-01,-5.377144331050701886e+00,-3.755994475607104199e+00,-2.587392819093606189e+00,-2.091257145661406192e+00
-1.174310495056765102e+00,-1.125975587815988943e+00,-3.898552785975384349e+00,-7.859466195982701686e-01,-4.660582437605357953e+00,-1.057768924617806250e-01,-5.377144331050701886e+00,-3.755994475607104199e+00,-2.587392819093606189e+00,-2.091257145661406192e+00
-1.174310495056765102e+00,-1.125975587815988943e+00,-3.898552785975384349e+00,-7.859466195982701686e-01,-4.660582437605357953e+00,-1.057768924617806250e-01,-5.377144331050701886e+00,-3.755994475607104199e+00,-2.587392819093606189e+00,-2.091257145661406192e+00
-1.174310495056765102e+00,-1.125975587815988943e+00,-3.898552785975384349e+00,-7.859466195982701686e-01,-4.660582437605357953e+00,-1.057768924617806250e-01,-5.377144331050701886e+00,-3.755994475607104199e+00,-2.587392819093606189e+00,-2.091257145661406192e+00
-1.174310495056765102e+00,-1.125975587815988943e+00,-3.898552785975384349e+00,-7.859466195982701686e-01,-4.660582437605357953e+00,-1.057768924617806250e-01,-5.377144331050701886e+00,-3.755994475607104199e+00,-2.587392819093606189e+00,-2.091257145661406192e+00
-1.174310495056765102e+00,-1.125975587815988943e+00,-3.898552785975384349e+00,-7.859466195982701686e-01,-4.660582437605357953e+00,-1.057768924617806250e-01,-5.377144331050701886e+00,-3.755994475607104199e+00,-2.587392819093606189e+00,-2.091257145661406192e+00
-1.174310495056765102e+00,-1.125975587815988943e+00,-3.898552785975384349e+00,-7.859466195982701686e-01,-4.660582437605357953e+00,-1.057768924617806250e-01,-5.377144331050701886e+00,-3.755994475607104199e+00,-2.587392819093606189e+00,-2.091257145661406192e+00
-1.174310495056765102e+00,-1.125975587815988943e+00,-3.898552785975384349e+00,-7.859466195982701686e-01,-4.977049715294804777e+00,-1.057768924617806250e-01,-5.377144331050701886e+00,-3.755994475607104199e+00,-2.587392819093606189e+00,-2.091257145661406192e+00
-1.183542339852963199e+00,-1.125975587815988943e+00,-3.898552785975384349e+00,-7.859466195982701686e-01,-4.977049715294804777e+00,-1.057768924617806250e-01,-5.377144331050701886e+00,-3.755994475607104199e+00,-2.587392819093606189e+00,-2.091257145661406192e+00
-1.183542339852963199e+00,-1.125975587815988943e+00,-3.898552785975384349e+00,-9.303629685557373019e-01,-4.977049715294804777e+00,-1.057768924617806250e-01,-5.377144331050701886e+00,-3.755994475607104199e+00,-2.587392819093606189e+00,-2.091257145661406192e+00
-1.183542339852963199e+00,-1.125975587815988943e+00,-4.690860612980386257e+00,-9.303629685557373019e-01,-4.977049715294804777e+00,-1.057768924617806250e-01,-6.035646787127828539e+00,-3.755994475607104199e+00,-2.587392819093606189e+00,-2.091257145661406192e+00
-1.183542339852963199e+00,-1.125975587815988943e+00,-4.690860612980386257e+00,-9.303629685557373019e-01,-5.981011012725052645e+00,-1.057768924617806250e-01,-6.035646787127828539e+00,-3.755994475607104199e+00,-2.587392819093606189e+00,-2.091257145661406192e+00
-1.183542339852963199e+00,-1.125975587815988943e+00,-4.690860612980386257e+00,-9.303629685557373019e-01,-5.981011012725052645e+00,-1.057768924617806250e-01,-6.035646787127828539e+00,-3.755994475607104199e+00,-2.587392819093606189e+00,-2.091257145661406192e+00
-1.183542339852963199e+00,-1.125975587815988943e+00,-4.690860612980386257e+00,-9.303629685557373019e-01,-5.981011012725052645e+00,-1.057768924617806250e-01,-6.035646787127828539e+00,-3.755994475607104199e+00,-2.587392819093606189e+00,-2.091257145661406192e+00
-1.183542339852963199e+00,-1.125975587815988943e+00,-4.690860612980386257e+00,-9.303629685557373019e-01,-5.981011012725052645e+00,-1.057768924617806250e-01,-6.035646787127828539e+00,-3.755994475607104199e+00,-2.587392819093606189e+00,-2.091257145661406192e+00
-1.183542339852963199e+00,-1.125975587815988943e+00,-4.690860612980386257e+00,-9.303629685557373019e-01,-5.981011012725052645e+00,-1.057768924617806250e-01,-6.035646787127828539e+00,-3.755994475607104199e+00,-2.587392819093606189e+00,-2.091257145661406192e+00
-1.183542339852963199e+00,-1.125975587815988943e+00,-4.690860612980386257e+00,-9.303629685557373019e-01,-5.981011012725052645e+00,-1.057768924617806250e-01,-6.035646787127828539e+00,-3.755994475607104199e+00,-2.587392819093606189e+00,-2.091257145661406192e+00
-1.293845966958626192e+00,-1.125975587815988943e+00,-4.690860612980386257e+00,-9.303629685557373019e-01,-5.981011012725052645e+00,-1.057768924617806250e-01,-6.035646787127828539e+00,-3.755994475607104199e+00,-2.587392819093606189e+00,-2.091257145661406192e+00
-1.293845966958626192e+00,-1.125975587815988943e+00,-4.690860612980386257e+00,-9.303629685557373019e-01,-5.981011012725052645e+00,-1.057768924617806250e-01,-6.035646787127828539e+00,-3.755994475607104199e+00,-2.587392819093606189e+00,-2.091257145661406192e+00
-1.293845966958626192e+00,-1.125975587815988943e+00,-4.690860612980386257e+00,-9.303629685557373019e-01,-5.981011012725052645e+00,-1.057768924617806250e-01,-6.035646787127828539e+00,-3.755994475607104199e+00,-2.587392819093606189e+00,-2.091257145661406192e+00
-1.293845966958626192e+00,-1.125975587815988943e+00,-4.690860612980386257e+00,-9.303629685557373019e-01,-5.981011012725052645e+00,-1.057768924617806250e-01,-6.035646787127828539e+00,-3.755994475607104199e+00,-2.587392819093606189e+00,-2.091257145661406192e+00
-1.293845966958626192e+00,-1.125975587815988943e+00,-4.690860612980386257e+00,-9.303629685557373019e-01,-5.981011012725052645e+00,-1.057768924617806250e-01,-6.035646787127828539e+00,-3.755994475607104199e+00,-2.587392819093606189e+00,-2.091257145661406192e+00
-1.293845966958626192e+00,-1.125975587815988943e+00,-4.690860612980386257e+00,-9.303629685557373019e-01,-5.981011012725052645e+00,-1.057768924617806250e-01,-6.035646787127828539e+00,-3.755994475607104199e+00,-2.587392819093606189e+00,-2.091257145661406192e+00
-1.293845966958626192e+00,-1.125975587815988943e+00,-4.690860612980386257e+00,-9.303629685557373019e-01,-5.981011012725052645e+00,-1.057768924617806250e-01,-6.035646787127828539e+00,-3.755994475607104199e+00,-2.587392819093606189e+00,-2.091257145661406192e+00
-1.293845966958626192e+00,-1.125975587815988943e+00,-4.690860612980386257e+00,-9.303629685557373019e-01,-5.981011012725052645e+00,-1.057768924617806250e-01,-6.035646787127828539e+00,-3.755994475607104199e+00,-2.587392819093606189e+00,-2.091257145661406192e+00
-1.293845966958626192e+00,-1.125975587815988943e+00,-4.690860612980386257e+00,-9.303629685557373019e-01,-5.981011012725052645e+00,-1.057768924617806250e-01,-6.035646787127828539e+00,-3.755994475607104199e+00,-2.587392819093606189e+00,-2.091257145661406192e+00
-1.293845966958626192e+00,-1.125975587815988943e+00,-4.690860612980386257e+00,-9.303629685557373019e-01,-5.981011012725052645e+00,-1.057768924617806250e-01,-6.035646787127828539e+00,-3.755994475607104199e+00,-2.587392819093606189e+00,-2.091257145661406192e+00
-1.293845966958626192e+00,-1.125975587815988943e+00,-4.690860612980386257e+00,-9.303629685557373019e-01,-5.981011012725052645e+00,-1.057768924617806250e-01,-6.035646787127828539e+00,-3.755994475607104199e+00,-2.587392819093606189e+00,-2.091257145661406192e+00
-1.293845966958626192e+00,-1.125975587815988943e+00,-4.690860612980386257e+00,-9.303629685557373019e-01,-5.981011012725052645e+00,-1.057768924617806250e-01,-6.035646787127828539e+00,-3.755994475607104199e+00,-2.587392819093606189e+00,-2.091257145661406192e+00
-1.293845966958626192e+00,-1.125975587815988943e+00,-4.690860612980386257e+00,-9.303629685557373019e-01,-5.981011012725052645e+00,-1.057768924617806250e-01,-6.035646787127828539e+00,-3.755994475607104199e+00,-2.587392819093606189e+00,-2.091257145661406192e+00
-1.293845966958626192e+00,-1.125975587815988943e+00,-4.690860612980386257e+00,-9.303629685557373019e-01,-5.981011012725052645e+00,-1.057768924617806250e-01,-6.035646787127828539e+00,-3.755994475607104199e+00,-2.587392819093606189e+00,-2.091257145661406192e+00
-1.293845966958626192e+00,-1.125975587815988943e+00,-4.690860612980386257e+00,-9.303629685557373019e-01,-5.981011012725052645e+00,-1.057768924617806250e-01,-6.035646787127828539e+00,-3.755994475607104199e+00,-2.587392819093606189e+00,-2.091257145661406192e+00
-1.293845966958626192e+00,-1.125975587815988943e+00,-6.432230091879747924e+00,-9.303629685557373019e-01,-5.981011012725052645e+00,-1.057768924617806250e-01,-6.035646787127828539e+00,-3.755994475607104199e+00,-2.713999970640297743e+00,-2.821458770336506827e+00
-1.293845966958626192e+00,-1.125975587815988943e+00,-6.432230091879747924e+00,-9.303629685557373019e-01,-5.981011012725052645e+00,-1.057768924617806250e-01,-6.035646787127828539e+00,-3.755994475607104199e+00,-2.713999970640297743e+00,-2.821458770336506827e+00
-1.478960696193934554e+00,-1.125975587815988943e+00,-6.432230091879747924e+00,-1.140748204013392275e+00,-5.981011012725052645e+00,-1.057768924617806250e-01,-6.035646787127828539e+00,-3.755994475607104199e+00,-2.713999970640297743e+00,-2.821458770336506827e+00
-1.683279112828679480e+00,-1.125975587815988943e+00,-6.432230091879747924e+00,-2.245467628783412550e+00,-5.981011012725052645e+00,-1.057768924617806250e-01,-6.035646787127828539e+00,-3.755994475607104199e+00,-2.713999970640297743e+00,-2.821458770336506827e+00
-1.683279112828679480e+00,-1.125975587815988943e+00,-6.432230091879747924e+00,-2.245467628783412550e+00,-5.981011012725052645e+00,-1.057768924617806250e-01,-6.035646787127828539e+00,-3.755994475607104199e+00,-2.713999970640297743e+00,-2.821458770336506827e+00
-1.683279112828679480e+00,-1.125975587815988943e+00,-6.432230091879747924e+00,-2.245467628783412550e+00,-5.981011012725052645e+00,-1.057768924617806250e-01,-6.035646787127828539e+00,-3.755994475607104199e+00,-2.713999970640297743e+00,-2.821458770336506827e+00
-1.683279112828679480e+00,-1.125975587815988943e+00,-6.432230091879747924e+00,-2.245467628783412550e+00,-5.981011012725052645e+00,-1.057768924617806250e-01,-6.035646787127828539e+00,-3.755994475607104199e+00,-2.713999970640297743e+00,-2.821458770336506827e+00
-1.683279112828679480e+00,-1.125975587815988943e+00,-6.432230091879747924e+00,-2.245467628783412550e+00,-5.981011012725052645e+00,-1.057768924617806250e-01,-6.614587711105807344e+00,-3.755994475607104199e+00,-2.713999970640297743e+00,-2.821458770336506827e+00
-1.683279112828679480e+00,-1.125975587815988943e+00,-6.432230091879747924e+00,-2.245467628783412550e+00,-5.981011012725052645e+00,-1.057768924617806250e-01,-6.614587711105807344e+00,-3.935769301442797019e+00,-2.713999970640297743e+00,-2.821458770336506827e+00
-1.683279112828679480e+00,-1.125975587815988943e+00,-6.432230091879747924e+00,-2.245467628783412550e+00,-5.981011012725052645e+00,-1.057768924617806250e-01,-6.614587711105807344e+00,-3.935769301442797019e+00,-2.713999970640297743e+00,-2.821458770336506827e+00
-1.683279112828679480e+00,-1.125975587815988943e+00,-6.432230091879747924e+00,-2.245467628783412550e+00,-5.981011012725052645e+00,-1.057768924617806250e-01,-6.614587711105807344e+00,-3.935769301442797019e+00,-2.713999970640297743e+00,-2.821458770336506827e+00
-1.683279112828679480e+00,-1.125975587815988943e+00,-6.432230091879747924e+00,-2.245467628783412550e+00,-5.981011012725052645e+00,-1.057768924617806250e-01,-6.614587711105807344e+00,-3.935769301442797019e+00,-2.713999970640297743e+00,-2.821458770336506827e+00
-1.913585003467092704e+00,-1.125975587815988943e+00,-6.432230091879747924e+00,-2.245467628783412550e+00,-5.981011012725052645e+00,-1.057768924617806250e-01,-6.614587711105807344e+00,-3.935769301442797019e+00,-2.713999970640297743e+00,-2.821458770336506827e+00
-1.913585003467092704e+00,-1.125975587815988943e+00,-6.432230091879747924e+00,-2.245467628783412550e+00,-6.475490734433717144e+00,-1.057768924617806250e-01,-6.614587711105807344e+00,-3.935769301442797019e+00,-2.713999970640297743e+00,-2.821458770336506827e+00
-1.913585003467092704e+00,-1.125975587815988943e+00,-6.432230091879747924e+00,-2.245467628783412550e+00,-6.475490734433717144e+00,-1.057768924617806250e-01,-6.614587711105807344e+00,-3.940170441535169488e+00,-2.713999970640297743e+00,-2.821458770336506827e+00
-1.913585003467092704e+00,-1.125975587815988943e+00,-6.432230091879747924e+00,-2.245467628783412550e+00,-6.475490734433717144e+00,-1.057768924617806250e-01,-6.614587711105807344e+00,-3.940170441535169488e+00,-2.713999970640297743e+00,-2.821458770336506827e+00
-1.913585003467092704e+00,-1.125975587815988943e+00,-6.432230091879747924e+00,-2.245467628783412550e+00,-6.475490734433717144e+00,-1.057768924617806250e-01,-6.614587711105807344e+00,-3.940170441535169488e+00,-3.606531716850183145e+00,-2.821458770336506827e+00
-1.913585003467092704e+00,-1.125975587815988943e+00,-6.432230091879747924e+00,-2.245467628783412550e+00,-6.475490734433717144e+00,-1.057768924617806250e-01,-6.614587711105807344e+00,-3.940170441535169488e+00,-3.606531716850183145e+00,-2.821458770336506827e+00
-1.913585003467092704e+00,-1.125975587815988943e+00,-6.432230091879747924e+00,-2.245467628783412550e+00,-6.475490734433717144e+00,-1.057768924617806250e-01,-6.614587711105807344e+00,-3.940170441535169488e+00,-3.606531716850183145e+00,-2.821458770336506827e+00
-1.913585003467092704e+00,-1.125975587815988943e+00,-6.432230091879747924e+00,-2.245467628783412550e+00,-6.475490734433717144e+00,-1.057768924617806250e-01,-6.614587711105807344e+00,-3.940170441535169488e+00,-3.606531716850183145e+00,-2.821458770336506827e+00
-1.913585003467092704e+00,-1.125975587815988943e+00,-6.432230091879747924e+00,-2.245467628783412550e+00,-6.475490734433717144e+00,-1.057768924617806250e-01,-6.614587711105807344e+00,-3.940170441535169488e+00,-3.606531716850183145e+00,-2.821458770336506827e+00
-1.913585003467092704e+00,-1.125975587815988943e+00,-6.432230091879747924e+00,-2.245467628783412550e+00,-6.475490734433717144e+00,-1.057768924617806250e-01,-6.614587711105807344e+00,-3.940170441535169488e+00,-3.606531716850183145e+00,-2.821458770336506827e+00
-1.913585003467092704e+00,-1.125975587815988943e+00,-6.432230091879747924e+00,-2.245467628783412550e+00,-6.475490734433717144e+00,-1.057768924617806250e-01,-6.614587711105807344e+00,-3.940170441535169488e+00,-3.606531716850183145e+00,-2.821458770336506827e+00
-1.913585003467092704e+00,-1.125975587815988943e+00,-6.432230091879747924e+00,-2.245467628783412550e+00,-6.475490734433717144e+00,-1.057768924617806250e-01,-6.614587711105807344e+00,-3.940170441535169488e+00,-3.606531716850183145e+00,-2.821458770336506827e+00
-1.913585003467092704e+00,-1.125975587815988943e+00,-6.432230091879747924e+00,-2.245467628783412550e+00,-6.475490734433717144e+00,-1.057768924617806250e-01,-6.614587711105807344e+00,-3.940170441535169488e+00,-3.606531716850183145e+00,-2.821458770336506827e+00
-1.913585003467092704e+00,-1.125975587815988943e+00,-6.432230091879747924e+00,-2.245467628783412550e+00,-6.475490734433717144e+00,-1.057768924617806250e-01,-6.614587711105807344e+00,-3.940170441535169488e+00,-3.606531716850183145e+00,-2.821458770336506827e+00
-1.913585003467092704e+00,-1.125975587815988943e+00,-6.432230091879747924e+00,-2.245467628783412550e+00,-6.475490734433717144e+00,-1.057768924617806250e-01,-6.614587711105807344e+00,-3.940170441535169488e+00,-3.606531716850183145e+00,-2.821458770336506827e+00
-1.913585003467092704e+00,-1.304881994118360256e+00,-6.432230091879747924e+00,-2.245467628783412550e+00,-6.475490734433717144e+00,-1.057768924617806250e-01,-6.614587711105807344e+00,-3.940170441535169488e+00,-3.606531716850183145e+00,-2.821458770336506827e+00
-1.913585003467092704e+00,-1.304881994118360256e+00,-6.432230091879747924e+00,-2.245467628783412550e+00,-6.475490734433717144e+00,-1.057768924617806250e-01,-6.614587711105807344e+00,-3.940170441535169488e+00,-3.606531716850183145e+00,-2.821458770336506827e+00
-1.913585003467092704e+00,-1.304881994118360256e+00,-6.432230091879747924e+00,-2.245467628783412550e+00,-6.475490734433717144e+00,-1.057768924617806250e-01,-6.614587711105807344e+00,-3.940170441535169488e+00,-3.606531716850183145e+00,-2.821458770336506827e+00
-1.913585003467092704e+00,-1.304881994118360256e+00,-6.432230091879747924e+00,-2.245467628783412550e+00,-6.475490734433717144e+00,-1.057768924617806250e-01,-6.614587711105807344e+00,-3.940170441535169488e+00,-3.606531716850183145e+00,-2.821458770336506827e+00
-1.913585003467092704e+00,-1.304881994118360256e+00,-6.432230091879747924e+00,-2.245467628783412550e+00,-6.475490734433717144e+00,-1.057768924617806250e-01,-6.614587711105807344e+00,-3.940170441535169488e+00,-3.606531716850183145e+00,-2.821458770336506827e+00
-1.913585003467092704e+00,-1.304881994118360256e+00,-6.432230091879747924e+00,-2.245467628783412550e+00,-6.475490734433717144e+00,-1.057768924617806250e-01,-6.614587711105807344e+00,-3.940170441535169488e+00,-3.606531716850183145e+00,-2.821458770336506827e+00
-1.913585003467092704e+00,-1.304881994118360256e+00,-6.432230091879747924e+00,-2.245467628783412550e+00,-6.475490734433717144e+00,-1.057768924617806250e-01,-6.614587711105807344e+00,-3.940170441535169488e+00,-3.606531716850183145e+00,-2.821458770336506827e+00
-1.934795452006136784e+00,-1.304881994118360256e+00,-6.432230091879747924e+00,-2.245467628783412550e+00,-6.475490734433717144e+00,-1.057768924617806250e-01,-6.614587711105807344e+00,-3.940170441535169488e+00,-3.606531716850183145e+00,-2.821458770336506827e+00
-1.934795452006136784e+00,-1.304881994118360256e+00,-6.432230091879747924e+00,-2.245467628783412550e+00,-6.475490734433717144e+00,-1.057768924617806250e-01,-6.614587711105807344e+00,-3.940170441535169488e+00,-3.606531716850183145e+00,-2.821458770336506827e+00
-1.934795452006136784e+00,-1.304881994118360256e+00,-6.432230091879747924e+00,-2.245467628783412550e+00,-6.475490734433717144e+00,-1.057768924617806250e-01,-6.614587711105807344e+00,-3.940170441535169488e+00,-3.606531716850183145e+00,-2.821458770336506827e+00
-1.934795452006136784e+00,-1.304881994118360256e+00,-6.432230091879747924e+00,-2.245467628783412550e+00,-6.475490734433717144e+00,-1.057768924617806250e-01,-6.614587711105807344e+00,-3.940170441535169488e+00,-3.606531716850183145e+00,-2.821458770336506827e+00
-1.934795452006136784e+00,-1.304881994118360256e+00,-6.432230091879747924e+00,-2.245467628783412550e+00,-6.475490734433717144e+00,-1.057768924617806250e-01,-6.614587711105807344e+00,-3.940170441535169488e+00,-3.606531716850183145e+00,-2.821458770336506827e+00
-1.934795452006136784e+00,-1.304881994118360256e+00,-6.432230091879747924e+00,-2.245467628783412550e+00,-6.475490734433717144e+00,-1.057768924617806250e-01,-6.614587711105807344e+00,-3.940170441535169488e+00,-3.606531716850183145e+00,-2.821458770336506827e+00
-1.934795452006136784e+00,-1.304881994118360256e+00,-6.432230091879747924e+00,-2.245467628783412550e+00,-6.475490734433717144e+00,-1.057768924617806250e-01,-6.614587711105807344e+00,-3.940170441535169488e+00,-3.606531716850183145e+00,-2.821458770336506827e+00
-1.934795452006136784e+00,-1.304881994118360256e+00,-6.432230091879747924e+00,-2.245467628783412550e+00,-6.475490734433717144e+00,-1.057768924617806250e-01,-6.614587711105807344e+00,-3.940170441535169488e+00,-3.606531716850183145e+00,-2.821458770336506827e+00
-1.934795452006136784e+00,-1.304881994118360256e+00,-6.432230091879747924e+00,-2.245467628783412550e+00,-6.475490734433717144e+00,-1.057768924617806250e-01,-6.614587711105807344e+00,-3.940170441535169488e+00,-3.606531716850183145e+00,-2.821458770336506827e+00
-1.934795452006136784e+00,-1.304881994118360256e+00,-6.432230091879747924e+00,-2.245467628783412550e+00,-6.475490734433717144e+00,-1.057768924617806250e-01,-6.614587711105807344e+00,-3.940170441535169488e+00,-3.606531716850183145e+00,-2.821458770336506827e+00
-1.934795452006136784e+00,-1.304881994118360256e+00,-6.432230091879747924e+00,-2.245467628783412550e+00,-6.475490734433717144e+00,-1.057768924617806250e-01,-6.614587711105807344e+00,-3.940170441535169488e+00,-3.606531716850183145e+00,-2.821458770336506827e+00
-1.934795452006136784e+00,-1.304881994118360256e+00,-6.432230091879747924e+00,-2.245467628783412550e+00,-6.475490734433717144e+00,-1.057768924617806250e-01,-6.614587711105807344e+00,-3.940170441535169488e+00,-3.606531716850183145e+00,-2.821458770336506827e+00
-1.934795452006136784e+00,-1.304881994118360256e+00,-6.432230091879747924e+00,-2.245467628783412550e+00,-6.475490734433717144e+00,-1.057768924617806250e-01,-6.614587711105807344e+00,-3.940170441535169488e+00,-3.606531716850183145e+00,-2.821458770336506827e+00
-1.934795452006136784e+00,-1.304881994118360256e+00,-6.432230091879747924e+00,-2.245467628783412550e+00,-6.475490734433717144e+00,-1.057768924617806250e-01,-6.614587711105807344e+00,-3.940170441535169488e+00,-3.606531716850183145e+00,-2.821458770336506827e+00
-1.934795452006136784e+00,-1.304881994118360256e+00,-6.432230091879747924e+00,-2.245467628783412550e+00,-6.475490734433717144e+00,-1.057768924617806250e-01,-6.614587711105807344e+00,-4.801769784618407755e+00,-3.606531716850183145e+00,-2.821458770336506827e+00
-1.934795452006136784e+00,-1.304881994118360256e+00,-6.432230091879747924e+00,-2.245467628783412550e+00,-6.475490734433717144e+00,-1.057768924617806250e-01,-6.614587711105807344e+00,-4.801769784618407755e+00,-3.606531716850183145e+00,-2.821458770336506827e+00
-1.934795452006136784e+00,-1.304881994118360256e+00,-6.432230091879747924e+00,-2.245467628783412550e+00,-6.475490734433717144e+00,-1.057768924617806250e-01,-6.614587711105807344e+00,-4.801769784618407755e+00,-3.606531716850183145e+00,-2.821458770336506827e+00
-1.934795452006136784e+00,-1.304881994118360256e+00,-6.432230091879747924e+00,-2.245467628783412550e+00,-6.475490734433717144e+00,-1.057768924617806250e-01,-6.614587711105807344e+00,-4.801769784618407755e+00,-3.606531716850183145e+00,-2.821458770336506827e+00
-1.934795452006136784e+00,-1.304881994118360256e+00,-6.432230091879747924e+00,-2.245467628783412550e+00,-6.475490734433717144e+00,-1.057768924617806250e-01,-6.614587711105807344e+00,-4.801769784618407755e+00,-3.606531716850183145e+00,-2.821458770336506827e+00
-1.934795452006136784e+00,-1.304881994118360256e+00,-6.432230091879747924e+00,-2.245467628783412550e+00,-6.475490734433717144e+00,-1.057768924617806250e-01,-6.614587711105807344e+00,-4.801769784618407755e+00,-3.606531716850183145e+00,-2.821458770336506827e+00
-1.934795452006136784e+00,-1.304881994118360256e+00,-6.432230091879747924e+00,-2.245467628783412550e+00,-6.475490734433717144e+00,-1.057768924617806250e-01,-6.614587711105807344e+00,-4.801769784618407755e+00,-3.606531716850183145e+00,-2.821458770336506827e+00
-1.934795452006136784e+00,-1.304881994118360256e+00,-6.432230091879747924e+00,-2.245467628783412550e+00,-6.475490734433717144e+00,-1.057768924617806250e-01,-6.767601655802451432e+00,-4.801769784618407755e+00,-3.606531716850183145e+00,-2.821458770336506827e+00
-1.934795452006136784e+00,-1.304881994118360256e+00,-6.432230091879747924e+00,-2.245467628783412550e+00,-6.475490734433717144e+00,-1.057768924617806250e-01,-6.767601655802451432e+00,-4.801769784618407755e+00,-3.606531716850183145e+00,-2.821458770336506827e+00
-1.934795452006136784e+00,-1.304881994118360256e+00,-6.432230091879747924e+00,-2.245467628783412550e+00,-6.475490734433717144e+00,-1.057768924617806250e-01,-6.767601655802451432e+00,-4.801769784618407755e+00,-3.606531716850183145e+00,-2.821458770336506827e+00
-1.934795452006136784e+00,-1.304881994118360256e+00,-6.432230091879747924e+00,-2.245467628783412550e+00,-6.475490734433717144e+00,-1.057768924617806250e-01,-6.767601655802451432e+00,-4.801769784618407755e+00,-3.606531716850183145e+00,-2.821458770336506827e+00
-1.934795452006136784e+00,-1.304881994118360256e+00,-6.432230091879747924e+00,-2.245467628783412550e+00,-6.475490734433717144e+00,-1.057768924617806250e-01,-6.767601655802451432e+00,-4.801769784618407755e+00,-3.606531716850183145e+00,-2.821458770336506827e+00
-1.934795452006136784e+00,-1.304881994118360256e+00,-6.432230091879747924e+00,-2.245467628783412550e+00,-6.475490734433717144e+00,-1.057768924617806250e-01,-6.767601655802451432e+00,-4.801769784618407755e+00,-3.606531716850183145e+00,-2.821458770336506827e+00
-1.934795452006136784e+00,-1.304881994118360256e+00,-6.432230091879747924e+00,-2.245467628783412550e+00,-6.475490734433717144e+00,-1.057768924617806250e-01,-6.767601655802451432e+00,-4.801769784618407755e+00,-3.606531716850183145e+00,-2.821458770336506827e+00
-1.934795452006136784e+00,-1.304881994118360256e+00,-6.432230091879747924e+00,-2.245467628783412550e+00,-6.475490734433717144e+00,-1.057768924617806250e-01,-6.767601655802451432e+00,-4.801769784618407755e+00,-3.606531716850183145e+00,-2.821458770336506827e+00
-1.934795452006136784e+00,-1.304881994118360256e+00,-6.432230091879747924e+00,-2.245467628783412550e+00,-6.475490734433717144e+00,-1.057768924617806250e-01,-6.767601655802451432e+00,-4.801769784618407755e+00,-3.606531716850183145e+00,-2.821458770336506827e+00
-1.934795452006136784e+00,-1.304881994118360256e+00,-6.432230091879747924e+00,-2.245467628783412550e+00,-6.475490734433717144e+00,-1.057768924617806250e-01,-6.767601655802451432e+00,-4.854956782097415768e+00,-3.606531716850183145e+00,-2.821458770336506827e+00
-1.934795452006136784e+00,-1.304881994118360256e+00,-6.432230091879747924e+00,-2.245467628783412550e+00,-6.475490734433717144e+00,-1.057768924617806250e-01,-6.767601655802451432e+00,-4.854956782097415768e+00,-3.606531716850183145e+00,-2.821458770336506827e+00
-1.934795452006136784e+00,-1.304881994118360256e+00,-6.432230091879747924e+00,-2.245467628783412550e+00,-6.475490734433717144e+00,-1.057768924617806250e-01,-6.767601655802451432e+00,-4.854956782097415768e+00,-3.606531716850183145e+00,-2.821458770336506827e+00
-1.934795452006136784e+00,-1.304881994118360256e+00,-6.432230091879747924e+00,-2.245467628783412550e+00,-6.475490734433717144e+00,-1.057768924617806250e-01,-6.767601655802451432e+00,-4.854956782097415768e+00,-3.606531716850183145e+00,-2.821458770336506827e+00
-1.934795452006136784e+00,-1.304881994118360256e+00,-6.432230091879747924e+00,-2.245467628783412550e+00,-6.475490734433717144e+00,-1.057768924617806250e-01,-6.767601655802451432e+00,-4.854956782097415768e+00,-3.606531716850183145e+00,-2.821458770336506827e+00
-1.934795452006136784e+00,-1.304881994118360256e+00,-6.432230091879747924e+00,-2.245467628783412550e+00,-6.475490734433717144e+00,-1.057768924617806250e-01,-6.767601655802451432e+00,-4.854956782097415768e+00,-3.606531716850183145e+00,-2.821458770336506827e+00
-1.934795452006136784e+00,-1.304881994118360256e+00,-6.432230091879747924e+00,-2.245467628783412550e+00,-6.475490734433717144e+00,-1.057768924617806250e-01,-6.767601655802451432e+00,-4.854956782097415768e+00,-3.606531716850183145e+00,-2.821458770336506827e+00
-1.934795452006136784e+00,-1.304881994118360256e+00,-6.432230091879747924e+00,-2.245467628783412550e+00,-6.475490734433717144e+00,-1.057768924617806250e-01,-6.767601655802451432e+00,-4.854956782097415768e+00,-3.606531716850183145e+00,-2.821458770336506827e+00
-1.934795452006136784e+00,-1.304881994118360256e+00,-6.432230091879747924e+00,-2.245467628783412550e+00,-6.475490734433717144e+00,-1.057768924617806250e-01,-6.767601655802451432e+00,-4.854956782097415768e+00,-3.606531716850183145e+00,-2.821458770336506827e+00
-1.934795452006136784e+00,-1.304881994118360256e+00,-6.432230091879747924e+00,-2.245467628783412550e+00,-6.475490734433717144e+00,-1.057768924617806250e-01,-6.767601655802451432e+00,-4.854956782097415768e+00,-3.606531716850183145e+00,-2.821458770336506827e+00
