1.430224964028245838e+00,3.363455094763502462e+00,4.399931724818919143e+00,1.012656925036356403e+00,2.311384187437614646e+00,-1.819406942418969608e-01,1.860093700254738802e-01,5.839839386029970214e+00,4.952489816479371809e-02,3.990017444385043910e-01
3.408920963671286941e-01,9.309693820400947173e-01,4.399931724818919143e+00,6.023532569161405004e-01,2.311384187437614646e+00,-3.291716904744077521e-01,1.860093700254738802e-01,2.352592651867459139e+00,-1.077216788619473231e+00,3.990017444385043910e-01
-7.549439771891578443e-01,9.309693820400947173e-01,3.648043186197218013e+00,6.023532569161405004e-01,1.005278557440256293e+00,-3.291716904744077521e-01,1.860093700254738802e-01,8.376765093636237003e-01,-1.077216788619473231e+00,3.990017444385043910e-01
-7.549439771891578443e-01,9.309693820400947173e-01,3.648043186197218013e+00,6.023532569161405004e-01,1.005278557440256293e+00,-3.291716904744077521e-01,1.860093700254738802e-01,8.376765093636237003e-01,-1.077216788619473231e+00,3.990017444385043910e-01
-7.549439771891578443e-01,-1.640822145525185904e+00,3.632306002833717962e+00,-2.727199963057639898e-01,1.005278557440256293e+00,-3.291716904744077521e-01,1.037021386379735066e-01,8.376765093636237003e-01,-1.077216788619473231e+00,3.990017444385043910e-01
-7.549439771891578443e-01,-1.640822145525185904e+00,2.187225289152753938e+00,-9.718306353353789451e-01,1.005278557440256293e+00,-3.291716904744077521e-01,1.037021386379735066e-01,8.376765093636237003e-01,-1.077216788619473231e+00,-8.311985987195699144e-01
-7.549439771891578443e-01,-2.577426769322090472e+00,2.187225289152753938e+00,-9.718306353353789451e-01,1.005278557440256293e+00,-3.291716904744077521e-01,1.037021386379735066e-01,-3.584767801952845057e-01,-1.223880281070861553e+00,-8.311985987195699144e-01
-7.549439771891578443e-01,-3.908149173932391918e+00,2.187225289152753938e+00,-9.718306353353789451e-01,1.005278557440256293e+00,-3.291716904744077521e-01,1.037021386379735066e-01,-1.094200538893778107e+00,-1.223880281070861553e+00,-8.311985987195699144e-01
-7.549439771891578443e-01,-3.908149173932391918e+00,2.187225289152753938e+00,-9.718306353353789451e-01,1.005278557440256293e+00,-3.291716904744077521e-01,-2.172988349315449763e-01,-1.094200538893778107e+00,-1.223880281070861553e+00,-8.311985987195699144e-01
-7.549439771891578443e-01,-3.908149173932391918e+00,2.187225289152753938e+00,-9.718306353353789451e-01,1.005278557440256293e+00,-3.291716904744077521e-01,-2.172988349315449763e-01,-1.094200538893778107e+00,-1.223880281070861553e+00,-1.567498298737071583e+00
-7.549439771891578443e-01,-4.025314345021567597e+00,2.187225289152753938e+00,-9.718306353353789451e-01,1.005278557440256293e+00,-1.050124124590224417e+00,-2.172988349315449763e-01,-1.094200538893778107e+00,-1.223880281070861553e+00,-1.567498298737071583e+00
-7.549439771891578443e-01,-4.025314345021567597e+00,2.187225289152753938e+00,-9.718306353353789451e-01,1.005278557440256293e+00,-1.050124124590224417e+00,-2.172988349315449763e-01,-1.094200538893778107e+00,-1.223880281070861553e+00,-1.567498298737071583e+00
-7.549439771891578443e-01,-4.025314345021567597e+00,2.187225289152753938e+00,-9.718306353353789451e-01,1.005278557440256293e+00,-1.050124124590224417e+00,-2.172988349315449763e-01,-1.094200538893778107e+00,-1.223880281070861553e+00,-1.567498298737071583e+00
-7.549439771891578443e-01,-4.660822147204808807e+00,2.187225289152753938e+00,-9.718306353353789451e-01,1.005278557440256293e+00,-1.050124124590224417e+00,-2.172988349315449763e-01,-1.094200538893778107e+00,-1.223880281070861553e+00,-1.567498298737071583e+00
-7.549439771891578443e-01,-4.660822147204808807e+00,2.187225289152753938e+00,-9.718306353353789451e-01,1.005278557440256293e+00,-1.050124124590224417e+00,-2.172988349315449763e-01,-1.094200538893778107e+00,-1.223880281070861553e+00,-1.567498298737071583e+00
-7.549439771891578443e-01,-4.660822147204808807e+00,2.187225289152753938e+00,-9.718306353353789451e-01,-1.238154229867495015e+00,-1.050124124590224417e+00,-2.172988349315449763e-01,-1.094200538893778107e+00,-1.223880281070861553e+00,-1.567498298737071583e+00
-7.549439771891578443e-01,-4.660822147204808807e+00,2.187225289152753938e+00,-9.718306353353789451e-01,-1.238154229867495015e+00,-1.050124124590224417e+00,-2.172988349315449763e-01,-1.094200538893778107e+00,-1.223880281070861553e+00,-1.567498298737071583e+00
-7.549439771891578443e-01,-4.660822147204808807e+00,2.187225289152753938e+00,-9.718306353353789451e-01,-1.238154229867495015e+00,-1.050124124590224417e+00,-1.788835504978477653e+00,-1.094200538893778107e+00,-1.223880281070861553e+00,-1.567498298737071583e+00
-7.549439771891578443e-01,-4.660822147204808807e+00,2.187225289152753938e+00,-9.718306353353789451e-01,-2.342262791549778900e+00,-1.050124124590224417e+00,-1.788835504978477653e+00,-1.094200538893778107e+00,-1.223880281070861553e+00,-1.567498298737071583e+00
-7.549439771891578443e-01,-5.042437598962466794e+00,2.187225289152753938e+00,-9.718306353353789451e-01,-2.342262791549778900e+00,-1.050124124590224417e+00,-1.788835504978477653e+00,-1.094200538893778107e+00,-1.223880281070861553e+00,-2.378448519427666774e+00
-7.549439771891578443e-01,-5.042437598962466794e+00,8.590002094757803741e-01,-9.718306353353789451e-01,-2.342262791549778900e+00,-1.050124124590224417e+00,-1.788835504978477653e+00,-1.094200538893778107e+00,-1.223880281070861553e+00,-2.378448519427666774e+00
-7.549439771891578443e-01,-5.042437598962466794e+00,8.590002094757803741e-01,-9.718306353353789451e-01,-2.342262791549778900e+00,-1.050124124590224417e+00,-1.788835504978477653e+00,-1.320133959732613604e+00,-1.223880281070861553e+00,-2.378448519427666774e+00
-7.549439771891578443e-01,-5.042437598962466794e+00,8.590002094757803741e-01,-9.718306353353789451e-01,-2.342262791549778900e+00,-1.050124124590224417e+00,-1.788835504978477653e+00,-2.215543903974027895e+00,-1.223880281070861553e+00,-2.378448519427666774e+00
-7.549439771891578443e-01,-5.042437598962466794e+00,8.590002094757803741e-01,-9.718306353353789451e-01,-2.473722112479014079e+00,-1.050124124590224417e+00,-1.788835504978477653e+00,-2.215543903974027895e+00,-1.223880281070861553e+00,-2.378448519427666774e+00
-7.549439771891578443e-01,-5.042437598962466794e+00,8.590002094757803741e-01,-9.718306353353789451e-01,-2.473722112479014079e+00,-1.050124124590224417e+00,-1.788835504978477653e+00,-2.215543903974027895e+00,-1.223880281070861553e+00,-2.378448519427666774e+00
-7.549439771891578443e-01,-5.042437598962466794e+00,8.590002094757803741e-01,-9.718306353353789451e-01,-2.473722112479014079e+00,-1.050124124590224417e+00,-1.788835504978477653e+00,-2.215543903974027895e+00,-1.223880281070861553e+00,-3.277073887943015240e+00
-7.549439771891578443e-01,-5.042437598962466794e+00,8.590002094757803741e-01,-1.204482440378948471e+00,-2.473722112479014079e+00,-1.050124124590224417e+00,-1.788835504978477653e+00,-2.215543903974027895e+00,-1.223880281070861553e+00,-3.277073887943015240e+00
-7.549439771891578443e-01,-5.042437598962466794e+00,6.685388315573854712e-01,-1.204482440378948471e+00,-2.473722112479014079e+00,-1.050124124590224417e+00,-1.788835504978477653e+00,-2.215543903974027895e+00,-1.223880281070861553e+00,-3.277073887943015240e+00
-7.549439771891578443e-01,-5.042437598962466794e+00,6.685388315573854712e-01,-1.204482440378948471e+00,-2.473722112479014079e+00,-1.050124124590224417e+00,-1.788835504978477653e+00,-2.215543903974027895e+00,-1.223880281070861553e+00,-3.277073887943015240e+00
-7.549439771891578443e-01,-5.042437598962466794e+00,6.685388315573854712e-01,-1.204482440378948471e+00,-2.473722112479014079e+00,-1.050124124590224417e+00,-1.788835504978477653e+00,-2.215543903974027895e+00,-1.223880281070861553e+00,-3.277073887943015240e+00
-7.549439771891578443e-01,-5.042437598962466794e+00,6.685388315573854712e-01,-1.300158235097758519e+00,-2.473722112479014079e+00,-1.050124124590224417e+00,-1.788835504978477653e+00,-2.215543903974027895e+00,-1.223880281070861553e+00,-3.277073887943015240e+00
-7.549439771891578443e-01,-5.042437598962466794e+00,6.685388315573854712e-01,-1.300158235097758519e+00,-2.473722112479014079e+00,-1.050124124590224417e+00,-1.788835504978477653e+00,-2.215543903974027895e+00,-1.223880281070861553e+00,-3.277073887943015240e+00
-7.549439771891578443e-01,-5.042437598962466794e+00,6.685388315573854712e-01,-1.300158235097758519e+00,-2.473722112479014079e+00,-1.050124124590224417e+00,-1.788835504978477653e+00,-2.215543903974027895e+00,-1.223880281070861553e+00,-3.277073887943015240e+00
-7.549439771891578443e-01,-5.042437598962466794e+00,6.685388315573854712e-01,-1.300158235097758519e+00,-2.473722112479014079e+00,-1.050124124590224417e+00,-1.788835504978477653e+00,-2.215543903974027895e+00,-1.223880281070861553e+00,-3.277073887943015240e+00
-7.549439771891578443e-01,-5.042437598962466794e+00,6.685388315573854712e-01,-1.926787083787659505e+00,-2.473722112479014079e+00,-1.050124124590224417e+00,-1.788835504978477653e+00,-2.215543903974027895e+00,-1.223880281070861553e+00,-3.277073887943015240e+00
-7.549439771891578443e-01,-5.042437598962466794e+00,6.685388315573854712e-01,-1.926787083787659505e+00,-2.473722112479014079e+00,-1.050124124590224417e+00,-1.788835504978477653e+00,-2.215543903974027895e+00,-1.223880281070861553e+00,-3.277073887943015240e+00
-7.549439771891578443e-01,-5.042437598962466794e+00,6.685388315573854712e-01,-1.926787083787659505e+00,-2.473722112479014079e+00,-1.050124124590224417e+00,-1.788835504978477653e+00,-2.215543903974027895e+00,-1.223880281070861553e+00,-3.277073887943015240e+00
-7.549439771891578443e-01,-5.042437598962466794e+00,6.685388315573854712e-01,-1.926787083787659505e+00,-2.473722112479014079e+00,-1.050124124590224417e+00,-1.788835504978477653e+00,-2.215543903974027895e+00,-1.223880281070861553e+00,-3.277073887943015240e+00
-7.549439771891578443e-01,-5.042437598962466794e+00,6.685388315573854712e-01,-1.926787083787659505e+00,-3.519977593844638264e+00,-1.050124124590224417e+00,-1.788835504978477653e+00,-2.215543903974027895e+00,-1.223880281070861553e+00,-3.277073887943015240e+00
-7.549439771891578443e-01,-5.042437598962466794e+00,6.281425993901631477e-01,-1.926787083787659505e+00,-3.519977593844638264e+00,-1.050124124590224417e+00,-1.788835504978477653e+00,-2.215543903974027895e+00,-1.223880281070861553e+00,-3.277073887943015240e+00
-7.549439771891578443e-01,-5.042437598962466794e+00,6.281425993901631477e-01,-1.926787083787659505e+00,-3.519977593844638264e+00,-1.050124124590224417e+00,-1.788835504978477653e+00,-2.215543903974027895e+00,-1.223880281070861553e+00,-3.277073887943015240e+00
-7.549439771891578443e-01,-5.042437598962466794e+00,6.281425993901631477e-01,-1.926787083787659505e+00,-3.519977593844638264e+00,-1.050124124590224417e+00,-1.788835504978477653e+00,-2.215543903974027895e+00,-1.223880281070861553e+00,-3.277073887943015240e+00
-7.549439771891578443e-01,-5.042437598962466794e+00,6.419983373028101403e-02,-1.926787083787659505e+00,-3.519977593844638264e+00,-2.350321837191902574e+00,-1.788835504978477653e+00,-2.215543903974027895e+00,-1.223880281070861553e+00,-3.277073887943015240e+00
-1.208012675565885985e+00,-5.042437598962466794e+00,6.419983373028101403e-02,-1.926787083787659505e+00,-3.519977593844638264e+00,-2.476199828334764597e+00,-1.788835504978477653e+00,-2.215543903974027895e+00,-1.223880281070861553e+00,-3.277073887943015240e+00
-1.208012675565885985e+00,-5.042437598962466794e+00,-4.798859365988640824e-01,-1.926787083787659505e+00,-3.519977593844638264e+00,-2.476199828334764597e+00,-1.788835504978477653e+00,-2.215543903974027895e+00,-1.223880281070861553e+00,-3.277073887943015240e+00
-1.208012675565885985e+00,-5.042437598962466794e+00,-4.798859365988640824e-01,-1.926787083787659505e+00,-3.519977593844638264e+00,-2.997178806657236461e+00,-1.788835504978477653e+00,-2.215543903974027895e+00,-1.223880281070861553e+00,-3.277073887943015240e+00
-1.208012675565885985e+00,-5.042437598962466794e+00,-4.798859365988640824e-01,-1.926787083787659505e+00,-3.519977593844638264e+00,-2.997178806657236461e+00,-1.788835504978477653e+00,-2.215543903974027895e+00,-1.223880281070861553e+00,-3.277073887943015240e+00
-1.208012675565885985e+00,-5.042437598962466794e+00,-4.798859365988640824e-01,-1.926787083787659505e+00,-3.519977593844638264e+00,-3.863379185431574658e+00,-1.788835504978477653e+00,-2.215543903974027895e+00,-1.223880281070861553e+00,-3.277073887943015240e+00
-1.208012675565885985e+00,-5.042437598962466794e+00,-4.798859365988640824e-01,-1.926787083787659505e+00,-3.519977593844638264e+00,-3.863379185431574658e+00,-1.788835504978477653e+00,-2.215543903974027895e+00,-1.223880281070861553e+00,-3.277073887943015240e+00
-1.208012675565885985e+00,-5.042437598962466794e+00,-4.798859365988640824e-01,-1.926787083787659505e+00,-3.519977593844638264e+00,-3.863379185431574658e+00,-1.788835504978477653e+00,-2.215543903974027895e+00,-1.223880281070861553e+00,-3.277073887943015240e+00
-1.208012675565885985e+00,-5.042437598962466794e+00,-4.798859365988640824e-01,-1.926787083787659505e+00,-3.519977593844638264e+00,-3.863379185431574658e+00,-1.788835504978477653e+00,-2.215543903974027895e+00,-1.223880281070861553e+00,-3.277073887943015240e+00
-1.208012675565885985e+00,-5.042437598962466794e+00,-4.798859365988640824e-01,-1.926787083787659505e+00,-3.519977593844638264e+00,-3.863379185431574658e+00,-1.788835504978477653e+00,-2.215543903974027895e+00,-1.223880281070861553e+00,-3.277073887943015240e+00
-1.208012675565885985e+00,-5.042437598962466794e+00,-4.798859365988640824e-01,-1.926787083787659505e+00,-3.519977593844638264e+00,-3.863379185431574658e+00,-1.788835504978477653e+00,-2.215543903974027895e+00,-1.223880281070861553e+00,-3.277073887943015240e+00
-1.208012675565885985e+00,-5.042437598962466794e+00,-4.798859365988640824e-01,-1.926787083787659505e+00,-3.519977593844638264e+00,-4.592125984289427976e+00,-1.788835504978477653e+00,-2.215543903974027895e+00,-1.223880281070861553e+00,-3.277073887943015240e+00
-1.208012675565885985e+00,-5.042437598962466794e+00,-4.798859365988640824e-01,-1.926787083787659505e+00,-3.519977593844638264e+00,-4.592125984289427976e+00,-1.788835504978477653e+00,-2.215543903974027895e+00,-1.223880281070861553e+00,-3.277073887943015240e+00
-1.208012675565885985e+00,-5.042437598962466794e+00,-4.798859365988640824e-01,-1.926787083787659505e+00,-3.519977593844638264e+00,-4.592125984289427976e+00,-1.788835504978477653e+00,-2.215543903974027895e+00,-1.244661627418831351e+00,-3.277073887943015240e+00
-1.208012675565885985e+00,-5.042437598962466794e+00,-4.798859365988640824e-01,-1.926787083787659505e+00,-3.519977593844638264e+00,-4.592125984289427976e+00,-1.788835504978477653e+00,-2.215543903974027895e+00,-1.244661627418831351e+00,-3.277073887943015240e+00
-1.208012675565885985e+00,-5.042437598962466794e+00,-4.798859365988640824e-01,-1.926787083787659505e+00,-3.519977593844638264e+00,-4.592125984289427976e+00,-1.788835504978477653e+00,-2.215543903974027895e+00,-1.244661627418831351e+00,-3.277073887943015240e+00
-1.208012675565885985e+00,-5.042437598962466794e+00,-4.798859365988640824e-01,-1.926787083787659505e+00,-3.519977593844638264e+00,-4.592125984289427976e+00,-1.788835504978477653e+00,-2.215543903974027895e+00,-1.244661627418831351e+00,-3.277073887943015240e+00
-1.208012675565885985e+00,-5.042437598962466794e+00,-4.798859365988640824e-01,-1.926787083787659505e+00,-3.519977593844638264e+00,-4.592125984289427976e+00,-1.788835504978477653e+00,-2.215543903974027895e+00,-1.244661627418831351e+00,-3.277073887943015240e+00
-1.208012675565885985e+00,-5.042437598962466794e+00,-4.798859365988640824e-01,-1.926787083787659505e+00,-3.519977593844638264e+00,-4.592125984289427976e+00,-1.788835504978477653e+00,-2.215543903974027895e+00,-1.244661627418831351e+00,-3.277073887943015240e+00
-1.208012675565885985e+00,-5.042437598962466794e+00,-4.798859365988640824e-01,-1.926787083787659505e+00,-3.519977593844638264e+00,-4.592125984289427976e+00,-1.788835504978477653e+00,-2.215543903974027895e+00,-1.244661627418831351e+00,-3.277073887943015240e+00
-1.220716272080866416e+00,-5.042437598962466794e+00,-4.798859365988640824e-01,-1.926787083787659505e+00,-3.519977593844638264e+00,-4.592125984289427976e+00,-1.788835504978477653e+00,-2.215543903974027895e+00,-1.244661627418831351e+00,-3.277073887943015240e+00
-1.220716272080866416e+00,-5.042437598962466794e+00,-4.798859365988640824e-01,-1.926787083787659505e+00,-3.519977593844638264e+00,-4.592125984289427976e+00,-1.788835504978477653e+00,-2.215543903974027895e+00,-1.244661627418831351e+00,-3.277073887943015240e+00
-1.220716272080866416e+00,-5.042437598962466794e+00,-4.798859365988640824e-01,-1.926787083787659505e+00,-3.519977593844638264e+00,-4.592125984289427976e+00,-1.788835504978477653e+00,-2.215543903974027895e+00,-1.244661627418831351e+00,-3.277073887943015240e+00
-1.220716272080866416e+00,-5.042437598962466794e+00,-4.798859365988640824e-01,-1.926787083787659505e+00,-3.519977593844638264e+00,-4.592125984289427976e+00,-1.788835504978477653e+00,-2.215543903974027895e+00,-1.244661627418831351e+00,-3.277073887943015240e+00
-1.220716272080866416e+00,-5.042437598962466794e+00,-4.798859365988640824e-01,-1.926787083787659505e+00,-3.519977593844638264e+00,-4.592125984289427976e+00,-1.788835504978477653e+00,-2.215543903974027895e+00,-1.244661627418831351e+00,-3.277073887943015240e+00
-1.220716272080866416e+00,-5.042437598962466794e+00,-4.798859365988640824e-01,-1.926787083787659505e+00,-3.519977593844638264e+00,-4.592125984289427976e+00,-1.788835504978477653e+00,-2.215543903974027895e+00,-1.244661627418831351e+00,-3.277073887943015240e+00
-1.220716272080866416e+00,-5.042437598962466794e+00,-4.798859365988640824e-01,-1.926787083787659505e+00,-3.519977593844638264e+00,-4.592125984289427976e+00,-1.788835504978477653e+00,-2.215543903974027895e+00,-1.244661627418831351e+00,-3.277073887943015240e+00
-1.220716272080866416e+00,-5.042437598962466794e+00,-4.798859365988640824e-01,-1.926787083787659505e+00,-3.519977593844638264e+00,-4.592125984289427976e+00,-1.788835504978477653e+00,-2.215543903974027895e+00,-1.244661627418831351e+00,-3.277073887943015240e+00
-1.220716272080866416e+00,-5.042437598962466794e+00,-4.798859365988640824e-01,-1.926787083787659505e+00,-3.519977593844638264e+00,-4.592125984289427976e+00,-1.788835504978477653e+00,-2.215543903974027895e+00,-1.244661627418831351e+00,-3.277073887943015240e+00
-1.220716272080866416e+00,-5.042437598962466794e+00,-4.798859365988640824e-01,-1.926787083787659505e+00,-3.519977593844638264e+00,-4.592125984289427976e+00,-1.788835504978477653e+00,-2.215543903974027895e+00,-1.244661627418831351e+00,-3.277073887943015240e+00
-1.220716272080866416e+00,-5.042437598962466794e+00,-4.798859365988640824e-01,-1.926787083787659505e+00,-3.519977593844638264e+00,-4.592125984289427976e+00,-1.788835504978477653e+00,-2.215543903974027895e+00,-1.244661627418831351e+00,-3.277073887943015240e+00
-1.220716272080866416e+00,-5.042437598962466794e+00,-4.798859365988640824e-01,-1.926787083787659505e+00,-3.519977593844638264e+00,-4.592125984289427976e+00,-1.788835504978477653e+00,-2.215543903974027895e+00,-1.244661627418831351e+00,-3.277073887943015240e+00
-1.483166543223593203e+00,-5.042437598962466794e+00,-4.798859365988640824e-01,-1.926787083787659505e+00,-3.519977593844638264e+00,-4.592125984289427976e+00,-2.306701001882395463e+00,-2.215543903974027895e+00,-1.244661627418831351e+00,-3.277073887943015240e+00
-1.483166543223593203e+00,-5.042437598962466794e+00,-4.798859365988640824e-01,-1.926787083787659505e+00,-3.519977593844638264e+00,-4.592125984289427976e+00,-2.901839752665874350e+00,-2.215543903974027895e+00,-1.244661627418831351e+00,-3.277073887943015240e+00
-1.483166543223593203e+00,-5.042437598962466794e+00,-4.798859365988640824e-01,-1.926787083787659505e+00,-3.519977593844638264e+00,-4.592125984289427976e+00,-2.901839752665874350e+00,-2.215543903974027895e+00,-1.244661627418831351e+00,-3.277073887943015240e+00
-1.483166543223593203e+00,-5.042437598962466794e+00,-4.798859365988640824e-01,-1.926787083787659505e+00,-3.519977593844638264e+00,-4.592125984289427976e+00,-2.901839752665874350e+00,-2.215543903974027895e+00,-1.244661627418831351e+00,-3.277073887943015240e+00
-2.044985576525286675e+00,-5.042437598962466794e+00,-4.798859365988640824e-01,-1.926787083787659505e+00,-3.519977593844638264e+00,-4.592125984289427976e+00,-2.901839752665874350e+00,-2.215543903974027895e+00,-1.244661627418831351e+00,-3.277073887943015240e+00
-2.044985576525286675e+00,-5.042437598962466794e+00,-4.798859365988640824e-01,-1.926787083787659505e+00,-3.519977593844638264e+00,-4.592125984289427976e+00,-2.901839752665874350e+00,-2.215543903974027895e+00,-1.244661627418831351e+00,-3.277073887943015240e+00
-2.044985576525286675e+00,-5.042437598962466794e+00,-4.798859365988640824e-01,-1.926787083787659505e+00,-3.519977593844638264e+00,-4.592125984289427976e+00,-2.901839752665874350e+00,-2.215543903974027895e+00,-1.244661627418831351e+00,-3.277073887943015240e+00
-2.044985576525286675e+00,-5.042437598962466794e+00,-4.798859365988640824e-01,-1.926787083787659505e+00,-3.519977593844638264e+00,-4.592125984289427976e+00,-2.901839752665874350e+00,-2.215543903974027895e+00,-1.244661627418831351e+00,-3.277073887943015240e+00
-2.044985576525286675e+00,-5.042437598962466794e+00,-4.798859365988640824e-01,-1.926787083787659505e+00,-3.519977593844638264e+00,-4.592125984289427976e+00,-2.901839752665874350e+00,-2.215543903974027895e+00,-1.244661627418831351e+00,-3.277073887943015240e+00
-2.044985576525286675e+00,-5.042437598962466794e+00,-4.798859365988640824e-01,-1.926787083787659505e+00,-3.519977593844638264e+00,-4.592125984289427976e+00,-2.901839752665874350e+00,-2.215543903974027895e+00,-1.244661627418831351e+00,-3.277073887943015240e+00
-2.044985576525286675e+00,-5.042437598962466794e+00,-4.798859365988640824e-01,-1.926787083787659505e+00,-3.519977593844638264e+00,-4.592125984289427976e+00,-2.901839752665874350e+00,-2.215543903974027895e+00,-1.244661627418831351e+00,-3.277073887943015240e+00
-2.044985576525286675e+00,-5.042437598962466794e+00,-4.798859365988640824e-01,-1.926787083787659505e+00,-3.519977593844638264e+00,-4.592125984289427976e+00,-2.901839752665874350e+00,-2.215543903974027895e+00,-1.244661627418831351e+00,-3.277073887943015240e+00
-2.044985576525286675e+00,-5.042437598962466794e+00,-4.798859365988640824e-01,-1.926787083787659505e+00,-3.519977593844638264e+00,-4.592125984289427976e+00,-2.901839752665874350e+00,-2.215543903974027895e+00,-1.244661627418831351e+00,-3.277073887943015240e+00
-2.044985576525286675e+00,-5.042437598962466794e+00,-4.798859365988640824e-01,-1.926787083787659505e+00,-3.519977593844638264e+00,-4.592125984289427976e+00,-2.901839752665874350e+00,-2.215543903974027895e+00,-1.244661627418831351e+00,-3.277073887943015240e+00
-2.044985576525286675e+00,-5.042437598962466794e+00,-4.798859365988640824e-01,-1.926787083787659505e+00,-3.519977593844638264e+00,-4.592125984289427976e+00,-2.901839752665874350e+00,-2.215543903974027895e+00,-1.244661627418831351e+00,-3.277073887943015240e+00
-2.044985576525286675e+00,-5.042437598962466794e+00,-4.798859365988640824e-01,-1.926787083787659505e+00,-3.519977593844638264e+00,-4.592125984289427976e+00,-2.901839752665874350e+00,-2.215543903974027895e+00,-1.244661627418831351e+00,-3.277073887943015240e+00
-2.044985576525286675e+00,-5.042437598962466794e+00,-4.798859365988640824e-01,-1.926787083787659505e+00,-3.519977593844638264e+00,-5.273697580606608426e+00,-2.901839752665874350e+00,-2.215543903974027895e+00,-1.244661627418831351e+00,-3.277073887943015240e+00
-2.044985576525286675e+00,-5.042437598962466794e+00,-4.798859365988640824e-01,-1.926787083787659505e+00,-3.519977593844638264e+00,-5.273697580606608426e+00,-3.448668299852607255e+00,-2.215543903974027895e+00,-1.244661627418831351e+00,-3.277073887943015240e+00
-2.044985576525286675e+00,-5.042437598962466794e+00,-4.798859365988640824e-01,-1.926787083787659505e+00,-3.519977593844638264e+00,-5.273697580606608426e+00,-3.448668299852607255e+00,-2.215543903974027895e+00,-1.244661627418831351e+00,-3.277073887943015240e+00
-2.044985576525286675e+00,-5.042437598962466794e+00,-4.798859365988640824e-01,-1.926787083787659505e+00,-3.519977593844638264e+00,-5.273697580606608426e+00,-3.448668299852607255e+00,-2.215543903974027895e+00,-1.244661627418831351e+00,-3.277073887943015240e+00
-2.044985576525286675e+00,-5.042437598962466794e+00,-4.798859365988640824e-01,-1.926787083787659505e+00,-3.519977593844638264e+00,-5.273697580606608426e+00,-3.448668299852607255e+00,-2.215543903974027895e+00,-1.244661627418831351e+00,-3.277073887943015240e+00
-2.044985576525286675e+00,-5.042437598962466794e+00,-4.798859365988640824e-01,-1.926787083787659505e+00,-3.519977593844638264e+00,-5.273697580606608426e+00,-3.448668299852607255e+00,-2.215543903974027895e+00,-1.244661627418831351e+00,-3.277073887943015240e+00
-2.044985576525286675e+00,-5.042437598962466794e+00,-4.798859365988640824e-01,-1.926787083787659505e+00,-3.519977593844638264e+00,-5.273697580606608426e+00,-3.448668299852607255e+00,-2.215543903974027895e+00,-1.244661627418831351e+00,-3.277073887943015240e+00
-2.044985576525286675e+00,-5.042437598962466794e+00,-4.798859365988640824e-01,-1.926787083787659505e+00,-3.519977593844638264e+00,-5.273697580606608426e+00,-3.448668299852607255e+00,-2.215543903974027895e+00,-1.244661627418831351e+00,-3.277073887943015240e+00
-2.044985576525286675e+00,-5.042437598962466794e+00,-4.798859365988640824e-01,-1.926787083787659505e+00,-3.519977593844638264e+00,-5.273697580606608426e+00,-3.448668299852607255e+00,-2.215543903974027895e+00,-1.244661627418831351e+00,-3.277073887943015240e+00
-2.044985576525286675e+00,-5.042437598962466794e+00,-6.220335698514349865e-01,-1.926787083787659505e+00,-3.519977593844638264e+00,-5.273697580606608426e+00,-3.448668299852607255e+00,-2.215543903974027895e+00,-1.244661627418831351e+00,-3.277073887943015240e+00
-2.044985576525286675e+00,-5.042437598962466794e+00,-6.220335698514349865e-01,-2.197875424087184726e+00,-3.519977593844638264e+00,-5.273697580606608426e+00,-3.448668299852607255e+00,-2.215543903974027895e+00,-1.244661627418831351e+00,-3.277073887943015240e+00
-2.044985576525286675e+00,-5.042437598962466794e+00,-6.220335698514349865e-01,-2.197875424087184726e+00,-3.519977593844638264e+00,-5.273697580606608426e+00,-3.448668299852607255e+00,-2.215543903974027895e+00,-1.244661627418831351e+00,-3.277073887943015240e+00
-2.044985576525286675e+00,-5.042437598962466794e+00,-1.414564165907918225e+00,-2.197875424087184726e+00,-3.519977593844638264e+00,-5.273697580606608426e+00,-3.448668299852607255e+00,-2.215543903974027895e+00,-1.244661627418831351e+00,-3.277073887943015240e+00
-2.044985576525286675e+00,-5.042437598962466794e+00,-1.414564165907918225e+00,-2.197875424087184726e+00,-3.519977593844638264e+00,-5.273697580606608426e+00,-3.448668299852607255e+00,-2.215543903974027895e+00,-1.244661627418831351e+00,-3.277073887943015240e+00
-2.044985576525286675e+00,-5.042437598962466794e+00,-1.414564165907918225e+00,-2.197875424087184726e+00,-3.519977593844638264e+00,-5.273697580606608426e+00,-3.664252718247454244e+00,-2.215543903974027895e+00,-1.244661627418831351e+00,-3.277073887943015240e+00
-2.044985576525286675e+00,-5.042437598962466794e+00,-1.414564165907918225e+00,-2.197875424087184726e+00,-3.519977593844638264e+00,-5.273697580606608426e+00,-3.664252718247454244e+00,-2.215543903974027895e+00,-1.244661627418831351e+00,-3.277073887943015240e+00
-2.044985576525286675e+00,-5.042437598962466794e+00,-1.414564165907918225e+00,-2.197875424087184726e+00,-3.519977593844638264e+00,-5.273697580606608426e+00,-3.664252718247454244e+00,-2.215543903974027895e+00,-1.244661627418831351e+00,-3.277073887943015240e+00
-2.044985576525286675e+00,-5.042437598962466794e+00,-1.414564165907918225e+00,-2.197875424087184726e+00,-3.519977593844638264e+00,-5.273697580606608426e+00,-3.664252718247454244e+00,-2.215543903974027895e+00,-1.244661627418831351e+00,-3.277073887943015240e+00
-2.044985576525286675e+00,-5.042437598962466794e+00,-1.414564165907918225e+00,-2.197875424087184726e+00,-3.519977593844638264e+00,-5.273697580606608426e+00,-3.664252718247454244e+00,-2.215543903974027895e+00,-1.244661627418831351e+00,-3.277073887943015240e+00
-2.044985576525286675e+00,-5.042437598962466794e+00,-1.414564165907918225e+00,-2.197875424087184726e+00,-3.519977593844638264e+00,-5.273697580606608426e+00,-3.664252718247454244e+00,-2.215543903974027895e+00,-1.244661627418831351e+00,-3.277073887943015240e+00
-2.044985576525286675e+00,-5.042437598962466794e+00,-1.414564165907918225e+00,-2.197875424087184726e+00,-3.519977593844638264e+00,-5.273697580606608426e+00,-3.664252718247454244e+00,-2.215543903974027895e+00,-1.244661627418831351e+00,-3.277073887943015240e+00
-2.044985576525286675e+00,-5.042437598962466794e+00,-1.414564165907918225e+00,-2.197875424087184726e+00,-3.519977593844638264e+00,-5.273697580606608426e+00,-3.664252718247454244e+00,-2.215543903974027895e+00,-1.244661627418831351e+00,-3.277073887943015240e+00
-2.044985576525286675e+00,-5.042437598962466794e+00,-1.414564165907918225e+00,-2.197875424087184726e+00,-3.519977593844638264e+00,-5.273697580606608426e+00,-3.664252718247454244e+00,-2.215543903974027895e+00,-1.244661627418831351e+00,-3.277073887943015240e+00
-2.086777476895054217e+00,-5.042437598962466794e+00,-1.414564165907918225e+00,-2.197875424087184726e+00,-3.519977593844638264e+00,-5.273697580606608426e+00,-3.664252718247454244e+00,-2.215543903974027895e+00,-1.244661627418831351e+00,-3.277073887943015240e+00
-2.086777476895054217e+00,-5.042437598962466794e+00,-1.414564165907918225e+00,-2.197875424087184726e+00,-3.519977593844638264e+00,-5.273697580606608426e+00,-3.664252718247454244e+00,-2.215543903974027895e+00,-1.244661627418831351e+00,-3.277073887943015240e+00
-2.086777476895054217e+00,-5.042437598962466794e+00,-1.414564165907918225e+00,-2.197875424087184726e+00,-3.519977593844638264e+00,-5.273697580606608426e+00,-3.664252718247454244e+00,-2.215543903974027895e+00,-1.244661627418831351e+00,-3.277073887943015240e+00
-2.086777476895054217e+00,-5.042437598962466794e+00,-1.414564165907918225e+00,-2.197875424087184726e+00,-3.519977593844638264e+00,-5.273697580606608426e+00,-3.664252718247454244e+00,-2.215543903974027895e+00,-1.244661627418831351e+00,-3.277073887943015240e+00
-2.086777476895054217e+00,-5.042437598962466794e+00,-1.414564165907918225e+00,-2.197875424087184726e+00,-3.519977593844638264e+00,-5.273697580606608426e+00,-3.664252718247454244e+00,-2.215543903974027895e+00,-1.244661627418831351e+00,-3.277073887943015240e+00
-2.086777476895054217e+00,-5.042437598962466794e+00,-1.414564165907918225e+00,-2.197875424087184726e+00,-3.930239249741098284e+00,-5.273697580606608426e+00,-3.664252718247454244e+00,-2.215543903974027895e+00,-1.244661627418831351e+00,-3.277073887943015240e+00
-2.086777476895054217e+00,-5.042437598962466794e+00,-1.414564165907918225e+00,-2.197875424087184726e+00,-3.930239249741098284e+00,-5.273697580606608426e+00,-3.664252718247454244e+00,-2.215543903974027895e+00,-1.244661627418831351e+00,-3.277073887943015240e+00
-2.086777476895054217e+00,-5.042437598962466794e+00,-1.914212565142161981e+00,-2.197875424087184726e+00,-3.930239249741098284e+00,-5.273697580606608426e+00,-3.664252718247454244e+00,-2.215543903974027895e+00,-1.244661627418831351e+00,-3.277073887943015240e+00
-2.086777476895054217e+00,-5.042437598962466794e+00,-1.914212565142161981e+00,-2.197875424087184726e+00,-3.930239249741098284e+00,-5.273697580606608426e+00,-3.664252718247454244e+00,-2.215543903974027895e+00,-1.244661627418831351e+00,-3.277073887943015240e+00
-2.086777476895054217e+00,-5.042437598962466794e+00,-1.914212565142161981e+00,-2.197875424087184726e+00,-3.930239249741098284e+00,-5.358729932298321508e+00,-3.664252718247454244e+00,-2.215543903974027895e+00,-1.244661627418831351e+00,-3.277073887943015240e+00
-2.086777476895054217e+00,-5.042437598962466794e+00,-1.914212565142161981e+00,-2.197875424087184726e+00,-3.930239249741098284e+00,-5.358729932298321508e+00,-3.664252718247454244e+00,-2.215543903974027895e+00,-1.244661627418831351e+00,-3.277073887943015240e+00
-2.086777476895054217e+00,-5.042437598962466794e+00,-1.914212565142161981e+00,-2.197875424087184726e+00,-3.930239249741098284e+00,-5.358729932298321508e+00,-3.664252718247454244e+00,-2.215543903974027895e+00,-1.244661627418831351e+00,-3.277073887943015240e+00
-2.086777476895054217e+00,-5.042437598962466794e+00,-1.914212565142161981e+00,-2.197875424087184726e+00,-3.930239249741098284e+00,-5.358729932298321508e+00,-3.664252718247454244e+00,-2.215543903974027895e+00,-1.244661627418831351e+00,-3.277073887943015240e+00
-2.086777476895054217e+00,-5.042437598962466794e+00,-1.914212565142161981e+00,-2.197875424087184726e+00,-3.930239249741098284e+00,-5.358729932298321508e+00,-3.664252718247454244e+00,-2.215543903974027895e+00,-1.244661627418831351e+00,-3.277073887943015240e+00
-2.086777476895054217e+00,-5.042437598962466794e+00,-1.914212565142161981e+00,-2.197875424087184726e+00,-3.930239249741098284e+00,-5.358729932298321508e+00,-3.664252718247454244e+00,-2.215543903974027895e+00,-1.244661627418831351e+00,-3.277073887943015240e+00
-2.086777476895054217e+00,-5.042437598962466794e+00,-1.914212565142161981e+00,-2.197875424087184726e+00,-3.930239249741098284e+00,-5.358729932298321508e+00,-3.664252718247454244e+00,-2.215543903974027895e+00,-1.244661627418831351e+00,-3.277073887943015240e+00
-2.086777476895054217e+00,-5.042437598962466794e+00,-1.914212565142161981e+00,-2.197875424087184726e+00,-3.930239249741098284e+00,-5.358729932298321508e+00,-3.664252718247454244e+00,-2.215543903974027895e+00,-1.244661627418831351e+00,-3.277073887943015240e+00
-2.086777476895054217e+00,-5.042437598962466794e+00,-1.914212565142161981e+00,-2.197875424087184726e+00,-3.930239249741098284e+00,-5.358729932298321508e+00,-3.664252718247454244e+00,-2.215543903974027895e+00,-1.244661627418831351e+00,-3.277073887943015240e+00
-2.086777476895054217e+00,-5.042437598962466794e+00,-1.914212565142161981e+00,-2.197875424087184726e+00,-3.930239249741098284e+00,-5.358729932298321508e+00,-3.664252718247454244e+00,-2.215543903974027895e+00,-1.244661627418831351e+00,-3.277073887943015240e+00
-2.086777476895054217e+00,-5.042437598962466794e+00,-1.914212565142161981e+00,-2.197875424087184726e+00,-3.930239249741098284e+00,-5.358729932298321508e+00,-3.664252718247454244e+00,-2.215543903974027895e+00,-1.244661627418831351e+00,-3.277073887943015240e+00
-2.086777476895054217e+00,-5.042437598962466794e+00,-1.914212565142161981e+00,-2.197875424087184726e+00,-3.930239249741098284e+00,-5.358729932298321508e+00,-3.664252718247454244e+00,-2.215543903974027895e+00,-1.244661627418831351e+00,-3.277073887943015240e+00
-2.086777476895054217e+00,-5.042437598962466794e+00,-1.914212565142161981e+00,-2.197875424087184726e+00,-3.930239249741098284e+00,-5.358729932298321508e+00,-3.664252718247454244e+00,-2.215543903974027895e+00,-1.244661627418831351e+00,-3.277073887943015240e+00
-2.086777476895054217e+00,-5.042437598962466794e+00,-1.914212565142161981e+00,-2.197875424087184726e+00,-3.930239249741098284e+00,-5.358729932298321508e+00,-3.664252718247454244e+00,-2.215543903974027895e+00,-1.244661627418831351e+00,-3.277073887943015240e+00
-2.086777476895054217e+00,-5.042437598962466794e+00,-1.914212565142161981e+00,-2.197875424087184726e+00,-3.930239249741098284e+00,-5.358729932298321508e+00,-3.664252718247454244e+00,-2.215543903974027895e+00,-1.244661627418831351e+00,-3.277073887943015240e+00
-2.086777476895054217e+00,-5.042437598962466794e+00,-1.914212565142161981e+00,-2.197875424087184726e+00,-3.930239249741098284e+00,-5.358729932298321508e+00,-3.664252718247454244e+00,-2.215543903974027895e+00,-1.244661627418831351e+00,-3.277073887943015240e+00
-2.086777476895054217e+00,-5.042437598962466794e+00,-1.914212565142161981e+00,-2.197875424087184726e+00,-3.930239249741098284e+00,-5.358729932298321508e+00,-3.664252718247454244e+00,-2.215543903974027895e+00,-1.244661627418831351e+00,-3.277073887943015240e+00
-2.086777476895054217e+00,-5.042437598962466794e+00,-1.914212565142161981e+00,-2.197875424087184726e+00,-3.930239249741098284e+00,-5.358729932298321508e+00,-3.664252718247454244e+00,-2.215543903974027895e+00,-1.244661627418831351e+00,-3.277073887943015240e+00
-2.086777476895054217e+00,-5.042437598962466794e+00,-1.914212565142161981e+00,-2.197875424087184726e+00,-3.930239249741098284e+00,-5.358729932298321508e+00,-3.664252718247454244e+00,-2.215543903974027895e+00,-1.244661627418831351e+00,-3.277073887943015240e+00
-2.086777476895054217e+00,-5.042437598962466794e+00,-1.914212565142161981e+00,-2.197875424087184726e+00,-3.930239249741098284e+00,-5.358729932298321508e+00,-3.664252718247454244e+00,-2.215543903974027895e+00,-1.244661627418831351e+00,-3.277073887943015240e+00
-2.086777476895054217e+00,-5.042437598962466794e+00,-1.914212565142161981e+00,-2.197875424087184726e+00,-3.930239249741098284e+00,-5.358729932298321508e+00,-3.664252718247454244e+00,-2.215543903974027895e+00,-1.244661627418831351e+00,-3.277073887943015240e+00
-2.086777476895054217e+00,-5.042437598962466794e+00,-1.914212565142161981e+00,-2.197875424087184726e+00,-3.930239249741098284e+00,-5.358729932298321508e+00,-3.664252718247454244e+00,-2.215543903974027895e+00,-1.244661627418831351e+00,-3.277073887943015240e+00
-2.086777476895054217e+00,-5.042437598962466794e+00,-1.914212565142161981e+00,-2.197875424087184726e+00,-3.930239249741098284e+00,-5.358729932298321508e+00,-3.664252718247454244e+00,-2.215543903974027895e+00,-1.244661627418831351e+00,-3.277073887943015240e+00
-2.086777476895054217e+00,-5.042437598962466794e+00,-1.914212565142161981e+00,-2.197875424087184726e+00,-3.930239249741098284e+00,-5.358729932298321508e+00,-3.664252718247454244e+00,-2.215543903974027895e+00,-1.244661627418831351e+00,-3.277073887943015240e+00
-2.086777476895054217e+00,-5.042437598962466794e+00,-1.914212565142161981e+00,-2.197875424087184726e+00,-3.930239249741098284e+00,-5.358729932298321508e+00,-3.664252718247454244e+00,-2.215543903974027895e+00,-1.244661627418831351e+00,-3.277073887943015240e+00
-2.086777476895054217e+00,-5.042437598962466794e+00,-1.914212565142161981e+00,-2.197875424087184726e+00,-3.930239249741098284e+00,-5.358729932298321508e+00,-3.664252718247454244e+00,-2.215543903974027895e+00,-1.244661627418831351e+00,-3.277073887943015240e+00
-2.086777476895054217e+00,-5.042437598962466794e+00,-1.914212565142161981e+00,-2.197875424087184726e+00,-3.930239249741098284e+00,-5.358729932298321508e+00,-3.664252718247454244e+00,-2.215543903974027895e+00,-1.244661627418831351e+00,-3.277073887943015240e+00
-2.086777476895054217e+00,-5.042437598962466794e+00,-1.914212565142161981e+00,-2.197875424087184726e+00,-3.930239249741098284e+00,-5.358729932298321508e+00,-3.664252718247454244e+00,-2.215543903974027895e+00,-1.244661627418831351e+00,-3.277073887943015240e+00
-2.086777476895054217e+00,-5.042437598962466794e+00,-1.914212565142161981e+00,-2.197875424087184726e+00,-3.930239249741098284e+00,-5.358729932298321508e+00,-3.664252718247454244e+00,-2.215543903974027895e+00,-1.244661627418831351e+00,-3.277073887943015240e+00
