6.060325320376575009e-01,-8.293073777691771509e-02,1.106856748253207234e+00,6.206922096991425164e+00,3.805108006928575315e-01,2.632874980672261778e+00,1.418096696332072693e+00,2.132770534216289260e+00,8.271290488635019145e+00,5.188554850575854971e-01
6.060325320376575009e-01,-8.293073777691771509e-02,1.106856748253207234e+00,6.381133036442176998e-01,-1.963488163014842081e-01,2.467768467419223288e+00,-4.528809779629327514e-01,2.132770534216289260e+00,7.782221969960531283e+00,2.300452213238682875e-01
-4.483634030477749444e-01,-2.309289611343988913e+00,1.106856748253207234e+00,6.381133036442176998e-01,-6.897524703092117182e-01,-1.708847826358240063e+00,-4.528809779629327514e-01,2.132770534216289260e+00,3.793725285643740897e+00,2.300452213238682875e-01
-4.483634030477749444e-01,-2.309289611343988913e+00,-6.796654516869998774e-01,1.223821172362060117e-01,-9.308449101326961017e-01,-1.708847826358240063e+00,-4.528809779629327514e-01,2.132770534216289260e+00,3.793725285643740897e+00,2.300452213238682875e-01
-4.483634030477749444e-01,-2.309289611343988913e+00,-6.796654516869998774e-01,-1.131048685462005210e+00,-9.308449101326961017e-01,-1.708847826358240063e+00,-4.528809779629327514e-01,4.171865825594789912e-01,3.793725285643740897e+00,-5.845325227939218021e-02
-4.483634030477749444e-01,-2.309289611343988913e+00,-6.796654516869998774e-01,-3.723935463572712656e+00,-9.308449101326961017e-01,-1.708847826358240063e+00,-4.528809779629327514e-01,4.171865825594789912e-01,7.496140244327105240e-01,-5.845325227939218021e-02
-4.483634030477749444e-01,-2.309289611343988913e+00,-1.324990929130955397e+00,-3.723935463572712656e+00,-9.308449101326961017e-01,-1.708847826358240063e+00,-4.528809779629327514e-01,4.171865825594789912e-01,7.496140244327105240e-01,-5.845325227939218021e-02
-4.483634030477749444e-01,-2.309289611343988913e+00,-1.324990929130955397e+00,-3.723935463572712656e+00,-9.308449101326961017e-01,-1.708847826358240063e+00,-4.528809779629327514e-01,4.171865825594789912e-01,7.496140244327105240e-01,-5.845325227939218021e-02
-4.483634030477749444e-01,-2.309289611343988913e+00,-1.324990929130955397e+00,-3.723935463572712656e+00,-9.308449101326961017e-01,-2.840049946602935194e+00,-4.528809779629327514e-01,1.460054020092356186e-01,7.496140244327105240e-01,-5.845325227939218021e-02
-4.483634030477749444e-01,-2.309289611343988913e+00,-2.298486858407836841e+00,-3.723935463572712656e+00,-9.308449101326961017e-01,-2.840049946602935194e+00,-4.528809779629327514e-01,1.460054020092356186e-01,7.496140244327105240e-01,-5.845325227939218021e-02
-1.023771681845318193e+00,-3.826447623737313286e+00,-2.298486858407836841e+00,-3.723935463572712656e+00,-9.308449101326961017e-01,-2.840049946602935194e+00,-4.528809779629327514e-01,1.460054020092356186e-01,7.496140244327105240e-01,-8.893944731652857205e-02
-1.023771681845318193e+00,-3.826447623737313286e+00,-2.298486858407836841e+00,-3.723935463572712656e+00,-9.308449101326961017e-01,-2.840049946602935194e+00,-4.694082202133799120e-01,1.460054020092356186e-01,7.496140244327105240e-01,-8.893944731652857205e-02
-1.023771681845318193e+00,-3.826447623737313286e+00,-2.298486858407836841e+00,-3.723935463572712656e+00,-9.308449101326961017e-01,-2.840049946602935194e+00,-1.670526706273863349e+00,1.460054020092356186e-01,7.496140244327105240e-01,-8.893944731652857205e-02
-1.023771681845318193e+00,-3.826447623737313286e+00,-2.298486858407836841e+00,-3.723935463572712656e+00,-9.308449101326961017e-01,-2.840049946602935194e+00,-3.621797140377192470e+00,1.460054020092356186e-01,7.496140244327105240e-01,-8.893944731652857205e-02
-1.023771681845318193e+00,-3.826447623737313286e+00,-2.298486858407836841e+00,-3.723935463572712656e+00,-9.308449101326961017e-01,-2.840049946602935194e+00,-3.621797140377192470e+00,1.061882620395370076e-02,7.496140244327105240e-01,-8.893944731652857205e-02
-1.023771681845318193e+00,-3.826447623737313286e+00,-2.298486858407836841e+00,-3.723935463572712656e+00,-9.308449101326961017e-01,-2.840049946602935194e+00,-3.621797140377192470e+00,1.061882620395370076e-02,7.496140244327105240e-01,-8.893944731652857205e-02
-1.023771681845318193e+00,-3.826447623737313286e+00,-2.298486858407836841e+00,-3.965902553052577328e+00,-9.308449101326961017e-01,-2.840049946602935194e+00,-3.621797140377192470e+00,1.061882620395370076e-02,7.496140244327105240e-01,-8.893944731652857205e-02
-1.023771681845318193e+00,-3.826447623737313286e+00,-2.298486858407836841e+00,-3.965902553052577328e+00,-9.308449101326961017e-01,-3.544785687806770724e+00,-3.621797140377192470e+00,1.061882620395370076e-02,7.496140244327105240e-01,-8.893944731652857205e-02
-1.023771681845318193e+00,-3.826447623737313286e+00,-2.298486858407836841e+00,-3.965902553052577328e+00,-9.308449101326961017e-01,-3.544785687806770724e+00,-3.621797140377192470e+00,1.061882620395370076e-02,7.496140244327105240e-01,-8.893944731652857205e-02
-1.023771681845318193e+00,-3.826447623737313286e+00,-2.298486858407836841e+00,-3.965902553052577328e+00,-9.308449101326961017e-01,-3.544785687806770724e+00,-3.621797140377192470e+00,1.061882620395370076e-02,7.496140244327105240e-01,-8.893944731652857205e-02
-1.023771681845318193e+00,-3.826447623737313286e+00,-2.298486858407836841e+00,-3.965902553052577328e+00,-9.308449101326961017e-01,-3.544785687806770724e+00,-3.621797140377192470e+00,1.061882620395370076e-02,4.629244814677749287e-01,-8.893944731652857205e-02
-1.023771681845318193e+00,-3.826447623737313286e+00,-2.298486858407836841e+00,-3.965902553052577328e+00,-2.110829442710417059e+00,-3.544785687806770724e+00,-3.621797140377192470e+00,1.061882620395370076e-02,4.629244814677749287e-01,-8.893944731652857205e-02
-1.023771681845318193e+00,-3.826447623737313286e+00,-2.298486858407836841e+00,-3.965902553052577328e+00,-2.110829442710417059e+00,-3.544785687806770724e+00,-3.621797140377192470e+00,1.061882620395370076e-02,4.629244814677749287e-01,-8.893944731652857205e-02
-1.023771681845318193e+00,-4.396586178471111772e+00,-2.298486858407836841e+00,-3.965902553052577328e+00,-2.110829442710417059e+00,-3.544785687806770724e+00,-3.621797140377192470e+00,1.061882620395370076e-02,4.629244814677749287e-01,-8.893944731652857205e-02
-1.023771681845318193e+00,-4.396586178471111772e+00,-2.298486858407836841e+00,-3.965902553052577328e+00,-2.110829442710417059e+00,-3.544785687806770724e+00,-3.828929959226369917e+00,1.061882620395370076e-02,4.629244814677749287e-01,-8.893944731652857205e-02
-1.573875677413948404e+00,-4.396586178471111772e+00,-2.298486858407836841e+00,-3.965902553052577328e+00,-2.110829442710417059e+00,-3.544785687806770724e+00,-3.828929959226369917e+00,1.061882620395370076e-02,-5.945194374663730352e-01,-8.893944731652857205e-02
-1.573875677413948404e+00,-4.396586178471111772e+00,-2.298486858407836841e+00,-3.965902553052577328e+00,-2.110829442710417059e+00,-3.544785687806770724e+00,-3.828929959226369917e+00,1.061882620395370076e-02,-5.945194374663730352e-01,-8.893944731652857205e-02
-1.573875677413948404e+00,-4.396586178471111772e+00,-2.298486858407836841e+00,-3.965902553052577328e+00,-2.110829442710417059e+00,-3.544785687806770724e+00,-3.828929959226369917e+00,-6.162428833607380696e-01,-5.945194374663730352e-01,-8.893944731652857205e-02
-1.573875677413948404e+00,-4.396586178471111772e+00,-2.298486858407836841e+00,-3.965902553052577328e+00,-2.110829442710417059e+00,-3.544785687806770724e+00,-4.685133940974418820e+00,-6.162428833607380696e-01,-5.945194374663730352e-01,-8.893944731652857205e-02
-1.573875677413948404e+00,-4.396586178471111772e+00,-2.298486858407836841e+00,-3.965902553052577328e+00,-2.110829442710417059e+00,-3.544785687806770724e+00,-4.685133940974418820e+00,-6.162428833607380696e-01,-5.945194374663730352e-01,-8.893944731652857205e-02
-1.744710733025595539e+00,-4.396586178471111772e+00,-2.298486858407836841e+00,-3.965902553052577328e+00,-2.110829442710417059e+00,-3.544785687806770724e+00,-4.685133940974418820e+00,-6.162428833607380696e-01,-5.945194374663730352e-01,-8.893944731652857205e-02
-1.744710733025595539e+00,-4.396586178471111772e+00,-2.298486858407836841e+00,-3.965902553052577328e+00,-2.110829442710417059e+00,-3.544785687806770724e+00,-4.685133940974418820e+00,-6.162428833607380696e-01,-5.945194374663730352e-01,-8.893944731652857205e-02
-1.744710733025595539e+00,-4.396586178471111772e+00,-2.298486858407836841e+00,-3.965902553052577328e+00,-2.110829442710417059e+00,-3.544785687806770724e+00,-5.088460236199835229e+00,-6.162428833607380696e-01,-5.945194374663730352e-01,-8.893944731652857205e-02
-1.744710733025595539e+00,-4.396586178471111772e+00,-2.298486858407836841e+00,-3.965902553052577328e+00,-2.110829442710417059e+00,-3.544785687806770724e+00,-5.088460236199835229e+00,-6.162428833607380696e-01,-5.945194374663730352e-01,-8.893944731652857205e-02
-1.744710733025595539e+00,-4.396586178471111772e+00,-2.379390958915021503e+00,-3.965902553052577328e+00,-2.110829442710417059e+00,-3.544785687806770724e+00,-5.088460236199835229e+00,-6.162428833607380696e-01,-5.945194374663730352e-01,-8.893944731652857205e-02
-2.149838163495617849e+00,-4.396586178471111772e+00,-2.379390958915021503e+00,-3.965902553052577328e+00,-2.110829442710417059e+00,-3.544785687806770724e+00,-5.088460236199835229e+00,-6.162428833607380696e-01,-5.945194374663730352e-01,-8.893944731652857205e-02
-2.149838163495617849e+00,-4.396586178471111772e+00,-2.379390958915021503e+00,-3.965902553052577328e+00,-2.110829442710417059e+00,-3.544785687806770724e+00,-5.088460236199835229e+00,-6.162428833607380696e-01,-5.945194374663730352e-01,-8.893944731652857205e-02
-2.149838163495617849e+00,-4.493164630670538173e+00,-2.379390958915021503e+00,-3.965902553052577328e+00,-2.110829442710417059e+00,-3.544785687806770724e+00,-5.088460236199835229e+00,-6.162428833607380696e-01,-5.945194374663730352e-01,-8.893944731652857205e-02
-2.149838163495617849e+00,-4.493164630670538173e+00,-2.379390958915021503e+00,-3.965902553052577328e+00,-2.110829442710417059e+00,-3.544785687806770724e+00,-5.088460236199835229e+00,-6.162428833607380696e-01,-5.945194374663730352e-01,-8.893944731652857205e-02
-2.149838163495617849e+00,-4.493164630670538173e+00,-2.379390958915021503e+00,-3.965902553052577328e+00,-2.110829442710417059e+00,-3.544785687806770724e+00,-5.088460236199835229e+00,-6.162428833607380696e-01,-5.945194374663730352e-01,-8.893944731652857205e-02
-2.149838163495617849e+00,-4.493164630670538173e+00,-2.379390958915021503e+00,-3.965902553052577328e+00,-2.110829442710417059e+00,-3.544785687806770724e+00,-5.088460236199835229e+00,-6.162428833607380696e-01,-5.945194374663730352e-01,-4.540473207979141557e-01
-2.149838163495617849e+00,-4.493164630670538173e+00,-2.379390958915021503e+00,-3.965902553052577328e+00,-2.110829442710417059e+00,-3.544785687806770724e+00,-5.088460236199835229e+00,-6.162428833607380696e-01,-5.945194374663730352e-01,-4.540473207979141557e-01
-2.149838163495617849e+00,-4.493164630670538173e+00,-2.379390958915021503e+00,-3.965902553052577328e+00,-2.110829442710417059e+00,-3.544785687806770724e+00,-5.088460236199835229e+00,-6.162428833607380696e-01,-5.945194374663730352e-01,-4.540473207979141557e-01
-2.149838163495617849e+00,-4.493164630670538173e+00,-2.379390958915021503e+00,-3.965902553052577328e+00,-2.110829442710417059e+00,-3.544785687806770724e+00,-5.678631020503346782e+00,-6.162428833607380696e-01,-5.945194374663730352e-01,-4.540473207979141557e-01
-2.149838163495617849e+00,-4.572760747258022285e+00,-2.379390958915021503e+00,-3.965902553052577328e+00,-2.110829442710417059e+00,-3.544785687806770724e+00,-5.678631020503346782e+00,-6.162428833607380696e-01,-5.945194374663730352e-01,-4.540473207979141557e-01
-2.149838163495617849e+00,-4.957357840555403072e+00,-2.379390958915021503e+00,-3.965902553052577328e+00,-2.110829442710417059e+00,-3.544785687806770724e+00,-5.678631020503346782e+00,-6.162428833607380696e-01,-5.945194374663730352e-01,-4.540473207979141557e-01
-2.149838163495617849e+00,-4.957357840555403072e+00,-2.379390958915021503e+00,-3.965902553052577328e+00,-2.110829442710417059e+00,-3.544785687806770724e+00,-5.678631020503346782e+00,-6.162428833607380696e-01,-5.945194374663730352e-01,-4.540473207979141557e-01
-2.199961173352760646e+00,-4.957357840555403072e+00,-2.379390958915021503e+00,-3.965902553052577328e+00,-2.110829442710417059e+00,-3.544785687806770724e+00,-5.678631020503346782e+00,-6.162428833607380696e-01,-5.945194374663730352e-01,-4.540473207979141557e-01
-2.404364313386390783e+00,-4.957357840555403072e+00,-2.379390958915021503e+00,-3.965902553052577328e+00,-2.110829442710417059e+00,-3.544785687806770724e+00,-5.678631020503346782e+00,-6.162428833607380696e-01,-5.945194374663730352e-01,-4.540473207979141557e-01
-2.404364313386390783e+00,-4.957357840555403072e+00,-2.379390958915021503e+00,-3.965902553052577328e+00,-2.110829442710417059e+00,-3.544785687806770724e+00,-5.678631020503346782e+00,-6.162428833607380696e-01,-5.945194374663730352e-01,-4.540473207979141557e-01
-2.404364313386390783e+00,-4.957357840555403072e+00,-2.379390958915021503e+00,-3.965902553052577328e+00,-2.110829442710417059e+00,-3.544785687806770724e+00,-5.678631020503346782e+00,-6.162428833607380696e-01,-5.945194374663730352e-01,-4.540473207979141557e-01
-2.404364313386390783e+00,-4.957357840555403072e+00,-2.379390958915021503e+00,-3.965902553052577328e+00,-2.110829442710417059e+00,-3.544785687806770724e+00,-5.678631020503346782e+00,-6.162428833607380696e-01,-5.945194374663730352e-01,-4.540473207979141557e-01
-2.404364313386390783e+00,-4.957357840555403072e+00,-2.379390958915021503e+00,-3.965902553052577328e+00,-2.110829442710417059e+00,-3.544785687806770724e+00,-5.678631020503346782e+00,-6.162428833607380696e-01,-5.945194374663730352e-01,-4.540473207979141557e-01
-2.404364313386390783e+00,-4.957357840555403072e+00,-2.379390958915021503e+00,-3.965902553052577328e+00,-2.110829442710417059e+00,-3.544785687806770724e+00,-5.678631020503346782e+00,-6.162428833607380696e-01,-5.945194374663730352e-01,-4.540473207979141557e-01
-2.404364313386390783e+00,-4.957357840555403072e+00,-2.379390958915021503e+00,-3.965902553052577328e+00,-2.110829442710417059e+00,-3.544785687806770724e+00,-5.678631020503346782e+00,-6.162428833607380696e-01,-5.945194374663730352e-01,-4.540473207979141557e-01
-2.404364313386390783e+00,-4.957357840555403072e+00,-2.379390958915021503e+00,-3.965902553052577328e+00,-2.110829442710417059e+00,-3.544785687806770724e+00,-5.678631020503346782e+00,-6.162428833607380696e-01,-5.945194374663730352e-01,-4.540473207979141557e-01
-2.404364313386390783e+00,-4.957357840555403072e+00,-2.379390958915021503e+00,-3.965902553052577328e+00,-2.110829442710417059e+00,-3.544785687806770724e+00,-5.678631020503346782e+00,-6.162428833607380696e-01,-5.945194374663730352e-01,-4.540473207979141557e-01
-2.404364313386390783e+00,-4.957357840555403072e+00,-2.379390958915021503e+00,-3.965902553052577328e+00,-2.110829442710417059e+00,-3.544785687806770724e+00,-5.678631020503346782e+00,-6.162428833607380696e-01,-5.945194374663730352e-01,-4.540473207979141557e-01
-2.404364313386390783e+00,-4.957357840555403072e+00,-2.379390958915021503e+00,-3.965902553052577328e+00,-2.110829442710417059e+00,-3.544785687806770724e+00,-5.678631020503346782e+00,-6.162428833607380696e-01,-5.945194374663730352e-01,-4.540473207979141557e-01
-2.404364313386390783e+00,-4.957357840555403072e+00,-2.379390958915021503e+00,-3.965902553052577328e+00,-2.110829442710417059e+00,-3.544785687806770724e+00,-5.678631020503346782e+00,-6.162428833607380696e-01,-5.945194374663730352e-01,-6.228466178929353836e-01
-2.404364313386390783e+00,-4.957357840555403072e+00,-2.379390958915021503e+00,-3.965902553052577328e+00,-2.110829442710417059e+00,-3.544785687806770724e+00,-5.678631020503346782e+00,-6.162428833607380696e-01,-5.945194374663730352e-01,-6.228466178929353836e-01
-2.404364313386390783e+00,-4.957357840555403072e+00,-2.379390958915021503e+00,-3.965902553052577328e+00,-2.110829442710417059e+00,-3.544785687806770724e+00,-5.678631020503346782e+00,-6.162428833607380696e-01,-5.945194374663730352e-01,-6.228466178929353836e-01
-2.404364313386390783e+00,-4.957357840555403072e+00,-2.379390958915021503e+00,-3.965902553052577328e+00,-2.110829442710417059e+00,-3.544785687806770724e+00,-5.678631020503346782e+00,-6.162428833607380696e-01,-5.945194374663730352e-01,-6.228466178929353836e-01
-2.404364313386390783e+00,-4.957357840555403072e+00,-2.379390958915021503e+00,-3.965902553052577328e+00,-2.110829442710417059e+00,-3.544785687806770724e+00,-5.678631020503346782e+00,-6.162428833607380696e-01,-5.945194374663730352e-01,-6.228466178929353836e-01
-2.404364313386390783e+00,-4.957357840555403072e+00,-2.379390958915021503e+00,-3.965902553052577328e+00,-2.110829442710417059e+00,-3.544785687806770724e+00,-5.678631020503346782e+00,-6.162428833607380696e-01,-5.945194374663730352e-01,-6.228466178929353836e-01
-2.404364313386390783e+00,-4.957357840555403072e+00,-2.379390958915021503e+00,-3.965902553052577328e+00,-2.110829442710417059e+00,-3.544785687806770724e+00,-5.678631020503346782e+00,-6.162428833607380696e-01,-5.945194374663730352e-01,-6.228466178929353836e-01
-2.404364313386390783e+00,-4.957357840555403072e+00,-2.379390958915021503e+00,-3.965902553052577328e+00,-2.110829442710417059e+00,-3.544785687806770724e+00,-5.678631020503346782e+00,-6.162428833607380696e-01,-5.945194374663730352e-01,-6.228466178929353836e-01
-2.404364313386390783e+00,-4.957357840555403072e+00,-2.379390958915021503e+00,-4.354441344844120820e+00,-2.110829442710417059e+00,-3.544785687806770724e+00,-5.678631020503346782e+00,-6.162428833607380696e-01,-5.945194374663730352e-01,-7.367373412910501740e-01
-2.404364313386390783e+00,-4.957357840555403072e+00,-2.379390958915021503e+00,-4.354441344844120820e+00,-2.110829442710417059e+00,-3.544785687806770724e+00,-5.678631020503346782e+00,-6.162428833607380696e-01,-5.945194374663730352e-01,-7.367373412910501740e-01
-2.404364313386390783e+00,-4.957357840555403072e+00,-2.379390958915021503e+00,-4.354441344844120820e+00,-2.110829442710417059e+00,-3.544785687806770724e+00,-5.678631020503346782e+00,-6.162428833607380696e-01,-5.945194374663730352e-01,-7.367373412910501740e-01
-2.404364313386390783e+00,-4.957357840555403072e+00,-2.379390958915021503e+00,-4.354441344844120820e+00,-2.110829442710417059e+00,-3.544785687806770724e+00,-5.678631020503346782e+00,-6.162428833607380696e-01,-5.945194374663730352e-01,-7.367373412910501740e-01
-2.404364313386390783e+00,-4.957357840555403072e+00,-2.379390958915021503e+00,-4.354441344844120820e+00,-2.110829442710417059e+00,-3.544785687806770724e+00,-5.678631020503346782e+00,-6.162428833607380696e-01,-5.945194374663730352e-01,-8.285862111772326344e-01
-2.404364313386390783e+00,-4.957357840555403072e+00,-2.379390958915021503e+00,-4.354441344844120820e+00,-2.110829442710417059e+00,-3.544785687806770724e+00,-5.678631020503346782e+00,-6.162428833607380696e-01,-1.042247552246341247e+00,-8.285862111772326344e-01
-2.436072352484579984e+00,-4.957357840555403072e+00,-2.379390958915021503e+00,-4.354441344844120820e+00,-2.110829442710417059e+00,-3.544785687806770724e+00,-5.678631020503346782e+00,-6.162428833607380696e-01,-1.042247552246341247e+00,-8.285862111772326344e-01
-2.436072352484579984e+00,-4.957357840555403072e+00,-2.379390958915021503e+00,-4.354441344844120820e+00,-2.110829442710417059e+00,-3.544785687806770724e+00,-5.678631020503346782e+00,-6.162428833607380696e-01,-1.042247552246341247e+00,-8.285862111772326344e-01
-2.555834455125748583e+00,-4.957357840555403072e+00,-2.379390958915021503e+00,-4.354441344844120820e+00,-2.110829442710417059e+00,-3.544785687806770724e+00,-5.678631020503346782e+00,-6.162428833607380696e-01,-1.042247552246341247e+00,-8.285862111772326344e-01
-2.555834455125748583e+00,-4.957357840555403072e+00,-2.379390958915021503e+00,-4.354441344844120820e+00,-2.110829442710417059e+00,-3.544785687806770724e+00,-5.678631020503346782e+00,-6.162428833607380696e-01,-1.042247552246341247e+00,-8.285862111772326344e-01
-2.555834455125748583e+00,-4.957357840555403072e+00,-2.379390958915021503e+00,-4.354441344844120820e+00,-2.110829442710417059e+00,-3.544785687806770724e+00,-5.678631020503346782e+00,-6.162428833607380696e-01,-1.042247552246341247e+00,-8.285862111772326344e-01
-2.555834455125748583e+00,-4.957357840555403072e+00,-2.379390958915021503e+00,-4.354441344844120820e+00,-2.110829442710417059e+00,-3.544785687806770724e+00,-5.678631020503346782e+00,-6.162428833607380696e-01,-1.042247552246341247e+00,-8.285862111772326344e-01
-2.555834455125748583e+00,-4.957357840555403072e+00,-2.379390958915021503e+00,-4.354441344844120820e+00,-2.110829442710417059e+00,-3.544785687806770724e+00,-5.678631020503346782e+00,-6.162428833607380696e-01,-1.042247552246341247e+00,-8.285862111772326344e-01
-2.555834455125748583e+00,-4.957357840555403072e+00,-2.379390958915021503e+00,-4.354441344844120820e+00,-2.110829442710417059e+00,-3.544785687806770724e+00,-5.678631020503346782e+00,-6.162428833607380696e-01,-1.042247552246341247e+00,-8.285862111772326344e-01
-3.182464667646935474e+00,-4.957357840555403072e+00,-2.379390958915021503e+00,-4.354441344844120820e+00,-2.110829442710417059e+00,-3.544785687806770724e+00,-5.678631020503346782e+00,-6.162428833607380696e-01,-1.042247552246341247e+00,-8.285862111772326344e-01
-3.182464667646935474e+00,-4.957357840555403072e+00,-2.379390958915021503e+00,-4.354441344844120820e+00,-2.110829442710417059e+00,-3.544785687806770724e+00,-5.678631020503346782e+00,-6.162428833607380696e-01,-1.042247552246341247e+00,-8.285862111772326344e-01
-3.182464667646935474e+00,-4.957357840555403072e+00,-2.379390958915021503e+00,-4.354441344844120820e+00,-2.110829442710417059e+00,-3.544785687806770724e+00,-5.678631020503346782e+00,-6.162428833607380696e-01,-1.042247552246341247e+00,-8.285862111772326344e-01
-3.182464667646935474e+00,-4.957357840555403072e+00,-2.379390958915021503e+00,-4.354441344844120820e+00,-2.110829442710417059e+00,-3.544785687806770724e+00,-5.725550683067966773e+00,-6.162428833607380696e-01,-1.042247552246341247e+00,-8.285862111772326344e-01
-3.182464667646935474e+00,-4.957357840555403072e+00,-2.379390958915021503e+00,-4.354441344844120820e+00,-2.110829442710417059e+00,-3.544785687806770724e+00,-5.725550683067966773e+00,-6.162428833607380696e-01,-1.042247552246341247e+00,-8.285862111772326344e-01
-3.182464667646935474e+00,-4.957357840555403072e+00,-2.379390958915021503e+00,-4.354441344844120820e+00,-2.110829442710417059e+00,-3.544785687806770724e+00,-5.725550683067966773e+00,-6.162428833607380696e-01,-1.042247552246341247e+00,-8.285862111772326344e-01
-3.182464667646935474e+00,-4.957357840555403072e+00,-2.379390958915021503e+00,-4.354441344844120820e+00,-2.110829442710417059e+00,-3.544785687806770724e+00,-5.725550683067966773e+00,-6.162428833607380696e-01,-1.042247552246341247e+00,-8.285862111772326344e-01
-3.182464667646935474e+00,-4.957357840555403072e+00,-2.379390958915021503e+00,-4.354441344844120820e+00,-2.110829442710417059e+00,-3.544785687806770724e+00,-5.725550683067966773e+00,-6.162428833607380696e-01,-1.042247552246341247e+00,-8.285862111772326344e-01
-3.182464667646935474e+00,-4.957357840555403072e+00,-2.379390958915021503e+00,-4.354441344844120820e+00,-2.110829442710417059e+00,-3.544785687806770724e+00,-5.725550683067966773e+00,-6.162428833607380696e-01,-1.042247552246341247e+00,-8.285862111772326344e-01
-3.182464667646935474e+00,-4.957357840555403072e+00,-2.379390958915021503e+00,-4.354441344844120820e+00,-2.110829442710417059e+00,-3.544785687806770724e+00,-5.725550683067966773e+00,-6.162428833607380696e-01,-1.042247552246341247e+00,-8.285862111772326344e-01
-3.182464667646935474e+00,-4.957357840555403072e+00,-2.379390958915021503e+00,-4.354441344844120820e+00,-2.110829442710417059e+00,-3.544785687806770724e+00,-5.725550683067966773e+00,-6.162428833607380696e-01,-1.042247552246341247e+00,-8.285862111772326344e-01
-3.182464667646935474e+00,-4.957357840555403072e+00,-2.379390958915021503e+00,-4.354441344844120820e+00,-2.110829442710417059e+00,-3.544785687806770724e+00,-5.725550683067966773e+00,-6.162428833607380696e-01,-1.042247552246341247e+00,-8.285862111772326344e-01
-3.182464667646935474e+00,-4.957357840555403072e+00,-2.379390958915021503e+00,-4.354441344844120820e+00,-2.156030065138953677e+00,-3.544785687806770724e+00,-5.725550683067966773e+00,-6.162428833607380696e-01,-1.042247552246341247e+00,-8.285862111772326344e-01
-3.182464667646935474e+00,-4.957357840555403072e+00,-2.379390958915021503e+00,-4.354441344844120820e+00,-2.156030065138953677e+00,-3.544785687806770724e+00,-5.725550683067966773e+00,-6.162428833607380696e-01,-1.042247552246341247e+00,-8.285862111772326344e-01
-3.182464667646935474e+00,-4.957357840555403072e+00,-2.379390958915021503e+00,-4.354441344844120820e+00,-2.156030065138953677e+00,-3.544785687806770724e+00,-5.725550683067966773e+00,-6.162428833607380696e-01,-1.042247552246341247e+00,-8.285862111772326344e-01
-3.182464667646935474e+00,-4.957357840555403072e+00,-2.379390958915021503e+00,-4.354441344844120820e+00,-2.156030065138953677e+00,-3.544785687806770724e+00,-5.725550683067966773e+00,-3.721387799893002057e+00,-1.042247552246341247e+00,-8.285862111772326344e-01
-3.182464667646935474e+00,-4.957357840555403072e+00,-2.379390958915021503e+00,-4.354441344844120820e+00,-2.156030065138953677e+00,-3.544785687806770724e+00,-5.725550683067966773e+00,-3.721387799893002057e+00,-1.042247552246341247e+00,-8.285862111772326344e-01
-3.182464667646935474e+00,-4.957357840555403072e+00,-2.379390958915021503e+00,-4.354441344844120820e+00,-2.156030065138953677e+00,-3.544785687806770724e+00,-5.725550683067966773e+00,-3.721387799893002057e+00,-1.042247552246341247e+00,-8.285862111772326344e-01
-3.182464667646935474e+00,-4.957357840555403072e+00,-2.379390958915021503e+00,-4.354441344844120820e+00,-2.156030065138953677e+00,-3.544785687806770724e+00,-5.725550683067966773e+00,-3.721387799893002057e+00,-1.042247552246341247e+00,-8.285862111772326344e-01
-3.182464667646935474e+00,-4.957357840555403072e+00,-2.379390958915021503e+00,-4.354441344844120820e+00,-2.156030065138953677e+00,-3.544785687806770724e+00,-5.885462470412178959e+00,-3.721387799893002057e+00,-1.042247552246341247e+00,-8.285862111772326344e-01
-3.182464667646935474e+00,-4.957357840555403072e+00,-2.379390958915021503e+00,-4.354441344844120820e+00,-2.156030065138953677e+00,-3.544785687806770724e+00,-5.885462470412178959e+00,-3.721387799893002057e+00,-1.042247552246341247e+00,-8.285862111772326344e-01
-3.182464667646935474e+00,-4.957357840555403072e+00,-2.379390958915021503e+00,-4.354441344844120820e+00,-2.156030065138953677e+00,-3.544785687806770724e+00,-5.885462470412178959e+00,-3.721387799893002057e+00,-1.042247552246341247e+00,-8.285862111772326344e-01
-3.182464667646935474e+00,-4.957357840555403072e+00,-2.379390958915021503e+00,-4.354441344844120820e+00,-2.156030065138953677e+00,-3.544785687806770724e+00,-5.885462470412178959e+00,-3.721387799893002057e+00,-1.042247552246341247e+00,-8.285862111772326344e-01
-3.182464667646935474e+00,-4.957357840555403072e+00,-2.379390958915021503e+00,-4.354441344844120820e+00,-2.156030065138953677e+00,-3.544785687806770724e+00,-5.885462470412178959e+00,-3.721387799893002057e+00,-1.042247552246341247e+00,-8.285862111772326344e-01
-3.182464667646935474e+00,-4.957357840555403072e+00,-2.379390958915021503e+00,-4.354441344844120820e+00,-2.156030065138953677e+00,-3.544785687806770724e+00,-5.885462470412178959e+00,-3.721387799893002057e+00,-1.042247552246341247e+00,-8.285862111772326344e-01
-3.182464667646935474e+00,-4.957357840555403072e+00,-2.379390958915021503e+00,-4.354441344844120820e+00,-2.156030065138953677e+00,-3.544785687806770724e+00,-5.885462470412178959e+00,-3.721387799893002057e+00,-1.042247552246341247e+00,-8.285862111772326344e-01
-3.182464667646935474e+00,-4.957357840555403072e+00,-2.379390958915021503e+00,-4.354441344844120820e+00,-2.156030065138953677e+00,-3.544785687806770724e+00,-5.885462470412178959e+00,-3.721387799893002057e+00,-1.042247552246341247e+00,-8.285862111772326344e-01
-3.182464667646935474e+00,-4.957357840555403072e+00,-2.379390958915021503e+00,-4.354441344844120820e+00,-2.156030065138953677e+00,-3.544785687806770724e+00,-5.885462470412178959e+00,-3.721387799893002057e+00,-1.042247552246341247e+00,-8.285862111772326344e-01
-3.182464667646935474e+00,-4.957357840555403072e+00,-2.379390958915021503e+00,-4.354441344844120820e+00,-2.156030065138953677e+00,-3.544785687806770724e+00,-5.885462470412178959e+00,-3.721387799893002057e+00,-1.042247552246341247e+00,-8.285862111772326344e-01
-4.289163102939777872e+00,-4.957357840555403072e+00,-2.379390958915021503e+00,-4.354441344844120820e+00,-2.156030065138953677e+00,-3.544785687806770724e+00,-5.885462470412178959e+00,-3.721387799893002057e+00,-1.042247552246341247e+00,-1.220781158423932089e+00
-4.289163102939777872e+00,-4.957357840555403072e+00,-2.379390958915021503e+00,-4.354441344844120820e+00,-2.156030065138953677e+00,-3.544785687806770724e+00,-5.885462470412178959e+00,-3.721387799893002057e+00,-1.042247552246341247e+00,-1.220781158423932089e+00
-4.289163102939777872e+00,-4.957357840555403072e+00,-2.379390958915021503e+00,-4.354441344844120820e+00,-2.156030065138953677e+00,-3.544785687806770724e+00,-5.885462470412178959e+00,-3.721387799893002057e+00,-1.042247552246341247e+00,-1.220781158423932089e+00
-4.289163102939777872e+00,-4.957357840555403072e+00,-2.379390958915021503e+00,-4.354441344844120820e+00,-2.156030065138953677e+00,-3.544785687806770724e+00,-5.885462470412178959e+00,-3.721387799893002057e+00,-1.042247552246341247e+00,-1.220781158423932089e+00
-4.289163102939777872e+00,-4.957357840555403072e+00,-2.379390958915021503e+00,-4.354441344844120820e+00,-2.156030065138953677e+00,-3.544785687806770724e+00,-5.885462470412178959e+00,-3.721387799893002057e+00,-1.042247552246341247e+00,-1.220781158423932089e+00
-4.289163102939777872e+00,-4.957357840555403072e+00,-2.379390958915021503e+00,-4.354441344844120820e+00,-2.156030065138953677e+00,-3.544785687806770724e+00,-5.885462470412178959e+00,-3.721387799893002057e+00,-1.042247552246341247e+00,-1.220781158423932089e+00
-4.289163102939777872e+00,-4.957357840555403072e+00,-2.379390958915021503e+00,-4.354441344844120820e+00,-2.156030065138953677e+00,-3.544785687806770724e+00,-5.885462470412178959e+00,-3.721387799893002057e+00,-1.042247552246341247e+00,-1.220781158423932089e+00
-4.289163102939777872e+00,-4.957357840555403072e+00,-2.379390958915021503e+00,-4.354441344844120820e+00,-2.156030065138953677e+00,-3.544785687806770724e+00,-5.885462470412178959e+00,-3.721387799893002057e+00,-1.042247552246341247e+00,-1.220781158423932089e+00
-4.289163102939777872e+00,-4.957357840555403072e+00,-2.379390958915021503e+00,-4.354441344844120820e+00,-2.156030065138953677e+00,-3.544785687806770724e+00,-5.885462470412178959e+00,-3.721387799893002057e+00,-1.042247552246341247e+00,-1.220781158423932089e+00
-4.289163102939777872e+00,-4.957357840555403072e+00,-2.379390958915021503e+00,-4.354441344844120820e+00,-2.156030065138953677e+00,-3.544785687806770724e+00,-5.885462470412178959e+00,-3.721387799893002057e+00,-1.042247552246341247e+00,-1.220781158423932089e+00
-4.289163102939777872e+00,-4.957357840555403072e+00,-2.379390958915021503e+00,-4.354441344844120820e+00,-2.156030065138953677e+00,-3.544785687806770724e+00,-5.885462470412178959e+00,-3.721387799893002057e+00,-1.042247552246341247e+00,-1.220781158423932089e+00
-4.289163102939777872e+00,-4.957357840555403072e+00,-2.379390958915021503e+00,-4.354441344844120820e+00,-2.156030065138953677e+00,-3.544785687806770724e+00,-5.885462470412178959e+00,-3.721387799893002057e+00,-1.042247552246341247e+00,-1.220781158423932089e+00
-4.289163102939777872e+00,-4.957357840555403072e+00,-2.379390958915021503e+00,-4.354441344844120820e+00,-2.156030065138953677e+00,-3.544785687806770724e+00,-5.885462470412178959e+00,-3.721387799893002057e+00,-1.042247552246341247e+00,-1.220781158423932089e+00
-4.289163102939777872e+00,-4.957357840555403072e+00,-2.379390958915021503e+00,-4.354441344844120820e+00,-2.156030065138953677e+00,-3.544785687806770724e+00,-5.885462470412178959e+00,-3.721387799893002057e+00,-1.042247552246341247e+00,-1.220781158423932089e+00
-4.289163102939777872e+00,-4.957357840555403072e+00,-2.379390958915021503e+00,-4.354441344844120820e+00,-2.156030065138953677e+00,-3.544785687806770724e+00,-5.885462470412178959e+00,-3.721387799893002057e+00,-1.042247552246341247e+00,-1.220781158423932089e+00
-4.289163102939777872e+00,-4.957357840555403072e+00,-2.379390958915021503e+00,-4.354441344844120820e+00,-2.156030065138953677e+00,-3.544785687806770724e+00,-5.885462470412178959e+00,-3.721387799893002057e+00,-1.042247552246341247e+00,-1.220781158423932089e+00
-4.289163102939777872e+00,-4.957357840555403072e+00,-2.379390958915021503e+00,-4.354441344844120820e+00,-2.156030065138953677e+00,-3.544785687806770724e+00,-5.885462470412178959e+00,-3.721387799893002057e+00,-1.042247552246341247e+00,-1.220781158423932089e+00
-4.289163102939777872e+00,-4.957357840555403072e+00,-2.379390958915021503e+00,-4.354441344844120820e+00,-2.156030065138953677e+00,-3.544785687806770724e+00,-5.885462470412178959e+00,-3.721387799893002057e+00,-1.042247552246341247e+00,-1.220781158423932089e+00
-4.289163102939777872e+00,-4.957357840555403072e+00,-2.379390958915021503e+00,-4.354441344844120820e+00,-2.156030065138953677e+00,-3.544785687806770724e+00,-5.885462470412178959e+00,-3.721387799893002057e+00,-1.042247552246341247e+00,-1.220781158423932089e+00
-4.289163102939777872e+00,-4.957357840555403072e+00,-2.379390958915021503e+00,-4.354441344844120820e+00,-2.156030065138953677e+00,-3.544785687806770724e+00,-5.885462470412178959e+00,-3.721387799893002057e+00,-1.042247552246341247e+00,-1.220781158423932089e+00
-4.289163102939777872e+00,-4.957357840555403072e+00,-2.379390958915021503e+00,-4.354441344844120820e+00,-2.156030065138953677e+00,-3.544785687806770724e+00,-5.885462470412178959e+00,-3.721387799893002057e+00,-1.042247552246341247e+00,-1.220781158423932089e+00
-4.289163102939777872e+00,-4.957357840555403072e+00,-2.379390958915021503e+00,-4.354441344844120820e+00,-2.156030065138953677e+00,-3.544785687806770724e+00,-5.885462470412178959e+00,-3.721387799893002057e+00,-1.042247552246341247e+00,-1.220781158423932089e+00
-4.289163102939777872e+00,-4.957357840555403072e+00,-2.379390958915021503e+00,-4.354441344844120820e+00,-2.156030065138953677e+00,-3.544785687806770724e+00,-5.885462470412178959e+00,-3.721387799893002057e+00,-1.042247552246341247e+00,-1.220781158423932089e+00
-4.289163102939777872e+00,-4.957357840555403072e+00,-2.379390958915021503e+00,-4.354441344844120820e+00,-2.156030065138953677e+00,-3.544785687806770724e+00,-5.885462470412178959e+00,-3.721387799893002057e+00,-1.042247552246341247e+00,-1.220781158423932089e+00
-4.289163102939777872e+00,-4.957357840555403072e+00,-2.379390958915021503e+00,-4.354441344844120820e+00,-2.156030065138953677e+00,-3.544785687806770724e+00,-5.885462470412178959e+00,-3.721387799893002057e+00,-1.042247552246341247e+00,-1.220781158423932089e+00
-4.289163102939777872e+00,-4.957357840555403072e+00,-2.379390958915021503e+00,-4.354441344844120820e+00,-2.156030065138953677e+00,-3.544785687806770724e+00,-5.885462470412178959e+00,-3.721387799893002057e+00,-1.042247552246341247e+00,-1.220781158423932089e+00
-4.289163102939777872e+00,-4.957357840555403072e+00,-2.379390958915021503e+00,-4.354441344844120820e+00,-2.447880636378338970e+00,-3.544785687806770724e+00,-5.885462470412178959e+00,-3.721387799893002057e+00,-1.042247552246341247e+00,-1.220781158423932089e+00
-4.289163102939777872e+00,-4.957357840555403072e+00,-2.379390958915021503e+00,-4.354441344844120820e+00,-2.447880636378338970e+00,-3.544785687806770724e+00,-5.885462470412178959e+00,-3.721387799893002057e+00,-1.042247552246341247e+00,-1.220781158423932089e+00
-4.289163102939777872e+00,-4.957357840555403072e+00,-2.379390958915021503e+00,-4.354441344844120820e+00,-2.447880636378338970e+00,-3.544785687806770724e+00,-5.885462470412178959e+00,-3.721387799893002057e+00,-1.042247552246341247e+00,-1.220781158423932089e+00
-4.289163102939777872e+00,-4.957357840555403072e+00,-2.379390958915021503e+00,-4.354441344844120820e+00,-2.447880636378338970e+00,-3.544785687806770724e+00,-5.885462470412178959e+00,-3.721387799893002057e+00,-1.042247552246341247e+00,-1.220781158423932089e+00
-4.289163102939777872e+00,-4.957357840555403072e+00,-2.379390958915021503e+00,-4.354441344844120820e+00,-2.447880636378338970e+00,-3.544785687806770724e+00,-5.885462470412178959e+00,-3.721387799893002057e+00,-1.042247552246341247e+00,-1.220781158423932089e+00
-4.289163102939777872e+00,-4.957357840555403072e+00,-2.379390958915021503e+00,-4.354441344844120820e+00,-2.447880636378338970e+00,-3.544785687806770724e+00,-5.885462470412178959e+00,-3.721387799893002057e+00,-1.042247552246341247e+00,-1.220781158423932089e+00
-4.289163102939777872e+00,-4.957357840555403072e+00,-2.379390958915021503e+00,-4.354441344844120820e+00,-2.447880636378338970e+00,-3.544785687806770724e+00,-5.885462470412178959e+00,-3.721387799893002057e+00,-1.042247552246341247e+00,-1.220781158423932089e+00
-4.289163102939777872e+00,-5.097234854150151762e+00,-2.379390958915021503e+00,-4.354441344844120820e+00,-2.447880636378338970e+00,-3.544785687806770724e+00,-5.885462470412178959e+00,-3.721387799893002057e+00,-1.042247552246341247e+00,-1.220781158423932089e+00
-4.289163102939777872e+00,-5.097234854150151762e+00,-2.379390958915021503e+00,-4.354441344844120820e+00,-2.447880636378338970e+00,-3.544785687806770724e+00,-5.885462470412178959e+00,-3.721387799893002057e+00,-1.042247552246341247e+00,-1.220781158423932089e+00
-4.289163102939777872e+00,-5.097234854150151762e+00,-2.379390958915021503e+00,-4.354441344844120820e+00,-2.447880636378338970e+00,-3.544785687806770724e+00,-5.885462470412178959e+00,-3.721387799893002057e+00,-1.042247552246341247e+00,-1.220781158423932089e+00
-4.289163102939777872e+00,-5.097234854150151762e+00,-2.379390958915021503e+00,-4.354441344844120820e+00,-2.447880636378338970e+00,-3.544785687806770724e+00,-5.885462470412178959e+00,-3.721387799893002057e+00,-1.042247552246341247e+00,-1.220781158423932089e+00
-4.289163102939777872e+00,-5.097234854150151762e+00,-2.379390958915021503e+00,-4.354441344844120820e+00,-2.447880636378338970e+00,-3.544785687806770724e+00,-5.885462470412178959e+00,-3.721387799893002057e+00,-1.042247552246341247e+00,-1.220781158423932089e+00
-4.289163102939777872e+00,-5.097234854150151762e+00,-2.379390958915021503e+00,-4.354441344844120820e+00,-2.447880636378338970e+00,-3.544785687806770724e+00,-5.885462470412178959e+00,-3.721387799893002057e+00,-1.042247552246341247e+00,-1.371692531061344589e+00
-4.289163102939777872e+00,-5.097234854150151762e+00,-2.379390958915021503e+00,-4.354441344844120820e+00,-2.447880636378338970e+00,-3.544785687806770724e+00,-5.885462470412178959e+00,-3.721387799893002057e+00,-1.042247552246341247e+00,-1.371692531061344589e+00
-4.289163102939777872e+00,-5.097234854150151762e+00,-2.379390958915021503e+00,-4.354441344844120820e+00,-2.447880636378338970e+00,-3.544785687806770724e+00,-5.885462470412178959e+00,-3.721387799893002057e+00,-1.042247552246341247e+00,-1.371692531061344589e+00
