5.309038618364163575e+00,2.123826796403549100e+00,1.547570342998312753e+00,2.919709515201188155e-01,-1.436024827432885509e+00,2.502696519450568591e+00,2.958544722924718151e+00,3.339935109727430351e+00,3.982094167326213796e+00,2.549461372638719858e+00
5.309038618364163575e+00,2.123826796403549100e+00,1.547570342998312753e+00,2.919709515201188155e-01,-1.436024827432885509e+00,2.502696519450568591e+00,2.015785998328386786e+00,3.339935109727430351e+00,2.294307293242570545e+00,2.959834946388483767e-01
4.480632119044088313e+00,2.123826796403549100e+00,1.403122903176804437e+00,2.919709515201188155e-01,-1.436024827432885509e+00,2.171010354416205157e+00,-1.208498946209551006e+00,2.256653999961380830e+00,2.294307293242570545e+00,2.959834946388483767e-01
2.563599002969366936e+00,2.123826796403549100e+00,-3.805269718305123727e-02,2.919709515201188155e-01,-1.436024827432885509e+00,2.171010354416205157e+00,-1.208498946209551006e+00,2.256653999961380830e+00,2.089262534718449249e+00,2.959834946388483767e-01
1.543180555873104876e+00,1.741428629391475136e+00,-3.805269718305123727e-02,2.919709515201188155e-01,-1.436024827432885509e+00,2.171010354416205157e+00,-1.208498946209551006e+00,2.256653999961380830e+00,2.089262534718449249e+00,2.959834946388483767e-01
1.495901363898102687e+00,1.741428629391475136e+00,-1.259923989878877215e+00,2.919709515201188155e-01,-1.436024827432885509e+00,2.171010354416205157e+00,-1.208498946209551006e+00,2.256653999961380830e+00,2.089262534718449249e+00,2.959834946388483767e-01
1.276428005950113409e+00,1.741428629391475136e+00,-1.259923989878877215e+00,2.919709515201188155e-01,-1.436024827432885509e+00,2.171010354416205157e+00,-1.208498946209551006e+00,-2.268127879694835092e-01,2.089262534718449249e+00,2.959834946388483767e-01
1.276428005950113409e+00,1.741428629391475136e+00,-1.259923989878877215e+00,4.803829559566368673e-02,-1.436024827432885509e+00,2.171010354416205157e+00,-1.208498946209551006e+00,-5.444097115289893152e-01,2.089262534718449249e+00,2.959834946388483767e-01
1.059974571865454740e+00,1.741428629391475136e+00,-1.259923989878877215e+00,-1.060694074981322621e-01,-1.436024827432885509e+00,1.276464862636402353e+00,-1.208498946209551006e+00,-5.444097115289893152e-01,2.089262534718449249e+00,2.959834946388483767e-01
4.190870775307111717e-01,1.741428629391475136e+00,-1.259923989878877215e+00,-1.168361086084421352e+00,-1.436024827432885509e+00,1.276464862636402353e+00,-1.208498946209551006e+00,-5.444097115289893152e-01,2.089262534718449249e+00,2.959834946388483767e-01
-3.862180261581512619e-01,1.741428629391475136e+00,-1.259923989878877215e+00,-1.168361086084421352e+00,-1.436024827432885509e+00,1.276464862636402353e+00,-1.208498946209551006e+00,-1.705338595681712643e+00,2.089262534718449249e+00,2.959834946388483767e-01
-3.862180261581512619e-01,1.741428629391475136e+00,-1.259923989878877215e+00,-1.168361086084421352e+00,-1.436024827432885509e+00,1.276464862636402353e+00,-1.208498946209551006e+00,-1.705338595681712643e+00,2.089262534718449249e+00,2.959834946388483767e-01
-3.862180261581512619e-01,1.741428629391475136e+00,-1.951349514161005549e+00,-1.168361086084421352e+00,-1.436024827432885509e+00,1.276464862636402353e+00,-1.208498946209551006e+00,-1.705338595681712643e+00,2.089262534718449249e+00,1.604382691315745235e-01
-3.862180261581512619e-01,1.741428629391475136e+00,-1.951349514161005549e+00,-1.168361086084421352e+00,-1.436024827432885509e+00,1.276464862636402353e+00,-1.208498946209551006e+00,-1.705338595681712643e+00,2.089262534718449249e+00,-5.377929982560927247e-01
-3.862180261581512619e-01,1.741428629391475136e+00,-1.951349514161005549e+00,-1.812557095943865937e+00,-1.436024827432885509e+00,1.276464862636402353e+00,-1.208498946209551006e+00,-2.168483581893525081e+00,2.089262534718449249e+00,-5.377929982560927247e-01
-3.862180261581512619e-01,1.741428629391475136e+00,-1.951349514161005549e+00,-1.812557095943865937e+00,-1.436024827432885509e+00,1.276464862636402353e+00,-1.208498946209551006e+00,-2.168483581893525081e+00,2.089262534718449249e+00,-5.377929982560927247e-01
-3.862180261581512619e-01,1.741428629391475136e+00,-1.951349514161005549e+00,-1.812557095943865937e+00,-1.436024827432885509e+00,1.276464862636402353e+00,-1.208498946209551006e+00,-2.168483581893525081e+00,2.089262534718449249e+00,-5.377929982560927247e-01
-3.862180261581512619e-01,1.741428629391475136e+00,-1.951349514161005549e+00,-1.812557095943865937e+00,-1.436024827432885509e+00,1.276464862636402353e+00,-1.208498946209551006e+00,-2.168483581893525081e+00,2.089262534718449249e+00,-5.377929982560927247e-01
-3.862180261581512619e-01,1.741428629391475136e+00,-1.951349514161005549e+00,-1.812557095943865937e+00,-1.436024827432885509e+00,1.276464862636402353e+00,-1.208498946209551006e+00,-2.168483581893525081e+00,2.089262534718449249e+00,-5.377929982560927247e-01
-3.862180261581512619e-01,1.741428629391475136e+00,-1.951349514161005549e+00,-1.812557095943865937e+00,-1.436024827432885509e+00,1.276464862636402353e+00,-1.208498946209551006e+00,-2.168483581893525081e+00,2.089262534718449249e+00,-5.377929982560927247e-01
-3.862180261581512619e-01,1.741428629391475136e+00,-1.951349514161005549e+00,-1.812557095943865937e+00,-1.436024827432885509e+00,1.276464862636402353e+00,-1.208498946209551006e+00,-2.168483581893525081e+00,2.089262534718449249e+00,-5.377929982560927247e-01
-3.862180261581512619e-01,1.741428629391475136e+00,-1.951349514161005549e+00,-1.812557095943865937e+00,-1.436024827432885509e+00,1.276464862636402353e+00,-1.208498946209551006e+00,-2.168483581893525081e+00,1.682896905321059622e+00,-5.377929982560927247e-01
-3.862180261581512619e-01,1.741428629391475136e+00,-1.951349514161005549e+00,-1.812557095943865937e+00,-1.436024827432885509e+00,1.276464862636402353e+00,-1.208498946209551006e+00,-2.168483581893525081e+00,1.682896905321059622e+00,-5.377929982560927247e-01
-3.862180261581512619e-01,1.741428629391475136e+00,-1.951349514161005549e+00,-1.812557095943865937e+00,-1.436024827432885509e+00,1.276464862636402353e+00,-1.208498946209551006e+00,-2.168483581893525081e+00,1.682896905321059622e+00,-5.377929982560927247e-01
-3.862180261581512619e-01,1.741428629391475136e+00,-1.951349514161005549e+00,-1.812557095943865937e+00,-1.436024827432885509e+00,1.276464862636402353e+00,-1.208498946209551006e+00,-2.168483581893525081e+00,7.957812497214782343e-01,-5.377929982560927247e-01
-3.862180261581512619e-01,1.741428629391475136e+00,-1.951349514161005549e+00,-1.812557095943865937e+00,-1.436024827432885509e+00,1.276464862636402353e+00,-1.208498946209551006e+00,-2.268748935227144159e+00,-5.961627927420537487e-01,-5.377929982560927247e-01
-3.862180261581512619e-01,1.741428629391475136e+00,-1.951349514161005549e+00,-1.812557095943865937e+00,-1.436024827432885509e+00,1.276464862636402353e+00,-1.208498946209551006e+00,-2.268748935227144159e+00,-1.362386420502222251e+00,-5.377929982560927247e-01
-3.862180261581512619e-01,1.741428629391475136e+00,-1.951349514161005549e+00,-1.812557095943865937e+00,-1.436024827432885509e+00,1.276464862636402353e+00,-1.208498946209551006e+00,-2.268748935227144159e+00,-1.362386420502222251e+00,-5.377929982560927247e-01
-3.862180261581512619e-01,1.741428629391475136e+00,-1.951349514161005549e+00,-1.812557095943865937e+00,-1.436024827432885509e+00,1.276464862636402353e+00,-1.208498946209551006e+00,-2.268748935227144159e+00,-1.362386420502222251e+00,-5.377929982560927247e-01
-3.862180261581512619e-01,1.741428629391475136e+00,-1.951349514161005549e+00,-1.812557095943865937e+00,-1.436024827432885509e+00,1.276464862636402353e+00,-1.208498946209551006e+00,-2.268748935227144159e+00,-1.362386420502222251e+00,-5.377929982560927247e-01
-3.862180261581512619e-01,1.226039691266406662e+00,-1.951349514161005549e+00,-1.812557095943865937e+00,-1.436024827432885509e+00,1.276464862636402353e+00,-1.208498946209551006e+00,-2.268748935227144159e+00,-1.362386420502222251e+00,-7.413276408562381459e-01
-3.862180261581512619e-01,1.226039691266406662e+00,-1.951349514161005549e+00,-1.812557095943865937e+00,-1.436024827432885509e+00,1.276464862636402353e+00,-1.208498946209551006e+00,-2.268748935227144159e+00,-1.362386420502222251e+00,-7.413276408562381459e-01
-9.993718918613383462e-01,6.651009233978134594e-01,-1.951349514161005549e+00,-1.812557095943865937e+00,-1.436024827432885509e+00,1.276464862636402353e+00,-1.208498946209551006e+00,-2.268748935227144159e+00,-1.362386420502222251e+00,-7.413276408562381459e-01
-9.993718918613383462e-01,6.651009233978134594e-01,-1.951349514161005549e+00,-1.812557095943865937e+00,-1.436024827432885509e+00,1.276464862636402353e+00,-1.208498946209551006e+00,-2.268748935227144159e+00,-1.362386420502222251e+00,-7.413276408562381459e-01
-9.993718918613383462e-01,6.651009233978134594e-01,-1.951349514161005549e+00,-1.812557095943865937e+00,-1.436024827432885509e+00,1.276464862636402353e+00,-1.208498946209551006e+00,-2.268748935227144159e+00,-1.826020433282163014e+00,-7.413276408562381459e-01
-9.993718918613383462e-01,6.651009233978134594e-01,-1.951349514161005549e+00,-1.812557095943865937e+00,-1.436024827432885509e+00,1.276464862636402353e+00,-1.208498946209551006e+00,-2.268748935227144159e+00,-1.826020433282163014e+00,-7.823390107318952680e-01
-9.993718918613383462e-01,6.651009233978134594e-01,-2.096866275082329256e+00,-1.812557095943865937e+00,-1.436024827432885509e+00,1.276464862636402353e+00,-1.208498946209551006e+00,-2.268748935227144159e+00,-1.919055323858863238e+00,-7.823390107318952680e-01
-9.993718918613383462e-01,6.651009233978134594e-01,-2.268310258594925521e+00,-1.812557095943865937e+00,-1.436024827432885509e+00,1.276464862636402353e+00,-1.208498946209551006e+00,-2.268748935227144159e+00,-1.919055323858863238e+00,-7.823390107318952680e-01
-9.993718918613383462e-01,6.651009233978134594e-01,-2.268310258594925521e+00,-1.812557095943865937e+00,-1.436024827432885509e+00,1.276464862636402353e+00,-1.208498946209551006e+00,-2.268748935227144159e+00,-1.919055323858863238e+00,-7.823390107318952680e-01
-9.993718918613383462e-01,6.651009233978134594e-01,-2.268310258594925521e+00,-1.812557095943865937e+00,-1.436024827432885509e+00,1.276464862636402353e+00,-1.208498946209551006e+00,-2.268748935227144159e+00,-1.919055323858863238e+00,-7.823390107318952680e-01
-9.993718918613383462e-01,6.651009233978134594e-01,-2.268310258594925521e+00,-1.812557095943865937e+00,-1.436024827432885509e+00,1.276464862636402353e+00,-1.208498946209551006e+00,-2.268748935227144159e+00,-1.919055323858863238e+00,-7.823390107318952680e-01
-9.993718918613383462e-01,6.651009233978134594e-01,-2.268310258594925521e+00,-1.812557095943865937e+00,-1.436024827432885509e+00,1.276464862636402353e+00,-1.208498946209551006e+00,-2.268748935227144159e+00,-1.919055323858863238e+00,-7.823390107318952680e-01
-9.993718918613383462e-01,4.068255384302267852e-01,-2.268310258594925521e+00,-1.812557095943865937e+00,-1.436024827432885509e+00,1.276464862636402353e+00,-1.208498946209551006e+00,-2.268748935227144159e+00,-1.919055323858863238e+00,-7.823390107318952680e-01
-9.993718918613383462e-01,4.068255384302267852e-01,-2.268310258594925521e+00,-1.812557095943865937e+00,-1.436024827432885509e+00,1.276464862636402353e+00,-1.208498946209551006e+00,-2.268748935227144159e+00,-1.919055323858863238e+00,-7.823390107318952680e-01
-9.993718918613383462e-01,4.068255384302267852e-01,-2.268310258594925521e+00,-1.812557095943865937e+00,-1.436024827432885509e+00,1.276464862636402353e+00,-1.208498946209551006e+00,-2.268748935227144159e+00,-1.919055323858863238e+00,-7.823390107318952680e-01
-9.993718918613383462e-01,4.068255384302267852e-01,-2.268310258594925521e+00,-1.812557095943865937e+00,-1.436024827432885509e+00,1.276464862636402353e+00,-1.208498946209551006e+00,-2.268748935227144159e+00,-1.919055323858863238e+00,-9.258321711167447621e-01
-9.993718918613383462e-01,4.068255384302267852e-01,-2.268310258594925521e+00,-1.812557095943865937e+00,-1.436024827432885509e+00,1.276464862636402353e+00,-1.208498946209551006e+00,-2.268748935227144159e+00,-1.919055323858863238e+00,-9.258321711167447621e-01
-1.192998402912712530e+00,4.068255384302267852e-01,-2.268310258594925521e+00,-1.812557095943865937e+00,-1.436024827432885509e+00,1.276464862636402353e+00,-1.208498946209551006e+00,-2.268748935227144159e+00,-1.919055323858863238e+00,-9.258321711167447621e-01
-1.192998402912712530e+00,4.068255384302267852e-01,-2.268310258594925521e+00,-1.812557095943865937e+00,-1.436024827432885509e+00,1.276464862636402353e+00,-1.208498946209551006e+00,-2.268748935227144159e+00,-1.919055323858863238e+00,-9.258321711167447621e-01
-1.192998402912712530e+00,4.068255384302267852e-01,-2.268310258594925521e+00,-1.812557095943865937e+00,-1.436024827432885509e+00,1.263338238878861208e+00,-1.208498946209551006e+00,-2.268748935227144159e+00,-1.919055323858863238e+00,-9.258321711167447621e-01
-1.192998402912712530e+00,4.068255384302267852e-01,-2.268310258594925521e+00,-3.176539131661302306e+00,-1.436024827432885509e+00,1.263338238878861208e+00,-1.208498946209551006e+00,-2.268748935227144159e+00,-1.919055323858863238e+00,-9.284999992859747087e-01
-1.192998402912712530e+00,4.068255384302267852e-01,-2.268310258594925521e+00,-3.176539131661302306e+00,-1.436024827432885509e+00,1.263338238878861208e+00,-1.208498946209551006e+00,-2.268748935227144159e+00,-1.919055323858863238e+00,-9.284999992859747087e-01
-1.192998402912712530e+00,4.068255384302267852e-01,-2.268310258594925521e+00,-3.176539131661302306e+00,-1.436024827432885509e+00,1.263338238878861208e+00,-1.208498946209551006e+00,-2.268748935227144159e+00,-1.919055323858863238e+00,-9.284999992859747087e-01
-1.192998402912712530e+00,4.068255384302267852e-01,-2.268310258594925521e+00,-3.176539131661302306e+00,-1.436024827432885509e+00,1.263338238878861208e+00,-1.208498946209551006e+00,-2.268748935227144159e+00,-1.919055323858863238e+00,-9.284999992859747087e-01
-1.192998402912712530e+00,4.068255384302267852e-01,-2.268310258594925521e+00,-3.176539131661302306e+00,-1.436024827432885509e+00,1.263338238878861208e+00,-1.208498946209551006e+00,-2.268748935227144159e+00,-1.919055323858863238e+00,-9.284999992859747087e-01
-1.192998402912712530e+00,4.068255384302267852e-01,-2.268310258594925521e+00,-3.176539131661302306e+00,-1.436024827432885509e+00,1.263338238878861208e+00,-1.208498946209551006e+00,-2.268748935227144159e+00,-1.919055323858863238e+00,-9.284999992859747087e-01
-1.192998402912712530e+00,4.068255384302267852e-01,-2.268310258594925521e+00,-3.176539131661302306e+00,-1.436024827432885509e+00,1.263338238878861208e+00,-1.208498946209551006e+00,-2.559665450088457472e+00,-1.919055323858863238e+00,-9.284999992859747087e-01
-1.192998402912712530e+00,4.068255384302267852e-01,-2.268310258594925521e+00,-3.176539131661302306e+00,-1.436024827432885509e+00,1.263338238878861208e+00,-1.208498946209551006e+00,-2.559665450088457472e+00,-1.919055323858863238e+00,-9.284999992859747087e-01
-1.192998402912712530e+00,4.068255384302267852e-01,-2.268310258594925521e+00,-3.176539131661302306e+00,-1.436024827432885509e+00,-4.427388552151555884e-02,-1.208498946209551006e+00,-2.559665450088457472e+00,-1.919055323858863238e+00,-9.284999992859747087e-01
-1.227982345659924368e+00,4.068255384302267852e-01,-2.268310258594925521e+00,-3.176539131661302306e+00,-1.436024827432885509e+00,-4.427388552151555884e-02,-1.208498946209551006e+00,-2.697652785184515345e+00,-1.919055323858863238e+00,-9.284999992859747087e-01
-1.227982345659924368e+00,4.068255384302267852e-01,-2.268310258594925521e+00,-3.176539131661302306e+00,-1.436024827432885509e+00,-4.427388552151555884e-02,-1.208498946209551006e+00,-2.702609327239422932e+00,-1.919055323858863238e+00,-9.284999992859747087e-01
-1.227982345659924368e+00,4.068255384302267852e-01,-2.268310258594925521e+00,-3.176539131661302306e+00,-1.436024827432885509e+00,-4.427388552151555884e-02,-1.208498946209551006e+00,-2.702609327239422932e+00,-1.919055323858863238e+00,-9.284999992859747087e-01
-1.227982345659924368e+00,4.068255384302267852e-01,-2.268310258594925521e+00,-3.176539131661302306e+00,-1.436024827432885509e+00,-4.427388552151555884e-02,-1.208498946209551006e+00,-3.638779626243759502e+00,-1.919055323858863238e+00,-9.284999992859747087e-01
-1.227982345659924368e+00,4.068255384302267852e-01,-2.268310258594925521e+00,-3.176539131661302306e+00,-1.436024827432885509e+00,-4.427388552151555884e-02,-1.208498946209551006e+00,-3.638779626243759502e+00,-1.919055323858863238e+00,-9.284999992859747087e-01
-1.227982345659924368e+00,4.068255384302267852e-01,-2.268310258594925521e+00,-3.176539131661302306e+00,-1.436024827432885509e+00,-4.427388552151555884e-02,-1.208498946209551006e+00,-3.638779626243759502e+00,-1.919055323858863238e+00,-9.284999992859747087e-01
-1.227982345659924368e+00,4.068255384302267852e-01,-2.268310258594925521e+00,-3.176539131661302306e+00,-2.090771650263437920e+00,-4.427388552151555884e-02,-1.208498946209551006e+00,-3.638779626243759502e+00,-1.919055323858863238e+00,-9.284999992859747087e-01
-1.227982345659924368e+00,4.068255384302267852e-01,-2.268310258594925521e+00,-3.176539131661302306e+00,-2.090771650263437920e+00,-3.894591249313049008e+00,-1.208498946209551006e+00,-3.638779626243759502e+00,-1.919055323858863238e+00,-9.284999992859747087e-01
-1.227982345659924368e+00,4.068255384302267852e-01,-2.268310258594925521e+00,-3.176539131661302306e+00,-2.090771650263437920e+00,-3.894591249313049008e+00,-1.208498946209551006e+00,-3.638779626243759502e+00,-1.919055323858863238e+00,-9.284999992859747087e-01
-1.227982345659924368e+00,4.068255384302267852e-01,-2.268310258594925521e+00,-3.176539131661302306e+00,-2.090771650263437920e+00,-3.894591249313049008e+00,-1.208498946209551006e+00,-3.638779626243759502e+00,-1.919055323858863238e+00,-9.284999992859747087e-01
-1.227982345659924368e+00,4.068255384302267852e-01,-2.268310258594925521e+00,-3.176539131661302306e+00,-2.090771650263437920e+00,-3.894591249313049008e+00,-1.208498946209551006e+00,-3.638779626243759502e+00,-1.919055323858863238e+00,-9.284999992859747087e-01
-1.227982345659924368e+00,4.068255384302267852e-01,-2.268310258594925521e+00,-3.176539131661302306e+00,-2.090771650263437920e+00,-3.894591249313049008e+00,-1.208498946209551006e+00,-3.638779626243759502e+00,-1.919055323858863238e+00,-9.284999992859747087e-01
-1.227982345659924368e+00,4.068255384302267852e-01,-2.268310258594925521e+00,-3.176539131661302306e+00,-2.090771650263437920e+00,-3.894591249313049008e+00,-1.208498946209551006e+00,-3.638779626243759502e+00,-1.919055323858863238e+00,-9.284999992859747087e-01
-1.227982345659924368e+00,4.068255384302267852e-01,-2.268310258594925521e+00,-3.176539131661302306e+00,-2.090771650263437920e+00,-3.894591249313049008e+00,-1.208498946209551006e+00,-3.638779626243759502e+00,-1.919055323858863238e+00,-9.284999992859747087e-01
-1.227982345659924368e+00,4.068255384302267852e-01,-2.470403190696672358e+00,-3.176539131661302306e+00,-2.090771650263437920e+00,-3.894591249313049008e+00,-1.208498946209551006e+00,-3.638779626243759502e+00,-1.919055323858863238e+00,-9.284999992859747087e-01
-1.227982345659924368e+00,4.068255384302267852e-01,-2.470403190696672358e+00,-3.176539131661302306e+00,-2.090771650263437920e+00,-3.894591249313049008e+00,-1.208498946209551006e+00,-3.638779626243759502e+00,-1.919055323858863238e+00,-9.284999992859747087e-01
-1.227982345659924368e+00,4.068255384302267852e-01,-2.470403190696672358e+00,-3.176539131661302306e+00,-2.090771650263437920e+00,-3.894591249313049008e+00,-1.208498946209551006e+00,-3.638779626243759502e+00,-1.919055323858863238e+00,-9.284999992859747087e-01
-1.227982345659924368e+00,4.068255384302267852e-01,-2.470403190696672358e+00,-3.176539131661302306e+00,-2.090771650263437920e+00,-3.894591249313049008e+00,-1.208498946209551006e+00,-3.638779626243759502e+00,-1.919055323858863238e+00,-9.284999992859747087e-01
-1.227982345659924368e+00,4.068255384302267852e-01,-2.602436127122831788e+00,-3.176539131661302306e+00,-2.090771650263437920e+00,-3.894591249313049008e+00,-1.208498946209551006e+00,-3.638779626243759502e+00,-1.919055323858863238e+00,-9.284999992859747087e-01
-1.227982345659924368e+00,4.068255384302267852e-01,-2.613824912192830752e+00,-3.176539131661302306e+00,-2.090771650263437920e+00,-3.894591249313049008e+00,-1.208498946209551006e+00,-3.638779626243759502e+00,-1.919055323858863238e+00,-9.284999992859747087e-01
-1.227982345659924368e+00,4.068255384302267852e-01,-2.613824912192830752e+00,-3.176539131661302306e+00,-2.090771650263437920e+00,-3.894591249313049008e+00,-1.821060354895452704e+00,-3.638779626243759502e+00,-1.919055323858863238e+00,-9.284999992859747087e-01
-1.227982345659924368e+00,4.068255384302267852e-01,-2.613824912192830752e+00,-3.176539131661302306e+00,-2.090771650263437920e+00,-3.894591249313049008e+00,-1.821060354895452704e+00,-3.638779626243759502e+00,-1.919055323858863238e+00,-9.284999992859747087e-01
-1.227982345659924368e+00,4.068255384302267852e-01,-2.613824912192830752e+00,-3.176539131661302306e+00,-2.090771650263437920e+00,-3.894591249313049008e+00,-1.821060354895452704e+00,-3.638779626243759502e+00,-1.919055323858863238e+00,-9.284999992859747087e-01
-1.227982345659924368e+00,4.068255384302267852e-01,-2.613824912192830752e+00,-3.176539131661302306e+00,-2.090771650263437920e+00,-3.894591249313049008e+00,-1.821060354895452704e+00,-3.936704433877873388e+00,-1.919055323858863238e+00,-9.565308687169549184e-01
-1.227982345659924368e+00,4.068255384302267852e-01,-2.613824912192830752e+00,-3.176539131661302306e+00,-2.090771650263437920e+00,-3.894591249313049008e+00,-1.821060354895452704e+00,-3.936704433877873388e+00,-1.919055323858863238e+00,-9.565308687169549184e-01
-1.227982345659924368e+00,4.068255384302267852e-01,-2.613824912192830752e+00,-3.176539131661302306e+00,-2.090771650263437920e+00,-3.894591249313049008e+00,-1.821060354895452704e+00,-3.936704433877873388e+00,-1.919055323858863238e+00,-9.565308687169549184e-01
-1.227982345659924368e+00,4.068255384302267852e-01,-2.613824912192830752e+00,-3.176539131661302306e+00,-2.090771650263437920e+00,-3.894591249313049008e+00,-1.821060354895452704e+00,-3.936704433877873388e+00,-1.919055323858863238e+00,-9.565308687169549184e-01
-1.227982345659924368e+00,4.068255384302267852e-01,-2.613824912192830752e+00,-3.176539131661302306e+00,-2.090771650263437920e+00,-3.894591249313049008e+00,-1.821060354895452704e+00,-3.936704433877873388e+00,-1.919055323858863238e+00,-9.565308687169549184e-01
-1.227982345659924368e+00,4.068255384302267852e-01,-2.613824912192830752e+00,-3.176539131661302306e+00,-2.090771650263437920e+00,-3.894591249313049008e+00,-1.821060354895452704e+00,-3.936704433877873388e+00,-1.919055323858863238e+00,-9.565308687169549184e-01
-1.227982345659924368e+00,4.068255384302267852e-01,-2.613824912192830752e+00,-3.176539131661302306e+00,-2.090771650263437920e+00,-3.894591249313049008e+00,-1.821060354895452704e+00,-3.936704433877873388e+00,-1.919055323858863238e+00,-9.565308687169549184e-01
-1.227982345659924368e+00,4.068255384302267852e-01,-2.613824912192830752e+00,-3.176539131661302306e+00,-2.090771650263437920e+00,-3.894591249313049008e+00,-1.821060354895452704e+00,-3.936704433877873388e+00,-1.919055323858863238e+00,-9.565308687169549184e-01
-1.227982345659924368e+00,4.068255384302267852e-01,-2.613824912192830752e+00,-3.176539131661302306e+00,-2.090771650263437920e+00,-3.894591249313049008e+00,-1.821060354895452704e+00,-3.936704433877873388e+00,-1.919055323858863238e+00,-9.565308687169549184e-01
-1.227982345659924368e+00,4.068255384302267852e-01,-2.613824912192830752e+00,-3.176539131661302306e+00,-2.090771650263437920e+00,-3.894591249313049008e+00,-1.821060354895452704e+00,-3.936704433877873388e+00,-1.919055323858863238e+00,-9.565308687169549184e-01
-1.227982345659924368e+00,4.068255384302267852e-01,-2.613824912192830752e+00,-3.176539131661302306e+00,-2.090771650263437920e+00,-3.894591249313049008e+00,-1.821060354895452704e+00,-3.936704433877873388e+00,-1.919055323858863238e+00,-9.565308687169549184e-01
-1.227982345659924368e+00,4.068255384302267852e-01,-2.613824912192830752e+00,-3.176539131661302306e+00,-2.090771650263437920e+00,-3.894591249313049008e+00,-1.821060354895452704e+00,-3.936704433877873388e+00,-1.919055323858863238e+00,-9.565308687169549184e-01
-1.227982345659924368e+00,4.068255384302267852e-01,-2.613824912192830752e+00,-3.176539131661302306e+00,-2.090771650263437920e+00,-3.894591249313049008e+00,-1.821060354895452704e+00,-3.936704433877873388e+00,-1.919055323858863238e+00,-9.565308687169549184e-01
-1.227982345659924368e+00,4.068255384302267852e-01,-2.613824912192830752e+00,-3.176539131661302306e+00,-2.090771650263437920e+00,-3.894591249313049008e+00,-1.821060354895452704e+00,-3.936704433877873388e+00,-1.919055323858863238e+00,-9.565308687169549184e-01
-1.227982345659924368e+00,4.068255384302267852e-01,-2.613824912192830752e+00,-3.176539131661302306e+00,-2.090771650263437920e+00,-3.894591249313049008e+00,-1.821060354895452704e+00,-3.936704433877873388e+00,-1.919055323858863238e+00,-9.565308687169549184e-01
-1.227982345659924368e+00,4.068255384302267852e-01,-2.613824912192830752e+00,-3.176539131661302306e+00,-2.090771650263437920e+00,-3.894591249313049008e+00,-1.821060354895452704e+00,-3.936704433877873388e+00,-1.919055323858863238e+00,-9.565308687169549184e-01
-1.227982345659924368e+00,4.068255384302267852e-01,-2.613824912192830752e+00,-3.176539131661302306e+00,-2.090771650263437920e+00,-3.894591249313049008e+00,-1.821060354895452704e+00,-3.936704433877873388e+00,-1.919055323858863238e+00,-9.565308687169549184e-01
-1.227982345659924368e+00,4.068255384302267852e-01,-2.613824912192830752e+00,-3.176539131661302306e+00,-2.090771650263437920e+00,-3.894591249313049008e+00,-1.821060354895452704e+00,-3.936704433877873388e+00,-1.919055323858863238e+00,-9.565308687169549184e-01
-1.227982345659924368e+00,4.068255384302267852e-01,-2.613824912192830752e+00,-3.176539131661302306e+00,-2.090771650263437920e+00,-3.894591249313049008e+00,-1.821060354895452704e+00,-3.936704433877873388e+00,-1.919055323858863238e+00,-9.565308687169549184e-01
-1.227982345659924368e+00,4.068255384302267852e-01,-2.774586479525508853e+00,-3.440253931352254213e+00,-2.090771650263437920e+00,-3.894591249313049008e+00,-1.821060354895452704e+00,-3.936704433877873388e+00,-1.919055323858863238e+00,-9.565308687169549184e-01
-1.227982345659924368e+00,4.068255384302267852e-01,-2.774586479525508853e+00,-3.440253931352254213e+00,-2.090771650263437920e+00,-3.894591249313049008e+00,-1.821060354895452704e+00,-3.936704433877873388e+00,-1.919055323858863238e+00,-9.565308687169549184e-01
-1.227982345659924368e+00,2.932809393623251881e-01,-2.774586479525508853e+00,-3.440253931352254213e+00,-2.090771650263437920e+00,-3.894591249313049008e+00,-1.821060354895452704e+00,-3.936704433877873388e+00,-1.919055323858863238e+00,-9.565308687169549184e-01
-1.227982345659924368e+00,2.932809393623251881e-01,-2.774586479525508853e+00,-3.440253931352254213e+00,-2.090771650263437920e+00,-3.894591249313049008e+00,-1.821060354895452704e+00,-3.936704433877873388e+00,-1.919055323858863238e+00,-9.565308687169549184e-01
-1.227982345659924368e+00,2.932809393623251881e-01,-2.774586479525508853e+00,-3.440253931352254213e+00,-2.090771650263437920e+00,-3.894591249313049008e+00,-1.821060354895452704e+00,-3.936704433877873388e+00,-1.919055323858863238e+00,-1.033367499587181104e+00
-1.227982345659924368e+00,2.932809393623251881e-01,-2.774586479525508853e+00,-3.440253931352254213e+00,-2.090771650263437920e+00,-3.894591249313049008e+00,-1.821060354895452704e+00,-3.936704433877873388e+00,-1.919055323858863238e+00,-1.033367499587181104e+00
-1.227982345659924368e+00,2.932809393623251881e-01,-2.774586479525508853e+00,-3.440253931352254213e+00,-2.090771650263437920e+00,-3.894591249313049008e+00,-1.821060354895452704e+00,-3.936704433877873388e+00,-1.919055323858863238e+00,-1.033367499587181104e+00
-1.227982345659924368e+00,2.932809393623251881e-01,-2.774586479525508853e+00,-3.440253931352254213e+00,-2.090771650263437920e+00,-3.894591249313049008e+00,-1.821060354895452704e+00,-3.936704433877873388e+00,-1.919055323858863238e+00,-1.033367499587181104e+00
-1.227982345659924368e+00,2.932809393623251881e-01,-2.774586479525508853e+00,-3.440253931352254213e+00,-2.090771650263437920e+00,-3.894591249313049008e+00,-1.821060354895452704e+00,-3.936704433877873388e+00,-1.919055323858863238e+00,-1.033367499587181104e+00
-1.227982345659924368e+00,2.932809393623251881e-01,-2.774586479525508853e+00,-3.440253931352254213e+00,-2.090771650263437920e+00,-3.894591249313049008e+00,-1.821060354895452704e+00,-3.936704433877873388e+00,-1.919055323858863238e+00,-1.033367499587181104e+00
-1.227982345659924368e+00,2.932809393623251881e-01,-2.774586479525508853e+00,-3.440253931352254213e+00,-2.090771650263437920e+00,-3.894591249313049008e+00,-1.821060354895452704e+00,-3.936704433877873388e+00,-1.919055323858863238e+00,-1.033367499587181104e+00
-1.227982345659924368e+00,2.932809393623251881e-01,-2.774586479525508853e+00,-3.440253931352254213e+00,-2.090771650263437920e+00,-3.894591249313049008e+00,-1.821060354895452704e+00,-3.936704433877873388e+00,-1.919055323858863238e+00,-1.033367499587181104e+00
-1.227982345659924368e+00,2.932809393623251881e-01,-2.774586479525508853e+00,-3.440253931352254213e+00,-2.090771650263437920e+00,-3.894591249313049008e+00,-1.821060354895452704e+00,-3.936704433877873388e+00,-1.919055323858863238e+00,-1.033367499587181104e+00
-1.227982345659924368e+00,2.932809393623251881e-01,-2.774586479525508853e+00,-3.440253931352254213e+00,-2.090771650263437920e+00,-3.894591249313049008e+00,-1.821060354895452704e+00,-3.936704433877873388e+00,-1.919055323858863238e+00,-1.033367499587181104e+00
-1.227982345659924368e+00,2.932809393623251881e-01,-2.774586479525508853e+00,-3.440253931352254213e+00,-2.090771650263437920e+00,-3.894591249313049008e+00,-1.821060354895452704e+00,-3.936704433877873388e+00,-1.919055323858863238e+00,-1.033367499587181104e+00
-1.227982345659924368e+00,2.932809393623251881e-01,-2.774586479525508853e+00,-3.440253931352254213e+00,-2.090771650263437920e+00,-3.894591249313049008e+00,-1.821060354895452704e+00,-3.936704433877873388e+00,-1.919055323858863238e+00,-1.033367499587181104e+00
-1.227982345659924368e+00,2.932809393623251881e-01,-2.774586479525508853e+00,-3.440253931352254213e+00,-2.090771650263437920e+00,-3.894591249313049008e+00,-1.821060354895452704e+00,-3.936704433877873388e+00,-1.919055323858863238e+00,-1.033367499587181104e+00
-1.227982345659924368e+00,2.932809393623251881e-01,-2.774586479525508853e+00,-3.440253931352254213e+00,-2.090771650263437920e+00,-3.894591249313049008e+00,-1.821060354895452704e+00,-3.936704433877873388e+00,-1.919055323858863238e+00,-1.033367499587181104e+00
-1.227982345659924368e+00,2.932809393623251881e-01,-2.774586479525508853e+00,-3.440253931352254213e+00,-2.090771650263437920e+00,-3.894591249313049008e+00,-1.821060354895452704e+00,-3.936704433877873388e+00,-1.919055323858863238e+00,-1.033367499587181104e+00
-1.227982345659924368e+00,2.932809393623251881e-01,-2.774586479525508853e+00,-3.440253931352254213e+00,-2.090771650263437920e+00,-3.894591249313049008e+00,-1.821060354895452704e+00,-3.936704433877873388e+00,-1.919055323858863238e+00,-1.033367499587181104e+00
-1.227982345659924368e+00,2.932809393623251881e-01,-2.774586479525508853e+00,-3.440253931352254213e+00,-2.090771650263437920e+00,-3.894591249313049008e+00,-1.821060354895452704e+00,-3.936704433877873388e+00,-1.919055323858863238e+00,-1.033367499587181104e+00
-1.592719436540503963e+00,2.932809393623251881e-01,-2.774586479525508853e+00,-3.440253931352254213e+00,-2.090771650263437920e+00,-3.894591249313049008e+00,-1.821060354895452704e+00,-3.936704433877873388e+00,-1.919055323858863238e+00,-1.033367499587181104e+00
-1.592719436540503963e+00,2.932809393623251881e-01,-2.774586479525508853e+00,-3.440253931352254213e+00,-2.090771650263437920e+00,-3.894591249313049008e+00,-1.821060354895452704e+00,-3.936704433877873388e+00,-1.919055323858863238e+00,-1.033367499587181104e+00
-1.592719436540503963e+00,2.932809393623251881e-01,-2.774586479525508853e+00,-3.440253931352254213e+00,-2.090771650263437920e+00,-3.894591249313049008e+00,-1.821060354895452704e+00,-3.936704433877873388e+00,-1.919055323858863238e+00,-1.033367499587181104e+00
-1.592719436540503963e+00,2.932809393623251881e-01,-2.774586479525508853e+00,-3.440253931352254213e+00,-2.090771650263437920e+00,-3.894591249313049008e+00,-1.821060354895452704e+00,-3.936704433877873388e+00,-1.919055323858863238e+00,-1.033367499587181104e+00
-1.592719436540503963e+00,2.932809393623251881e-01,-2.774586479525508853e+00,-3.440253931352254213e+00,-2.090771650263437920e+00,-3.894591249313049008e+00,-1.821060354895452704e+00,-3.936704433877873388e+00,-1.919055323858863238e+00,-1.033367499587181104e+00
-1.592719436540503963e+00,2.932809393623251881e-01,-2.774586479525508853e+00,-3.440253931352254213e+00,-2.090771650263437920e+00,-3.894591249313049008e+00,-1.821060354895452704e+00,-3.936704433877873388e+00,-2.024906936613506403e+00,-1.033367499587181104e+00
-1.592719436540503963e+00,2.932809393623251881e-01,-2.774586479525508853e+00,-3.440253931352254213e+00,-2.090771650263437920e+00,-3.894591249313049008e+00,-1.821060354895452704e+00,-3.936704433877873388e+00,-2.024906936613506403e+00,-1.033367499587181104e+00
-1.592719436540503963e+00,2.932809393623251881e-01,-2.774586479525508853e+00,-3.440253931352254213e+00,-2.090771650263437920e+00,-3.894591249313049008e+00,-1.821060354895452704e+00,-3.936704433877873388e+00,-2.024906936613506403e+00,-1.033367499587181104e+00
-1.592719436540503963e+00,2.932809393623251881e-01,-2.774586479525508853e+00,-3.440253931352254213e+00,-2.090771650263437920e+00,-3.894591249313049008e+00,-1.821060354895452704e+00,-3.936704433877873388e+00,-2.024906936613506403e+00,-1.033367499587181104e+00
-1.592719436540503963e+00,2.932809393623251881e-01,-2.774586479525508853e+00,-3.440253931352254213e+00,-2.090771650263437920e+00,-3.894591249313049008e+00,-1.821060354895452704e+00,-3.953843542751950935e+00,-2.024906936613506403e+00,-1.033367499587181104e+00
-1.592719436540503963e+00,2.932809393623251881e-01,-2.774586479525508853e+00,-3.440253931352254213e+00,-2.090771650263437920e+00,-3.894591249313049008e+00,-1.821060354895452704e+00,-3.953843542751950935e+00,-2.392115610113471735e+00,-1.033367499587181104e+00
-1.592719436540503963e+00,2.932809393623251881e-01,-2.774586479525508853e+00,-3.440253931352254213e+00,-2.090771650263437920e+00,-3.894591249313049008e+00,-1.821060354895452704e+00,-3.953843542751950935e+00,-2.392115610113471735e+00,-1.033367499587181104e+00
-1.592719436540503963e+00,2.932809393623251881e-01,-2.774586479525508853e+00,-3.440253931352254213e+00,-2.090771650263437920e+00,-3.894591249313049008e+00,-1.821060354895452704e+00,-3.953843542751950935e+00,-2.392115610113471735e+00,-1.033367499587181104e+00
-1.592719436540503963e+00,2.932809393623251881e-01,-2.774586479525508853e+00,-3.440253931352254213e+00,-2.090771650263437920e+00,-3.894591249313049008e+00,-1.821060354895452704e+00,-3.953843542751950935e+00,-2.392115610113471735e+00,-1.033367499587181104e+00
-1.592719436540503963e+00,2.932809393623251881e-01,-2.774586479525508853e+00,-3.440253931352254213e+00,-2.090771650263437920e+00,-3.894591249313049008e+00,-1.821060354895452704e+00,-3.953843542751950935e+00,-2.392115610113471735e+00,-1.033367499587181104e+00
-1.592719436540503963e+00,2.932809393623251881e-01,-2.774586479525508853e+00,-3.440253931352254213e+00,-2.090771650263437920e+00,-3.894591249313049008e+00,-1.821060354895452704e+00,-3.953843542751950935e+00,-2.392115610113471735e+00,-1.033367499587181104e+00
-1.592719436540503963e+00,2.932809393623251881e-01,-2.774586479525508853e+00,-3.440253931352254213e+00,-2.090771650263437920e+00,-3.894591249313049008e+00,-1.821060354895452704e+00,-3.953843542751950935e+00,-2.392115610113471735e+00,-1.033367499587181104e+00
-1.592719436540503963e+00,2.932809393623251881e-01,-2.774586479525508853e+00,-3.440253931352254213e+00,-2.090771650263437920e+00,-3.894591249313049008e+00,-1.821060354895452704e+00,-3.953843542751950935e+00,-2.392115610113471735e+00,-1.033367499587181104e+00
-1.592719436540503963e+00,2.932809393623251881e-01,-2.774586479525508853e+00,-3.440253931352254213e+00,-2.090771650263437920e+00,-3.894591249313049008e+00,-1.821060354895452704e+00,-3.953843542751950935e+00,-2.392115610113471735e+00,-1.033367499587181104e+00
-1.592719436540503963e+00,-1.859749597603993221e-01,-2.774586479525508853e+00,-3.440253931352254213e+00,-2.090771650263437920e+00,-3.894591249313049008e+00,-1.821060354895452704e+00,-3.953843542751950935e+00,-2.392115610113471735e+00,-1.033367499587181104e+00
-1.592719436540503963e+00,-1.859749597603993221e-01,-2.774586479525508853e+00,-3.440253931352254213e+00,-2.090771650263437920e+00,-3.894591249313049008e+00,-1.821060354895452704e+00,-3.953843542751950935e+00,-2.392115610113471735e+00,-1.033367499587181104e+00
-1.592719436540503963e+00,-1.859749597603993221e-01,-2.774586479525508853e+00,-3.440253931352254213e+00,-2.090771650263437920e+00,-3.894591249313049008e+00,-1.821060354895452704e+00,-3.953843542751950935e+00,-2.392115610113471735e+00,-1.033367499587181104e+00
-1.592719436540503963e+00,-1.859749597603993221e-01,-2.774586479525508853e+00,-3.440253931352254213e+00,-2.090771650263437920e+00,-3.894591249313049008e+00,-1.821060354895452704e+00,-3.953843542751950935e+00,-2.392115610113471735e+00,-1.033367499587181104e+00
-1.592719436540503963e+00,-1.859749597603993221e-01,-2.774586479525508853e+00,-3.440253931352254213e+00,-2.090771650263437920e+00,-3.894591249313049008e+00,-1.821060354895452704e+00,-3.953843542751950935e+00,-2.392115610113471735e+00,-1.033367499587181104e+00
-1.592719436540503963e+00,-1.859749597603993221e-01,-2.774586479525508853e+00,-3.440253931352254213e+00,-2.090771650263437920e+00,-3.894591249313049008e+00,-1.821060354895452704e+00,-3.953843542751950935e+00,-2.392115610113471735e+00,-1.033367499587181104e+00
-1.592719436540503963e+00,-1.859749597603993221e-01,-2.774586479525508853e+00,-3.440253931352254213e+00,-2.090771650263437920e+00,-3.894591249313049008e+00,-1.821060354895452704e+00,-3.953843542751950935e+00,-2.392115610113471735e+00,-1.033367499587181104e+00
-1.592719436540503963e+00,-1.859749597603993221e-01,-2.774586479525508853e+00,-3.440253931352254213e+00,-2.090771650263437920e+00,-3.894591249313049008e+00,-1.821060354895452704e+00,-3.953843542751950935e+00,-2.392115610113471735e+00,-1.033367499587181104e+00
-1.592719436540503963e+00,-1.859749597603993221e-01,-2.774586479525508853e+00,-3.440253931352254213e+00,-2.090771650263437920e+00,-3.894591249313049008e+00,-1.821060354895452704e+00,-3.953843542751950935e+00,-2.392115610113471735e+00,-1.033367499587181104e+00
-1.592719436540503963e+00,-1.859749597603993221e-01,-2.774586479525508853e+00,-3.440253931352254213e+00,-2.090771650263437920e+00,-3.894591249313049008e+00,-1.821060354895452704e+00,-3.953843542751950935e+00,-2.392115610113471735e+00,-1.033367499587181104e+00
