7.616370121812745531e-01,3.752119705200470445e+00,2.787633571868428195e+00,1.410756456018613436e+00,5.886700748026344465e-01,2.266165307443348098e+00,-5.819415488427391869e-01,2.868283647855693008e+00,3.636730702803425697e+00,2.267773611414104273e+00
7.616370121812745531e-01,3.439334941842590698e+00,-9.992962759482529878e-01,1.144294317959128060e+00,5.886700748026344465e-01,2.266165307443348098e+00,-5.819415488427391869e-01,1.984291580132589106e+00,1.969340043976691712e+00,7.166580427179624069e-01
-1.255956021029541458e-01,3.439334941842590698e+00,-9.992962759482529878e-01,6.783995506286395472e-01,3.727329211559953781e-01,8.030882636426609489e-01,-5.819415488427391869e-01,1.984291580132589106e+00,1.969340043976691712e+00,7.166580427179624069e-01
-1.255956021029541458e-01,3.439334941842590698e+00,-9.992962759482529878e-01,6.783995506286395472e-01,3.727329211559953781e-01,8.030882636426609489e-01,-5.819415488427391869e-01,1.984291580132589106e+00,8.002880349098625556e-01,2.643427878335485315e-01
-1.255956021029541458e-01,1.118878110202532916e+00,-9.992962759482529878e-01,6.783995506286395472e-01,3.727329211559953781e-01,8.030882636426609489e-01,-5.819415488427391869e-01,1.984291580132589106e+00,8.002880349098625556e-01,1.671746033217321251e-03
-1.255956021029541458e-01,8.024882771299552964e-01,-9.992962759482529878e-01,6.783995506286395472e-01,-1.003537753008435507e+00,8.030882636426609489e-01,-5.819415488427391869e-01,1.984291580132589106e+00,8.002880349098625556e-01,-2.595917016570726599e+00
-1.255956021029541458e-01,8.024882771299552964e-01,-9.992962759482529878e-01,6.783995506286395472e-01,-3.250366550663897680e+00,8.030882636426609489e-01,-5.819415488427391869e-01,1.904950939712578117e+00,5.447107887259470260e-01,-2.595917016570726599e+00
-1.255956021029541458e-01,8.024882771299552964e-01,-9.992962759482529878e-01,-3.113781943483534716e-03,-3.250366550663897680e+00,8.030882636426609489e-01,-5.819415488427391869e-01,1.805018970519030930e+00,5.447107887259470260e-01,-3.091923871052953299e+00
-1.255956021029541458e-01,8.024882771299552964e-01,-9.992962759482529878e-01,-3.113781943483534716e-03,-3.250366550663897680e+00,8.030882636426609489e-01,-5.819415488427391869e-01,1.805018970519030930e+00,5.447107887259470260e-01,-3.091923871052953299e+00
-1.255956021029541458e-01,8.024882771299552964e-01,-9.992962759482529878e-01,-3.113781943483534716e-03,-3.250366550663897680e+00,6.457607763466215178e-02,-5.819415488427391869e-01,6.698444228446758242e-01,5.447107887259470260e-01,-3.091923871052953299e+00
-1.255956021029541458e-01,5.180482537282633526e-01,-9.992962759482529878e-01,-3.113781943483534716e-03,-3.250366550663897680e+00,-5.671764399664896983e-01,-5.819415488427391869e-01,6.698444228446758242e-01,2.512390725856876172e-01,-3.091923871052953299e+00
-1.255956021029541458e-01,5.180482537282633526e-01,-9.992962759482529878e-01,-3.113781943483534716e-03,-3.250366550663897680e+00,-5.671764399664896983e-01,-5.819415488427391869e-01,3.070917885630160549e-01,2.512390725856876172e-01,-3.091923871052953299e+00
-1.255956021029541458e-01,5.180482537282633526e-01,-9.992962759482529878e-01,-3.113781943483534716e-03,-3.250366550663897680e+00,-5.671764399664896983e-01,-5.819415488427391869e-01,3.070917885630160549e-01,2.512390725856876172e-01,-3.091923871052953299e+00
-1.255956021029541458e-01,5.180482537282633526e-01,-9.992962759482529878e-01,-3.113781943483534716e-03,-3.250366550663897680e+00,-8.737723460977049328e-01,-5.819415488427391869e-01,3.070917885630160549e-01,2.512390725856876172e-01,-3.091923871052953299e+00
-1.255956021029541458e-01,5.180482537282633526e-01,-9.992962759482529878e-01,-3.113781943483534716e-03,-3.250366550663897680e+00,-8.737723460977049328e-01,-5.819415488427391869e-01,3.070917885630160549e-01,-5.686231265578275407e-01,-3.091923871052953299e+00
-1.255956021029541458e-01,5.180482537282633526e-01,-9.992962759482529878e-01,-3.113781943483534716e-03,-3.250366550663897680e+00,-8.737723460977049328e-01,-5.819415488427391869e-01,3.070917885630160549e-01,-5.686231265578275407e-01,-3.091923871052953299e+00
-1.255956021029541458e-01,5.180482537282633526e-01,-9.992962759482529878e-01,-3.113781943483534716e-03,-3.250366550663897680e+00,-8.737723460977049328e-01,-5.819415488427391869e-01,3.070917885630160549e-01,-5.686231265578275407e-01,-3.098163188375414379e+00
-3.147040981626358369e-01,5.180482537282633526e-01,-9.992962759482529878e-01,-3.113781943483534716e-03,-3.250366550663897680e+00,-8.737723460977049328e-01,-5.819415488427391869e-01,1.308920338167575692e-01,-5.686231265578275407e-01,-4.070431822715145032e+00
-3.147040981626358369e-01,5.180482537282633526e-01,-9.992962759482529878e-01,-3.113781943483534716e-03,-3.250366550663897680e+00,-8.737723460977049328e-01,-5.819415488427391869e-01,1.308920338167575692e-01,-5.686231265578275407e-01,-4.311503926338693837e+00
-3.147040981626358369e-01,5.180482537282633526e-01,-9.992962759482529878e-01,-3.113781943483534716e-03,-3.250366550663897680e+00,-8.737723460977049328e-01,-5.819415488427391869e-01,1.308920338167575692e-01,-5.686231265578275407e-01,-4.311503926338693837e+00
-3.147040981626358369e-01,5.180482537282633526e-01,-9.992962759482529878e-01,-3.113781943483534716e-03,-3.250366550663897680e+00,-8.737723460977049328e-01,-5.819415488427391869e-01,1.308920338167575692e-01,-5.686231265578275407e-01,-4.311503926338693837e+00
-3.147040981626358369e-01,5.180482537282633526e-01,-9.992962759482529878e-01,-4.606033640134519769e-01,-3.250366550663897680e+00,-8.737723460977049328e-01,-5.819415488427391869e-01,1.308920338167575692e-01,-5.686231265578275407e-01,-4.311503926338693837e+00
-6.264278049730711562e-01,5.180482537282633526e-01,-9.992962759482529878e-01,-4.606033640134519769e-01,-3.250366550663897680e+00,-8.737723460977049328e-01,-5.819415488427391869e-01,1.308920338167575692e-01,-7.704748982876860053e-01,-4.311503926338693837e+00
-6.264278049730711562e-01,5.180482537282633526e-01,-9.992962759482529878e-01,-1.025580319488458958e+00,-3.250366550663897680e+00,-8.737723460977049328e-01,-5.819415488427391869e-01,1.308920338167575692e-01,-2.398523065186891845e+00,-4.370180944668104139e+00
-1.067772901971792088e+00,5.180482537282633526e-01,-9.992962759482529878e-01,-1.025580319488458958e+00,-3.250366550663897680e+00,-8.737723460977049328e-01,-5.819415488427391869e-01,1.308920338167575692e-01,-2.398523065186891845e+00,-4.508285936946119676e+00
-1.067772901971792088e+00,5.180482537282633526e-01,-9.992962759482529878e-01,-1.025580319488458958e+00,-3.250366550663897680e+00,-8.737723460977049328e-01,-5.819415488427391869e-01,1.308920338167575692e-01,-2.398523065186891845e+00,-4.513972493005513620e+00
-1.067772901971792088e+00,5.180482537282633526e-01,-9.992962759482529878e-01,-1.025580319488458958e+00,-3.250366550663897680e+00,-8.737723460977049328e-01,-5.819415488427391869e-01,1.308920338167575692e-01,-2.398523065186891845e+00,-4.513972493005513620e+00
-1.067772901971792088e+00,5.180482537282633526e-01,-9.992962759482529878e-01,-1.025580319488458958e+00,-3.250366550663897680e+00,-8.737723460977049328e-01,-9.540289716296210809e-01,-3.111606670041807132e-01,-2.398523065186891845e+00,-5.257006739238897275e+00
-1.067772901971792088e+00,5.180482537282633526e-01,-9.992962759482529878e-01,-1.025580319488458958e+00,-3.250366550663897680e+00,-8.737723460977049328e-01,-9.540289716296210809e-01,-3.111606670041807132e-01,-2.398523065186891845e+00,-5.257006739238897275e+00
-1.067772901971792088e+00,5.180482537282633526e-01,-9.992962759482529878e-01,-1.025580319488458958e+00,-3.250366550663897680e+00,-8.737723460977049328e-01,-9.540289716296210809e-01,-3.111606670041807132e-01,-2.398523065186891845e+00,-5.257006739238897275e+00
-1.067772901971792088e+00,5.180482537282633526e-01,-9.992962759482529878e-01,-1.025580319488458958e+00,-3.250366550663897680e+00,-8.737723460977049328e-01,-9.540289716296210809e-01,-3.111606670041807132e-01,-2.398523065186891845e+00,-5.257006739238897275e+00
-1.067772901971792088e+00,5.180482537282633526e-01,-9.992962759482529878e-01,-1.025580319488458958e+00,-3.250366550663897680e+00,-8.737723460977049328e-01,-9.540289716296210809e-01,-3.111606670041807132e-01,-2.398523065186891845e+00,-5.257006739238897275e+00
-1.067772901971792088e+00,5.180482537282633526e-01,-9.992962759482529878e-01,-1.025580319488458958e+00,-3.250366550663897680e+00,-8.737723460977049328e-01,-9.540289716296210809e-01,-3.111606670041807132e-01,-2.398523065186891845e+00,-5.257006739238897275e+00
-1.067772901971792088e+00,5.180482537282633526e-01,-9.992962759482529878e-01,-1.025580319488458958e+00,-3.250366550663897680e+00,-8.737723460977049328e-01,-9.540289716296210809e-01,-3.111606670041807132e-01,-2.398523065186891845e+00,-5.257006739238897275e+00
-1.067772901971792088e+00,5.180482537282633526e-01,-9.992962759482529878e-01,-1.025580319488458958e+00,-3.250366550663897680e+00,-8.737723460977049328e-01,-9.540289716296210809e-01,-3.111606670041807132e-01,-2.398523065186891845e+00,-5.257006739238897275e+00
-1.067772901971792088e+00,5.180482537282633526e-01,-9.992962759482529878e-01,-1.025580319488458958e+00,-3.250366550663897680e+00,-8.737723460977049328e-01,-9.540289716296210809e-01,-3.111606670041807132e-01,-2.398523065186891845e+00,-5.257006739238897275e+00
-1.067772901971792088e+00,3.615092921138787774e-02,-9.992962759482529878e-01,-1.025580319488458958e+00,-3.250366550663897680e+00,-8.737723460977049328e-01,-9.540289716296210809e-01,-3.111606670041807132e-01,-2.398523065186891845e+00,-5.314681111445917594e+00
-2.403202176733098216e+00,3.615092921138787774e-02,-9.992962759482529878e-01,-1.025580319488458958e+00,-3.250366550663897680e+00,-8.737723460977049328e-01,-9.540289716296210809e-01,-3.111606670041807132e-01,-2.398523065186891845e+00,-5.729600675734540793e+00
-2.403202176733098216e+00,3.615092921138787774e-02,-9.992962759482529878e-01,-1.025580319488458958e+00,-3.250366550663897680e+00,-8.737723460977049328e-01,-1.994131868017106068e+00,-3.111606670041807132e-01,-2.398523065186891845e+00,-5.729600675734540793e+00
-2.403202176733098216e+00,3.615092921138787774e-02,-9.992962759482529878e-01,-1.025580319488458958e+00,-3.250366550663897680e+00,-8.737723460977049328e-01,-1.994131868017106068e+00,-3.111606670041807132e-01,-2.398523065186891845e+00,-5.729600675734540793e+00
-2.403202176733098216e+00,3.615092921138787774e-02,-9.992962759482529878e-01,-1.025580319488458958e+00,-3.250366550663897680e+00,-8.737723460977049328e-01,-1.994131868017106068e+00,-4.891720658369507202e-01,-2.398523065186891845e+00,-5.912055300047970086e+00
-2.403202176733098216e+00,3.615092921138787774e-02,-9.992962759482529878e-01,-1.025580319488458958e+00,-3.250366550663897680e+00,-8.737723460977049328e-01,-1.994131868017106068e+00,-4.891720658369507202e-01,-2.398523065186891845e+00,-5.912055300047970086e+00
-2.403202176733098216e+00,3.615092921138787774e-02,-9.992962759482529878e-01,-1.025580319488458958e+00,-3.250366550663897680e+00,-8.737723460977049328e-01,-1.994131868017106068e+00,-4.891720658369507202e-01,-2.398523065186891845e+00,-5.912055300047970086e+00
-2.403202176733098216e+00,3.615092921138787774e-02,-9.992962759482529878e-01,-1.025580319488458958e+00,-3.250366550663897680e+00,-8.737723460977049328e-01,-1.994131868017106068e+00,-4.891720658369507202e-01,-2.398523065186891845e+00,-5.912055300047970086e+00
-2.403202176733098216e+00,3.615092921138787774e-02,-9.992962759482529878e-01,-1.025580319488458958e+00,-3.250366550663897680e+00,-8.737723460977049328e-01,-1.994131868017106068e+00,-4.891720658369507202e-01,-2.398523065186891845e+00,-5.912055300047970086e+00
-2.403202176733098216e+00,3.615092921138787774e-02,-9.992962759482529878e-01,-1.025580319488458958e+00,-3.250366550663897680e+00,-8.737723460977049328e-01,-1.994131868017106068e+00,-4.891720658369507202e-01,-2.398523065186891845e+00,-5.912055300047970086e+00
-2.403202176733098216e+00,3.615092921138787774e-02,-9.992962759482529878e-01,-1.025580319488458958e+00,-3.250366550663897680e+00,-8.737723460977049328e-01,-1.994131868017106068e+00,-4.891720658369507202e-01,-2.398523065186891845e+00,-5.912055300047970086e+00
-2.403202176733098216e+00,3.615092921138787774e-02,-9.992962759482529878e-01,-1.025580319488458958e+00,-3.250366550663897680e+00,-1.054433034790777546e+00,-1.994131868017106068e+00,-4.891720658369507202e-01,-2.398523065186891845e+00,-5.912055300047970086e+00
-2.403202176733098216e+00,-3.209788884628979599e-01,-9.992962759482529878e-01,-1.025580319488458958e+00,-3.250366550663897680e+00,-1.054433034790777546e+00,-1.994131868017106068e+00,-4.891720658369507202e-01,-2.398523065186891845e+00,-5.912055300047970086e+00
-2.403202176733098216e+00,-3.209788884628979599e-01,-9.992962759482529878e-01,-1.025580319488458958e+00,-3.250366550663897680e+00,-1.775291106621965209e+00,-1.994131868017106068e+00,-4.891720658369507202e-01,-2.398523065186891845e+00,-5.912055300047970086e+00
-2.403202176733098216e+00,-3.209788884628979599e-01,-9.992962759482529878e-01,-1.025580319488458958e+00,-3.250366550663897680e+00,-1.775291106621965209e+00,-1.994131868017106068e+00,-4.891720658369507202e-01,-2.398523065186891845e+00,-5.912055300047970086e+00
-2.403202176733098216e+00,-3.209788884628979599e-01,-9.992962759482529878e-01,-1.025580319488458958e+00,-3.250366550663897680e+00,-1.775291106621965209e+00,-1.994131868017106068e+00,-4.891720658369507202e-01,-2.398523065186891845e+00,-5.912055300047970086e+00
-2.403202176733098216e+00,-3.209788884628979599e-01,-9.992962759482529878e-01,-1.025580319488458958e+00,-3.250366550663897680e+00,-1.775291106621965209e+00,-1.994131868017106068e+00,-4.891720658369507202e-01,-2.398523065186891845e+00,-5.912055300047970086e+00
-2.403202176733098216e+00,-3.209788884628979599e-01,-9.992962759482529878e-01,-1.025580319488458958e+00,-3.250366550663897680e+00,-1.775291106621965209e+00,-1.994131868017106068e+00,-5.202016890381686576e-01,-2.398523065186891845e+00,-5.912055300047970086e+00
-2.403202176733098216e+00,-3.209788884628979599e-01,-9.992962759482529878e-01,-1.025580319488458958e+00,-3.250366550663897680e+00,-1.775291106621965209e+00,-1.994131868017106068e+00,-5.202016890381686576e-01,-2.398523065186891845e+00,-5.912055300047970086e+00
-2.403202176733098216e+00,-3.209788884628979599e-01,-9.992962759482529878e-01,-1.025580319488458958e+00,-3.250366550663897680e+00,-1.775291106621965209e+00,-1.994131868017106068e+00,-5.202016890381686576e-01,-2.398523065186891845e+00,-5.912055300047970086e+00
-2.403202176733098216e+00,-3.209788884628979599e-01,-9.992962759482529878e-01,-1.025580319488458958e+00,-3.250366550663897680e+00,-1.775291106621965209e+00,-1.994131868017106068e+00,-5.202016890381686576e-01,-2.398523065186891845e+00,-5.912055300047970086e+00
-2.403202176733098216e+00,-3.209788884628979599e-01,-1.059654816393056365e+00,-1.025580319488458958e+00,-3.250366550663897680e+00,-1.775291106621965209e+00,-1.994131868017106068e+00,-5.202016890381686576e-01,-2.398523065186891845e+00,-5.912055300047970086e+00
-2.403202176733098216e+00,-3.209788884628979599e-01,-1.059654816393056365e+00,-1.025580319488458958e+00,-3.250366550663897680e+00,-1.775291106621965209e+00,-1.994131868017106068e+00,-5.202016890381686576e-01,-2.398523065186891845e+00,-5.912055300047970086e+00
-2.403202176733098216e+00,-3.209788884628979599e-01,-1.059654816393056365e+00,-1.025580319488458958e+00,-3.250366550663897680e+00,-1.775291106621965209e+00,-1.994131868017106068e+00,-5.202016890381686576e-01,-2.398523065186891845e+00,-5.912055300047970086e+00
-2.403202176733098216e+00,-3.209788884628979599e-01,-1.059654816393056365e+00,-1.025580319488458958e+00,-3.250366550663897680e+00,-1.775291106621965209e+00,-1.994131868017106068e+00,-5.202016890381686576e-01,-2.398523065186891845e+00,-5.912055300047970086e+00
-2.403202176733098216e+00,-3.209788884628979599e-01,-1.059654816393056365e+00,-1.025580319488458958e+00,-3.250366550663897680e+00,-1.775291106621965209e+00,-1.994131868017106068e+00,-5.202016890381686576e-01,-2.398523065186891845e+00,-5.912055300047970086e+00
-2.403202176733098216e+00,-3.209788884628979599e-01,-1.059654816393056365e+00,-1.025580319488458958e+00,-3.250366550663897680e+00,-1.775291106621965209e+00,-1.994131868017106068e+00,-5.202016890381686576e-01,-2.398523065186891845e+00,-5.912055300047970086e+00
-2.403202176733098216e+00,-3.209788884628979599e-01,-1.059654816393056365e+00,-1.025580319488458958e+00,-3.250366550663897680e+00,-1.775291106621965209e+00,-1.994131868017106068e+00,-5.202016890381686576e-01,-2.398523065186891845e+00,-5.912055300047970086e+00
-2.403202176733098216e+00,-3.209788884628979599e-01,-1.059654816393056365e+00,-1.025580319488458958e+00,-3.250366550663897680e+00,-1.775291106621965209e+00,-3.641632905951623478e+00,-5.202016890381686576e-01,-2.398523065186891845e+00,-5.912055300047970086e+00
-2.403202176733098216e+00,-3.209788884628979599e-01,-1.059654816393056365e+00,-1.025580319488458958e+00,-3.250366550663897680e+00,-1.775291106621965209e+00,-3.641632905951623478e+00,-5.202016890381686576e-01,-2.398523065186891845e+00,-5.912055300047970086e+00
-2.403202176733098216e+00,-3.209788884628979599e-01,-1.059654816393056365e+00,-1.025580319488458958e+00,-3.250366550663897680e+00,-1.775291106621965209e+00,-3.641632905951623478e+00,-5.202016890381686576e-01,-2.398523065186891845e+00,-5.912055300047970086e+00
-2.403202176733098216e+00,-3.209788884628979599e-01,-1.059654816393056365e+00,-1.025580319488458958e+00,-3.250366550663897680e+00,-1.775291106621965209e+00,-3.641632905951623478e+00,-5.202016890381686576e-01,-2.398523065186891845e+00,-5.912055300047970086e+00
-2.403202176733098216e+00,-3.209788884628979599e-01,-1.059654816393056365e+00,-1.025580319488458958e+00,-3.250366550663897680e+00,-1.775291106621965209e+00,-3.641632905951623478e+00,-5.202016890381686576e-01,-2.398523065186891845e+00,-5.912055300047970086e+00
-2.403202176733098216e+00,-3.209788884628979599e-01,-1.059654816393056365e+00,-1.025580319488458958e+00,-3.250366550663897680e+00,-1.775291106621965209e+00,-3.641632905951623478e+00,-5.202016890381686576e-01,-2.398523065186891845e+00,-5.912055300047970086e+00
-2.403202176733098216e+00,-3.209788884628979599e-01,-1.059654816393056365e+00,-1.025580319488458958e+00,-3.250366550663897680e+00,-1.775291106621965209e+00,-3.641632905951623478e+00,-5.202016890381686576e-01,-2.398523065186891845e+00,-5.912055300047970086e+00
-2.403202176733098216e+00,-3.209788884628979599e-01,-1.059654816393056365e+00,-1.025580319488458958e+00,-3.250366550663897680e+00,-1.775291106621965209e+00,-3.641632905951623478e+00,-5.202016890381686576e-01,-2.398523065186891845e+00,-5.912055300047970086e+00
-2.403202176733098216e+00,-3.209788884628979599e-01,-1.059654816393056365e+00,-1.025580319488458958e+00,-3.250366550663897680e+00,-1.775291106621965209e+00,-3.641632905951623478e+00,-5.202016890381686576e-01,-2.398523065186891845e+00,-5.912055300047970086e+00
-2.403202176733098216e+00,-3.209788884628979599e-01,-1.059654816393056365e+00,-1.025580319488458958e+00,-3.250366550663897680e+00,-1.775291106621965209e+00,-3.641632905951623478e+00,-5.202016890381686576e-01,-2.398523065186891845e+00,-5.912055300047970086e+00
-2.403202176733098216e+00,-3.209788884628979599e-01,-1.059654816393056365e+00,-1.025580319488458958e+00,-3.250366550663897680e+00,-1.775291106621965209e+00,-3.641632905951623478e+00,-5.202016890381686576e-01,-2.398523065186891845e+00,-5.912055300047970086e+00
-2.403202176733098216e+00,-3.209788884628979599e-01,-1.059654816393056365e+00,-1.025580319488458958e+00,-3.250366550663897680e+00,-1.775291106621965209e+00,-3.641632905951623478e+00,-5.202016890381686576e-01,-2.398523065186891845e+00,-5.912055300047970086e+00
-2.403202176733098216e+00,-3.209788884628979599e-01,-1.059654816393056365e+00,-1.025580319488458958e+00,-3.250366550663897680e+00,-1.775291106621965209e+00,-3.641632905951623478e+00,-5.202016890381686576e-01,-2.398523065186891845e+00,-5.912055300047970086e+00
-2.403202176733098216e+00,-3.209788884628979599e-01,-1.059654816393056365e+00,-1.025580319488458958e+00,-3.250366550663897680e+00,-1.775291106621965209e+00,-3.641632905951623478e+00,-5.202016890381686576e-01,-2.398523065186891845e+00,-5.912055300047970086e+00
-2.403202176733098216e+00,-3.209788884628979599e-01,-1.059654816393056365e+00,-1.025580319488458958e+00,-3.250366550663897680e+00,-1.775291106621965209e+00,-3.641632905951623478e+00,-5.202016890381686576e-01,-2.398523065186891845e+00,-5.912055300047970086e+00
-2.403202176733098216e+00,-3.209788884628979599e-01,-1.059654816393056365e+00,-1.025580319488458958e+00,-3.250366550663897680e+00,-1.775291106621965209e+00,-3.641632905951623478e+00,-5.202016890381686576e-01,-2.398523065186891845e+00,-5.912055300047970086e+00
-2.403202176733098216e+00,-3.209788884628979599e-01,-1.059654816393056365e+00,-1.025580319488458958e+00,-3.250366550663897680e+00,-1.775291106621965209e+00,-3.641632905951623478e+00,-5.202016890381686576e-01,-2.398523065186891845e+00,-5.912055300047970086e+00
-2.403202176733098216e+00,-3.209788884628979599e-01,-1.059654816393056365e+00,-1.025580319488458958e+00,-3.250366550663897680e+00,-1.775291106621965209e+00,-3.641632905951623478e+00,-5.202016890381686576e-01,-2.398523065186891845e+00,-5.912055300047970086e+00
-2.403202176733098216e+00,-3.209788884628979599e-01,-1.059654816393056365e+00,-1.025580319488458958e+00,-3.250366550663897680e+00,-1.775291106621965209e+00,-3.641632905951623478e+00,-5.202016890381686576e-01,-2.398523065186891845e+00,-5.912055300047970086e+00
-2.403202176733098216e+00,-6.845448137231180397e-01,-1.059654816393056365e+00,-1.025580319488458958e+00,-3.250366550663897680e+00,-1.775291106621965209e+00,-3.641632905951623478e+00,-5.202016890381686576e-01,-2.398523065186891845e+00,-5.912055300047970086e+00
-2.403202176733098216e+00,-6.845448137231180397e-01,-1.059654816393056365e+00,-1.025580319488458958e+00,-3.250366550663897680e+00,-1.775291106621965209e+00,-3.641632905951623478e+00,-5.202016890381686576e-01,-2.398523065186891845e+00,-5.912055300047970086e+00
-2.403202176733098216e+00,-6.845448137231180397e-01,-1.059654816393056365e+00,-1.025580319488458958e+00,-3.250366550663897680e+00,-1.775291106621965209e+00,-3.641632905951623478e+00,-5.202016890381686576e-01,-2.398523065186891845e+00,-5.912055300047970086e+00
-2.403202176733098216e+00,-6.845448137231180397e-01,-1.059654816393056365e+00,-1.025580319488458958e+00,-3.250366550663897680e+00,-1.775291106621965209e+00,-3.641632905951623478e+00,-5.202016890381686576e-01,-2.398523065186891845e+00,-5.912055300047970086e+00
-2.403202176733098216e+00,-6.845448137231180397e-01,-1.059654816393056365e+00,-1.025580319488458958e+00,-3.250366550663897680e+00,-1.775291106621965209e+00,-3.641632905951623478e+00,-5.202016890381686576e-01,-2.398523065186891845e+00,-5.912055300047970086e+00
-2.403202176733098216e+00,-6.845448137231180397e-01,-1.059654816393056365e+00,-1.025580319488458958e+00,-3.250366550663897680e+00,-1.775291106621965209e+00,-3.641632905951623478e+00,-5.202016890381686576e-01,-2.398523065186891845e+00,-5.912055300047970086e+00
-2.403202176733098216e+00,-6.845448137231180397e-01,-1.059654816393056365e+00,-1.134964088823365636e+00,-3.250366550663897680e+00,-1.775291106621965209e+00,-3.641632905951623478e+00,-5.202016890381686576e-01,-2.635809822587644291e+00,-5.912055300047970086e+00
-2.403202176733098216e+00,-6.845448137231180397e-01,-1.059654816393056365e+00,-1.134964088823365636e+00,-3.250366550663897680e+00,-1.775291106621965209e+00,-3.641632905951623478e+00,-5.202016890381686576e-01,-2.635809822587644291e+00,-5.912055300047970086e+00
-2.403202176733098216e+00,-6.845448137231180397e-01,-1.059654816393056365e+00,-2.730271221082877897e+00,-3.250366550663897680e+00,-1.775291106621965209e+00,-3.641632905951623478e+00,-6.178536769317686250e-01,-2.635809822587644291e+00,-5.912055300047970086e+00
-2.403202176733098216e+00,-6.845448137231180397e-01,-1.059654816393056365e+00,-2.730271221082877897e+00,-3.250366550663897680e+00,-1.775291106621965209e+00,-3.641632905951623478e+00,-6.178536769317686250e-01,-2.635809822587644291e+00,-5.912055300047970086e+00
-2.403202176733098216e+00,-6.845448137231180397e-01,-1.059654816393056365e+00,-2.730271221082877897e+00,-3.250366550663897680e+00,-1.775291106621965209e+00,-3.641632905951623478e+00,-6.178536769317686250e-01,-2.635809822587644291e+00,-5.912055300047970086e+00
-2.403202176733098216e+00,-6.845448137231180397e-01,-1.059654816393056365e+00,-2.730271221082877897e+00,-3.250366550663897680e+00,-1.775291106621965209e+00,-3.641632905951623478e+00,-6.178536769317686250e-01,-2.635809822587644291e+00,-5.912055300047970086e+00
-2.403202176733098216e+00,-6.845448137231180397e-01,-1.059654816393056365e+00,-2.730271221082877897e+00,-3.250366550663897680e+00,-1.775291106621965209e+00,-3.641632905951623478e+00,-6.178536769317686250e-01,-2.635809822587644291e+00,-5.912055300047970086e+00
-2.403202176733098216e+00,-6.845448137231180397e-01,-1.059654816393056365e+00,-2.730271221082877897e+00,-3.250366550663897680e+00,-1.775291106621965209e+00,-3.641632905951623478e+00,-6.178536769317686250e-01,-2.635809822587644291e+00,-5.912055300047970086e+00
-2.403202176733098216e+00,-6.845448137231180397e-01,-1.059654816393056365e+00,-2.730271221082877897e+00,-3.250366550663897680e+00,-1.775291106621965209e+00,-3.641632905951623478e+00,-6.178536769317686250e-01,-2.635809822587644291e+00,-5.912055300047970086e+00
-2.403202176733098216e+00,-6.845448137231180397e-01,-1.059654816393056365e+00,-2.730271221082877897e+00,-3.250366550663897680e+00,-1.775291106621965209e+00,-3.641632905951623478e+00,-6.178536769317686250e-01,-2.635809822587644291e+00,-5.912055300047970086e+00
-2.403202176733098216e+00,-6.845448137231180397e-01,-1.059654816393056365e+00,-2.730271221082877897e+00,-3.250366550663897680e+00,-1.775291106621965209e+00,-3.641632905951623478e+00,-6.178536769317686250e-01,-2.635809822587644291e+00,-5.912055300047970086e+00
-2.403202176733098216e+00,-6.845448137231180397e-01,-1.059654816393056365e+00,-2.730271221082877897e+00,-3.250366550663897680e+00,-1.775291106621965209e+00,-3.641632905951623478e+00,-6.178536769317686250e-01,-2.635809822587644291e+00,-5.912055300047970086e+00
-2.403202176733098216e+00,-6.845448137231180397e-01,-1.059654816393056365e+00,-2.730271221082877897e+00,-3.250366550663897680e+00,-1.775291106621965209e+00,-3.641632905951623478e+00,-6.178536769317686250e-01,-2.635809822587644291e+00,-5.912055300047970086e+00
-2.403202176733098216e+00,-6.845448137231180397e-01,-1.059654816393056365e+00,-2.730271221082877897e+00,-3.250366550663897680e+00,-1.775291106621965209e+00,-3.641632905951623478e+00,-6.178536769317686250e-01,-2.635809822587644291e+00,-5.912055300047970086e+00
-2.403202176733098216e+00,-6.845448137231180397e-01,-1.059654816393056365e+00,-2.730271221082877897e+00,-3.250366550663897680e+00,-1.775291106621965209e+00,-3.641632905951623478e+00,-6.178536769317686250e-01,-2.635809822587644291e+00,-5.912055300047970086e+00
-2.403202176733098216e+00,-6.845448137231180397e-01,-1.059654816393056365e+00,-2.730271221082877897e+00,-3.250366550663897680e+00,-1.775291106621965209e+00,-3.641632905951623478e+00,-6.178536769317686250e-01,-2.635809822587644291e+00,-5.912055300047970086e+00
-2.403202176733098216e+00,-6.845448137231180397e-01,-1.059654816393056365e+00,-2.730271221082877897e+00,-3.250366550663897680e+00,-1.775291106621965209e+00,-3.641632905951623478e+00,-6.178536769317686250e-01,-2.635809822587644291e+00,-5.912055300047970086e+00
-2.403202176733098216e+00,-6.845448137231180397e-01,-1.059654816393056365e+00,-2.730271221082877897e+00,-3.250366550663897680e+00,-1.775291106621965209e+00,-3.641632905951623478e+00,-6.178536769317686250e-01,-2.635809822587644291e+00,-5.912055300047970086e+00
-2.403202176733098216e+00,-6.845448137231180397e-01,-1.059654816393056365e+00,-2.730271221082877897e+00,-3.250366550663897680e+00,-1.775291106621965209e+00,-3.641632905951623478e+00,-6.178536769317686250e-01,-2.635809822587644291e+00,-5.912055300047970086e+00
-2.403202176733098216e+00,-6.845448137231180397e-01,-1.059654816393056365e+00,-2.730271221082877897e+00,-3.250366550663897680e+00,-2.564927071822866722e+00,-3.641632905951623478e+00,-6.178536769317686250e-01,-2.635809822587644291e+00,-5.912055300047970086e+00
-2.403202176733098216e+00,-6.845448137231180397e-01,-1.059654816393056365e+00,-2.730271221082877897e+00,-3.250366550663897680e+00,-2.564927071822866722e+00,-3.641632905951623478e+00,-6.178536769317686250e-01,-2.635809822587644291e+00,-5.912055300047970086e+00
-2.403202176733098216e+00,-6.845448137231180397e-01,-1.059654816393056365e+00,-2.730271221082877897e+00,-3.250366550663897680e+00,-2.564927071822866722e+00,-3.641632905951623478e+00,-6.178536769317686250e-01,-2.635809822587644291e+00,-5.912055300047970086e+00
-2.403202176733098216e+00,-6.845448137231180397e-01,-1.059654816393056365e+00,-2.730271221082877897e+00,-3.250366550663897680e+00,-2.564927071822866722e+00,-3.641632905951623478e+00,-6.178536769317686250e-01,-2.635809822587644291e+00,-5.912055300047970086e+00
-2.403202176733098216e+00,-6.845448137231180397e-01,-1.059654816393056365e+00,-2.730271221082877897e+00,-3.250366550663897680e+00,-2.564927071822866722e+00,-3.641632905951623478e+00,-6.178536769317686250e-01,-2.635809822587644291e+00,-5.912055300047970086e+00
-2.403202176733098216e+00,-6.845448137231180397e-01,-1.059654816393056365e+00,-2.730271221082877897e+00,-3.250366550663897680e+00,-2.564927071822866722e+00,-3.641632905951623478e+00,-6.178536769317686250e-01,-2.635809822587644291e+00,-5.912055300047970086e+00
-2.403202176733098216e+00,-6.845448137231180397e-01,-1.059654816393056365e+00,-2.730271221082877897e+00,-3.250366550663897680e+00,-2.564927071822866722e+00,-3.641632905951623478e+00,-6.178536769317686250e-01,-2.635809822587644291e+00,-5.912055300047970086e+00
-2.403202176733098216e+00,-6.845448137231180397e-01,-1.059654816393056365e+00,-2.730271221082877897e+00,-3.250366550663897680e+00,-2.564927071822866722e+00,-3.641632905951623478e+00,-6.178536769317686250e-01,-2.635809822587644291e+00,-5.912055300047970086e+00
-2.403202176733098216e+00,-6.845448137231180397e-01,-1.059654816393056365e+00,-2.730271221082877897e+00,-3.250366550663897680e+00,-2.564927071822866722e+00,-3.641632905951623478e+00,-6.178536769317686250e-01,-2.635809822587644291e+00,-5.912055300047970086e+00
-2.403202176733098216e+00,-6.845448137231180397e-01,-1.059654816393056365e+00,-2.730271221082877897e+00,-3.250366550663897680e+00,-2.564927071822866722e+00,-3.641632905951623478e+00,-6.178536769317686250e-01,-2.635809822587644291e+00,-5.912055300047970086e+00
-2.403202176733098216e+00,-6.845448137231180397e-01,-1.059654816393056365e+00,-2.730271221082877897e+00,-3.250366550663897680e+00,-2.564927071822866722e+00,-3.641632905951623478e+00,-6.178536769317686250e-01,-2.635809822587644291e+00,-5.912055300047970086e+00
-2.403202176733098216e+00,-6.845448137231180397e-01,-1.059654816393056365e+00,-2.730271221082877897e+00,-3.250366550663897680e+00,-2.564927071822866722e+00,-3.641632905951623478e+00,-6.178536769317686250e-01,-2.635809822587644291e+00,-5.912055300047970086e+00
-2.403202176733098216e+00,-6.845448137231180397e-01,-1.059654816393056365e+00,-2.730271221082877897e+00,-3.250366550663897680e+00,-2.564927071822866722e+00,-3.641632905951623478e+00,-6.178536769317686250e-01,-2.635809822587644291e+00,-5.912055300047970086e+00
-2.403202176733098216e+00,-6.845448137231180397e-01,-1.059654816393056365e+00,-2.730271221082877897e+00,-3.250366550663897680e+00,-2.564927071822866722e+00,-3.641632905951623478e+00,-6.178536769317686250e-01,-2.635809822587644291e+00,-5.912055300047970086e+00
-2.403202176733098216e+00,-6.845448137231180397e-01,-1.059654816393056365e+00,-2.730271221082877897e+00,-3.250366550663897680e+00,-2.564927071822866722e+00,-3.641632905951623478e+00,-6.178536769317686250e-01,-2.635809822587644291e+00,-5.912055300047970086e+00
-2.403202176733098216e+00,-6.845448137231180397e-01,-1.059654816393056365e+00,-2.730271221082877897e+00,-3.250366550663897680e+00,-2.564927071822866722e+00,-3.641632905951623478e+00,-6.178536769317686250e-01,-2.635809822587644291e+00,-5.912055300047970086e+00
-2.403202176733098216e+00,-6.845448137231180397e-01,-1.059654816393056365e+00,-2.730271221082877897e+00,-3.250366550663897680e+00,-2.564927071822866722e+00,-3.641632905951623478e+00,-6.178536769317686250e-01,-2.635809822587644291e+00,-5.912055300047970086e+00
-2.403202176733098216e+00,-6.845448137231180397e-01,-1.059654816393056365e+00,-2.730271221082877897e+00,-3.250366550663897680e+00,-2.564927071822866722e+00,-3.641632905951623478e+00,-6.178536769317686250e-01,-2.635809822587644291e+00,-5.912055300047970086e+00
-2.403202176733098216e+00,-6.845448137231180397e-01,-1.059654816393056365e+00,-2.730271221082877897e+00,-3.250366550663897680e+00,-2.564927071822866722e+00,-3.641632905951623478e+00,-6.178536769317686250e-01,-2.635809822587644291e+00,-5.912055300047970086e+00
-2.403202176733098216e+00,-6.845448137231180397e-01,-1.059654816393056365e+00,-2.730271221082877897e+00,-3.250366550663897680e+00,-2.564927071822866722e+00,-3.641632905951623478e+00,-6.178536769317686250e-01,-2.635809822587644291e+00,-5.912055300047970086e+00
-2.403202176733098216e+00,-6.845448137231180397e-01,-1.059654816393056365e+00,-2.730271221082877897e+00,-3.250366550663897680e+00,-2.564927071822866722e+00,-3.641632905951623478e+00,-6.178536769317686250e-01,-2.635809822587644291e+00,-5.912055300047970086e+00
-2.403202176733098216e+00,-6.845448137231180397e-01,-1.059654816393056365e+00,-2.730271221082877897e+00,-3.250366550663897680e+00,-2.564927071822866722e+00,-3.641632905951623478e+00,-6.178536769317686250e-01,-2.635809822587644291e+00,-5.912055300047970086e+00
-2.403202176733098216e+00,-6.845448137231180397e-01,-1.059654816393056365e+00,-2.730271221082877897e+00,-3.250366550663897680e+00,-2.564927071822866722e+00,-3.641632905951623478e+00,-6.178536769317686250e-01,-2.635809822587644291e+00,-5.912055300047970086e+00
-2.403202176733098216e+00,-6.845448137231180397e-01,-1.059654816393056365e+00,-2.730271221082877897e+00,-3.250366550663897680e+00,-2.564927071822866722e+00,-3.641632905951623478e+00,-6.178536769317686250e-01,-2.635809822587644291e+00,-5.912055300047970086e+00
-2.403202176733098216e+00,-6.845448137231180397e-01,-1.059654816393056365e+00,-2.730271221082877897e+00,-3.250366550663897680e+00,-2.564927071822866722e+00,-3.641632905951623478e+00,-6.178536769317686250e-01,-2.635809822587644291e+00,-5.912055300047970086e+00
-2.403202176733098216e+00,-6.845448137231180397e-01,-1.059654816393056365e+00,-2.730271221082877897e+00,-3.250366550663897680e+00,-2.564927071822866722e+00,-3.641632905951623478e+00,-6.178536769317686250e-01,-2.635809822587644291e+00,-5.912055300047970086e+00
-2.403202176733098216e+00,-6.845448137231180397e-01,-1.059654816393056365e+00,-2.730271221082877897e+00,-3.250366550663897680e+00,-2.564927071822866722e+00,-3.641632905951623478e+00,-6.178536769317686250e-01,-2.635809822587644291e+00,-5.912055300047970086e+00
-2.403202176733098216e+00,-6.845448137231180397e-01,-1.059654816393056365e+00,-2.730271221082877897e+00,-3.250366550663897680e+00,-2.564927071822866722e+00,-3.641632905951623478e+00,-6.178536769317686250e-01,-2.635809822587644291e+00,-5.912055300047970086e+00
-2.546908101533278401e+00,-6.845448137231180397e-01,-1.059654816393056365e+00,-2.730271221082877897e+00,-3.250366550663897680e+00,-2.564927071822866722e+00,-3.641632905951623478e+00,-6.178536769317686250e-01,-2.635809822587644291e+00,-5.912055300047970086e+00
-2.546908101533278401e+00,-6.845448137231180397e-01,-1.059654816393056365e+00,-2.730271221082877897e+00,-3.250366550663897680e+00,-2.564927071822866722e+00,-3.641632905951623478e+00,-6.178536769317686250e-01,-2.635809822587644291e+00,-5.912055300047970086e+00
-2.546908101533278401e+00,-6.845448137231180397e-01,-1.059654816393056365e+00,-2.730271221082877897e+00,-3.250366550663897680e+00,-2.564927071822866722e+00,-3.641632905951623478e+00,-6.178536769317686250e-01,-2.635809822587644291e+00,-5.912055300047970086e+00
-2.546908101533278401e+00,-6.845448137231180397e-01,-1.059654816393056365e+00,-2.730271221082877897e+00,-3.250366550663897680e+00,-2.564927071822866722e+00,-3.641632905951623478e+00,-6.178536769317686250e-01,-2.635809822587644291e+00,-5.912055300047970086e+00
-2.546908101533278401e+00,-6.845448137231180397e-01,-1.059654816393056365e+00,-2.730271221082877897e+00,-3.250366550663897680e+00,-3.098061716951949762e+00,-3.641632905951623478e+00,-6.178536769317686250e-01,-2.635809822587644291e+00,-5.912055300047970086e+00
-2.546908101533278401e+00,-6.845448137231180397e-01,-1.059654816393056365e+00,-2.730271221082877897e+00,-3.250366550663897680e+00,-3.098061716951949762e+00,-3.641632905951623478e+00,-6.178536769317686250e-01,-2.635809822587644291e+00,-5.912055300047970086e+00
-2.546908101533278401e+00,-6.845448137231180397e-01,-1.059654816393056365e+00,-2.730271221082877897e+00,-3.250366550663897680e+00,-3.098061716951949762e+00,-3.641632905951623478e+00,-6.178536769317686250e-01,-2.635809822587644291e+00,-5.912055300047970086e+00
-2.968066714809021178e+00,-6.845448137231180397e-01,-1.059654816393056365e+00,-2.730271221082877897e+00,-3.250366550663897680e+00,-3.098061716951949762e+00,-3.641632905951623478e+00,-6.178536769317686250e-01,-2.635809822587644291e+00,-5.912055300047970086e+00
-3.531956948517343431e+00,-6.845448137231180397e-01,-1.059654816393056365e+00,-2.730271221082877897e+00,-3.250366550663897680e+00,-3.098061716951949762e+00,-3.641632905951623478e+00,-6.178536769317686250e-01,-2.635809822587644291e+00,-5.912055300047970086e+00
-3.531956948517343431e+00,-6.845448137231180397e-01,-1.059654816393056365e+00,-2.730271221082877897e+00,-3.250366550663897680e+00,-3.098061716951949762e+00,-3.641632905951623478e+00,-6.178536769317686250e-01,-2.635809822587644291e+00,-5.912055300047970086e+00
-3.531956948517343431e+00,-6.845448137231180397e-01,-1.059654816393056365e+00,-2.730271221082877897e+00,-3.250366550663897680e+00,-3.098061716951949762e+00,-3.641632905951623478e+00,-6.178536769317686250e-01,-2.635809822587644291e+00,-5.912055300047970086e+00
-3.531956948517343431e+00,-6.845448137231180397e-01,-1.059654816393056365e+00,-2.730271221082877897e+00,-3.250366550663897680e+00,-3.098061716951949762e+00,-3.641632905951623478e+00,-6.178536769317686250e-01,-2.635809822587644291e+00,-5.912055300047970086e+00
-3.531956948517343431e+00,-6.845448137231180397e-01,-1.059654816393056365e+00,-2.730271221082877897e+00,-3.250366550663897680e+00,-3.098061716951949762e+00,-3.641632905951623478e+00,-6.178536769317686250e-01,-2.635809822587644291e+00,-5.912055300047970086e+00
-3.531956948517343431e+00,-6.845448137231180397e-01,-1.059654816393056365e+00,-2.730271221082877897e+00,-3.250366550663897680e+00,-3.098061716951949762e+00,-3.641632905951623478e+00,-6.178536769317686250e-01,-2.635809822587644291e+00,-5.912055300047970086e+00
-3.531956948517343431e+00,-6.845448137231180397e-01,-1.059654816393056365e+00,-2.730271221082877897e+00,-3.250366550663897680e+00,-3.098061716951949762e+00,-3.641632905951623478e+00,-6.178536769317686250e-01,-2.635809822587644291e+00,-5.912055300047970086e+00
