2.131335697807808849e+00,1.526334586293873752e+00,-3.468602806920741410e-01,2.958875267321380953e+00,1.042543342238830384e+00,4.912725449742633366e+00,1.460358277314300068e-01,1.178294080961415968e+00,7.067666669635985777e-01,1.679276979080425169e+00
2.029591935853622076e+00,3.275462745735646664e-01,-1.135143714073781451e+00,4.351560432187361882e-01,6.071365050526434937e-01,4.388472354814767051e+00,-5.732901393980015942e-02,-3.308617365255837051e-01,7.067666669635985777e-01,1.679276979080425169e+00
1.304892944110088937e+00,3.275462745735646664e-01,-1.135143714073781451e+00,4.351560432187361882e-01,6.071365050526434937e-01,4.388472354814767051e+00,-6.759752321228413852e-01,-3.308617365255837051e-01,7.067666669635985777e-01,-1.764541794387791906e+00
1.304892944110088937e+00,3.275462745735646664e-01,-1.135143714073781451e+00,4.351560432187361882e-01,6.071365050526434937e-01,6.774847698177579591e-01,-6.759752321228413852e-01,-3.308617365255837051e-01,7.067666669635985777e-01,-1.764541794387791906e+00
1.304892944110088937e+00,-6.202098555702622029e-01,-1.135143714073781451e+00,4.351560432187361882e-01,6.071365050526434937e-01,6.774847698177579591e-01,-8.587282401467617454e-01,-3.308617365255837051e-01,7.067666669635985777e-01,-1.764541794387791906e+00
1.304892944110088937e+00,-6.202098555702622029e-01,-1.135143714073781451e+00,4.351560432187361882e-01,6.071365050526434937e-01,6.774847698177579591e-01,-8.587282401467617454e-01,-3.308617365255837051e-01,4.765174656760501892e-01,-1.764541794387791906e+00
1.304892944110088937e+00,-6.202098555702622029e-01,-1.135143714073781451e+00,2.411717817621567006e-02,6.071365050526434937e-01,6.774847698177579591e-01,-1.016556137322990772e+00,-3.308617365255837051e-01,4.765174656760501892e-01,-1.764541794387791906e+00
1.304892944110088937e+00,-6.278019287379342783e-01,-1.135143714073781451e+00,2.411717817621567006e-02,6.071365050526434937e-01,6.774847698177579591e-01,-1.016556137322990772e+00,-3.308617365255837051e-01,4.765174656760501892e-01,-1.764541794387791906e+00
1.304892944110088937e+00,-6.278019287379342783e-01,-1.300881997005302937e+00,1.233099833834753328e-02,6.071365050526434937e-01,6.774847698177579591e-01,-1.016556137322990772e+00,-3.308617365255837051e-01,4.765174656760501892e-01,-1.764541794387791906e+00
1.304892944110088937e+00,-6.278019287379342783e-01,-1.300881997005302937e+00,1.233099833834753328e-02,6.071365050526434937e-01,6.774847698177579591e-01,-1.016556137322990772e+00,-3.308617365255837051e-01,4.765174656760501892e-01,-1.764541794387791906e+00
8.154977766400437478e-01,-6.278019287379342783e-01,-1.559054637985731739e+00,1.233099833834753328e-02,6.071365050526434937e-01,6.774847698177579591e-01,-1.016556137322990772e+00,-3.308617365255837051e-01,-1.266457906218301011e+00,-1.764541794387791906e+00
8.154977766400437478e-01,-6.278019287379342783e-01,-1.559054637985731739e+00,-3.889571771851971921e-02,6.071365050526434937e-01,-1.226802277722823797e+00,-1.016556137322990772e+00,-3.308617365255837051e-01,-1.266457906218301011e+00,-1.764541794387791906e+00
8.154977766400437478e-01,-6.278019287379342783e-01,-1.559054637985731739e+00,-3.889571771851971921e-02,6.071365050526434937e-01,-1.226802277722823797e+00,-1.016556137322990772e+00,-7.111985493707301265e-01,-1.600191897932324636e+00,-1.764541794387791906e+00
8.154977766400437478e-01,-6.278019287379342783e-01,-1.559054637985731739e+00,-3.889571771851971921e-02,6.071365050526434937e-01,-1.226802277722823797e+00,-1.016556137322990772e+00,-7.111985493707301265e-01,-1.600191897932324636e+00,-1.764541794387791906e+00
-4.530434637362382722e-01,-6.975246185287979905e-01,-1.559054637985731739e+00,-2.781791074595396651e-01,6.071365050526434937e-01,-1.226802277722823797e+00,-1.016556137322990772e+00,-7.111985493707301265e-01,-1.600191897932324636e+00,-1.764541794387791906e+00
-4.530434637362382722e-01,-6.975246185287979905e-01,-1.559054637985731739e+00,-2.293951008679816272e+00,6.071365050526434937e-01,-1.226802277722823797e+00,-1.016556137322990772e+00,-7.111985493707301265e-01,-1.600191897932324636e+00,-1.764541794387791906e+00
-4.530434637362382722e-01,-6.975246185287979905e-01,-1.559054637985731739e+00,-2.293951008679816272e+00,-1.576718662466786713e-01,-1.226802277722823797e+00,-1.016556137322990772e+00,-7.111985493707301265e-01,-2.057544514062021879e+00,-1.764541794387791906e+00
-4.530434637362382722e-01,-6.975246185287979905e-01,-1.559054637985731739e+00,-2.293951008679816272e+00,-1.576718662466786713e-01,-1.226802277722823797e+00,-1.016556137322990772e+00,-1.071276552684732319e+00,-2.057544514062021879e+00,-1.764541794387791906e+00
-4.530434637362382722e-01,-1.232265731614421211e+00,-1.559054637985731739e+00,-2.293951008679816272e+00,-1.576718662466786713e-01,-1.226802277722823797e+00,-2.056358923530789973e+00,-1.071276552684732319e+00,-2.750917923834315992e+00,-1.764541794387791906e+00
-4.530434637362382722e-01,-1.232265731614421211e+00,-1.559054637985731739e+00,-2.293951008679816272e+00,-1.576718662466786713e-01,-1.226802277722823797e+00,-2.056358923530789973e+00,-1.071276552684732319e+00,-3.567364761331280665e+00,-1.764541794387791906e+00
-4.530434637362382722e-01,-1.232265731614421211e+00,-1.559054637985731739e+00,-2.293951008679816272e+00,-1.576718662466786713e-01,-1.226802277722823797e+00,-2.056358923530789973e+00,-1.071276552684732319e+00,-3.567364761331280665e+00,-1.764541794387791906e+00
-4.530434637362382722e-01,-1.321191356915676351e+00,-1.559054637985731739e+00,-2.293951008679816272e+00,-1.576718662466786713e-01,-1.226802277722823797e+00,-2.056358923530789973e+00,-1.071276552684732319e+00,-3.619197744716763143e+00,-1.764541794387791906e+00
-4.530434637362382722e-01,-1.321191356915676351e+00,-1.559054637985731739e+00,-2.293951008679816272e+00,-1.576718662466786713e-01,-1.226802277722823797e+00,-2.056358923530789973e+00,-1.071276552684732319e+00,-3.619197744716763143e+00,-1.764541794387791906e+00
-4.530434637362382722e-01,-1.321191356915676351e+00,-1.559054637985731739e+00,-2.293951008679816272e+00,-1.576718662466786713e-01,-1.226802277722823797e+00,-2.447908258788906721e+00,-1.861279939497361147e+00,-3.619197744716763143e+00,-1.764541794387791906e+00
-4.530434637362382722e-01,-1.321191356915676351e+00,-1.559054637985731739e+00,-2.293951008679816272e+00,-1.576718662466786713e-01,-1.226802277722823797e+00,-2.447908258788906721e+00,-1.861279939497361147e+00,-3.619197744716763143e+00,-1.764541794387791906e+00
-4.530434637362382722e-01,-1.321191356915676351e+00,-1.559054637985731739e+00,-2.293951008679816272e+00,-1.576718662466786713e-01,-1.226802277722823797e+00,-2.447908258788906721e+00,-1.861279939497361147e+00,-3.619197744716763143e+00,-1.764541794387791906e+00
-4.530434637362382722e-01,-1.321191356915676351e+00,-1.559054637985731739e+00,-2.293951008679816272e+00,-1.576718662466786713e-01,-1.226802277722823797e+00,-2.447908258788906721e+00,-1.861279939497361147e+00,-3.619197744716763143e+00,-1.764541794387791906e+00
-4.530434637362382722e-01,-1.321191356915676351e+00,-1.559054637985731739e+00,-2.293951008679816272e+00,-1.576718662466786713e-01,-1.226802277722823797e+00,-2.447908258788906721e+00,-2.729080655862199389e+00,-3.619197744716763143e+00,-1.764541794387791906e+00
-4.530434637362382722e-01,-1.321191356915676351e+00,-1.559054637985731739e+00,-2.293951008679816272e+00,-1.923804874986636548e-01,-1.226802277722823797e+00,-2.447908258788906721e+00,-2.729080655862199389e+00,-3.619197744716763143e+00,-1.764541794387791906e+00
-4.530434637362382722e-01,-1.321191356915676351e+00,-1.559054637985731739e+00,-2.293951008679816272e+00,-1.923804874986636548e-01,-1.226802277722823797e+00,-2.447908258788906721e+00,-2.729080655862199389e+00,-3.619197744716763143e+00,-1.764541794387791906e+00
-4.530434637362382722e-01,-1.321191356915676351e+00,-1.559054637985731739e+00,-2.293951008679816272e+00,-1.923804874986636548e-01,-1.226802277722823797e+00,-2.447908258788906721e+00,-2.729080655862199389e+00,-4.328477896373118305e+00,-1.764541794387791906e+00
-4.530434637362382722e-01,-1.321191356915676351e+00,-1.559054637985731739e+00,-2.293951008679816272e+00,-5.608841775747129832e-01,-1.226802277722823797e+00,-2.447908258788906721e+00,-2.776849790112823957e+00,-4.328477896373118305e+00,-1.764541794387791906e+00
-4.530434637362382722e-01,-1.321191356915676351e+00,-1.559054637985731739e+00,-2.293951008679816272e+00,-7.867141888163462493e-01,-1.226802277722823797e+00,-2.447908258788906721e+00,-2.776849790112823957e+00,-4.328477896373118305e+00,-1.764541794387791906e+00
-4.530434637362382722e-01,-1.321191356915676351e+00,-1.559054637985731739e+00,-2.293951008679816272e+00,-7.867141888163462493e-01,-1.226802277722823797e+00,-2.447908258788906721e+00,-2.776849790112823957e+00,-4.328477896373118305e+00,-1.764541794387791906e+00
-4.530434637362382722e-01,-1.321191356915676351e+00,-1.559054637985731739e+00,-2.293951008679816272e+00,-7.867141888163462493e-01,-1.226802277722823797e+00,-2.447908258788906721e+00,-2.776849790112823957e+00,-4.328477896373118305e+00,-1.764541794387791906e+00
-4.530434637362382722e-01,-1.584024434046487517e+00,-1.559054637985731739e+00,-2.293951008679816272e+00,-7.867141888163462493e-01,-1.226802277722823797e+00,-2.447908258788906721e+00,-2.776849790112823957e+00,-4.328477896373118305e+00,-1.764541794387791906e+00
-4.530434637362382722e-01,-1.933435143196612804e+00,-1.559054637985731739e+00,-2.293951008679816272e+00,-7.867141888163462493e-01,-1.226802277722823797e+00,-2.447908258788906721e+00,-2.776849790112823957e+00,-4.328477896373118305e+00,-1.764541794387791906e+00
-4.530434637362382722e-01,-1.933435143196612804e+00,-1.559054637985731739e+00,-2.293951008679816272e+00,-7.867141888163462493e-01,-1.226802277722823797e+00,-2.447908258788906721e+00,-2.776849790112823957e+00,-4.328477896373118305e+00,-1.764541794387791906e+00
-4.530434637362382722e-01,-1.933435143196612804e+00,-1.559054637985731739e+00,-2.293951008679816272e+00,-7.867141888163462493e-01,-1.226802277722823797e+00,-2.447908258788906721e+00,-2.776849790112823957e+00,-4.328477896373118305e+00,-1.764541794387791906e+00
-4.530434637362382722e-01,-1.933435143196612804e+00,-1.559054637985731739e+00,-2.293951008679816272e+00,-7.867141888163462493e-01,-1.226802277722823797e+00,-2.447908258788906721e+00,-2.776849790112823957e+00,-4.328477896373118305e+00,-1.764541794387791906e+00
-4.530434637362382722e-01,-1.933435143196612804e+00,-1.559054637985731739e+00,-2.293951008679816272e+00,-7.867141888163462493e-01,-1.226802277722823797e+00,-2.447908258788906721e+00,-2.776849790112823957e+00,-4.328477896373118305e+00,-1.764541794387791906e+00
-4.530434637362382722e-01,-1.933435143196612804e+00,-1.559054637985731739e+00,-2.293951008679816272e+00,-7.867141888163462493e-01,-1.226802277722823797e+00,-2.447908258788906721e+00,-2.776849790112823957e+00,-4.328477896373118305e+00,-1.764541794387791906e+00
-4.530434637362382722e-01,-1.933435143196612804e+00,-1.559054637985731739e+00,-2.293951008679816272e+00,-7.867141888163462493e-01,-1.226802277722823797e+00,-3.237361079566822397e+00,-2.776849790112823957e+00,-4.328477896373118305e+00,-1.764541794387791906e+00
-4.530434637362382722e-01,-1.933435143196612804e+00,-1.559054637985731739e+00,-2.293951008679816272e+00,-7.867141888163462493e-01,-1.226802277722823797e+00,-3.237361079566822397e+00,-2.776849790112823957e+00,-4.328477896373118305e+00,-1.764541794387791906e+00
-4.530434637362382722e-01,-2.356229177003413611e+00,-1.559054637985731739e+00,-2.293951008679816272e+00,-7.867141888163462493e-01,-1.226802277722823797e+00,-3.237361079566822397e+00,-2.776849790112823957e+00,-4.328477896373118305e+00,-1.764541794387791906e+00
-4.530434637362382722e-01,-2.356229177003413611e+00,-1.559054637985731739e+00,-2.293951008679816272e+00,-7.867141888163462493e-01,-1.226802277722823797e+00,-3.237361079566822397e+00,-2.776849790112823957e+00,-4.328477896373118305e+00,-1.764541794387791906e+00
-4.530434637362382722e-01,-2.356229177003413611e+00,-1.559054637985731739e+00,-2.293951008679816272e+00,-7.867141888163462493e-01,-1.226802277722823797e+00,-3.237361079566822397e+00,-2.776849790112823957e+00,-4.328477896373118305e+00,-1.764541794387791906e+00
-4.530434637362382722e-01,-2.356229177003413611e+00,-1.559054637985731739e+00,-2.293951008679816272e+00,-7.867141888163462493e-01,-1.226802277722823797e+00,-3.237361079566822397e+00,-2.776849790112823957e+00,-4.328477896373118305e+00,-1.764541794387791906e+00
-4.530434637362382722e-01,-2.482332800996385203e+00,-1.559054637985731739e+00,-2.293951008679816272e+00,-3.794139872764829224e+00,-1.226802277722823797e+00,-3.237361079566822397e+00,-2.776849790112823957e+00,-4.328477896373118305e+00,-1.764541794387791906e+00
-4.530434637362382722e-01,-2.482332800996385203e+00,-1.559054637985731739e+00,-2.293951008679816272e+00,-3.794139872764829224e+00,-1.226802277722823797e+00,-3.237361079566822397e+00,-2.776849790112823957e+00,-4.328477896373118305e+00,-1.764541794387791906e+00
-4.530434637362382722e-01,-2.482332800996385203e+00,-1.559054637985731739e+00,-2.293951008679816272e+00,-3.794139872764829224e+00,-1.226802277722823797e+00,-3.605345445851091846e+00,-2.776849790112823957e+00,-4.328477896373118305e+00,-1.764541794387791906e+00
-4.530434637362382722e-01,-2.482332800996385203e+00,-1.559054637985731739e+00,-2.293951008679816272e+00,-3.794139872764829224e+00,-1.226802277722823797e+00,-3.605345445851091846e+00,-2.776849790112823957e+00,-4.328477896373118305e+00,-1.764541794387791906e+00
-7.035652958309847049e-01,-2.482332800996385203e+00,-1.559054637985731739e+00,-2.293951008679816272e+00,-3.794139872764829224e+00,-1.226802277722823797e+00,-3.605345445851091846e+00,-2.776849790112823957e+00,-4.328477896373118305e+00,-1.764541794387791906e+00
-7.035652958309847049e-01,-2.482332800996385203e+00,-1.559054637985731739e+00,-2.293951008679816272e+00,-3.794139872764829224e+00,-1.226802277722823797e+00,-3.605345445851091846e+00,-2.776849790112823957e+00,-4.328477896373118305e+00,-1.764541794387791906e+00
-7.035652958309847049e-01,-2.482332800996385203e+00,-1.559054637985731739e+00,-2.293951008679816272e+00,-3.794139872764829224e+00,-1.226802277722823797e+00,-3.605345445851091846e+00,-2.776849790112823957e+00,-4.328477896373118305e+00,-1.764541794387791906e+00
-1.005517013040454710e+00,-2.482332800996385203e+00,-1.559054637985731739e+00,-2.293951008679816272e+00,-3.794139872764829224e+00,-1.226802277722823797e+00,-3.605345445851091846e+00,-2.776849790112823957e+00,-4.328477896373118305e+00,-1.764541794387791906e+00
-1.005517013040454710e+00,-2.482332800996385203e+00,-1.559054637985731739e+00,-2.293951008679816272e+00,-3.794139872764829224e+00,-1.226802277722823797e+00,-3.605345445851091846e+00,-2.776849790112823957e+00,-4.328477896373118305e+00,-1.764541794387791906e+00
-1.005517013040454710e+00,-2.482332800996385203e+00,-1.559054637985731739e+00,-2.293951008679816272e+00,-3.794139872764829224e+00,-1.226802277722823797e+00,-3.605345445851091846e+00,-2.776849790112823957e+00,-4.328477896373118305e+00,-1.764541794387791906e+00
-3.081617923616254195e+00,-2.482332800996385203e+00,-1.559054637985731739e+00,-2.293951008679816272e+00,-3.794139872764829224e+00,-1.226802277722823797e+00,-3.605345445851091846e+00,-2.776849790112823957e+00,-4.328477896373118305e+00,-1.764541794387791906e+00
-3.081617923616254195e+00,-2.482332800996385203e+00,-1.559054637985731739e+00,-2.293951008679816272e+00,-3.794139872764829224e+00,-1.226802277722823797e+00,-3.605345445851091846e+00,-2.776849790112823957e+00,-4.328477896373118305e+00,-1.764541794387791906e+00
-3.081617923616254195e+00,-2.482332800996385203e+00,-1.559054637985731739e+00,-2.293951008679816272e+00,-3.794139872764829224e+00,-1.226802277722823797e+00,-3.605345445851091846e+00,-2.776849790112823957e+00,-4.328477896373118305e+00,-1.764541794387791906e+00
-3.081617923616254195e+00,-2.482332800996385203e+00,-1.559054637985731739e+00,-2.293951008679816272e+00,-3.794139872764829224e+00,-1.226802277722823797e+00,-3.605345445851091846e+00,-2.776849790112823957e+00,-4.328477896373118305e+00,-1.764541794387791906e+00
-3.081617923616254195e+00,-2.482332800996385203e+00,-1.559054637985731739e+00,-2.293951008679816272e+00,-3.794139872764829224e+00,-1.226802277722823797e+00,-3.605345445851091846e+00,-2.776849790112823957e+00,-4.328477896373118305e+00,-1.764541794387791906e+00
-3.081617923616254195e+00,-2.482332800996385203e+00,-1.559054637985731739e+00,-2.293951008679816272e+00,-3.794139872764829224e+00,-1.226802277722823797e+00,-3.605345445851091846e+00,-2.776849790112823957e+00,-4.328477896373118305e+00,-1.764541794387791906e+00
-3.081617923616254195e+00,-2.482332800996385203e+00,-1.559054637985731739e+00,-2.293951008679816272e+00,-3.794139872764829224e+00,-1.226802277722823797e+00,-3.605345445851091846e+00,-2.776849790112823957e+00,-4.328477896373118305e+00,-1.764541794387791906e+00
-3.693421893838670478e+00,-2.482332800996385203e+00,-1.559054637985731739e+00,-2.293951008679816272e+00,-3.794139872764829224e+00,-1.226802277722823797e+00,-3.605345445851091846e+00,-2.776849790112823957e+00,-4.328477896373118305e+00,-2.323986975036753666e+00
-3.693421893838670478e+00,-2.482332800996385203e+00,-1.559054637985731739e+00,-2.293951008679816272e+00,-3.794139872764829224e+00,-1.226802277722823797e+00,-3.605345445851091846e+00,-2.776849790112823957e+00,-4.328477896373118305e+00,-2.323986975036753666e+00
-3.693421893838670478e+00,-2.482332800996385203e+00,-1.559054637985731739e+00,-2.293951008679816272e+00,-3.794139872764829224e+00,-1.226802277722823797e+00,-3.605345445851091846e+00,-2.776849790112823957e+00,-4.328477896373118305e+00,-2.323986975036753666e+00
-3.693421893838670478e+00,-2.482332800996385203e+00,-1.559054637985731739e+00,-2.293951008679816272e+00,-3.794139872764829224e+00,-1.226802277722823797e+00,-3.605345445851091846e+00,-2.776849790112823957e+00,-4.328477896373118305e+00,-2.323986975036753666e+00
-3.693421893838670478e+00,-2.482332800996385203e+00,-1.559054637985731739e+00,-2.293951008679816272e+00,-3.794139872764829224e+00,-1.226802277722823797e+00,-3.605345445851091846e+00,-2.776849790112823957e+00,-4.328477896373118305e+00,-2.323986975036753666e+00
-3.693421893838670478e+00,-2.482332800996385203e+00,-1.559054637985731739e+00,-2.293951008679816272e+00,-3.794139872764829224e+00,-1.226802277722823797e+00,-3.605345445851091846e+00,-2.776849790112823957e+00,-4.328477896373118305e+00,-2.323986975036753666e+00
-3.693421893838670478e+00,-2.482332800996385203e+00,-1.559054637985731739e+00,-2.293951008679816272e+00,-3.794139872764829224e+00,-1.226802277722823797e+00,-3.605345445851091846e+00,-2.776849790112823957e+00,-4.328477896373118305e+00,-2.323986975036753666e+00
-3.693421893838670478e+00,-2.482332800996385203e+00,-1.559054637985731739e+00,-2.293951008679816272e+00,-3.794139872764829224e+00,-1.226802277722823797e+00,-3.605345445851091846e+00,-2.776849790112823957e+00,-4.328477896373118305e+00,-2.323986975036753666e+00
-3.693421893838670478e+00,-2.482332800996385203e+00,-1.571794372363323644e+00,-2.293951008679816272e+00,-3.794139872764829224e+00,-1.226802277722823797e+00,-3.605345445851091846e+00,-2.776849790112823957e+00,-4.328477896373118305e+00,-2.323986975036753666e+00
-3.693421893838670478e+00,-2.482332800996385203e+00,-1.571794372363323644e+00,-2.293951008679816272e+00,-3.794139872764829224e+00,-1.226802277722823797e+00,-3.605345445851091846e+00,-2.776849790112823957e+00,-4.328477896373118305e+00,-2.323986975036753666e+00
-3.693421893838670478e+00,-2.482332800996385203e+00,-1.571794372363323644e+00,-2.293951008679816272e+00,-3.794139872764829224e+00,-1.226802277722823797e+00,-3.605345445851091846e+00,-2.776849790112823957e+00,-4.328477896373118305e+00,-2.323986975036753666e+00
-3.693421893838670478e+00,-2.482332800996385203e+00,-1.571794372363323644e+00,-2.293951008679816272e+00,-3.794139872764829224e+00,-1.226802277722823797e+00,-3.605345445851091846e+00,-2.776849790112823957e+00,-4.328477896373118305e+00,-2.323986975036753666e+00
-3.693421893838670478e+00,-2.482332800996385203e+00,-1.571794372363323644e+00,-2.293951008679816272e+00,-3.794139872764829224e+00,-1.226802277722823797e+00,-3.605345445851091846e+00,-2.776849790112823957e+00,-4.328477896373118305e+00,-2.323986975036753666e+00
-3.693421893838670478e+00,-2.482332800996385203e+00,-1.571794372363323644e+00,-2.293951008679816272e+00,-3.794139872764829224e+00,-1.226802277722823797e+00,-3.605345445851091846e+00,-2.776849790112823957e+00,-4.328477896373118305e+00,-2.323986975036753666e+00
-3.693421893838670478e+00,-2.482332800996385203e+00,-1.571794372363323644e+00,-2.293951008679816272e+00,-3.794139872764829224e+00,-1.226802277722823797e+00,-3.605345445851091846e+00,-2.776849790112823957e+00,-4.328477896373118305e+00,-2.323986975036753666e+00
-3.693421893838670478e+00,-2.482332800996385203e+00,-1.571794372363323644e+00,-2.293951008679816272e+00,-3.794139872764829224e+00,-1.226802277722823797e+00,-3.605345445851091846e+00,-2.776849790112823957e+00,-4.328477896373118305e+00,-2.323986975036753666e+00
-3.693421893838670478e+00,-2.482332800996385203e+00,-1.571794372363323644e+00,-2.293951008679816272e+00,-3.794139872764829224e+00,-1.226802277722823797e+00,-3.605345445851091846e+00,-2.776849790112823957e+00,-4.328477896373118305e+00,-2.323986975036753666e+00
-3.693421893838670478e+00,-2.482332800996385203e+00,-1.571794372363323644e+00,-2.293951008679816272e+00,-3.794139872764829224e+00,-1.226802277722823797e+00,-3.605345445851091846e+00,-2.776849790112823957e+00,-4.328477896373118305e+00,-2.323986975036753666e+00
-3.693421893838670478e+00,-2.482332800996385203e+00,-1.571794372363323644e+00,-2.293951008679816272e+00,-3.794139872764829224e+00,-1.226802277722823797e+00,-3.605345445851091846e+00,-2.776849790112823957e+00,-4.458445837790488753e+00,-2.323986975036753666e+00
-3.693421893838670478e+00,-2.482332800996385203e+00,-1.571794372363323644e+00,-2.293951008679816272e+00,-3.794139872764829224e+00,-1.226802277722823797e+00,-3.605345445851091846e+00,-2.776849790112823957e+00,-4.458445837790488753e+00,-2.323986975036753666e+00
-3.693421893838670478e+00,-2.482332800996385203e+00,-1.571794372363323644e+00,-2.293951008679816272e+00,-3.794139872764829224e+00,-1.226802277722823797e+00,-3.605345445851091846e+00,-2.776849790112823957e+00,-4.458445837790488753e+00,-2.323986975036753666e+00
-3.693421893838670478e+00,-2.482332800996385203e+00,-1.571794372363323644e+00,-2.293951008679816272e+00,-3.794139872764829224e+00,-1.226802277722823797e+00,-3.605345445851091846e+00,-2.776849790112823957e+00,-4.458445837790488753e+00,-2.323986975036753666e+00
-3.693421893838670478e+00,-2.482332800996385203e+00,-1.571794372363323644e+00,-2.293951008679816272e+00,-3.794139872764829224e+00,-1.226802277722823797e+00,-3.605345445851091846e+00,-2.776849790112823957e+00,-4.458445837790488753e+00,-2.323986975036753666e+00
-3.693421893838670478e+00,-2.482332800996385203e+00,-1.571794372363323644e+00,-2.293951008679816272e+00,-3.794139872764829224e+00,-1.226802277722823797e+00,-3.605345445851091846e+00,-2.776849790112823957e+00,-4.458445837790488753e+00,-2.323986975036753666e+00
-3.693421893838670478e+00,-2.482332800996385203e+00,-1.571794372363323644e+00,-2.293951008679816272e+00,-3.794139872764829224e+00,-1.226802277722823797e+00,-3.605345445851091846e+00,-2.776849790112823957e+00,-4.458445837790488753e+00,-2.323986975036753666e+00
-3.693421893838670478e+00,-2.482332800996385203e+00,-1.571794372363323644e+00,-2.293951008679816272e+00,-3.794139872764829224e+00,-1.226802277722823797e+00,-3.605345445851091846e+00,-2.776849790112823957e+00,-4.458445837790488753e+00,-2.323986975036753666e+00
-3.693421893838670478e+00,-2.482332800996385203e+00,-2.557200460234015260e+00,-2.293951008679816272e+00,-3.794139872764829224e+00,-1.226802277722823797e+00,-3.605345445851091846e+00,-2.776849790112823957e+00,-4.458445837790488753e+00,-2.323986975036753666e+00
-3.693421893838670478e+00,-2.482332800996385203e+00,-2.557200460234015260e+00,-2.293951008679816272e+00,-3.794139872764829224e+00,-1.226802277722823797e+00,-3.605345445851091846e+00,-2.776849790112823957e+00,-4.458445837790488753e+00,-2.323986975036753666e+00
-3.693421893838670478e+00,-2.482332800996385203e+00,-3.491362551438530915e+00,-2.293951008679816272e+00,-3.794139872764829224e+00,-1.226802277722823797e+00,-3.605345445851091846e+00,-2.776849790112823957e+00,-4.458445837790488753e+00,-2.323986975036753666e+00
-3.693421893838670478e+00,-2.482332800996385203e+00,-3.491362551438530915e+00,-2.293951008679816272e+00,-3.794139872764829224e+00,-1.226802277722823797e+00,-3.605345445851091846e+00,-2.776849790112823957e+00,-4.458445837790488753e+00,-2.323986975036753666e+00
-3.693421893838670478e+00,-2.482332800996385203e+00,-3.491362551438530915e+00,-2.293951008679816272e+00,-3.794139872764829224e+00,-1.226802277722823797e+00,-3.605345445851091846e+00,-2.776849790112823957e+00,-4.458445837790488753e+00,-2.323986975036753666e+00
-3.693421893838670478e+00,-2.482332800996385203e+00,-3.491362551438530915e+00,-2.293951008679816272e+00,-3.794139872764829224e+00,-1.226802277722823797e+00,-3.605345445851091846e+00,-2.776849790112823957e+00,-5.140021341298958824e+00,-2.323986975036753666e+00
-3.693421893838670478e+00,-2.482332800996385203e+00,-3.491362551438530915e+00,-2.293951008679816272e+00,-3.794139872764829224e+00,-1.226802277722823797e+00,-3.605345445851091846e+00,-2.776849790112823957e+00,-5.140021341298958824e+00,-2.323986975036753666e+00
-3.693421893838670478e+00,-2.482332800996385203e+00,-3.491362551438530915e+00,-2.293951008679816272e+00,-3.794139872764829224e+00,-1.226802277722823797e+00,-3.605345445851091846e+00,-2.776849790112823957e+00,-5.140021341298958824e+00,-2.323986975036753666e+00
-3.693421893838670478e+00,-2.482332800996385203e+00,-3.491362551438530915e+00,-2.293951008679816272e+00,-3.794139872764829224e+00,-1.226802277722823797e+00,-3.605345445851091846e+00,-2.776849790112823957e+00,-5.140021341298958824e+00,-2.323986975036753666e+00
-3.693421893838670478e+00,-2.482332800996385203e+00,-3.491362551438530915e+00,-2.293951008679816272e+00,-3.794139872764829224e+00,-1.226802277722823797e+00,-3.605345445851091846e+00,-2.776849790112823957e+00,-5.140021341298958824e+00,-2.323986975036753666e+00
-3.693421893838670478e+00,-2.482332800996385203e+00,-3.491362551438530915e+00,-2.293951008679816272e+00,-3.794139872764829224e+00,-1.226802277722823797e+00,-3.605345445851091846e+00,-2.776849790112823957e+00,-5.140021341298958824e+00,-2.323986975036753666e+00
-3.693421893838670478e+00,-2.482332800996385203e+00,-3.491362551438530915e+00,-2.293951008679816272e+00,-3.794139872764829224e+00,-1.372869067140729316e+00,-3.605345445851091846e+00,-2.776849790112823957e+00,-5.140021341298958824e+00,-2.323986975036753666e+00
-3.693421893838670478e+00,-2.482332800996385203e+00,-3.491362551438530915e+00,-2.293951008679816272e+00,-3.794139872764829224e+00,-1.372869067140729316e+00,-3.605345445851091846e+00,-2.776849790112823957e+00,-5.140021341298958824e+00,-2.323986975036753666e+00
-3.693421893838670478e+00,-2.482332800996385203e+00,-3.491362551438530915e+00,-2.293951008679816272e+00,-3.794139872764829224e+00,-1.372869067140729316e+00,-3.605345445851091846e+00,-2.776849790112823957e+00,-5.140021341298958824e+00,-2.323986975036753666e+00
-3.693421893838670478e+00,-2.482332800996385203e+00,-3.491362551438530915e+00,-2.293951008679816272e+00,-3.794139872764829224e+00,-1.372869067140729316e+00,-3.605345445851091846e+00,-2.776849790112823957e+00,-5.140021341298958824e+00,-2.323986975036753666e+00
-3.693421893838670478e+00,-2.482332800996385203e+00,-3.491362551438530915e+00,-2.293951008679816272e+00,-3.794139872764829224e+00,-1.372869067140729316e+00,-3.605345445851091846e+00,-2.776849790112823957e+00,-5.140021341298958824e+00,-2.323986975036753666e+00
-3.693421893838670478e+00,-2.482332800996385203e+00,-3.491362551438530915e+00,-2.293951008679816272e+00,-3.794139872764829224e+00,-1.372869067140729316e+00,-3.605345445851091846e+00,-2.776849790112823957e+00,-5.140021341298958824e+00,-2.323986975036753666e+00
-3.693421893838670478e+00,-2.482332800996385203e+00,-3.491362551438530915e+00,-2.293951008679816272e+00,-3.794139872764829224e+00,-1.372869067140729316e+00,-3.608775191343666311e+00,-2.776849790112823957e+00,-5.140021341298958824e+00,-2.323986975036753666e+00
-3.693421893838670478e+00,-2.482332800996385203e+00,-3.491362551438530915e+00,-2.293951008679816272e+00,-3.794139872764829224e+00,-1.372869067140729316e+00,-3.608775191343666311e+00,-2.776849790112823957e+00,-5.140021341298958824e+00,-2.323986975036753666e+00
-3.693421893838670478e+00,-2.482332800996385203e+00,-3.491362551438530915e+00,-2.293951008679816272e+00,-3.794139872764829224e+00,-1.372869067140729316e+00,-3.608775191343666311e+00,-2.776849790112823957e+00,-5.140021341298958824e+00,-2.323986975036753666e+00
-3.693421893838670478e+00,-2.482332800996385203e+00,-3.491362551438530915e+00,-2.293951008679816272e+00,-3.794139872764829224e+00,-1.372869067140729316e+00,-3.608775191343666311e+00,-2.776849790112823957e+00,-5.140021341298958824e+00,-2.323986975036753666e+00
-3.693421893838670478e+00,-2.482332800996385203e+00,-3.491362551438530915e+00,-2.293951008679816272e+00,-3.794139872764829224e+00,-1.372869067140729316e+00,-3.608775191343666311e+00,-2.776849790112823957e+00,-5.140021341298958824e+00,-2.323986975036753666e+00
-3.693421893838670478e+00,-2.482332800996385203e+00,-3.491362551438530915e+00,-2.293951008679816272e+00,-3.794139872764829224e+00,-1.372869067140729316e+00,-3.608775191343666311e+00,-2.776849790112823957e+00,-5.140021341298958824e+00,-2.323986975036753666e+00
-3.693421893838670478e+00,-2.482332800996385203e+00,-3.491362551438530915e+00,-2.293951008679816272e+00,-3.794139872764829224e+00,-1.372869067140729316e+00,-3.608775191343666311e+00,-2.776849790112823957e+00,-5.140021341298958824e+00,-2.323986975036753666e+00
-3.693421893838670478e+00,-2.482332800996385203e+00,-3.491362551438530915e+00,-2.293951008679816272e+00,-3.794139872764829224e+00,-1.372869067140729316e+00,-3.608775191343666311e+00,-2.776849790112823957e+00,-5.140021341298958824e+00,-2.323986975036753666e+00
-3.693421893838670478e+00,-2.482332800996385203e+00,-3.491362551438530915e+00,-2.293951008679816272e+00,-3.794139872764829224e+00,-1.372869067140729316e+00,-3.608775191343666311e+00,-2.776849790112823957e+00,-5.140021341298958824e+00,-2.323986975036753666e+00
-3.693421893838670478e+00,-2.482332800996385203e+00,-3.491362551438530915e+00,-2.293951008679816272e+00,-3.794139872764829224e+00,-1.372869067140729316e+00,-3.608775191343666311e+00,-2.776849790112823957e+00,-5.140021341298958824e+00,-2.323986975036753666e+00
-3.693421893838670478e+00,-2.482332800996385203e+00,-3.491362551438530915e+00,-2.293951008679816272e+00,-3.794139872764829224e+00,-1.372869067140729316e+00,-3.608775191343666311e+00,-2.776849790112823957e+00,-5.140021341298958824e+00,-2.323986975036753666e+00
-3.693421893838670478e+00,-2.482332800996385203e+00,-3.491362551438530915e+00,-2.293951008679816272e+00,-3.794139872764829224e+00,-1.372869067140729316e+00,-3.608775191343666311e+00,-2.776849790112823957e+00,-5.140021341298958824e+00,-2.323986975036753666e+00
-3.693421893838670478e+00,-2.482332800996385203e+00,-3.491362551438530915e+00,-2.293951008679816272e+00,-3.794139872764829224e+00,-1.372869067140729316e+00,-3.608775191343666311e+00,-2.776849790112823957e+00,-5.140021341298958824e+00,-2.323986975036753666e+00
-3.693421893838670478e+00,-2.482332800996385203e+00,-4.003941841509644384e+00,-2.293951008679816272e+00,-3.794139872764829224e+00,-1.372869067140729316e+00,-3.608775191343666311e+00,-2.776849790112823957e+00,-5.140021341298958824e+00,-2.323986975036753666e+00
-3.693421893838670478e+00,-2.482332800996385203e+00,-4.003941841509644384e+00,-2.293951008679816272e+00,-3.794139872764829224e+00,-1.372869067140729316e+00,-3.608775191343666311e+00,-2.776849790112823957e+00,-5.140021341298958824e+00,-2.323986975036753666e+00
-3.693421893838670478e+00,-2.482332800996385203e+00,-4.003941841509644384e+00,-2.293951008679816272e+00,-3.794139872764829224e+00,-1.372869067140729316e+00,-3.608775191343666311e+00,-2.776849790112823957e+00,-5.140021341298958824e+00,-2.323986975036753666e+00
-3.693421893838670478e+00,-2.482332800996385203e+00,-4.003941841509644384e+00,-2.293951008679816272e+00,-3.794139872764829224e+00,-1.372869067140729316e+00,-3.608775191343666311e+00,-2.776849790112823957e+00,-5.140021341298958824e+00,-2.323986975036753666e+00
-3.693421893838670478e+00,-2.482332800996385203e+00,-4.003941841509644384e+00,-2.293951008679816272e+00,-3.794139872764829224e+00,-1.372869067140729316e+00,-3.608775191343666311e+00,-2.776849790112823957e+00,-5.140021341298958824e+00,-2.323986975036753666e+00
-3.693421893838670478e+00,-2.482332800996385203e+00,-4.003941841509644384e+00,-2.293951008679816272e+00,-3.794139872764829224e+00,-1.372869067140729316e+00,-3.608775191343666311e+00,-2.776849790112823957e+00,-5.140021341298958824e+00,-2.323986975036753666e+00
-3.693421893838670478e+00,-2.482332800996385203e+00,-4.003941841509644384e+00,-2.293951008679816272e+00,-3.794139872764829224e+00,-1.372869067140729316e+00,-3.608775191343666311e+00,-2.776849790112823957e+00,-5.140021341298958824e+00,-2.323986975036753666e+00
-3.693421893838670478e+00,-2.482332800996385203e+00,-4.003941841509644384e+00,-2.293951008679816272e+00,-3.794139872764829224e+00,-1.372869067140729316e+00,-3.608775191343666311e+00,-2.776849790112823957e+00,-5.431583036231016237e+00,-2.323986975036753666e+00
-3.693421893838670478e+00,-2.664396165654546955e+00,-4.003941841509644384e+00,-2.293951008679816272e+00,-3.794139872764829224e+00,-1.372869067140729316e+00,-3.608775191343666311e+00,-2.776849790112823957e+00,-5.431583036231016237e+00,-2.323986975036753666e+00
-3.693421893838670478e+00,-2.664396165654546955e+00,-4.003941841509644384e+00,-2.293951008679816272e+00,-3.794139872764829224e+00,-1.372869067140729316e+00,-3.608775191343666311e+00,-2.776849790112823957e+00,-5.431583036231016237e+00,-2.323986975036753666e+00
-3.693421893838670478e+00,-2.664396165654546955e+00,-4.003941841509644384e+00,-2.293951008679816272e+00,-3.794139872764829224e+00,-1.372869067140729316e+00,-3.608775191343666311e+00,-2.776849790112823957e+00,-5.431583036231016237e+00,-2.323986975036753666e+00
-3.693421893838670478e+00,-2.664396165654546955e+00,-4.003941841509644384e+00,-2.293951008679816272e+00,-3.794139872764829224e+00,-1.372869067140729316e+00,-3.608775191343666311e+00,-2.776849790112823957e+00,-5.431583036231016237e+00,-2.323986975036753666e+00
-3.693421893838670478e+00,-2.664396165654546955e+00,-4.003941841509644384e+00,-2.293951008679816272e+00,-3.794139872764829224e+00,-1.372869067140729316e+00,-3.608775191343666311e+00,-2.776849790112823957e+00,-5.431583036231016237e+00,-2.323986975036753666e+00
-3.693421893838670478e+00,-2.664396165654546955e+00,-4.003941841509644384e+00,-2.293951008679816272e+00,-3.794139872764829224e+00,-1.372869067140729316e+00,-3.608775191343666311e+00,-2.776849790112823957e+00,-5.431583036231016237e+00,-2.323986975036753666e+00
-3.693421893838670478e+00,-2.664396165654546955e+00,-4.003941841509644384e+00,-2.293951008679816272e+00,-3.794139872764829224e+00,-1.372869067140729316e+00,-3.608775191343666311e+00,-2.776849790112823957e+00,-5.431583036231016237e+00,-2.323986975036753666e+00
-3.693421893838670478e+00,-2.664396165654546955e+00,-4.003941841509644384e+00,-2.293951008679816272e+00,-3.794139872764829224e+00,-1.372869067140729316e+00,-3.608775191343666311e+00,-2.776849790112823957e+00,-5.431583036231016237e+00,-2.323986975036753666e+00
-3.693421893838670478e+00,-2.664396165654546955e+00,-4.003941841509644384e+00,-2.293951008679816272e+00,-3.794139872764829224e+00,-2.257158172317407008e+00,-3.608775191343666311e+00,-2.776849790112823957e+00,-5.431583036231016237e+00,-2.323986975036753666e+00
-3.693421893838670478e+00,-2.664396165654546955e+00,-4.003941841509644384e+00,-2.293951008679816272e+00,-3.794139872764829224e+00,-2.257158172317407008e+00,-3.608775191343666311e+00,-2.776849790112823957e+00,-5.431583036231016237e+00,-2.323986975036753666e+00
-3.693421893838670478e+00,-3.140396079220955539e+00,-4.003941841509644384e+00,-2.293951008679816272e+00,-3.794139872764829224e+00,-2.257158172317407008e+00,-3.608775191343666311e+00,-2.776849790112823957e+00,-5.431583036231016237e+00,-2.323986975036753666e+00
-3.693421893838670478e+00,-3.140396079220955539e+00,-4.003941841509644384e+00,-2.293951008679816272e+00,-3.794139872764829224e+00,-2.257158172317407008e+00,-3.608775191343666311e+00,-3.665525899933812504e+00,-5.431583036231016237e+00,-2.323986975036753666e+00
-3.693421893838670478e+00,-3.140396079220955539e+00,-4.003941841509644384e+00,-2.293951008679816272e+00,-3.794139872764829224e+00,-2.257158172317407008e+00,-3.608775191343666311e+00,-3.665525899933812504e+00,-5.431583036231016237e+00,-2.323986975036753666e+00
-3.693421893838670478e+00,-3.140396079220955539e+00,-4.003941841509644384e+00,-2.293951008679816272e+00,-3.794139872764829224e+00,-2.257158172317407008e+00,-3.608775191343666311e+00,-3.665525899933812504e+00,-5.431583036231016237e+00,-2.323986975036753666e+00
-3.693421893838670478e+00,-3.140396079220955539e+00,-4.003941841509644384e+00,-2.293951008679816272e+00,-3.794139872764829224e+00,-2.257158172317407008e+00,-3.608775191343666311e+00,-3.665525899933812504e+00,-5.431583036231016237e+00,-2.323986975036753666e+00
-3.693421893838670478e+00,-3.140396079220955539e+00,-4.003941841509644384e+00,-2.293951008679816272e+00,-3.794139872764829224e+00,-2.257158172317407008e+00,-3.608775191343666311e+00,-3.665525899933812504e+00,-5.431583036231016237e+00,-2.323986975036753666e+00
-3.693421893838670478e+00,-3.140396079220955539e+00,-4.003941841509644384e+00,-2.293951008679816272e+00,-3.794139872764829224e+00,-2.257158172317407008e+00,-3.608775191343666311e+00,-3.665525899933812504e+00,-5.431583036231016237e+00,-2.323986975036753666e+00
-3.693421893838670478e+00,-3.140396079220955539e+00,-4.003941841509644384e+00,-2.293951008679816272e+00,-3.794139872764829224e+00,-2.257158172317407008e+00,-3.608775191343666311e+00,-3.665525899933812504e+00,-5.431583036231016237e+00,-2.323986975036753666e+00
-3.693421893838670478e+00,-3.140396079220955539e+00,-4.003941841509644384e+00,-2.293951008679816272e+00,-3.794139872764829224e+00,-2.257158172317407008e+00,-3.608775191343666311e+00,-3.665525899933812504e+00,-5.431583036231016237e+00,-2.323986975036753666e+00
-3.693421893838670478e+00,-3.140396079220955539e+00,-4.003941841509644384e+00,-2.293951008679816272e+00,-3.794139872764829224e+00,-2.257158172317407008e+00,-3.608775191343666311e+00,-3.665525899933812504e+00,-5.431583036231016237e+00,-2.323986975036753666e+00
-3.693421893838670478e+00,-3.140396079220955539e+00,-4.003941841509644384e+00,-2.293951008679816272e+00,-3.794139872764829224e+00,-2.257158172317407008e+00,-3.608775191343666311e+00,-3.665525899933812504e+00,-5.431583036231016237e+00,-2.323986975036753666e+00
-3.693421893838670478e+00,-3.140396079220955539e+00,-4.003941841509644384e+00,-2.293951008679816272e+00,-3.794139872764829224e+00,-2.257158172317407008e+00,-3.608775191343666311e+00,-3.665525899933812504e+00,-5.431583036231016237e+00,-2.323986975036753666e+00
