2.449272088116559498e+00,3.103693221462707541e+00,1.022118197297168685e+00,1.621539617708468217e+00,4.853233233648264644e+00,-1.084610398576923318e+00,1.805417917792470739e+00,3.330037665448778647e-03,-4.288594313477344655e-01,-8.170386813426419037e-01
2.449272088116559498e+00,3.072636875366059339e-01,7.975683564867485087e-01,1.621539617708468217e+00,4.504936043180227223e+00,-1.179734186719157973e+00,7.023853571931025774e-01,3.330037665448778647e-03,-4.288594313477344655e-01,-8.170386813426419037e-01
1.182784221181312878e+00,3.072636875366059339e-01,1.135134819566023801e-01,1.305134128156728357e+00,4.504936043180227223e+00,-2.264161778956864879e+00,2.407399401875272293e-01,3.330037665448778647e-03,-1.012577725131240669e+00,-8.170386813426419037e-01
-1.414133370569657711e+00,-1.006448436596553836e-01,1.135134819566023801e-01,1.305134128156728357e+00,4.504936043180227223e+00,-2.264161778956864879e+00,2.407399401875272293e-01,3.330037665448778647e-03,-1.012577725131240669e+00,-8.170386813426419037e-01
-1.414133370569657711e+00,-1.006448436596553836e-01,-9.007588404867296061e-01,1.305134128156728357e+00,2.174652701536897936e+00,-2.422109376164440775e+00,-4.696672303234105672e-01,3.330037665448778647e-03,-1.012577725131240669e+00,-8.170386813426419037e-01
-1.761123502537700336e+00,-1.006448436596553836e-01,-9.007588404867296061e-01,1.305134128156728357e+00,2.174652701536897936e+00,-2.422109376164440775e+00,-4.696672303234105672e-01,3.330037665448778647e-03,-1.012577725131240669e+00,-8.170386813426419037e-01
-2.198543846252646095e+00,-1.006448436596553836e-01,-2.397248028043259094e+00,1.305134128156728357e+00,2.174652701536897936e+00,-2.422109376164440775e+00,-4.696672303234105672e-01,3.330037665448778647e-03,-1.012577725131240669e+00,-8.170386813426419037e-01
-2.198543846252646095e+00,-1.006448436596553836e-01,-2.397248028043259094e+00,9.823619574035293844e-01,2.174652701536897936e+00,-2.422109376164440775e+00,-4.696672303234105672e-01,3.330037665448778647e-03,-1.012577725131240669e+00,-8.170386813426419037e-01
-2.198543846252646095e+00,-1.006448436596553836e-01,-2.397248028043259094e+00,9.823619574035293844e-01,2.174652701536897936e+00,-2.422109376164440775e+00,-7.732097972593328095e-01,3.330037665448778647e-03,-1.012577725131240669e+00,-8.170386813426419037e-01
-2.198543846252646095e+00,-1.006448436596553836e-01,-2.397248028043259094e+00,9.823619574035293844e-01,2.174652701536897936e+00,-2.422109376164440775e+00,-7.732097972593328095e-01,3.330037665448778647e-03,-1.012577725131240669e+00,-8.170386813426419037e-01
-2.198543846252646095e+00,-1.006448436596553836e-01,-2.397248028043259094e+00,8.574073194327972436e-01,2.174652701536897936e+00,-2.422109376164440775e+00,-7.732097972593328095e-01,3.330037665448778647e-03,-1.012577725131240669e+00,-8.170386813426419037e-01
-2.198543846252646095e+00,-1.006448436596553836e-01,-2.397248028043259094e+00,8.574073194327972436e-01,2.174652701536897936e+00,-2.422109376164440775e+00,-7.732097972593328095e-01,3.330037665448778647e-03,-1.012577725131240669e+00,-8.170386813426419037e-01
-2.198543846252646095e+00,-1.006448436596553836e-01,-2.397248028043259094e+00,8.574073194327972436e-01,2.174652701536897936e+00,-2.422109376164440775e+00,-7.732097972593328095e-01,-1.422894476352245530e-01,-1.012577725131240669e+00,-8.170386813426419037e-01
-2.198543846252646095e+00,-1.006448436596553836e-01,-2.397248028043259094e+00,8.574073194327972436e-01,2.174652701536897936e+00,-2.422109376164440775e+00,-1.059827794700690440e+00,-1.422894476352245530e-01,-1.012577725131240669e+00,-8.170386813426419037e-01
-2.198543846252646095e+00,-1.006448436596553836e-01,-2.397248028043259094e+00,8.574073194327972436e-01,2.174652701536897936e+00,-2.422109376164440775e+00,-1.059827794700690440e+00,-1.422894476352245530e-01,-1.012577725131240669e+00,-8.170386813426419037e-01
-2.198543846252646095e+00,-1.006448436596553836e-01,-2.397248028043259094e+00,8.574073194327972436e-01,2.174652701536897936e+00,-2.422109376164440775e+00,-1.059827794700690440e+00,-1.422894476352245530e-01,-1.012577725131240669e+00,-8.170386813426419037e-01
-2.198543846252646095e+00,-1.006448436596553836e-01,-2.397248028043259094e+00,-6.441154466703791215e-02,2.174652701536897936e+00,-2.422109376164440775e+00,-1.059827794700690440e+00,-2.604396869163266848e-01,-1.012577725131240669e+00,-8.170386813426419037e-01
-2.198543846252646095e+00,-3.240854867116393367e-01,-2.397248028043259094e+00,-4.528383862696627182e-01,2.174652701536897936e+00,-2.422109376164440775e+00,-1.059827794700690440e+00,-2.604396869163266848e-01,-1.012577725131240669e+00,-8.170386813426419037e-01
-2.198543846252646095e+00,-3.240854867116393367e-01,-2.397248028043259094e+00,-1.214123170223460058e+00,2.174652701536897936e+00,-2.422109376164440775e+00,-1.059827794700690440e+00,-2.604396869163266848e-01,-1.012577725131240669e+00,-8.170386813426419037e-01
-2.198543846252646095e+00,-3.240854867116393367e-01,-2.397248028043259094e+00,-1.214123170223460058e+00,2.174652701536897936e+00,-2.422109376164440775e+00,-1.059827794700690440e+00,-2.604396869163266848e-01,-1.012577725131240669e+00,-8.170386813426419037e-01
-2.198543846252646095e+00,-3.240854867116393367e-01,-2.397248028043259094e+00,-1.964497882420760622e+00,2.174652701536897936e+00,-2.422109376164440775e+00,-1.059827794700690440e+00,-2.604396869163266848e-01,-1.012577725131240669e+00,-8.170386813426419037e-01
-2.198543846252646095e+00,-3.240854867116393367e-01,-2.397248028043259094e+00,-3.731087461410078632e+00,2.174652701536897936e+00,-2.422109376164440775e+00,-1.059827794700690440e+00,-2.604396869163266848e-01,-1.012577725131240669e+00,-8.170386813426419037e-01
-2.198543846252646095e+00,-3.240854867116393367e-01,-2.397248028043259094e+00,-3.731087461410078632e+00,2.014167234151312158e+00,-2.422109376164440775e+00,-1.059827794700690440e+00,-2.604396869163266848e-01,-1.012577725131240669e+00,-8.170386813426419037e-01
-2.198543846252646095e+00,-3.240854867116393367e-01,-2.397248028043259094e+00,-3.731087461410078632e+00,2.014167234151312158e+00,-2.422109376164440775e+00,-1.059827794700690440e+00,-2.604396869163266848e-01,-1.012577725131240669e+00,-8.170386813426419037e-01
-2.198543846252646095e+00,-3.240854867116393367e-01,-2.397248028043259094e+00,-3.731087461410078632e+00,1.248038974214696895e+00,-2.474379972686779006e+00,-1.059827794700690440e+00,-2.604396869163266848e-01,-1.597269650062024260e+00,-8.170386813426419037e-01
-2.198543846252646095e+00,-3.240854867116393367e-01,-2.397248028043259094e+00,-3.731087461410078632e+00,1.248038974214696895e+00,-2.474379972686779006e+00,-1.059827794700690440e+00,-2.604396869163266848e-01,-1.597269650062024260e+00,-8.170386813426419037e-01
-2.198543846252646095e+00,-3.240854867116393367e-01,-2.397248028043259094e+00,-3.731087461410078632e+00,1.248038974214696895e+00,-2.474379972686779006e+00,-1.059827794700690440e+00,-2.604396869163266848e-01,-1.597269650062024260e+00,-8.170386813426419037e-01
-2.198543846252646095e+00,-3.240854867116393367e-01,-2.397248028043259094e+00,-3.731087461410078632e+00,1.248038974214696895e+00,-2.474379972686779006e+00,-1.059827794700690440e+00,-2.604396869163266848e-01,-1.597269650062024260e+00,-8.170386813426419037e-01
-2.198543846252646095e+00,-3.240854867116393367e-01,-2.397248028043259094e+00,-3.731087461410078632e+00,1.248038974214696895e+00,-2.474379972686779006e+00,-1.059827794700690440e+00,-2.604396869163266848e-01,-1.597269650062024260e+00,-8.170386813426419037e-01
-2.198543846252646095e+00,-3.240854867116393367e-01,-2.397248028043259094e+00,-3.731087461410078632e+00,1.181366347852747190e+00,-2.474379972686779006e+00,-1.059827794700690440e+00,-2.604396869163266848e-01,-1.597269650062024260e+00,-8.170386813426419037e-01
-2.198543846252646095e+00,-6.343220565255199839e-01,-2.397248028043259094e+00,-3.731087461410078632e+00,1.181366347852747190e+00,-2.474379972686779006e+00,-1.059827794700690440e+00,-2.604396869163266848e-01,-1.597269650062024260e+00,-8.170386813426419037e-01
-2.198543846252646095e+00,-6.343220565255199839e-01,-2.397248028043259094e+00,-3.731087461410078632e+00,1.181366347852747190e+00,-2.474379972686779006e+00,-1.059827794700690440e+00,-2.604396869163266848e-01,-1.597269650062024260e+00,-8.170386813426419037e-01
-2.198543846252646095e+00,-6.343220565255199839e-01,-2.397248028043259094e+00,-3.731087461410078632e+00,1.181366347852747190e+00,-2.474379972686779006e+00,-1.059827794700690440e+00,-2.604396869163266848e-01,-1.597269650062024260e+00,-8.170386813426419037e-01
-2.198543846252646095e+00,-6.343220565255199839e-01,-2.397248028043259094e+00,-3.731087461410078632e+00,1.181366347852747190e+00,-2.474379972686779006e+00,-1.059827794700690440e+00,-2.604396869163266848e-01,-1.597269650062024260e+00,-8.170386813426419037e-01
-2.198543846252646095e+00,-1.287395229959474419e+00,-2.397248028043259094e+00,-3.731087461410078632e+00,1.181366347852747190e+00,-2.474379972686779006e+00,-1.059827794700690440e+00,-2.604396869163266848e-01,-1.597269650062024260e+00,-8.170386813426419037e-01
-2.198543846252646095e+00,-1.287395229959474419e+00,-2.397248028043259094e+00,-3.731087461410078632e+00,1.181366347852747190e+00,-2.474379972686779006e+00,-1.059827794700690440e+00,-3.339585290117232375e-01,-1.597269650062024260e+00,-8.170386813426419037e-01
-2.198543846252646095e+00,-1.287395229959474419e+00,-2.397248028043259094e+00,-3.731087461410078632e+00,1.181366347852747190e+00,-2.474379972686779006e+00,-1.059827794700690440e+00,-3.339585290117232375e-01,-1.597269650062024260e+00,-8.170386813426419037e-01
-2.198543846252646095e+00,-1.287395229959474419e+00,-2.397248028043259094e+00,-3.731087461410078632e+00,1.181366347852747190e+00,-2.474379972686779006e+00,-1.059827794700690440e+00,-3.339585290117232375e-01,-1.597269650062024260e+00,-8.170386813426419037e-01
-2.198543846252646095e+00,-1.565058131770093564e+00,-2.397248028043259094e+00,-3.731087461410078632e+00,1.181366347852747190e+00,-2.474379972686779006e+00,-1.059827794700690440e+00,-3.339585290117232375e-01,-1.597269650062024260e+00,-8.170386813426419037e-01
-2.198543846252646095e+00,-1.565058131770093564e+00,-2.397248028043259094e+00,-3.731087461410078632e+00,1.181366347852747190e+00,-2.474379972686779006e+00,-1.059827794700690440e+00,-3.339585290117232375e-01,-1.597269650062024260e+00,-8.170386813426419037e-01
-2.198543846252646095e+00,-1.565058131770093564e+00,-2.397248028043259094e+00,-3.731087461410078632e+00,5.313817716927553558e-01,-2.474379972686779006e+00,-1.059827794700690440e+00,-3.339585290117232375e-01,-1.597269650062024260e+00,-8.170386813426419037e-01
-2.198543846252646095e+00,-1.565058131770093564e+00,-2.397248028043259094e+00,-3.731087461410078632e+00,5.313817716927553558e-01,-2.474379972686779006e+00,-1.059827794700690440e+00,-3.339585290117232375e-01,-1.597269650062024260e+00,-8.170386813426419037e-01
-2.198543846252646095e+00,-1.565058131770093564e+00,-2.397248028043259094e+00,-3.731087461410078632e+00,3.137644187020774932e-03,-2.474379972686779006e+00,-1.059827794700690440e+00,-3.339585290117232375e-01,-1.597269650062024260e+00,-8.170386813426419037e-01
-2.198543846252646095e+00,-1.565058131770093564e+00,-2.397248028043259094e+00,-3.731087461410078632e+00,-9.080351863113431676e-01,-2.474379972686779006e+00,-1.059827794700690440e+00,-3.339585290117232375e-01,-1.597269650062024260e+00,-8.170386813426419037e-01
-2.198543846252646095e+00,-1.565058131770093564e+00,-2.397248028043259094e+00,-3.731087461410078632e+00,-9.080351863113431676e-01,-2.703722217612743339e+00,-1.059827794700690440e+00,-3.339585290117232375e-01,-1.597269650062024260e+00,-8.170386813426419037e-01
-2.198543846252646095e+00,-1.896488232287906639e+00,-2.397248028043259094e+00,-3.731087461410078632e+00,-9.080351863113431676e-01,-2.703722217612743339e+00,-1.059827794700690440e+00,-3.339585290117232375e-01,-1.597269650062024260e+00,-8.170386813426419037e-01
-2.198543846252646095e+00,-1.896488232287906639e+00,-2.397248028043259094e+00,-3.731087461410078632e+00,-9.080351863113431676e-01,-2.703722217612743339e+00,-1.059827794700690440e+00,-3.339585290117232375e-01,-1.597269650062024260e+00,-8.170386813426419037e-01
-2.198543846252646095e+00,-1.896488232287906639e+00,-2.397248028043259094e+00,-3.731087461410078632e+00,-9.080351863113431676e-01,-2.703722217612743339e+00,-1.059827794700690440e+00,-3.339585290117232375e-01,-1.597269650062024260e+00,-8.170386813426419037e-01
-2.198543846252646095e+00,-1.896488232287906639e+00,-2.397248028043259094e+00,-3.731087461410078632e+00,-9.080351863113431676e-01,-2.703722217612743339e+00,-1.059827794700690440e+00,-3.339585290117232375e-01,-1.597269650062024260e+00,-8.170386813426419037e-01
-2.406620711695781623e+00,-1.896488232287906639e+00,-2.397248028043259094e+00,-3.731087461410078632e+00,-9.080351863113431676e-01,-4.023476646834660997e+00,-1.059827794700690440e+00,-3.339585290117232375e-01,-1.597269650062024260e+00,-8.170386813426419037e-01
-2.406620711695781623e+00,-1.896488232287906639e+00,-2.397248028043259094e+00,-3.731087461410078632e+00,-1.230811504514873311e+00,-4.023476646834660997e+00,-1.059827794700690440e+00,-3.339585290117232375e-01,-1.597269650062024260e+00,-8.170386813426419037e-01
-2.406620711695781623e+00,-2.342927407964534137e+00,-2.397248028043259094e+00,-3.731087461410078632e+00,-1.230811504514873311e+00,-4.023476646834660997e+00,-1.059827794700690440e+00,-3.339585290117232375e-01,-1.597269650062024260e+00,-8.170386813426419037e-01
-2.406620711695781623e+00,-2.342927407964534137e+00,-2.397248028043259094e+00,-3.731087461410078632e+00,-1.230811504514873311e+00,-4.023476646834660997e+00,-1.059827794700690440e+00,-3.339585290117232375e-01,-1.597269650062024260e+00,-8.170386813426419037e-01
-2.406620711695781623e+00,-2.511904477613593034e+00,-2.397248028043259094e+00,-3.731087461410078632e+00,-1.230811504514873311e+00,-4.023476646834660997e+00,-1.059827794700690440e+00,-3.339585290117232375e-01,-1.597269650062024260e+00,-8.170386813426419037e-01
-2.406620711695781623e+00,-2.511904477613593034e+00,-2.397248028043259094e+00,-3.731087461410078632e+00,-1.230811504514873311e+00,-4.175364416881310881e+00,-1.059827794700690440e+00,-3.339585290117232375e-01,-1.597269650062024260e+00,-8.170386813426419037e-01
-2.406620711695781623e+00,-2.511904477613593034e+00,-2.397248028043259094e+00,-3.731087461410078632e+00,-1.230811504514873311e+00,-4.175364416881310881e+00,-1.059827794700690440e+00,-3.339585290117232375e-01,-1.597269650062024260e+00,-8.170386813426419037e-01
-2.406620711695781623e+00,-2.511904477613593034e+00,-2.397248028043259094e+00,-3.731087461410078632e+00,-1.230811504514873311e+00,-4.175364416881310881e+00,-1.059827794700690440e+00,-3.339585290117232375e-01,-1.597269650062024260e+00,-8.170386813426419037e-01
-2.406620711695781623e+00,-2.511904477613593034e+00,-2.397248028043259094e+00,-3.731087461410078632e+00,-1.230811504514873311e+00,-4.175364416881310881e+00,-1.501571115685379931e+00,-3.339585290117232375e-01,-1.597269650062024260e+00,-8.170386813426419037e-01
-2.406620711695781623e+00,-2.511904477613593034e+00,-2.397248028043259094e+00,-3.731087461410078632e+00,-1.230811504514873311e+00,-4.175364416881310881e+00,-1.501571115685379931e+00,-3.339585290117232375e-01,-1.597269650062024260e+00,-2.595380048074563017e+00
-2.406620711695781623e+00,-2.511904477613593034e+00,-2.397248028043259094e+00,-3.731087461410078632e+00,-1.230811504514873311e+00,-4.175364416881310881e+00,-1.501571115685379931e+00,-3.339585290117232375e-01,-1.597269650062024260e+00,-2.595380048074563017e+00
-2.406620711695781623e+00,-2.511904477613593034e+00,-2.397248028043259094e+00,-3.731087461410078632e+00,-1.230811504514873311e+00,-4.175364416881310881e+00,-1.501571115685379931e+00,-3.339585290117232375e-01,-1.597269650062024260e+00,-2.595380048074563017e+00
-2.406620711695781623e+00,-2.511904477613593034e+00,-2.397248028043259094e+00,-3.731087461410078632e+00,-1.230811504514873311e+00,-4.175364416881310881e+00,-1.501571115685379931e+00,-3.339585290117232375e-01,-1.597269650062024260e+00,-2.595380048074563017e+00
-2.406620711695781623e+00,-3.095497849983596339e+00,-2.397248028043259094e+00,-3.731087461410078632e+00,-1.230811504514873311e+00,-4.175364416881310881e+00,-1.501571115685379931e+00,-3.339585290117232375e-01,-1.597269650062024260e+00,-2.595380048074563017e+00
-2.406620711695781623e+00,-3.095497849983596339e+00,-2.397248028043259094e+00,-3.731087461410078632e+00,-1.230811504514873311e+00,-4.175364416881310881e+00,-1.501571115685379931e+00,-3.339585290117232375e-01,-1.597269650062024260e+00,-2.595380048074563017e+00
-2.406620711695781623e+00,-3.095497849983596339e+00,-2.397248028043259094e+00,-3.731087461410078632e+00,-1.230811504514873311e+00,-4.175364416881310881e+00,-1.501571115685379931e+00,-3.339585290117232375e-01,-1.597269650062024260e+00,-2.595380048074563017e+00
-2.406620711695781623e+00,-3.095497849983596339e+00,-2.397248028043259094e+00,-3.731087461410078632e+00,-1.230811504514873311e+00,-4.175364416881310881e+00,-1.501571115685379931e+00,-3.339585290117232375e-01,-1.597269650062024260e+00,-2.595380048074563017e+00
-2.406620711695781623e+00,-3.095497849983596339e+00,-2.397248028043259094e+00,-3.731087461410078632e+00,-1.230811504514873311e+00,-4.175364416881310881e+00,-1.501571115685379931e+00,-3.339585290117232375e-01,-1.597269650062024260e+00,-2.595380048074563017e+00
-2.406620711695781623e+00,-3.095497849983596339e+00,-2.397248028043259094e+00,-3.731087461410078632e+00,-1.230811504514873311e+00,-4.175364416881310881e+00,-1.501571115685379931e+00,-3.339585290117232375e-01,-1.597269650062024260e+00,-2.595380048074563017e+00
-2.406620711695781623e+00,-3.095497849983596339e+00,-2.397248028043259094e+00,-3.731087461410078632e+00,-1.230811504514873311e+00,-4.175364416881310881e+00,-1.501571115685379931e+00,-3.339585290117232375e-01,-1.597269650062024260e+00,-2.595380048074563017e+00
-2.406620711695781623e+00,-3.095497849983596339e+00,-2.397248028043259094e+00,-3.731087461410078632e+00,-1.230811504514873311e+00,-4.175364416881310881e+00,-1.501571115685379931e+00,-3.690701219312551018e-01,-1.597269650062024260e+00,-2.595380048074563017e+00
-2.406620711695781623e+00,-3.095497849983596339e+00,-2.397248028043259094e+00,-3.731087461410078632e+00,-1.230811504514873311e+00,-4.175364416881310881e+00,-1.501571115685379931e+00,-3.690701219312551018e-01,-1.597269650062024260e+00,-2.595380048074563017e+00
-2.406620711695781623e+00,-3.095497849983596339e+00,-2.397248028043259094e+00,-3.731087461410078632e+00,-1.230811504514873311e+00,-4.175364416881310881e+00,-1.501571115685379931e+00,-3.690701219312551018e-01,-1.597269650062024260e+00,-2.595380048074563017e+00
-2.406620711695781623e+00,-3.248831064817069514e+00,-2.397248028043259094e+00,-3.731087461410078632e+00,-2.032933562424023677e+00,-4.175364416881310881e+00,-1.501571115685379931e+00,-3.690701219312551018e-01,-1.597269650062024260e+00,-2.595380048074563017e+00
-2.406620711695781623e+00,-3.248831064817069514e+00,-2.397248028043259094e+00,-3.731087461410078632e+00,-2.032933562424023677e+00,-4.175364416881310881e+00,-1.501571115685379931e+00,-8.451030168294991762e-01,-1.597269650062024260e+00,-2.595380048074563017e+00
-2.406620711695781623e+00,-3.248831064817069514e+00,-2.397248028043259094e+00,-3.731087461410078632e+00,-2.032933562424023677e+00,-4.175364416881310881e+00,-1.501571115685379931e+00,-8.451030168294991762e-01,-1.597269650062024260e+00,-2.595380048074563017e+00
-2.406620711695781623e+00,-3.248831064817069514e+00,-2.397248028043259094e+00,-3.731087461410078632e+00,-2.032933562424023677e+00,-4.175364416881310881e+00,-1.501571115685379931e+00,-1.203473161745903575e+00,-1.597269650062024260e+00,-2.595380048074563017e+00
-2.406620711695781623e+00,-3.248831064817069514e+00,-2.397248028043259094e+00,-3.731087461410078632e+00,-2.032933562424023677e+00,-4.175364416881310881e+00,-1.501571115685379931e+00,-1.203473161745903575e+00,-1.597269650062024260e+00,-2.595380048074563017e+00
-2.406620711695781623e+00,-3.248831064817069514e+00,-2.397248028043259094e+00,-3.731087461410078632e+00,-2.032933562424023677e+00,-4.175364416881310881e+00,-1.501571115685379931e+00,-1.203473161745903575e+00,-1.597269650062024260e+00,-2.595380048074563017e+00
-2.406620711695781623e+00,-3.248831064817069514e+00,-2.397248028043259094e+00,-3.731087461410078632e+00,-2.032933562424023677e+00,-4.175364416881310881e+00,-1.501571115685379931e+00,-1.203473161745903575e+00,-1.597269650062024260e+00,-2.595380048074563017e+00
-2.406620711695781623e+00,-3.248831064817069514e+00,-2.397248028043259094e+00,-3.731087461410078632e+00,-2.032933562424023677e+00,-4.175364416881310881e+00,-1.501571115685379931e+00,-1.203473161745903575e+00,-1.597269650062024260e+00,-2.595380048074563017e+00
-2.406620711695781623e+00,-3.248831064817069514e+00,-2.397248028043259094e+00,-3.731087461410078632e+00,-2.032933562424023677e+00,-4.175364416881310881e+00,-1.501571115685379931e+00,-1.203473161745903575e+00,-1.597269650062024260e+00,-2.595380048074563017e+00
-2.406620711695781623e+00,-3.248831064817069514e+00,-2.397248028043259094e+00,-3.731087461410078632e+00,-2.032933562424023677e+00,-4.175364416881310881e+00,-1.501571115685379931e+00,-1.692518985025229794e+00,-1.597269650062024260e+00,-2.595380048074563017e+00
-2.406620711695781623e+00,-3.248831064817069514e+00,-2.397248028043259094e+00,-3.731087461410078632e+00,-2.032933562424023677e+00,-4.175364416881310881e+00,-1.501571115685379931e+00,-1.692518985025229794e+00,-1.597269650062024260e+00,-2.595380048074563017e+00
-2.406620711695781623e+00,-3.248831064817069514e+00,-2.397248028043259094e+00,-3.731087461410078632e+00,-2.032933562424023677e+00,-4.175364416881310881e+00,-1.501571115685379931e+00,-1.692518985025229794e+00,-1.597269650062024260e+00,-2.595380048074563017e+00
-2.406620711695781623e+00,-3.248831064817069514e+00,-2.397248028043259094e+00,-3.731087461410078632e+00,-2.032933562424023677e+00,-4.175364416881310881e+00,-1.501571115685379931e+00,-1.692518985025229794e+00,-1.597269650062024260e+00,-2.595380048074563017e+00
-2.406620711695781623e+00,-3.248831064817069514e+00,-3.053414065588770931e+00,-3.731087461410078632e+00,-2.032933562424023677e+00,-4.175364416881310881e+00,-1.501571115685379931e+00,-1.692518985025229794e+00,-1.597269650062024260e+00,-2.595380048074563017e+00
-2.406620711695781623e+00,-3.248831064817069514e+00,-3.053414065588770931e+00,-3.731087461410078632e+00,-2.074446353523014430e+00,-4.175364416881310881e+00,-1.501571115685379931e+00,-1.978056247514460741e+00,-1.597269650062024260e+00,-2.595380048074563017e+00
-2.406620711695781623e+00,-3.248831064817069514e+00,-3.053414065588770931e+00,-3.731087461410078632e+00,-2.074446353523014430e+00,-4.175364416881310881e+00,-1.501571115685379931e+00,-1.978056247514460741e+00,-1.597269650062024260e+00,-2.595380048074563017e+00
-2.406620711695781623e+00,-3.248831064817069514e+00,-3.053414065588770931e+00,-3.731087461410078632e+00,-2.074446353523014430e+00,-4.175364416881310881e+00,-1.501571115685379931e+00,-1.978056247514460741e+00,-1.597269650062024260e+00,-2.595380048074563017e+00
-2.406620711695781623e+00,-3.248831064817069514e+00,-3.053414065588770931e+00,-3.731087461410078632e+00,-2.436446236012146827e+00,-4.175364416881310881e+00,-1.501571115685379931e+00,-1.978056247514460741e+00,-1.597269650062024260e+00,-2.595380048074563017e+00
-2.406620711695781623e+00,-3.248831064817069514e+00,-3.053414065588770931e+00,-3.731087461410078632e+00,-2.436446236012146827e+00,-4.175364416881310881e+00,-1.501571115685379931e+00,-1.978056247514460741e+00,-1.597269650062024260e+00,-2.595380048074563017e+00
-2.406620711695781623e+00,-3.248831064817069514e+00,-3.053414065588770931e+00,-3.731087461410078632e+00,-2.436446236012146827e+00,-4.175364416881310881e+00,-1.501571115685379931e+00,-1.978056247514460741e+00,-1.597269650062024260e+00,-2.595380048074563017e+00
-2.406620711695781623e+00,-3.248831064817069514e+00,-3.053414065588770931e+00,-3.731087461410078632e+00,-2.436446236012146827e+00,-4.175364416881310881e+00,-1.501571115685379931e+00,-1.978056247514460741e+00,-1.597269650062024260e+00,-2.595380048074563017e+00
-2.406620711695781623e+00,-3.248831064817069514e+00,-3.053414065588770931e+00,-3.731087461410078632e+00,-2.436446236012146827e+00,-4.175364416881310881e+00,-1.501571115685379931e+00,-2.104301934900462356e+00,-1.597269650062024260e+00,-2.595380048074563017e+00
-2.406620711695781623e+00,-3.248831064817069514e+00,-3.053414065588770931e+00,-3.731087461410078632e+00,-2.436446236012146827e+00,-4.175364416881310881e+00,-1.501571115685379931e+00,-2.104301934900462356e+00,-1.597269650062024260e+00,-2.595380048074563017e+00
-2.406620711695781623e+00,-3.248831064817069514e+00,-3.053414065588770931e+00,-3.731087461410078632e+00,-2.436446236012146827e+00,-4.175364416881310881e+00,-1.501571115685379931e+00,-2.104301934900462356e+00,-1.597269650062024260e+00,-2.595380048074563017e+00
-2.406620711695781623e+00,-3.248831064817069514e+00,-3.053414065588770931e+00,-3.731087461410078632e+00,-2.436446236012146827e+00,-4.175364416881310881e+00,-1.501571115685379931e+00,-2.104301934900462356e+00,-1.597269650062024260e+00,-2.595380048074563017e+00
-2.406620711695781623e+00,-3.248831064817069514e+00,-3.053414065588770931e+00,-3.731087461410078632e+00,-2.436446236012146827e+00,-4.175364416881310881e+00,-1.501571115685379931e+00,-2.104301934900462356e+00,-1.597269650062024260e+00,-2.595380048074563017e+00
-2.406620711695781623e+00,-3.248831064817069514e+00,-3.053414065588770931e+00,-3.731087461410078632e+00,-2.436446236012146827e+00,-4.175364416881310881e+00,-1.501571115685379931e+00,-2.104301934900462356e+00,-1.597269650062024260e+00,-2.595380048074563017e+00
-2.406620711695781623e+00,-3.248831064817069514e+00,-3.053414065588770931e+00,-3.731087461410078632e+00,-2.436446236012146827e+00,-4.175364416881310881e+00,-1.501571115685379931e+00,-2.104301934900462356e+00,-1.597269650062024260e+00,-2.595380048074563017e+00
-2.406620711695781623e+00,-3.248831064817069514e+00,-3.053414065588770931e+00,-3.731087461410078632e+00,-2.436446236012146827e+00,-4.175364416881310881e+00,-1.532829741253885381e+00,-2.449972838308723588e+00,-1.597269650062024260e+00,-2.595380048074563017e+00
-2.406620711695781623e+00,-3.248831064817069514e+00,-3.053414065588770931e+00,-3.731087461410078632e+00,-2.592879468286484634e+00,-4.175364416881310881e+00,-2.155403042251166301e+00,-2.449972838308723588e+00,-1.597269650062024260e+00,-2.595380048074563017e+00
-2.406620711695781623e+00,-3.248831064817069514e+00,-3.053414065588770931e+00,-3.731087461410078632e+00,-2.592879468286484634e+00,-4.175364416881310881e+00,-2.155403042251166301e+00,-2.449972838308723588e+00,-1.597269650062024260e+00,-2.595380048074563017e+00
-2.406620711695781623e+00,-3.248831064817069514e+00,-3.053414065588770931e+00,-3.731087461410078632e+00,-2.592879468286484634e+00,-4.175364416881310881e+00,-2.155403042251166301e+00,-2.449972838308723588e+00,-1.597269650062024260e+00,-2.595380048074563017e+00
-2.406620711695781623e+00,-3.248831064817069514e+00,-3.053414065588770931e+00,-3.731087461410078632e+00,-2.592879468286484634e+00,-4.175364416881310881e+00,-2.155403042251166301e+00,-2.449972838308723588e+00,-1.597269650062024260e+00,-2.595380048074563017e+00
-2.406620711695781623e+00,-3.248831064817069514e+00,-3.053414065588770931e+00,-3.731087461410078632e+00,-2.822033859104676967e+00,-4.175364416881310881e+00,-2.155403042251166301e+00,-2.449972838308723588e+00,-1.597269650062024260e+00,-2.595380048074563017e+00
-2.406620711695781623e+00,-3.248831064817069514e+00,-3.053414065588770931e+00,-3.731087461410078632e+00,-2.822033859104676967e+00,-4.175364416881310881e+00,-2.155403042251166301e+00,-2.940772688995643147e+00,-1.597269650062024260e+00,-2.595380048074563017e+00
-2.406620711695781623e+00,-3.248831064817069514e+00,-3.053414065588770931e+00,-3.731087461410078632e+00,-2.822033859104676967e+00,-4.175364416881310881e+00,-2.155403042251166301e+00,-2.940772688995643147e+00,-1.597269650062024260e+00,-2.595380048074563017e+00
-2.406620711695781623e+00,-3.248831064817069514e+00,-3.053414065588770931e+00,-3.731087461410078632e+00,-2.822033859104676967e+00,-4.175364416881310881e+00,-2.155403042251166301e+00,-2.940772688995643147e+00,-1.597269650062024260e+00,-2.595380048074563017e+00
-2.406620711695781623e+00,-3.248831064817069514e+00,-3.053414065588770931e+00,-3.731087461410078632e+00,-2.822033859104676967e+00,-4.175364416881310881e+00,-2.155403042251166301e+00,-2.940772688995643147e+00,-1.597269650062024260e+00,-2.595380048074563017e+00
-2.406620711695781623e+00,-3.248831064817069514e+00,-3.053414065588770931e+00,-3.731087461410078632e+00,-2.822033859104676967e+00,-4.175364416881310881e+00,-2.155403042251166301e+00,-2.940772688995643147e+00,-1.597269650062024260e+00,-2.595380048074563017e+00
-2.406620711695781623e+00,-3.248831064817069514e+00,-3.053414065588770931e+00,-3.731087461410078632e+00,-2.822033859104676967e+00,-4.175364416881310881e+00,-2.155403042251166301e+00,-2.940772688995643147e+00,-1.597269650062024260e+00,-2.595380048074563017e+00
-2.406620711695781623e+00,-3.248831064817069514e+00,-3.053414065588770931e+00,-3.731087461410078632e+00,-2.822033859104676967e+00,-4.175364416881310881e+00,-2.155403042251166301e+00,-2.940772688995643147e+00,-1.597269650062024260e+00,-2.595380048074563017e+00
-2.406620711695781623e+00,-3.248831064817069514e+00,-3.053414065588770931e+00,-3.731087461410078632e+00,-2.822033859104676967e+00,-4.175364416881310881e+00,-2.155403042251166301e+00,-2.940772688995643147e+00,-1.597269650062024260e+00,-2.595380048074563017e+00
-2.406620711695781623e+00,-3.248831064817069514e+00,-3.053414065588770931e+00,-3.731087461410078632e+00,-2.822033859104676967e+00,-4.175364416881310881e+00,-2.155403042251166301e+00,-2.940772688995643147e+00,-1.597269650062024260e+00,-2.595380048074563017e+00
-2.406620711695781623e+00,-3.248831064817069514e+00,-3.053414065588770931e+00,-3.731087461410078632e+00,-2.822033859104676967e+00,-4.175364416881310881e+00,-2.155403042251166301e+00,-2.940772688995643147e+00,-1.597269650062024260e+00,-2.595380048074563017e+00
-2.406620711695781623e+00,-3.248831064817069514e+00,-3.053414065588770931e+00,-3.731087461410078632e+00,-2.822033859104676967e+00,-4.175364416881310881e+00,-2.155403042251166301e+00,-2.940772688995643147e+00,-1.597269650062024260e+00,-2.595380048074563017e+00
-2.406620711695781623e+00,-3.248831064817069514e+00,-3.601904669392186342e+00,-3.731087461410078632e+00,-2.822033859104676967e+00,-4.175364416881310881e+00,-2.155403042251166301e+00,-2.940772688995643147e+00,-1.597269650062024260e+00,-2.595380048074563017e+00
-2.406620711695781623e+00,-3.248831064817069514e+00,-3.601904669392186342e+00,-3.731087461410078632e+00,-2.822033859104676967e+00,-4.175364416881310881e+00,-2.155403042251166301e+00,-2.940772688995643147e+00,-1.597269650062024260e+00,-2.595380048074563017e+00
-2.406620711695781623e+00,-3.248831064817069514e+00,-3.601904669392186342e+00,-3.731087461410078632e+00,-2.822033859104676967e+00,-4.175364416881310881e+00,-2.155403042251166301e+00,-2.940772688995643147e+00,-1.597269650062024260e+00,-2.595380048074563017e+00
-2.406620711695781623e+00,-3.248831064817069514e+00,-3.601904669392186342e+00,-3.731087461410078632e+00,-2.822033859104676967e+00,-4.175364416881310881e+00,-2.155403042251166301e+00,-2.940772688995643147e+00,-1.597269650062024260e+00,-2.595380048074563017e+00
-2.406620711695781623e+00,-3.248831064817069514e+00,-3.601904669392186342e+00,-3.731087461410078632e+00,-2.822033859104676967e+00,-4.175364416881310881e+00,-2.155403042251166301e+00,-2.940772688995643147e+00,-1.597269650062024260e+00,-2.595380048074563017e+00
-2.406620711695781623e+00,-3.248831064817069514e+00,-3.601904669392186342e+00,-3.731087461410078632e+00,-2.822033859104676967e+00,-4.175364416881310881e+00,-2.155403042251166301e+00,-2.940772688995643147e+00,-1.597269650062024260e+00,-2.595380048074563017e+00
-2.406620711695781623e+00,-3.248831064817069514e+00,-3.601904669392186342e+00,-3.731087461410078632e+00,-2.822033859104676967e+00,-4.175364416881310881e+00,-2.155403042251166301e+00,-2.940772688995643147e+00,-1.597269650062024260e+00,-2.595380048074563017e+00
-2.406620711695781623e+00,-3.248831064817069514e+00,-3.601904669392186342e+00,-3.731087461410078632e+00,-2.822033859104676967e+00,-4.175364416881310881e+00,-2.155403042251166301e+00,-2.940772688995643147e+00,-1.597269650062024260e+00,-2.595380048074563017e+00
-2.406620711695781623e+00,-3.248831064817069514e+00,-3.601904669392186342e+00,-3.731087461410078632e+00,-3.211821553479293545e+00,-4.175364416881310881e+00,-2.155403042251166301e+00,-2.940772688995643147e+00,-1.597269650062024260e+00,-2.595380048074563017e+00
-2.406620711695781623e+00,-3.248831064817069514e+00,-3.601904669392186342e+00,-3.731087461410078632e+00,-3.211821553479293545e+00,-4.175364416881310881e+00,-2.155403042251166301e+00,-2.940772688995643147e+00,-1.597269650062024260e+00,-2.595380048074563017e+00
-2.406620711695781623e+00,-3.248831064817069514e+00,-3.601904669392186342e+00,-3.731087461410078632e+00,-3.852848266125059151e+00,-4.175364416881310881e+00,-2.155403042251166301e+00,-2.940772688995643147e+00,-1.597269650062024260e+00,-2.595380048074563017e+00
-2.406620711695781623e+00,-3.248831064817069514e+00,-3.601904669392186342e+00,-3.731087461410078632e+00,-3.852848266125059151e+00,-4.175364416881310881e+00,-2.155403042251166301e+00,-2.940772688995643147e+00,-1.597269650062024260e+00,-2.595380048074563017e+00
-2.406620711695781623e+00,-3.248831064817069514e+00,-3.601904669392186342e+00,-3.731087461410078632e+00,-3.852848266125059151e+00,-4.175364416881310881e+00,-2.155403042251166301e+00,-2.940772688995643147e+00,-1.597269650062024260e+00,-2.595380048074563017e+00
-2.406620711695781623e+00,-3.248831064817069514e+00,-3.601904669392186342e+00,-3.731087461410078632e+00,-3.852848266125059151e+00,-4.175364416881310881e+00,-2.155403042251166301e+00,-2.940772688995643147e+00,-1.597269650062024260e+00,-2.595380048074563017e+00
-2.406620711695781623e+00,-3.248831064817069514e+00,-3.601904669392186342e+00,-3.731087461410078632e+00,-3.852848266125059151e+00,-4.175364416881310881e+00,-2.155403042251166301e+00,-2.940772688995643147e+00,-1.597269650062024260e+00,-2.595380048074563017e+00
-2.406620711695781623e+00,-3.248831064817069514e+00,-3.601904669392186342e+00,-3.731087461410078632e+00,-3.852848266125059151e+00,-4.175364416881310881e+00,-2.155403042251166301e+00,-2.940772688995643147e+00,-1.597269650062024260e+00,-2.595380048074563017e+00
-2.406620711695781623e+00,-3.248831064817069514e+00,-3.601904669392186342e+00,-3.731087461410078632e+00,-4.818542195002839534e+00,-4.175364416881310881e+00,-2.155403042251166301e+00,-2.940772688995643147e+00,-1.597269650062024260e+00,-2.595380048074563017e+00
-2.406620711695781623e+00,-3.248831064817069514e+00,-3.601904669392186342e+00,-3.731087461410078632e+00,-4.818542195002839534e+00,-4.175364416881310881e+00,-2.155403042251166301e+00,-2.940772688995643147e+00,-1.597269650062024260e+00,-2.595380048074563017e+00
-2.406620711695781623e+00,-3.248831064817069514e+00,-3.601904669392186342e+00,-3.731087461410078632e+00,-4.818542195002839534e+00,-4.175364416881310881e+00,-2.155403042251166301e+00,-2.940772688995643147e+00,-1.597269650062024260e+00,-2.595380048074563017e+00
-2.406620711695781623e+00,-3.248831064817069514e+00,-3.601904669392186342e+00,-3.731087461410078632e+00,-4.818542195002839534e+00,-4.175364416881310881e+00,-2.155403042251166301e+00,-2.940772688995643147e+00,-1.597269650062024260e+00,-2.595380048074563017e+00
-2.406620711695781623e+00,-3.248831064817069514e+00,-3.601904669392186342e+00,-3.731087461410078632e+00,-4.818542195002839534e+00,-4.175364416881310881e+00,-2.155403042251166301e+00,-2.940772688995643147e+00,-1.597269650062024260e+00,-2.595380048074563017e+00
-2.406620711695781623e+00,-3.248831064817069514e+00,-3.601904669392186342e+00,-3.731087461410078632e+00,-4.818542195002839534e+00,-4.175364416881310881e+00,-2.155403042251166301e+00,-2.940772688995643147e+00,-1.597269650062024260e+00,-2.595380048074563017e+00
-2.406620711695781623e+00,-3.248831064817069514e+00,-3.601904669392186342e+00,-3.731087461410078632e+00,-5.022507949890810508e+00,-4.175364416881310881e+00,-2.155403042251166301e+00,-2.940772688995643147e+00,-1.597269650062024260e+00,-2.595380048074563017e+00
-2.406620711695781623e+00,-3.248831064817069514e+00,-3.601904669392186342e+00,-3.731087461410078632e+00,-5.022507949890810508e+00,-4.175364416881310881e+00,-2.155403042251166301e+00,-2.940772688995643147e+00,-1.597269650062024260e+00,-2.595380048074563017e+00
-2.406620711695781623e+00,-3.248831064817069514e+00,-3.601904669392186342e+00,-3.731087461410078632e+00,-5.022507949890810508e+00,-4.175364416881310881e+00,-2.155403042251166301e+00,-2.940772688995643147e+00,-1.597269650062024260e+00,-2.595380048074563017e+00
-2.406620711695781623e+00,-3.248831064817069514e+00,-3.601904669392186342e+00,-3.731087461410078632e+00,-5.022507949890810508e+00,-4.175364416881310881e+00,-2.155403042251166301e+00,-2.940772688995643147e+00,-1.597269650062024260e+00,-2.595380048074563017e+00
-2.406620711695781623e+00,-3.248831064817069514e+00,-3.601904669392186342e+00,-3.731087461410078632e+00,-5.022507949890810508e+00,-4.175364416881310881e+00,-2.155403042251166301e+00,-2.940772688995643147e+00,-1.597269650062024260e+00,-2.595380048074563017e+00
-2.406620711695781623e+00,-3.248831064817069514e+00,-3.601904669392186342e+00,-3.731087461410078632e+00,-5.022507949890810508e+00,-4.175364416881310881e+00,-2.155403042251166301e+00,-2.940772688995643147e+00,-1.597269650062024260e+00,-2.595380048074563017e+00
-2.406620711695781623e+00,-3.248831064817069514e+00,-3.601904669392186342e+00,-3.731087461410078632e+00,-5.022507949890810508e+00,-4.175364416881310881e+00,-2.155403042251166301e+00,-2.940772688995643147e+00,-1.597269650062024260e+00,-2.595380048074563017e+00
-2.406620711695781623e+00,-3.248831064817069514e+00,-3.601904669392186342e+00,-3.731087461410078632e+00,-5.022507949890810508e+00,-4.175364416881310881e+00,-2.155403042251166301e+00,-2.940772688995643147e+00,-1.597269650062024260e+00,-2.595380048074563017e+00
-2.406620711695781623e+00,-3.248831064817069514e+00,-3.601904669392186342e+00,-3.731087461410078632e+00,-5.022507949890810508e+00,-4.175364416881310881e+00,-2.155403042251166301e+00,-2.940772688995643147e+00,-1.597269650062024260e+00,-2.595380048074563017e+00
-2.406620711695781623e+00,-3.248831064817069514e+00,-3.601904669392186342e+00,-3.731087461410078632e+00,-5.022507949890810508e+00,-4.175364416881310881e+00,-2.155403042251166301e+00,-2.940772688995643147e+00,-1.597269650062024260e+00,-2.595380048074563017e+00
-2.406620711695781623e+00,-3.248831064817069514e+00,-3.601904669392186342e+00,-3.731087461410078632e+00,-5.022507949890810508e+00,-4.175364416881310881e+00,-2.155403042251166301e+00,-2.940772688995643147e+00,-1.597269650062024260e+00,-2.595380048074563017e+00
-2.406620711695781623e+00,-3.248831064817069514e+00,-3.601904669392186342e+00,-3.731087461410078632e+00,-5.022507949890810508e+00,-4.175364416881310881e+00,-2.155403042251166301e+00,-2.940772688995643147e+00,-1.597269650062024260e+00,-2.595380048074563017e+00
