1.827255308235924858e+00,2.058073730294670334e+00,5.996024275456570685e-01,-1.520448486775205943e+00,4.188283864597964090e+00,1.016946644590943291e-02,-1.943581519729489226e+00,7.252084978145514338e-01,2.387110133410944801e+00,1.294926248505214428e+00
1.827255308235924858e+00,1.366186245312205783e+00,2.423014450696849564e-01,-1.520448486775205943e+00,3.670226592878104710e-01,-8.269836128285691645e-02,-1.943581519729489226e+00,4.928618326066840361e-01,2.223731534019293132e+00,1.294926248505214428e+00
5.405271835260467839e-01,-2.528875875367266879e-01,2.423014450696849564e-01,-1.520448486775205943e+00,3.670226592878104710e-01,-1.087783782196835164e-01,-1.943581519729489226e+00,-6.946021448800892006e-01,1.719864673458619375e+00,7.523507536961259179e-01
5.405271835260467839e-01,-2.528875875367266879e-01,2.423014450696849564e-01,-1.520448486775205943e+00,3.670226592878104710e-01,-4.282470827625189935e-01,-1.943581519729489226e+00,-6.946021448800892006e-01,1.719864673458619375e+00,-1.052785710871396718e+00
5.405271835260467839e-01,-2.528875875367266879e-01,-1.311472160199714576e+00,-1.520448486775205943e+00,3.670226592878104710e-01,-4.282470827625189935e-01,-1.943581519729489226e+00,-6.946021448800892006e-01,1.703218525114386650e-01,-1.918367783635001933e+00
5.405271835260467839e-01,-2.528875875367266879e-01,-2.011624430967577037e+00,-1.520448486775205943e+00,3.670226592878104710e-01,-4.282470827625189935e-01,-1.943581519729489226e+00,-6.946021448800892006e-01,1.703218525114386650e-01,-1.918367783635001933e+00
5.405271835260467839e-01,-2.528875875367266879e-01,-2.011624430967577037e+00,-1.520448486775205943e+00,3.670226592878104710e-01,-4.282470827625189935e-01,-1.943581519729489226e+00,-2.076235336417305177e+00,1.703218525114386650e-01,-1.918367783635001933e+00
5.405271835260467839e-01,-2.528875875367266879e-01,-2.011624430967577037e+00,-1.520448486775205943e+00,-2.225043562673681419e-01,-4.282470827625189935e-01,-1.943581519729489226e+00,-2.076235336417305177e+00,1.703218525114386650e-01,-1.918367783635001933e+00
5.405271835260467839e-01,-2.528875875367266879e-01,-2.011624430967577037e+00,-1.520448486775205943e+00,-2.225043562673681419e-01,-4.282470827625189935e-01,-1.943581519729489226e+00,-2.163784725467611025e+00,1.703218525114386650e-01,-1.918367783635001933e+00
5.405271835260467839e-01,-2.528875875367266879e-01,-2.011624430967577037e+00,-1.520448486775205943e+00,-2.225043562673681419e-01,-4.282470827625189935e-01,-1.943581519729489226e+00,-2.163784725467611025e+00,1.703218525114386650e-01,-1.918367783635001933e+00
5.405271835260467839e-01,-2.528875875367266879e-01,-2.124927983214956129e+00,-1.520448486775205943e+00,-2.225043562673681419e-01,-4.282470827625189935e-01,-1.943581519729489226e+00,-2.568948799476630462e+00,1.703218525114386650e-01,-1.918367783635001933e+00
5.405271835260467839e-01,-2.528875875367266879e-01,-2.124927983214956129e+00,-1.520448486775205943e+00,-2.225043562673681419e-01,-4.282470827625189935e-01,-1.943581519729489226e+00,-3.571690705823680645e+00,1.703218525114386650e-01,-1.918367783635001933e+00
5.405271835260467839e-01,-2.528875875367266879e-01,-2.124927983214956129e+00,-1.520448486775205943e+00,-2.225043562673681419e-01,-4.282470827625189935e-01,-1.943581519729489226e+00,-3.571690705823680645e+00,1.703218525114386650e-01,-1.918367783635001933e+00
5.405271835260467839e-01,-2.528875875367266879e-01,-2.124927983214956129e+00,-1.520448486775205943e+00,-2.225043562673681419e-01,-4.282470827625189935e-01,-1.943581519729489226e+00,-3.681963726615716137e+00,1.703218525114386650e-01,-1.918367783635001933e+00
5.405271835260467839e-01,-2.528875875367266879e-01,-2.124927983214956129e+00,-1.520448486775205943e+00,-2.225043562673681419e-01,-4.282470827625189935e-01,-1.943581519729489226e+00,-3.681963726615716137e+00,1.703218525114386650e-01,-1.918367783635001933e+00
5.405271835260467839e-01,-2.528875875367266879e-01,-2.697583891031134051e+00,-1.520448486775205943e+00,-6.878194711602497735e-01,-4.282470827625189935e-01,-1.943581519729489226e+00,-3.681963726615716137e+00,1.703218525114386650e-01,-1.918367783635001933e+00
5.405271835260467839e-01,-2.528875875367266879e-01,-2.697583891031134051e+00,-1.520448486775205943e+00,-9.096737910506572655e-01,-4.282470827625189935e-01,-1.943581519729489226e+00,-3.681963726615716137e+00,1.703218525114386650e-01,-1.918367783635001933e+00
5.405271835260467839e-01,-2.528875875367266879e-01,-2.697583891031134051e+00,-1.520448486775205943e+00,-9.096737910506572655e-01,-4.282470827625189935e-01,-1.943581519729489226e+00,-3.681963726615716137e+00,1.703218525114386650e-01,-1.918367783635001933e+00
5.405271835260467839e-01,-2.528875875367266879e-01,-4.248735221907143256e+00,-1.520448486775205943e+00,-9.096737910506572655e-01,-1.118276736123561932e+00,-1.943581519729489226e+00,-3.681963726615716137e+00,1.703218525114386650e-01,-1.918367783635001933e+00
5.405271835260467839e-01,-2.528875875367266879e-01,-4.248735221907143256e+00,-1.520448486775205943e+00,-1.139674614202803360e+00,-1.118276736123561932e+00,-1.943581519729489226e+00,-5.081663338045567357e+00,1.703218525114386650e-01,-1.918367783635001933e+00
5.405271835260467839e-01,-2.528875875367266879e-01,-4.248735221907143256e+00,-1.520448486775205943e+00,-1.139674614202803360e+00,-1.118276736123561932e+00,-1.943581519729489226e+00,-5.081663338045567357e+00,1.703218525114386650e-01,-1.918367783635001933e+00
5.405271835260467839e-01,-2.528875875367266879e-01,-4.248735221907143256e+00,-1.520448486775205943e+00,-1.139674614202803360e+00,-1.118276736123561932e+00,-1.943581519729489226e+00,-5.081663338045567357e+00,1.703218525114386650e-01,-1.918367783635001933e+00
5.405271835260467839e-01,-2.528875875367266879e-01,-4.248735221907143256e+00,-1.520448486775205943e+00,-1.139674614202803360e+00,-1.118276736123561932e+00,-1.943581519729489226e+00,-5.081663338045567357e+00,1.703218525114386650e-01,-1.918367783635001933e+00
5.405271835260467839e-01,-2.528875875367266879e-01,-4.248735221907143256e+00,-1.520448486775205943e+00,-1.139674614202803360e+00,-1.118276736123561932e+00,-1.943581519729489226e+00,-5.081663338045567357e+00,1.703218525114386650e-01,-1.918367783635001933e+00
5.405271835260467839e-01,-2.528875875367266879e-01,-4.248735221907143256e+00,-1.520448486775205943e+00,-1.440953615026662860e+00,-1.118276736123561932e+00,-1.943581519729489226e+00,-5.081663338045567357e+00,-6.007698409777738335e-02,-1.918367783635001933e+00
5.405271835260467839e-01,-2.528875875367266879e-01,-4.248735221907143256e+00,-1.520448486775205943e+00,-1.440953615026662860e+00,-1.118276736123561932e+00,-1.943581519729489226e+00,-5.081663338045567357e+00,-6.007698409777738335e-02,-1.918367783635001933e+00
5.405271835260467839e-01,-2.528875875367266879e-01,-4.248735221907143256e+00,-1.520448486775205943e+00,-1.440953615026662860e+00,-1.118276736123561932e+00,-1.943581519729489226e+00,-5.081663338045567357e+00,-6.007698409777738335e-02,-1.918367783635001933e+00
5.405271835260467839e-01,-2.528875875367266879e-01,-4.248735221907143256e+00,-1.520448486775205943e+00,-1.440953615026662860e+00,-1.118276736123561932e+00,-1.943581519729489226e+00,-5.081663338045567357e+00,-6.007698409777738335e-02,-1.918367783635001933e+00
5.405271835260467839e-01,-2.528875875367266879e-01,-4.248735221907143256e+00,-1.520448486775205943e+00,-1.440953615026662860e+00,-1.118276736123561932e+00,-1.943581519729489226e+00,-5.081663338045567357e+00,-6.007698409777738335e-02,-1.918367783635001933e+00
5.405271835260467839e-01,-2.528875875367266879e-01,-4.248735221907143256e+00,-1.520448486775205943e+00,-1.440953615026662860e+00,-1.118276736123561932e+00,-1.943581519729489226e+00,-5.081663338045567357e+00,-6.007698409777738335e-02,-1.918367783635001933e+00
5.405271835260467839e-01,-2.528875875367266879e-01,-4.248735221907143256e+00,-1.520448486775205943e+00,-1.440953615026662860e+00,-1.118276736123561932e+00,-1.943581519729489226e+00,-5.081663338045567357e+00,-6.007698409777738335e-02,-1.918367783635001933e+00
5.405271835260467839e-01,-2.528875875367266879e-01,-4.248735221907143256e+00,-1.520448486775205943e+00,-1.440953615026662860e+00,-1.118276736123561932e+00,-1.943581519729489226e+00,-5.081663338045567357e+00,-6.007698409777738335e-02,-1.918367783635001933e+00
5.405271835260467839e-01,-2.528875875367266879e-01,-4.248735221907143256e+00,-1.520448486775205943e+00,-1.440953615026662860e+00,-1.118276736123561932e+00,-1.943581519729489226e+00,-5.081663338045567357e+00,-6.007698409777738335e-02,-1.918367783635001933e+00
5.405271835260467839e-01,-2.528875875367266879e-01,-4.379237037084327433e+00,-1.520448486775205943e+00,-1.440953615026662860e+00,-1.118276736123561932e+00,-1.943581519729489226e+00,-5.081663338045567357e+00,-6.007698409777738335e-02,-1.918367783635001933e+00
5.405271835260467839e-01,-2.528875875367266879e-01,-4.757239448594510201e+00,-1.520448486775205943e+00,-1.440953615026662860e+00,-1.118276736123561932e+00,-1.943581519729489226e+00,-5.081663338045567357e+00,-6.007698409777738335e-02,-1.918367783635001933e+00
5.405271835260467839e-01,-2.528875875367266879e-01,-4.757239448594510201e+00,-1.520448486775205943e+00,-1.440953615026662860e+00,-1.118276736123561932e+00,-1.943581519729489226e+00,-5.081663338045567357e+00,-6.007698409777738335e-02,-1.918367783635001933e+00
2.143317409671279816e-01,-2.528875875367266879e-01,-4.757239448594510201e+00,-1.520448486775205943e+00,-1.440953615026662860e+00,-1.118276736123561932e+00,-1.943581519729489226e+00,-5.081663338045567357e+00,-6.007698409777738335e-02,-1.918367783635001933e+00
2.143317409671279816e-01,-2.528875875367266879e-01,-4.757239448594510201e+00,-1.520448486775205943e+00,-1.440953615026662860e+00,-1.118276736123561932e+00,-1.943581519729489226e+00,-5.081663338045567357e+00,-6.007698409777738335e-02,-1.918367783635001933e+00
-8.131376050985252846e-01,-2.528875875367266879e-01,-4.757239448594510201e+00,-1.520448486775205943e+00,-1.440953615026662860e+00,-1.118276736123561932e+00,-1.943581519729489226e+00,-5.081663338045567357e+00,-6.007698409777738335e-02,-1.918367783635001933e+00
-8.131376050985252846e-01,-2.528875875367266879e-01,-4.757239448594510201e+00,-1.520448486775205943e+00,-1.440953615026662860e+00,-1.118276736123561932e+00,-1.943581519729489226e+00,-5.081663338045567357e+00,-6.007698409777738335e-02,-1.918367783635001933e+00
-8.131376050985252846e-01,-2.528875875367266879e-01,-4.757239448594510201e+00,-1.520448486775205943e+00,-1.558266974097803903e+00,-1.118276736123561932e+00,-1.943581519729489226e+00,-5.081663338045567357e+00,-6.007698409777738335e-02,-1.918367783635001933e+00
-8.263559802931084164e-01,-2.528875875367266879e-01,-5.227929887104608930e+00,-1.520448486775205943e+00,-1.558266974097803903e+00,-1.118276736123561932e+00,-1.943581519729489226e+00,-5.081663338045567357e+00,-6.007698409777738335e-02,-1.918367783635001933e+00
-8.263559802931084164e-01,-2.528875875367266879e-01,-5.227929887104608930e+00,-1.520448486775205943e+00,-1.558266974097803903e+00,-1.118276736123561932e+00,-1.943581519729489226e+00,-5.081663338045567357e+00,-6.007698409777738335e-02,-1.918367783635001933e+00
-8.263559802931084164e-01,-2.528875875367266879e-01,-5.227929887104608930e+00,-1.520448486775205943e+00,-1.558266974097803903e+00,-1.118276736123561932e+00,-1.943581519729489226e+00,-5.081663338045567357e+00,-6.007698409777738335e-02,-1.918367783635001933e+00
-2.055192716358036797e+00,-2.528875875367266879e-01,-5.227929887104608930e+00,-1.520448486775205943e+00,-1.558266974097803903e+00,-1.118276736123561932e+00,-1.943581519729489226e+00,-5.081663338045567357e+00,-6.007698409777738335e-02,-1.918367783635001933e+00
-2.055192716358036797e+00,-2.528875875367266879e-01,-5.227929887104608930e+00,-1.520448486775205943e+00,-1.558266974097803903e+00,-1.118276736123561932e+00,-1.943581519729489226e+00,-5.081663338045567357e+00,-6.007698409777738335e-02,-1.918367783635001933e+00
-2.055192716358036797e+00,-2.528875875367266879e-01,-5.227929887104608930e+00,-1.520448486775205943e+00,-1.558266974097803903e+00,-1.118276736123561932e+00,-1.943581519729489226e+00,-5.081663338045567357e+00,-6.007698409777738335e-02,-1.918367783635001933e+00
-2.055192716358036797e+00,-2.528875875367266879e-01,-5.227929887104608930e+00,-1.520448486775205943e+00,-1.558266974097803903e+00,-1.118276736123561932e+00,-1.943581519729489226e+00,-5.081663338045567357e+00,-6.007698409777738335e-02,-1.918367783635001933e+00
-2.055192716358036797e+00,-2.528875875367266879e-01,-5.227929887104608930e+00,-1.520448486775205943e+00,-1.558266974097803903e+00,-1.118276736123561932e+00,-1.943581519729489226e+00,-5.081663338045567357e+00,-6.007698409777738335e-02,-1.918367783635001933e+00
-2.952452864540446864e+00,-2.528875875367266879e-01,-5.227929887104608930e+00,-1.520448486775205943e+00,-1.558266974097803903e+00,-1.118276736123561932e+00,-1.943581519729489226e+00,-5.081663338045567357e+00,-6.007698409777738335e-02,-1.918367783635001933e+00
-2.952452864540446864e+00,-2.528875875367266879e-01,-5.227929887104608930e+00,-1.520448486775205943e+00,-1.558266974097803903e+00,-1.118276736123561932e+00,-1.943581519729489226e+00,-5.081663338045567357e+00,-6.007698409777738335e-02,-1.918367783635001933e+00
-2.952452864540446864e+00,-2.528875875367266879e-01,-5.227929887104608930e+00,-1.520448486775205943e+00,-1.558266974097803903e+00,-1.118276736123561932e+00,-1.943581519729489226e+00,-5.081663338045567357e+00,-6.007698409777738335e-02,-1.918367783635001933e+00
-2.952452864540446864e+00,-2.528875875367266879e-01,-5.227929887104608930e+00,-1.520448486775205943e+00,-1.558266974097803903e+00,-1.118276736123561932e+00,-1.943581519729489226e+00,-5.081663338045567357e+00,-6.007698409777738335e-02,-1.918367783635001933e+00
-2.952452864540446864e+00,-2.528875875367266879e-01,-5.227929887104608930e+00,-1.520448486775205943e+00,-1.558266974097803903e+00,-1.118276736123561932e+00,-1.943581519729489226e+00,-5.081663338045567357e+00,-6.007698409777738335e-02,-1.918367783635001933e+00
-2.952452864540446864e+00,-2.528875875367266879e-01,-5.227929887104608930e+00,-1.520448486775205943e+00,-1.558266974097803903e+00,-1.118276736123561932e+00,-1.943581519729489226e+00,-5.081663338045567357e+00,-6.007698409777738335e-02,-1.918367783635001933e+00
-2.952452864540446864e+00,-2.528875875367266879e-01,-5.227929887104608930e+00,-1.520448486775205943e+00,-1.662974206531586674e+00,-1.203760413884022107e+00,-1.943581519729489226e+00,-5.081663338045567357e+00,-6.007698409777738335e-02,-1.918367783635001933e+00
-2.952452864540446864e+00,-2.528875875367266879e-01,-5.227929887104608930e+00,-1.520448486775205943e+00,-1.662974206531586674e+00,-1.203760413884022107e+00,-1.943581519729489226e+00,-5.081663338045567357e+00,-6.007698409777738335e-02,-1.918367783635001933e+00
-2.952452864540446864e+00,-2.528875875367266879e-01,-5.227929887104608930e+00,-1.520448486775205943e+00,-1.662974206531586674e+00,-1.203760413884022107e+00,-1.943581519729489226e+00,-5.081663338045567357e+00,-6.007698409777738335e-02,-1.918367783635001933e+00
-3.641069929554113127e+00,-2.528875875367266879e-01,-5.227929887104608930e+00,-1.520448486775205943e+00,-1.662974206531586674e+00,-1.236794383680799081e+00,-1.943581519729489226e+00,-5.081663338045567357e+00,-6.007698409777738335e-02,-1.918367783635001933e+00
-3.641069929554113127e+00,-4.041924181104308289e-01,-5.227929887104608930e+00,-1.520448486775205943e+00,-1.662974206531586674e+00,-1.236794383680799081e+00,-1.943581519729489226e+00,-5.081663338045567357e+00,-6.007698409777738335e-02,-1.918367783635001933e+00
-3.641069929554113127e+00,-4.041924181104308289e-01,-5.227929887104608930e+00,-1.520448486775205943e+00,-1.662974206531586674e+00,-1.236794383680799081e+00,-1.943581519729489226e+00,-5.081663338045567357e+00,-6.007698409777738335e-02,-1.918367783635001933e+00
-3.641069929554113127e+00,-4.041924181104308289e-01,-5.227929887104608930e+00,-1.520448486775205943e+00,-1.662974206531586674e+00,-1.236794383680799081e+00,-1.943581519729489226e+00,-5.081663338045567357e+00,-6.007698409777738335e-02,-1.918367783635001933e+00
-3.641069929554113127e+00,-4.041924181104308289e-01,-5.227929887104608930e+00,-1.520448486775205943e+00,-1.662974206531586674e+00,-1.236794383680799081e+00,-1.943581519729489226e+00,-5.081663338045567357e+00,-6.007698409777738335e-02,-1.918367783635001933e+00
-3.641069929554113127e+00,-4.041924181104308289e-01,-5.227929887104608930e+00,-1.520448486775205943e+00,-1.662974206531586674e+00,-1.236794383680799081e+00,-1.943581519729489226e+00,-5.081663338045567357e+00,-6.007698409777738335e-02,-1.918367783635001933e+00
-3.641069929554113127e+00,-4.041924181104308289e-01,-5.227929887104608930e+00,-1.520448486775205943e+00,-1.662974206531586674e+00,-1.236794383680799081e+00,-1.943581519729489226e+00,-5.081663338045567357e+00,-6.007698409777738335e-02,-1.918367783635001933e+00
-3.641069929554113127e+00,-4.041924181104308289e-01,-5.227929887104608930e+00,-1.520448486775205943e+00,-1.662974206531586674e+00,-1.236794383680799081e+00,-1.943581519729489226e+00,-5.081663338045567357e+00,-6.007698409777738335e-02,-1.918367783635001933e+00
-3.641069929554113127e+00,-4.041924181104308289e-01,-5.227929887104608930e+00,-1.520448486775205943e+00,-1.662974206531586674e+00,-1.236794383680799081e+00,-1.943581519729489226e+00,-5.081663338045567357e+00,-6.007698409777738335e-02,-1.918367783635001933e+00
-3.641069929554113127e+00,-4.041924181104308289e-01,-5.227929887104608930e+00,-1.520448486775205943e+00,-1.662974206531586674e+00,-1.236794383680799081e+00,-1.943581519729489226e+00,-5.081663338045567357e+00,-6.007698409777738335e-02,-1.918367783635001933e+00
-3.641069929554113127e+00,-4.041924181104308289e-01,-5.227929887104608930e+00,-1.520448486775205943e+00,-1.662974206531586674e+00,-1.236794383680799081e+00,-1.943581519729489226e+00,-5.081663338045567357e+00,-6.007698409777738335e-02,-1.918367783635001933e+00
-3.641069929554113127e+00,-4.041924181104308289e-01,-5.227929887104608930e+00,-1.520448486775205943e+00,-1.662974206531586674e+00,-1.236794383680799081e+00,-1.943581519729489226e+00,-5.081663338045567357e+00,-6.007698409777738335e-02,-1.918367783635001933e+00
-3.641069929554113127e+00,-4.041924181104308289e-01,-5.227929887104608930e+00,-1.520448486775205943e+00,-1.662974206531586674e+00,-1.236794383680799081e+00,-1.943581519729489226e+00,-5.081663338045567357e+00,-6.007698409777738335e-02,-1.918367783635001933e+00
-3.641069929554113127e+00,-4.041924181104308289e-01,-5.227929887104608930e+00,-1.520448486775205943e+00,-1.662974206531586674e+00,-1.236794383680799081e+00,-1.943581519729489226e+00,-5.081663338045567357e+00,-6.007698409777738335e-02,-1.918367783635001933e+00
-4.582208803846702594e+00,-4.041924181104308289e-01,-5.227929887104608930e+00,-1.520448486775205943e+00,-1.662974206531586674e+00,-1.236794383680799081e+00,-1.943581519729489226e+00,-5.081663338045567357e+00,-6.007698409777738335e-02,-1.918367783635001933e+00
-4.582208803846702594e+00,-4.041924181104308289e-01,-5.407402666981485417e+00,-1.520448486775205943e+00,-1.662974206531586674e+00,-1.236794383680799081e+00,-1.943581519729489226e+00,-5.081663338045567357e+00,-6.007698409777738335e-02,-1.918367783635001933e+00
-4.582208803846702594e+00,-4.041924181104308289e-01,-5.407402666981485417e+00,-1.520448486775205943e+00,-1.662974206531586674e+00,-1.236794383680799081e+00,-1.943581519729489226e+00,-5.081663338045567357e+00,-6.007698409777738335e-02,-1.918367783635001933e+00
-4.582208803846702594e+00,-4.041924181104308289e-01,-5.407402666981485417e+00,-1.520448486775205943e+00,-1.662974206531586674e+00,-1.236794383680799081e+00,-1.943581519729489226e+00,-5.081663338045567357e+00,-6.007698409777738335e-02,-1.918367783635001933e+00
-4.582208803846702594e+00,-4.041924181104308289e-01,-5.407402666981485417e+00,-1.520448486775205943e+00,-1.662974206531586674e+00,-1.236794383680799081e+00,-1.943581519729489226e+00,-5.081663338045567357e+00,-6.007698409777738335e-02,-1.918367783635001933e+00
-4.582208803846702594e+00,-4.041924181104308289e-01,-5.407402666981485417e+00,-1.520448486775205943e+00,-1.779532478343555102e+00,-1.236794383680799081e+00,-1.943581519729489226e+00,-5.081663338045567357e+00,-6.007698409777738335e-02,-1.918367783635001933e+00
-4.582208803846702594e+00,-4.041924181104308289e-01,-5.407402666981485417e+00,-1.520448486775205943e+00,-1.779532478343555102e+00,-1.236794383680799081e+00,-1.943581519729489226e+00,-5.081663338045567357e+00,-6.007698409777738335e-02,-1.918367783635001933e+00
-4.582208803846702594e+00,-4.041924181104308289e-01,-5.407402666981485417e+00,-1.520448486775205943e+00,-1.779532478343555102e+00,-1.236794383680799081e+00,-1.943581519729489226e+00,-5.081663338045567357e+00,-6.007698409777738335e-02,-1.918367783635001933e+00
-4.582208803846702594e+00,-4.041924181104308289e-01,-5.407402666981485417e+00,-1.520448486775205943e+00,-1.779532478343555102e+00,-1.236794383680799081e+00,-1.943581519729489226e+00,-5.081663338045567357e+00,-6.007698409777738335e-02,-1.918367783635001933e+00
-4.582208803846702594e+00,-4.041924181104308289e-01,-5.407402666981485417e+00,-1.520448486775205943e+00,-1.779532478343555102e+00,-1.236794383680799081e+00,-1.943581519729489226e+00,-5.081663338045567357e+00,-6.007698409777738335e-02,-1.918367783635001933e+00
-4.582208803846702594e+00,-4.041924181104308289e-01,-5.407402666981485417e+00,-1.520448486775205943e+00,-1.779532478343555102e+00,-1.236794383680799081e+00,-1.943581519729489226e+00,-5.081663338045567357e+00,-6.007698409777738335e-02,-1.918367783635001933e+00
-4.582208803846702594e+00,-4.041924181104308289e-01,-5.407402666981485417e+00,-1.520448486775205943e+00,-1.779532478343555102e+00,-1.236794383680799081e+00,-1.943581519729489226e+00,-5.081663338045567357e+00,-6.007698409777738335e-02,-1.918367783635001933e+00
-4.582208803846702594e+00,-4.041924181104308289e-01,-5.407402666981485417e+00,-1.520448486775205943e+00,-1.779532478343555102e+00,-1.236794383680799081e+00,-1.943581519729489226e+00,-5.081663338045567357e+00,-6.007698409777738335e-02,-1.918367783635001933e+00
-4.582208803846702594e+00,-4.041924181104308289e-01,-5.407402666981485417e+00,-1.520448486775205943e+00,-1.779532478343555102e+00,-1.236794383680799081e+00,-1.943581519729489226e+00,-5.081663338045567357e+00,-6.007698409777738335e-02,-1.918367783635001933e+00
-4.582208803846702594e+00,-4.041924181104308289e-01,-5.407402666981485417e+00,-1.520448486775205943e+00,-1.779532478343555102e+00,-1.236794383680799081e+00,-1.943581519729489226e+00,-5.081663338045567357e+00,-6.007698409777738335e-02,-1.918367783635001933e+00
-4.582208803846702594e+00,-4.041924181104308289e-01,-5.407402666981485417e+00,-1.520448486775205943e+00,-1.779532478343555102e+00,-1.236794383680799081e+00,-1.943581519729489226e+00,-5.081663338045567357e+00,-6.007698409777738335e-02,-1.918367783635001933e+00
-4.582208803846702594e+00,-4.041924181104308289e-01,-5.407402666981485417e+00,-1.520448486775205943e+00,-1.779532478343555102e+00,-1.236794383680799081e+00,-1.954815343610425860e+00,-5.081663338045567357e+00,-6.007698409777738335e-02,-1.918367783635001933e+00
-4.582208803846702594e+00,-4.041924181104308289e-01,-5.407402666981485417e+00,-1.520448486775205943e+00,-1.779532478343555102e+00,-1.236794383680799081e+00,-1.954815343610425860e+00,-5.081663338045567357e+00,-6.007698409777738335e-02,-1.918367783635001933e+00
-4.582208803846702594e+00,-4.041924181104308289e-01,-5.407402666981485417e+00,-1.520448486775205943e+00,-1.779532478343555102e+00,-1.236794383680799081e+00,-1.954815343610425860e+00,-5.081663338045567357e+00,-6.007698409777738335e-02,-1.918367783635001933e+00
-4.582208803846702594e+00,-4.041924181104308289e-01,-5.407402666981485417e+00,-1.520448486775205943e+00,-1.779532478343555102e+00,-1.236794383680799081e+00,-1.954815343610425860e+00,-5.081663338045567357e+00,-6.007698409777738335e-02,-1.918367783635001933e+00
-4.582208803846702594e+00,-4.041924181104308289e-01,-5.407402666981485417e+00,-1.520448486775205943e+00,-1.779532478343555102e+00,-1.236794383680799081e+00,-1.954815343610425860e+00,-5.081663338045567357e+00,-6.007698409777738335e-02,-1.918367783635001933e+00
-4.582208803846702594e+00,-4.041924181104308289e-01,-5.407402666981485417e+00,-1.520448486775205943e+00,-1.779532478343555102e+00,-1.236794383680799081e+00,-1.954815343610425860e+00,-5.081663338045567357e+00,-1.266608102095133637e-01,-1.918367783635001933e+00
-4.582208803846702594e+00,-4.041924181104308289e-01,-5.407402666981485417e+00,-1.520448486775205943e+00,-1.779532478343555102e+00,-1.236794383680799081e+00,-1.954815343610425860e+00,-5.081663338045567357e+00,-1.266608102095133637e-01,-1.918367783635001933e+00
-4.582208803846702594e+00,-4.041924181104308289e-01,-5.407402666981485417e+00,-1.520448486775205943e+00,-1.779532478343555102e+00,-1.236794383680799081e+00,-1.954815343610425860e+00,-5.081663338045567357e+00,-1.266608102095133637e-01,-2.312893405406056591e+00
-4.582208803846702594e+00,-4.041924181104308289e-01,-5.407402666981485417e+00,-1.520448486775205943e+00,-1.779532478343555102e+00,-1.236794383680799081e+00,-1.954815343610425860e+00,-5.081663338045567357e+00,-3.635530381203042061e-01,-2.312893405406056591e+00
-4.582208803846702594e+00,-4.041924181104308289e-01,-5.407402666981485417e+00,-1.520448486775205943e+00,-1.779532478343555102e+00,-1.256199763794624946e+00,-1.954815343610425860e+00,-5.081663338045567357e+00,-3.635530381203042061e-01,-2.312893405406056591e+00
-4.582208803846702594e+00,-4.041924181104308289e-01,-5.407402666981485417e+00,-1.520448486775205943e+00,-1.779532478343555102e+00,-1.256199763794624946e+00,-1.954815343610425860e+00,-5.081663338045567357e+00,-3.635530381203042061e-01,-2.312893405406056591e+00
-4.582208803846702594e+00,-4.041924181104308289e-01,-5.407402666981485417e+00,-1.520448486775205943e+00,-1.779532478343555102e+00,-1.256199763794624946e+00,-1.954815343610425860e+00,-5.081663338045567357e+00,-3.635530381203042061e-01,-2.312893405406056591e+00
-4.582208803846702594e+00,-4.041924181104308289e-01,-5.407402666981485417e+00,-1.520448486775205943e+00,-1.868200055471356036e+00,-1.256199763794624946e+00,-1.954815343610425860e+00,-5.081663338045567357e+00,-3.635530381203042061e-01,-2.312893405406056591e+00
-4.582208803846702594e+00,-4.041924181104308289e-01,-5.407402666981485417e+00,-1.520448486775205943e+00,-1.868200055471356036e+00,-1.256199763794624946e+00,-2.234321528405361246e+00,-5.081663338045567357e+00,-3.635530381203042061e-01,-2.312893405406056591e+00
-4.582208803846702594e+00,-4.041924181104308289e-01,-5.407402666981485417e+00,-1.520448486775205943e+00,-1.868200055471356036e+00,-1.256199763794624946e+00,-2.234321528405361246e+00,-5.081663338045567357e+00,-3.635530381203042061e-01,-2.312893405406056591e+00
-4.582208803846702594e+00,-4.041924181104308289e-01,-5.407402666981485417e+00,-1.520448486775205943e+00,-1.868200055471356036e+00,-1.256199763794624946e+00,-2.234321528405361246e+00,-5.081663338045567357e+00,-3.635530381203042061e-01,-2.312893405406056591e+00
-4.582208803846702594e+00,-4.041924181104308289e-01,-5.407402666981485417e+00,-1.520448486775205943e+00,-1.868200055471356036e+00,-1.256199763794624946e+00,-2.234321528405361246e+00,-5.081663338045567357e+00,-3.635530381203042061e-01,-2.312893405406056591e+00
-4.582208803846702594e+00,-4.041924181104308289e-01,-5.407402666981485417e+00,-1.520448486775205943e+00,-1.868200055471356036e+00,-1.256199763794624946e+00,-2.234321528405361246e+00,-5.081663338045567357e+00,-3.635530381203042061e-01,-2.312893405406056591e+00
-4.582208803846702594e+00,-4.041924181104308289e-01,-5.407402666981485417e+00,-1.520448486775205943e+00,-1.868200055471356036e+00,-1.256199763794624946e+00,-2.234321528405361246e+00,-5.081663338045567357e+00,-3.635530381203042061e-01,-2.312893405406056591e+00
-4.582208803846702594e+00,-4.041924181104308289e-01,-5.407402666981485417e+00,-1.520448486775205943e+00,-1.868200055471356036e+00,-1.256199763794624946e+00,-2.234321528405361246e+00,-5.081663338045567357e+00,-3.635530381203042061e-01,-2.312893405406056591e+00
-4.582208803846702594e+00,-4.041924181104308289e-01,-5.407402666981485417e+00,-1.520448486775205943e+00,-1.868200055471356036e+00,-1.256199763794624946e+00,-2.234321528405361246e+00,-5.081663338045567357e+00,-3.635530381203042061e-01,-2.312893405406056591e+00
-4.582208803846702594e+00,-4.041924181104308289e-01,-5.407402666981485417e+00,-1.520448486775205943e+00,-1.868200055471356036e+00,-1.256199763794624946e+00,-2.234321528405361246e+00,-5.081663338045567357e+00,-3.635530381203042061e-01,-2.312893405406056591e+00
-4.582208803846702594e+00,-4.041924181104308289e-01,-5.407402666981485417e+00,-1.520448486775205943e+00,-1.868200055471356036e+00,-1.256199763794624946e+00,-2.234321528405361246e+00,-5.081663338045567357e+00,-3.635530381203042061e-01,-2.312893405406056591e+00
-4.582208803846702594e+00,-4.041924181104308289e-01,-5.407402666981485417e+00,-1.520448486775205943e+00,-2.312779039175757223e+00,-1.256199763794624946e+00,-2.234321528405361246e+00,-5.081663338045567357e+00,-3.635530381203042061e-01,-2.312893405406056591e+00
-4.582208803846702594e+00,-4.041924181104308289e-01,-5.407402666981485417e+00,-1.520448486775205943e+00,-2.312779039175757223e+00,-1.256199763794624946e+00,-2.234321528405361246e+00,-5.081663338045567357e+00,-3.635530381203042061e-01,-2.312893405406056591e+00
-4.582208803846702594e+00,-4.526366489756008527e-01,-5.407402666981485417e+00,-1.520448486775205943e+00,-2.312779039175757223e+00,-1.256199763794624946e+00,-2.234321528405361246e+00,-5.081663338045567357e+00,-3.635530381203042061e-01,-2.312893405406056591e+00
-4.582208803846702594e+00,-4.526366489756008527e-01,-5.407402666981485417e+00,-1.520448486775205943e+00,-2.312779039175757223e+00,-1.256199763794624946e+00,-2.234321528405361246e+00,-5.081663338045567357e+00,-3.635530381203042061e-01,-2.312893405406056591e+00
-4.582208803846702594e+00,-4.526366489756008527e-01,-5.407402666981485417e+00,-1.520448486775205943e+00,-2.312779039175757223e+00,-1.256199763794624946e+00,-2.234321528405361246e+00,-5.081663338045567357e+00,-3.635530381203042061e-01,-2.312893405406056591e+00
-4.582208803846702594e+00,-4.526366489756008527e-01,-5.407402666981485417e+00,-1.520448486775205943e+00,-2.312779039175757223e+00,-1.256199763794624946e+00,-2.234321528405361246e+00,-5.081663338045567357e+00,-3.635530381203042061e-01,-2.312893405406056591e+00
-4.582208803846702594e+00,-4.526366489756008527e-01,-5.407402666981485417e+00,-1.520448486775205943e+00,-2.312779039175757223e+00,-1.256199763794624946e+00,-2.234321528405361246e+00,-5.081663338045567357e+00,-3.635530381203042061e-01,-2.312893405406056591e+00
-4.582208803846702594e+00,-4.526366489756008527e-01,-5.407402666981485417e+00,-1.520448486775205943e+00,-2.312779039175757223e+00,-1.256199763794624946e+00,-2.234321528405361246e+00,-5.240614064112378401e+00,-3.635530381203042061e-01,-2.312893405406056591e+00
-4.582208803846702594e+00,-4.526366489756008527e-01,-5.407402666981485417e+00,-1.520448486775205943e+00,-2.312779039175757223e+00,-1.256199763794624946e+00,-2.234321528405361246e+00,-5.240614064112378401e+00,-3.635530381203042061e-01,-2.312893405406056591e+00
-4.582208803846702594e+00,-4.526366489756008527e-01,-5.407402666981485417e+00,-1.520448486775205943e+00,-2.312779039175757223e+00,-1.269342575025980580e+00,-2.234321528405361246e+00,-5.240614064112378401e+00,-3.635530381203042061e-01,-2.312893405406056591e+00
-4.582208803846702594e+00,-9.800792953066901347e-01,-5.407402666981485417e+00,-1.520448486775205943e+00,-2.312779039175757223e+00,-1.269342575025980580e+00,-2.234321528405361246e+00,-5.240614064112378401e+00,-3.635530381203042061e-01,-2.312893405406056591e+00
-4.582208803846702594e+00,-9.800792953066901347e-01,-5.407402666981485417e+00,-1.520448486775205943e+00,-2.312779039175757223e+00,-1.269342575025980580e+00,-2.234321528405361246e+00,-5.240614064112378401e+00,-3.635530381203042061e-01,-2.312893405406056591e+00
-4.582208803846702594e+00,-9.800792953066901347e-01,-6.078435239958780656e+00,-1.520448486775205943e+00,-2.312779039175757223e+00,-1.269342575025980580e+00,-2.234321528405361246e+00,-5.240614064112378401e+00,-3.635530381203042061e-01,-2.312893405406056591e+00
-4.582208803846702594e+00,-9.800792953066901347e-01,-6.078435239958780656e+00,-1.520448486775205943e+00,-2.312779039175757223e+00,-1.269342575025980580e+00,-2.234321528405361246e+00,-5.240614064112378401e+00,-3.635530381203042061e-01,-2.312893405406056591e+00
-4.582208803846702594e+00,-9.800792953066901347e-01,-6.078435239958780656e+00,-1.520448486775205943e+00,-2.312779039175757223e+00,-1.269342575025980580e+00,-2.234321528405361246e+00,-5.240614064112378401e+00,-3.635530381203042061e-01,-2.312893405406056591e+00
-4.582208803846702594e+00,-9.800792953066901347e-01,-6.078435239958780656e+00,-1.520448486775205943e+00,-2.312779039175757223e+00,-1.269342575025980580e+00,-2.234321528405361246e+00,-5.240614064112378401e+00,-3.635530381203042061e-01,-2.312893405406056591e+00
-4.582208803846702594e+00,-9.800792953066901347e-01,-6.078435239958780656e+00,-1.520448486775205943e+00,-2.312779039175757223e+00,-1.269342575025980580e+00,-2.234321528405361246e+00,-5.240614064112378401e+00,-3.635530381203042061e-01,-2.312893405406056591e+00
-4.582208803846702594e+00,-9.800792953066901347e-01,-6.078435239958780656e+00,-1.520448486775205943e+00,-2.312779039175757223e+00,-1.269342575025980580e+00,-2.234321528405361246e+00,-5.240614064112378401e+00,-3.635530381203042061e-01,-2.312893405406056591e+00
-4.582208803846702594e+00,-9.800792953066901347e-01,-6.078435239958780656e+00,-1.520448486775205943e+00,-2.312779039175757223e+00,-1.269342575025980580e+00,-2.234321528405361246e+00,-5.240614064112378401e+00,-3.635530381203042061e-01,-2.312893405406056591e+00
-4.582208803846702594e+00,-9.800792953066901347e-01,-6.078435239958780656e+00,-1.520448486775205943e+00,-2.312779039175757223e+00,-1.269342575025980580e+00,-2.234321528405361246e+00,-5.240614064112378401e+00,-3.868279452036325061e-01,-2.312893405406056591e+00
-4.582208803846702594e+00,-9.800792953066901347e-01,-6.078435239958780656e+00,-1.520448486775205943e+00,-2.312779039175757223e+00,-1.269342575025980580e+00,-2.234321528405361246e+00,-5.240614064112378401e+00,-3.868279452036325061e-01,-2.312893405406056591e+00
-4.582208803846702594e+00,-9.800792953066901347e-01,-6.078435239958780656e+00,-1.520448486775205943e+00,-2.312779039175757223e+00,-1.269342575025980580e+00,-2.234321528405361246e+00,-5.240614064112378401e+00,-3.868279452036325061e-01,-2.312893405406056591e+00
-4.582208803846702594e+00,-9.800792953066901347e-01,-6.078435239958780656e+00,-1.520448486775205943e+00,-2.312779039175757223e+00,-1.269342575025980580e+00,-2.234321528405361246e+00,-5.240614064112378401e+00,-3.868279452036325061e-01,-2.312893405406056591e+00
-4.582208803846702594e+00,-9.800792953066901347e-01,-6.078435239958780656e+00,-1.520448486775205943e+00,-2.312779039175757223e+00,-1.269342575025980580e+00,-2.234321528405361246e+00,-5.240614064112378401e+00,-3.868279452036325061e-01,-2.312893405406056591e+00
-4.582208803846702594e+00,-9.800792953066901347e-01,-6.078435239958780656e+00,-1.520448486775205943e+00,-2.312779039175757223e+00,-1.269342575025980580e+00,-2.234321528405361246e+00,-5.240614064112378401e+00,-3.868279452036325061e-01,-2.312893405406056591e+00
-4.582208803846702594e+00,-9.800792953066901347e-01,-6.078435239958780656e+00,-1.520448486775205943e+00,-2.312779039175757223e+00,-1.269342575025980580e+00,-2.234321528405361246e+00,-5.240614064112378401e+00,-3.868279452036325061e-01,-2.312893405406056591e+00
-4.582208803846702594e+00,-9.800792953066901347e-01,-6.078435239958780656e+00,-1.520448486775205943e+00,-2.312779039175757223e+00,-1.269342575025980580e+00,-2.234321528405361246e+00,-5.240614064112378401e+00,-3.868279452036325061e-01,-2.312893405406056591e+00
-4.582208803846702594e+00,-9.800792953066901347e-01,-6.078435239958780656e+00,-1.520448486775205943e+00,-2.312779039175757223e+00,-1.269342575025980580e+00,-2.234321528405361246e+00,-5.240614064112378401e+00,-3.868279452036325061e-01,-2.312893405406056591e+00
-4.582208803846702594e+00,-9.800792953066901347e-01,-6.078435239958780656e+00,-1.520448486775205943e+00,-2.312779039175757223e+00,-1.269342575025980580e+00,-2.643754171627667571e+00,-5.240614064112378401e+00,-3.868279452036325061e-01,-2.312893405406056591e+00
-4.582208803846702594e+00,-9.800792953066901347e-01,-6.078435239958780656e+00,-1.520448486775205943e+00,-2.312779039175757223e+00,-1.548375523217971894e+00,-2.643754171627667571e+00,-5.240614064112378401e+00,-3.868279452036325061e-01,-2.312893405406056591e+00
-4.582208803846702594e+00,-9.800792953066901347e-01,-6.078435239958780656e+00,-1.520448486775205943e+00,-2.312779039175757223e+00,-1.548375523217971894e+00,-2.643754171627667571e+00,-5.240614064112378401e+00,-3.868279452036325061e-01,-2.312893405406056591e+00
-4.582208803846702594e+00,-9.800792953066901347e-01,-6.078435239958780656e+00,-1.520448486775205943e+00,-2.312779039175757223e+00,-1.548375523217971894e+00,-2.643754171627667571e+00,-5.240614064112378401e+00,-3.868279452036325061e-01,-2.312893405406056591e+00
-4.582208803846702594e+00,-9.800792953066901347e-01,-6.078435239958780656e+00,-1.520448486775205943e+00,-2.312779039175757223e+00,-1.548375523217971894e+00,-2.643754171627667571e+00,-5.240614064112378401e+00,-3.868279452036325061e-01,-2.997932512176442188e+00
-4.582208803846702594e+00,-9.800792953066901347e-01,-6.078435239958780656e+00,-1.520448486775205943e+00,-2.312779039175757223e+00,-1.548375523217971894e+00,-2.643754171627667571e+00,-5.240614064112378401e+00,-3.868279452036325061e-01,-2.997932512176442188e+00
-4.582208803846702594e+00,-9.800792953066901347e-01,-6.078435239958780656e+00,-1.520448486775205943e+00,-2.312779039175757223e+00,-1.548375523217971894e+00,-2.643754171627667571e+00,-5.240614064112378401e+00,-3.868279452036325061e-01,-2.997932512176442188e+00
-4.582208803846702594e+00,-9.800792953066901347e-01,-6.078435239958780656e+00,-1.520448486775205943e+00,-2.312779039175757223e+00,-1.548375523217971894e+00,-2.643754171627667571e+00,-5.240614064112378401e+00,-3.868279452036325061e-01,-2.997932512176442188e+00
-4.582208803846702594e+00,-9.800792953066901347e-01,-6.078435239958780656e+00,-1.520448486775205943e+00,-2.312779039175757223e+00,-1.548375523217971894e+00,-2.643754171627667571e+00,-5.240614064112378401e+00,-3.868279452036325061e-01,-2.997932512176442188e+00
-4.582208803846702594e+00,-9.800792953066901347e-01,-6.078435239958780656e+00,-1.520448486775205943e+00,-2.312779039175757223e+00,-1.548375523217971894e+00,-2.643754171627667571e+00,-5.240614064112378401e+00,-3.868279452036325061e-01,-2.997932512176442188e+00
-4.582208803846702594e+00,-9.800792953066901347e-01,-6.078435239958780656e+00,-1.520448486775205943e+00,-2.312779039175757223e+00,-1.548375523217971894e+00,-2.643754171627667571e+00,-5.240614064112378401e+00,-3.868279452036325061e-01,-2.997932512176442188e+00
-4.582208803846702594e+00,-1.080651932002039795e+00,-6.078435239958780656e+00,-1.520448486775205943e+00,-2.312779039175757223e+00,-1.548375523217971894e+00,-3.087629000927803347e+00,-5.240614064112378401e+00,-3.868279452036325061e-01,-2.997932512176442188e+00
