1.039526653818166668e+00,-6.181917704013215609e-01,2.866864353817112576e+00,1.331779969638852368e+00,1.761557293186242878e+00,-1.193518685242370703e+00,4.596002881050942790e+00,3.377971565201979942e+00,-6.173504934502646035e-01,4.263544185947244713e+00
9.476894085086197128e-01,-6.181917704013215609e-01,1.620183378648204275e+00,1.382493823463542271e-01,2.740722622630831218e-01,-1.193518685242370703e+00,4.596002881050942790e+00,1.831164035946619917e+00,-1.497695108684457654e+00,-1.576926409211180102e+00
9.476894085086197128e-01,-1.172271175818216937e+00,9.897567632879668009e-01,1.736958527369628427e-02,2.740722622630831218e-01,-1.193518685242370703e+00,3.048416082763359292e+00,1.831164035946619917e+00,-1.497695108684457654e+00,-1.981861364418955995e+00
9.476894085086197128e-01,-1.172271175818216937e+00,8.041578442468987342e-01,1.736958527369628427e-02,-1.844670772790556690e+00,-1.193518685242370703e+00,7.399587547093730011e-01,1.831164035946619917e+00,-2.197995533497344223e+00,-1.981861364418955995e+00
5.535633589802829713e-01,-1.172271175818216937e+00,7.867589139032498124e-01,1.736958527369628427e-02,-1.844670772790556690e+00,-1.263011545948431458e+00,7.399587547093730011e-01,1.831164035946619917e+00,-2.197995533497344223e+00,-1.981861364418955995e+00
5.535633589802829713e-01,-1.172271175818216937e+00,7.867589139032498124e-01,1.736958527369628427e-02,-1.844670772790556690e+00,-1.263011545948431458e+00,7.399587547093730011e-01,1.831164035946619917e+00,-2.197995533497344223e+00,-1.981861364418955995e+00
4.057321955218415321e-01,-1.646564507261733867e+00,6.323403721123136423e-01,1.736958527369628427e-02,-1.844670772790556690e+00,-1.692414943910676151e+00,7.399587547093730011e-01,1.831164035946619917e+00,-2.197995533497344223e+00,-1.981861364418955995e+00
4.057321955218415321e-01,-1.646564507261733867e+00,-7.925210010841987618e-01,1.736958527369628427e-02,-1.844670772790556690e+00,-1.692414943910676151e+00,7.399587547093730011e-01,1.831164035946619917e+00,-2.197995533497344223e+00,-1.981861364418955995e+00
4.057321955218415321e-01,-2.271686801650012910e+00,-8.961221153592155986e-01,1.736958527369628427e-02,-1.844670772790556690e+00,-1.692414943910676151e+00,7.399587547093730011e-01,1.831164035946619917e+00,-2.197995533497344223e+00,-1.981861364418955995e+00
4.057321955218415321e-01,-2.271686801650012910e+00,-8.961221153592155986e-01,1.736958527369628427e-02,-1.844670772790556690e+00,-1.692414943910676151e+00,4.655326366117001347e-01,1.332872109276012074e+00,-2.197995533497344223e+00,-1.981861364418955995e+00
4.057321955218415321e-01,-2.271686801650012910e+00,-1.182116029657229062e+00,1.736958527369628427e-02,-1.844670772790556690e+00,-1.692414943910676151e+00,4.655326366117001347e-01,1.332872109276012074e+00,-2.741363836221319961e+00,-1.981861364418955995e+00
4.057321955218415321e-01,-2.271686801650012910e+00,-1.182116029657229062e+00,1.736958527369628427e-02,-1.844670772790556690e+00,-1.692414943910676151e+00,4.655326366117001347e-01,1.332872109276012074e+00,-2.741363836221319961e+00,-1.981861364418955995e+00
4.057321955218415321e-01,-2.271686801650012910e+00,-1.182116029657229062e+00,1.736958527369628427e-02,-1.844670772790556690e+00,-1.692414943910676151e+00,4.655326366117001347e-01,1.332872109276012074e+00,-2.741363836221319961e+00,-1.981861364418955995e+00
4.057321955218415321e-01,-2.271686801650012910e+00,-1.182116029657229062e+00,1.736958527369628427e-02,-1.844670772790556690e+00,-1.692414943910676151e+00,4.655326366117001347e-01,1.332872109276012074e+00,-2.741363836221319961e+00,-4.485177023965666088e+00
4.057321955218415321e-01,-2.569468892569985563e+00,-1.182116029657229062e+00,1.736958527369628427e-02,-1.844670772790556690e+00,-1.692414943910676151e+00,4.655326366117001347e-01,1.332872109276012074e+00,-2.741363836221319961e+00,-4.485177023965666088e+00
4.057321955218415321e-01,-2.569468892569985563e+00,-1.182116029657229062e+00,1.736958527369628427e-02,-1.844670772790556690e+00,-1.692414943910676151e+00,1.169304740805824500e-01,9.590186642904345860e-01,-3.390433314901536654e+00,-4.485177023965666088e+00
4.057321955218415321e-01,-2.569468892569985563e+00,-1.182116029657229062e+00,1.736958527369628427e-02,-1.844670772790556690e+00,-1.692414943910676151e+00,1.169304740805824500e-01,9.590186642904345860e-01,-3.390433314901536654e+00,-4.485177023965666088e+00
4.057321955218415321e-01,-2.569468892569985563e+00,-1.182116029657229062e+00,1.736958527369628427e-02,-1.844670772790556690e+00,-1.692414943910676151e+00,1.169304740805824500e-01,9.590186642904345860e-01,-3.390433314901536654e+00,-4.485177023965666088e+00
4.057321955218415321e-01,-2.569468892569985563e+00,-1.182116029657229062e+00,1.736958527369628427e-02,-1.844670772790556690e+00,-1.692414943910676151e+00,1.169304740805824500e-01,9.590186642904345860e-01,-3.390433314901536654e+00,-4.485177023965666088e+00
-7.981844169028270985e-02,-2.569468892569985563e+00,-1.182116029657229062e+00,1.736958527369628427e-02,-1.844670772790556690e+00,-1.692414943910676151e+00,1.169304740805824500e-01,6.914779238978858711e-01,-3.390433314901536654e+00,-4.485177023965666088e+00
-7.981844169028270985e-02,-2.569468892569985563e+00,-1.182116029657229062e+00,1.736958527369628427e-02,-1.844670772790556690e+00,-1.692414943910676151e+00,1.169304740805824500e-01,6.390709441334231355e-01,-3.390433314901536654e+00,-4.485177023965666088e+00
-7.981844169028270985e-02,-2.569468892569985563e+00,-1.182116029657229062e+00,1.736958527369628427e-02,-1.844670772790556690e+00,-1.692414943910676151e+00,1.169304740805824500e-01,6.390709441334231355e-01,-3.390433314901536654e+00,-4.485177023965666088e+00
-7.981844169028270985e-02,-2.569468892569985563e+00,-1.182116029657229062e+00,1.736958527369628427e-02,-1.844670772790556690e+00,-1.692414943910676151e+00,1.169304740805824500e-01,6.390709441334231355e-01,-3.390433314901536654e+00,-4.485177023965666088e+00
-7.981844169028270985e-02,-2.569468892569985563e+00,-1.182116029657229062e+00,1.736958527369628427e-02,-1.844670772790556690e+00,-1.692414943910676151e+00,1.169304740805824500e-01,6.390709441334231355e-01,-3.390433314901536654e+00,-4.485177023965666088e+00
-7.981844169028270985e-02,-2.569468892569985563e+00,-1.182116029657229062e+00,1.736958527369628427e-02,-3.508148397759493609e+00,-1.692414943910676151e+00,1.169304740805824500e-01,9.112827259164905935e-02,-3.390433314901536654e+00,-4.485177023965666088e+00
-7.981844169028270985e-02,-2.569468892569985563e+00,-1.182116029657229062e+00,1.736958527369628427e-02,-3.508148397759493609e+00,-1.692414943910676151e+00,-8.225329917646391487e-02,9.112827259164905935e-02,-3.390433314901536654e+00,-4.485177023965666088e+00
-7.981844169028270985e-02,-2.569468892569985563e+00,-1.182116029657229062e+00,1.736958527369628427e-02,-3.508148397759493609e+00,-1.692414943910676151e+00,-8.225329917646391487e-02,9.112827259164905935e-02,-3.390433314901536654e+00,-4.485177023965666088e+00
-7.981844169028270985e-02,-2.569468892569985563e+00,-1.182116029657229062e+00,1.736958527369628427e-02,-3.508148397759493609e+00,-1.692414943910676151e+00,-8.225329917646391487e-02,9.112827259164905935e-02,-3.390433314901536654e+00,-4.485177023965666088e+00
-5.062422354106436151e-01,-2.569468892569985563e+00,-1.182116029657229062e+00,1.736958527369628427e-02,-3.508148397759493609e+00,-1.692414943910676151e+00,-8.225329917646391487e-02,9.112827259164905935e-02,-3.390433314901536654e+00,-4.485177023965666088e+00
-5.062422354106436151e-01,-2.569468892569985563e+00,-1.182116029657229062e+00,-4.887727317556198048e-02,-3.508148397759493609e+00,-1.692414943910676151e+00,-3.911745518134667199e-01,9.112827259164905935e-02,-3.390433314901536654e+00,-4.485177023965666088e+00
-5.062422354106436151e-01,-2.569468892569985563e+00,-1.182116029657229062e+00,-4.887727317556198048e-02,-3.508148397759493609e+00,-1.692414943910676151e+00,-3.911745518134667199e-01,9.112827259164905935e-02,-3.390433314901536654e+00,-4.485177023965666088e+00
-5.062422354106436151e-01,-2.569468892569985563e+00,-1.850469302416213990e+00,-4.887727317556198048e-02,-3.508148397759493609e+00,-1.692414943910676151e+00,-1.113884785931259058e+00,9.112827259164905935e-02,-3.390433314901536654e+00,-4.485177023965666088e+00
-5.062422354106436151e-01,-2.569468892569985563e+00,-1.850469302416213990e+00,-4.887727317556198048e-02,-3.508148397759493609e+00,-1.692414943910676151e+00,-1.113884785931259058e+00,9.112827259164905935e-02,-3.390433314901536654e+00,-4.485177023965666088e+00
-5.062422354106436151e-01,-2.569468892569985563e+00,-1.850469302416213990e+00,-4.887727317556198048e-02,-3.508148397759493609e+00,-1.692414943910676151e+00,-1.113884785931259058e+00,9.112827259164905935e-02,-3.390433314901536654e+00,-4.485177023965666088e+00
-5.062422354106436151e-01,-2.569468892569985563e+00,-1.850469302416213990e+00,-4.887727317556198048e-02,-3.508148397759493609e+00,-1.692414943910676151e+00,-1.113884785931259058e+00,9.112827259164905935e-02,-3.390433314901536654e+00,-4.485177023965666088e+00
-5.062422354106436151e-01,-2.569468892569985563e+00,-1.850469302416213990e+00,-4.887727317556198048e-02,-3.508148397759493609e+00,-1.692414943910676151e+00,-1.113884785931259058e+00,9.112827259164905935e-02,-3.390433314901536654e+00,-4.485177023965666088e+00
-5.062422354106436151e-01,-2.569468892569985563e+00,-1.850469302416213990e+00,-4.887727317556198048e-02,-3.508148397759493609e+00,-1.692414943910676151e+00,-1.113884785931259058e+00,2.491472009356711370e-02,-3.390433314901536654e+00,-4.485177023965666088e+00
-5.062422354106436151e-01,-2.569468892569985563e+00,-1.850469302416213990e+00,-4.887727317556198048e-02,-3.508148397759493609e+00,-1.692414943910676151e+00,-2.373558787182846075e+00,2.491472009356711370e-02,-3.390433314901536654e+00,-4.485177023965666088e+00
-5.062422354106436151e-01,-2.569468892569985563e+00,-1.850469302416213990e+00,-4.887727317556198048e-02,-3.508148397759493609e+00,-1.692414943910676151e+00,-2.373558787182846075e+00,2.491472009356711370e-02,-3.390433314901536654e+00,-4.485177023965666088e+00
-5.062422354106436151e-01,-2.569468892569985563e+00,-1.850469302416213990e+00,-4.887727317556198048e-02,-3.508148397759493609e+00,-1.692414943910676151e+00,-2.373558787182846075e+00,2.491472009356711370e-02,-3.390433314901536654e+00,-4.485177023965666088e+00
-5.062422354106436151e-01,-2.569468892569985563e+00,-1.850469302416213990e+00,-4.887727317556198048e-02,-3.508148397759493609e+00,-1.692414943910676151e+00,-2.373558787182846075e+00,2.491472009356711370e-02,-3.390433314901536654e+00,-4.485177023965666088e+00
-5.062422354106436151e-01,-2.569468892569985563e+00,-1.850469302416213990e+00,-4.887727317556198048e-02,-3.508148397759493609e+00,-1.692414943910676151e+00,-2.373558787182846075e+00,2.491472009356711370e-02,-3.390433314901536654e+00,-4.485177023965666088e+00
-5.062422354106436151e-01,-2.569468892569985563e+00,-1.850469302416213990e+00,-4.887727317556198048e-02,-3.508148397759493609e+00,-1.692414943910676151e+00,-2.373558787182846075e+00,-6.356490725200421021e-01,-3.390433314901536654e+00,-4.485177023965666088e+00
-5.062422354106436151e-01,-2.569468892569985563e+00,-1.850469302416213990e+00,-4.887727317556198048e-02,-3.508148397759493609e+00,-1.692414943910676151e+00,-2.373558787182846075e+00,-6.356490725200421021e-01,-3.390433314901536654e+00,-4.485177023965666088e+00
-5.062422354106436151e-01,-2.569468892569985563e+00,-1.850469302416213990e+00,-4.887727317556198048e-02,-3.508148397759493609e+00,-1.692414943910676151e+00,-2.808866582686405433e+00,-6.356490725200421021e-01,-3.390433314901536654e+00,-4.485177023965666088e+00
-5.062422354106436151e-01,-2.569468892569985563e+00,-1.850469302416213990e+00,-4.887727317556198048e-02,-3.508148397759493609e+00,-1.692414943910676151e+00,-2.808866582686405433e+00,-6.356490725200421021e-01,-3.769569720763985110e+00,-4.485177023965666088e+00
-6.623531580944981290e-01,-2.627980701694957233e+00,-1.850469302416213990e+00,-4.887727317556198048e-02,-3.508148397759493609e+00,-1.692414943910676151e+00,-2.808866582686405433e+00,-7.549989784895666523e-01,-3.769569720763985110e+00,-4.485177023965666088e+00
-6.623531580944981290e-01,-2.627980701694957233e+00,-1.850469302416213990e+00,-4.887727317556198048e-02,-3.508148397759493609e+00,-2.345819580258904136e+00,-3.195462252712998996e+00,-7.549989784895666523e-01,-3.769569720763985110e+00,-4.485177023965666088e+00
-6.623531580944981290e-01,-2.652434548394881908e+00,-1.850469302416213990e+00,-4.887727317556198048e-02,-4.111621329466339070e+00,-2.345819580258904136e+00,-3.195462252712998996e+00,-7.549989784895666523e-01,-3.769569720763985110e+00,-4.485177023965666088e+00
-6.623531580944981290e-01,-2.652434548394881908e+00,-1.850469302416213990e+00,-4.887727317556198048e-02,-4.111621329466339070e+00,-2.345819580258904136e+00,-3.195462252712998996e+00,-7.549989784895666523e-01,-3.769569720763985110e+00,-4.485177023965666088e+00
-6.623531580944981290e-01,-2.727243829410059384e+00,-1.850469302416213990e+00,-1.536183990711628422e-01,-4.111621329466339070e+00,-2.345819580258904136e+00,-3.195462252712998996e+00,-7.549989784895666523e-01,-3.769569720763985110e+00,-4.485177023965666088e+00
-6.623531580944981290e-01,-2.727243829410059384e+00,-1.850469302416213990e+00,-1.536183990711628422e-01,-4.111621329466339070e+00,-2.345819580258904136e+00,-3.195462252712998996e+00,-7.549989784895666523e-01,-3.769569720763985110e+00,-4.485177023965666088e+00
-6.623531580944981290e-01,-2.727243829410059384e+00,-1.850469302416213990e+00,-1.536183990711628422e-01,-4.111621329466339070e+00,-2.345819580258904136e+00,-3.195462252712998996e+00,-7.549989784895666523e-01,-3.769569720763985110e+00,-4.485177023965666088e+00
-6.623531580944981290e-01,-2.727243829410059384e+00,-1.850469302416213990e+00,-1.536183990711628422e-01,-4.111621329466339070e+00,-2.345819580258904136e+00,-3.226541328204219905e+00,-7.549989784895666523e-01,-3.769569720763985110e+00,-4.485177023965666088e+00
-6.623531580944981290e-01,-2.727243829410059384e+00,-1.850469302416213990e+00,-1.536183990711628422e-01,-4.111621329466339070e+00,-2.345819580258904136e+00,-3.226541328204219905e+00,-7.549989784895666523e-01,-3.769569720763985110e+00,-4.485177023965666088e+00
-6.623531580944981290e-01,-2.727243829410059384e+00,-1.850469302416213990e+00,-1.536183990711628422e-01,-4.111621329466339070e+00,-2.345819580258904136e+00,-3.226541328204219905e+00,-7.549989784895666523e-01,-3.769569720763985110e+00,-4.485177023965666088e+00
-6.623531580944981290e-01,-2.727243829410059384e+00,-1.850469302416213990e+00,-1.536183990711628422e-01,-4.111621329466339070e+00,-2.345819580258904136e+00,-3.226541328204219905e+00,-7.549989784895666523e-01,-3.769569720763985110e+00,-4.485177023965666088e+00
-6.623531580944981290e-01,-2.727243829410059384e+00,-1.850469302416213990e+00,-1.536183990711628422e-01,-4.111621329466339070e+00,-2.788103117731593805e+00,-3.226541328204219905e+00,-7.549989784895666523e-01,-3.769569720763985110e+00,-4.485177023965666088e+00
-6.623531580944981290e-01,-2.727243829410059384e+00,-1.850469302416213990e+00,-1.536183990711628422e-01,-4.111621329466339070e+00,-3.567661539032391804e+00,-3.371222273772584987e+00,-7.549989784895666523e-01,-3.769569720763985110e+00,-4.485177023965666088e+00
-6.623531580944981290e-01,-2.727243829410059384e+00,-1.850469302416213990e+00,-1.536183990711628422e-01,-4.111621329466339070e+00,-3.567661539032391804e+00,-3.999338035436114769e+00,-7.549989784895666523e-01,-3.769569720763985110e+00,-4.485177023965666088e+00
-6.623531580944981290e-01,-2.727243829410059384e+00,-1.850469302416213990e+00,-1.536183990711628422e-01,-4.111621329466339070e+00,-3.567661539032391804e+00,-3.999338035436114769e+00,-7.549989784895666523e-01,-3.769569720763985110e+00,-4.485177023965666088e+00
-6.623531580944981290e-01,-2.727243829410059384e+00,-1.850469302416213990e+00,-1.536183990711628422e-01,-4.111621329466339070e+00,-3.823009801400672369e+00,-3.999338035436114769e+00,-7.549989784895666523e-01,-4.063343561553860006e+00,-4.485177023965666088e+00
-6.623531580944981290e-01,-2.727243829410059384e+00,-1.850469302416213990e+00,-1.536183990711628422e-01,-4.111621329466339070e+00,-3.823009801400672369e+00,-3.999338035436114769e+00,-9.017787376564294632e-01,-4.063343561553860006e+00,-4.485177023965666088e+00
-6.623531580944981290e-01,-2.727243829410059384e+00,-1.850469302416213990e+00,-1.536183990711628422e-01,-4.111621329466339070e+00,-3.823009801400672369e+00,-3.999338035436114769e+00,-9.017787376564294632e-01,-4.063343561553860006e+00,-4.485177023965666088e+00
-6.623531580944981290e-01,-2.727243829410059384e+00,-1.850469302416213990e+00,-1.536183990711628422e-01,-4.111621329466339070e+00,-3.823009801400672369e+00,-3.999338035436114769e+00,-9.017787376564294632e-01,-4.063343561553860006e+00,-4.485177023965666088e+00
-6.623531580944981290e-01,-2.727243829410059384e+00,-1.850469302416213990e+00,-6.442215247386267052e-01,-4.111621329466339070e+00,-3.823009801400672369e+00,-3.999338035436114769e+00,-9.017787376564294632e-01,-4.063343561553860006e+00,-4.485177023965666088e+00
-6.623531580944981290e-01,-2.727243829410059384e+00,-1.850469302416213990e+00,-6.442215247386267052e-01,-4.111621329466339070e+00,-3.823009801400672369e+00,-3.999338035436114769e+00,-9.017787376564294632e-01,-4.063343561553860006e+00,-4.485177023965666088e+00
-6.623531580944981290e-01,-2.727243829410059384e+00,-1.850469302416213990e+00,-6.442215247386267052e-01,-4.111621329466339070e+00,-3.823009801400672369e+00,-3.999338035436114769e+00,-9.017787376564294632e-01,-4.063343561553860006e+00,-4.485177023965666088e+00
-6.623531580944981290e-01,-2.727243829410059384e+00,-1.850469302416213990e+00,-6.442215247386267052e-01,-4.111621329466339070e+00,-3.823009801400672369e+00,-3.999338035436114769e+00,-9.017787376564294632e-01,-4.063343561553860006e+00,-4.485177023965666088e+00
-6.623531580944981290e-01,-2.844741550179934464e+00,-1.850469302416213990e+00,-6.442215247386267052e-01,-4.111621329466339070e+00,-3.823009801400672369e+00,-3.999338035436114769e+00,-9.017787376564294632e-01,-4.063343561553860006e+00,-4.485177023965666088e+00
-8.174598361524780810e-01,-2.844741550179934464e+00,-2.024846826273899225e+00,-6.442215247386267052e-01,-4.111621329466339070e+00,-3.823009801400672369e+00,-3.999338035436114769e+00,-9.017787376564294632e-01,-4.063343561553860006e+00,-4.485177023965666088e+00
-8.174598361524780810e-01,-2.844741550179934464e+00,-2.024846826273899225e+00,-6.442215247386267052e-01,-4.111621329466339070e+00,-3.823009801400672369e+00,-4.063549645081428352e+00,-9.017787376564294632e-01,-4.063343561553860006e+00,-4.485177023965666088e+00
-8.174598361524780810e-01,-2.844741550179934464e+00,-2.024846826273899225e+00,-6.442215247386267052e-01,-4.111621329466339070e+00,-3.823009801400672369e+00,-4.063549645081428352e+00,-9.017787376564294632e-01,-4.063343561553860006e+00,-4.485177023965666088e+00
-3.464617926463344766e+00,-2.844741550179934464e+00,-2.024846826273899225e+00,-6.442215247386267052e-01,-4.111621329466339070e+00,-3.823009801400672369e+00,-4.063549645081428352e+00,-9.017787376564294632e-01,-4.063343561553860006e+00,-4.485177023965666088e+00
-4.842957901270937171e+00,-2.844741550179934464e+00,-2.024846826273899225e+00,-1.177529434397757369e+00,-4.111621329466339070e+00,-3.823009801400672369e+00,-4.663607697558169285e+00,-9.017787376564294632e-01,-4.063343561553860006e+00,-4.485177023965666088e+00
-4.842957901270937171e+00,-2.844741550179934464e+00,-2.024846826273899225e+00,-1.177529434397757369e+00,-4.111621329466339070e+00,-3.823009801400672369e+00,-4.663607697558169285e+00,-9.017787376564294632e-01,-4.063343561553860006e+00,-4.485177023965666088e+00
-4.842957901270937171e+00,-2.844741550179934464e+00,-2.024846826273899225e+00,-1.177529434397757369e+00,-4.111621329466339070e+00,-3.960022317086334898e+00,-4.663607697558169285e+00,-9.017787376564294632e-01,-4.063343561553860006e+00,-4.485177023965666088e+00
-4.947512181027692080e+00,-2.844741550179934464e+00,-2.024846826273899225e+00,-2.519520748970012658e+00,-4.111621329466339070e+00,-3.960022317086334898e+00,-4.663607697558169285e+00,-9.017787376564294632e-01,-4.063343561553860006e+00,-4.485177023965666088e+00
-5.614902933131369345e+00,-2.844741550179934464e+00,-2.024846826273899225e+00,-2.776445025464429062e+00,-4.111621329466339070e+00,-3.960022317086334898e+00,-4.663607697558169285e+00,-1.001755166598167879e+00,-4.063343561553860006e+00,-4.485177023965666088e+00
-6.197927599002031052e+00,-2.997510599185583047e+00,-2.024846826273899225e+00,-2.776445025464429062e+00,-4.111621329466339070e+00,-3.960022317086334898e+00,-4.663607697558169285e+00,-1.001755166598167879e+00,-4.063343561553860006e+00,-4.485177023965666088e+00
-6.197927599002031052e+00,-2.997510599185583047e+00,-2.024846826273899225e+00,-2.776445025464429062e+00,-4.111621329466339070e+00,-3.960022317086334898e+00,-4.663607697558169285e+00,-1.001755166598167879e+00,-5.042268126159210162e+00,-4.485177023965666088e+00
-6.197927599002031052e+00,-2.997510599185583047e+00,-2.024846826273899225e+00,-2.776445025464429062e+00,-4.111621329466339070e+00,-3.960022317086334898e+00,-4.663607697558169285e+00,-1.001755166598167879e+00,-5.042268126159210162e+00,-4.485177023965666088e+00
-6.832751862501329043e+00,-2.997510599185583047e+00,-2.024846826273899225e+00,-2.776445025464429062e+00,-4.111621329466339070e+00,-3.960022317086334898e+00,-4.663607697558169285e+00,-1.001755166598167879e+00,-5.042268126159210162e+00,-4.485177023965666088e+00
-6.832751862501329043e+00,-2.997510599185583047e+00,-2.024846826273899225e+00,-2.776445025464429062e+00,-4.111621329466339070e+00,-3.960022317086334898e+00,-4.663607697558169285e+00,-1.001755166598167879e+00,-5.303210765884850630e+00,-4.485177023965666088e+00
-6.832751862501329043e+00,-2.997510599185583047e+00,-2.024846826273899225e+00,-2.776445025464429062e+00,-4.111621329466339070e+00,-3.960022317086334898e+00,-4.663607697558169285e+00,-1.001755166598167879e+00,-5.303210765884850630e+00,-4.485177023965666088e+00
-6.832751862501329043e+00,-2.997510599185583047e+00,-2.024846826273899225e+00,-2.776445025464429062e+00,-4.111621329466339070e+00,-3.960022317086334898e+00,-4.663607697558169285e+00,-1.001755166598167879e+00,-5.303210765884850630e+00,-4.485177023965666088e+00
-6.946156212559523979e+00,-2.997510599185583047e+00,-2.024846826273899225e+00,-2.776445025464429062e+00,-4.111621329466339070e+00,-3.960022317086334898e+00,-4.663607697558169285e+00,-1.001755166598167879e+00,-5.303210765884850630e+00,-4.485177023965666088e+00
-6.946156212559523979e+00,-2.997510599185583047e+00,-2.024846826273899225e+00,-2.776445025464429062e+00,-4.111621329466339070e+00,-3.960022317086334898e+00,-4.663607697558169285e+00,-1.001755166598167879e+00,-5.303210765884850630e+00,-4.485177023965666088e+00
-6.946156212559523979e+00,-2.997510599185583047e+00,-2.024846826273899225e+00,-2.776445025464429062e+00,-4.111621329466339070e+00,-3.960022317086334898e+00,-4.663607697558169285e+00,-1.001755166598167879e+00,-5.303210765884850630e+00,-4.485177023965666088e+00
-6.946156212559523979e+00,-2.997510599185583047e+00,-2.024846826273899225e+00,-2.776445025464429062e+00,-4.111621329466339070e+00,-3.960022317086334898e+00,-4.663607697558169285e+00,-1.001755166598167879e+00,-5.303210765884850630e+00,-4.485177023965666088e+00
-6.946156212559523979e+00,-2.997510599185583047e+00,-2.024846826273899225e+00,-2.776445025464429062e+00,-4.111621329466339070e+00,-3.960022317086334898e+00,-4.663607697558169285e+00,-1.001755166598167879e+00,-5.303210765884850630e+00,-4.485177023965666088e+00
-7.631114203452113109e+00,-2.997510599185583047e+00,-2.024846826273899225e+00,-2.776445025464429062e+00,-4.111621329466339070e+00,-3.960022317086334898e+00,-4.663607697558169285e+00,-1.001755166598167879e+00,-5.303210765884850630e+00,-4.485177023965666088e+00
-7.631114203452113109e+00,-2.997510599185583047e+00,-2.024846826273899225e+00,-2.776445025464429062e+00,-4.111621329466339070e+00,-3.960022317086334898e+00,-4.663607697558169285e+00,-1.001755166598167879e+00,-5.303210765884850630e+00,-4.485177023965666088e+00
-1.157397232769539031e+01,-2.997510599185583047e+00,-2.024846826273899225e+00,-2.776445025464429062e+00,-4.111621329466339070e+00,-3.960022317086334898e+00,-4.663607697558169285e+00,-1.001755166598167879e+00,-5.303210765884850630e+00,-4.485177023965666088e+00
-1.157397232769539031e+01,-2.997510599185583047e+00,-2.024846826273899225e+00,-2.776445025464429062e+00,-4.111621329466339070e+00,-3.960022317086334898e+00,-4.663607697558169285e+00,-1.001755166598167879e+00,-5.303210765884850630e+00,-4.485177023965666088e+00
-1.157397232769539031e+01,-2.997510599185583047e+00,-2.024846826273899225e+00,-2.776445025464429062e+00,-4.111621329466339070e+00,-3.960022317086334898e+00,-4.663607697558169285e+00,-1.001755166598167879e+00,-5.303210765884850630e+00,-4.485177023965666088e+00
-1.157397232769539031e+01,-2.997510599185583047e+00,-2.024846826273899225e+00,-2.776445025464429062e+00,-4.111621329466339070e+00,-3.960022317086334898e+00,-4.663607697558169285e+00,-1.001755166598167879e+00,-5.303210765884850630e+00,-4.485177023965666088e+00
-1.157397232769539031e+01,-2.997510599185583047e+00,-2.024846826273899225e+00,-2.776445025464429062e+00,-4.111621329466339070e+00,-3.960022317086334898e+00,-4.663607697558169285e+00,-1.001755166598167879e+00,-5.303210765884850630e+00,-4.485177023965666088e+00
-1.157397232769539031e+01,-2.997510599185583047e+00,-2.024846826273899225e+00,-2.776445025464429062e+00,-4.111621329466339070e+00,-3.960022317086334898e+00,-4.663607697558169285e+00,-1.001755166598167879e+00,-5.303210765884850630e+00,-4.485177023965666088e+00
-1.157397232769539031e+01,-2.997510599185583047e+00,-2.024846826273899225e+00,-2.776445025464429062e+00,-4.111621329466339070e+00,-3.960022317086334898e+00,-4.663607697558169285e+00,-1.001755166598167879e+00,-5.303210765884850630e+00,-4.485177023965666088e+00
-1.157397232769539031e+01,-2.997510599185583047e+00,-2.024846826273899225e+00,-2.776445025464429062e+00,-4.111621329466339070e+00,-3.960022317086334898e+00,-4.663607697558169285e+00,-1.001755166598167879e+00,-5.303210765884850630e+00,-4.485177023965666088e+00
-1.157397232769539031e+01,-2.997510599185583047e+00,-2.024846826273899225e+00,-2.776445025464429062e+00,-4.111621329466339070e+00,-3.960022317086334898e+00,-4.663607697558169285e+00,-1.001755166598167879e+00,-5.303210765884850630e+00,-4.485177023965666088e+00
-1.157397232769539031e+01,-2.997510599185583047e+00,-2.024846826273899225e+00,-2.776445025464429062e+00,-4.111621329466339070e+00,-3.960022317086334898e+00,-4.663607697558169285e+00,-1.001755166598167879e+00,-5.303210765884850630e+00,-4.485177023965666088e+00
-1.157397232769539031e+01,-2.997510599185583047e+00,-2.024846826273899225e+00,-2.776445025464429062e+00,-4.111621329466339070e+00,-3.960022317086334898e+00,-4.663607697558169285e+00,-1.001755166598167879e+00,-7.587099671884869778e+00,-4.485177023965666088e+00
-1.157397232769539031e+01,-2.997510599185583047e+00,-2.024846826273899225e+00,-2.776445025464429062e+00,-4.111621329466339070e+00,-3.960022317086334898e+00,-4.663607697558169285e+00,-1.001755166598167879e+00,-7.587099671884869778e+00,-4.485177023965666088e+00
-1.157397232769539031e+01,-2.997510599185583047e+00,-2.024846826273899225e+00,-2.776445025464429062e+00,-4.111621329466339070e+00,-3.960022317086334898e+00,-4.663607697558169285e+00,-1.001755166598167879e+00,-7.587099671884869778e+00,-4.485177023965666088e+00
-1.157397232769539031e+01,-2.997510599185583047e+00,-2.024846826273899225e+00,-2.776445025464429062e+00,-4.111621329466339070e+00,-3.960022317086334898e+00,-4.663607697558169285e+00,-1.001755166598167879e+00,-7.587099671884869778e+00,-4.485177023965666088e+00
-1.157397232769539031e+01,-2.997510599185583047e+00,-2.024846826273899225e+00,-2.776445025464429062e+00,-4.111621329466339070e+00,-3.960022317086334898e+00,-4.663607697558169285e+00,-1.001755166598167879e+00,-7.587099671884869778e+00,-4.485177023965666088e+00
-1.157397232769539031e+01,-2.997510599185583047e+00,-2.024846826273899225e+00,-2.776445025464429062e+00,-4.111621329466339070e+00,-3.960022317086334898e+00,-4.663607697558169285e+00,-1.165726910468369404e+00,-7.587099671884869778e+00,-4.485177023965666088e+00
-1.157397232769539031e+01,-2.997510599185583047e+00,-2.024846826273899225e+00,-2.776445025464429062e+00,-4.111621329466339070e+00,-3.960022317086334898e+00,-4.663607697558169285e+00,-1.165726910468369404e+00,-7.587099671884869778e+00,-4.485177023965666088e+00
-1.157397232769539031e+01,-2.997510599185583047e+00,-2.024846826273899225e+00,-2.776445025464429062e+00,-4.111621329466339070e+00,-3.960022317086334898e+00,-4.663607697558169285e+00,-1.165726910468369404e+00,-7.587099671884869778e+00,-4.485177023965666088e+00
-1.157397232769539031e+01,-2.997510599185583047e+00,-2.024846826273899225e+00,-2.776445025464429062e+00,-4.111621329466339070e+00,-3.960022317086334898e+00,-4.663607697558169285e+00,-1.165726910468369404e+00,-7.587099671884869778e+00,-4.485177023965666088e+00
-1.157397232769539031e+01,-2.997510599185583047e+00,-2.024846826273899225e+00,-2.776445025464429062e+00,-4.111621329466339070e+00,-3.960022317086334898e+00,-4.663607697558169285e+00,-1.165726910468369404e+00,-7.587099671884869778e+00,-4.485177023965666088e+00
-1.157397232769539031e+01,-3.867282463310510732e+00,-2.024846826273899225e+00,-2.776445025464429062e+00,-4.111621329466339070e+00,-3.960022317086334898e+00,-4.663607697558169285e+00,-1.165726910468369404e+00,-7.587099671884869778e+00,-4.485177023965666088e+00
-1.157397232769539031e+01,-3.867282463310510732e+00,-2.024846826273899225e+00,-2.776445025464429062e+00,-4.396241444347264604e+00,-3.960022317086334898e+00,-4.663607697558169285e+00,-1.165726910468369404e+00,-7.587099671884869778e+00,-4.485177023965666088e+00
-1.157397232769539031e+01,-3.867282463310510732e+00,-2.024846826273899225e+00,-2.776445025464429062e+00,-4.396241444347264604e+00,-3.960022317086334898e+00,-4.663607697558169285e+00,-1.165726910468369404e+00,-7.587099671884869778e+00,-4.485177023965666088e+00
-1.157397232769539031e+01,-3.867282463310510732e+00,-2.024846826273899225e+00,-2.776445025464429062e+00,-4.396241444347264604e+00,-3.960022317086334898e+00,-5.633211453010813052e+00,-1.165726910468369404e+00,-7.587099671884869778e+00,-4.485177023965666088e+00
-1.157397232769539031e+01,-3.867282463310510732e+00,-2.024846826273899225e+00,-2.776445025464429062e+00,-4.396241444347264604e+00,-3.960022317086334898e+00,-5.633211453010813052e+00,-1.165726910468369404e+00,-7.587099671884869778e+00,-4.485177023965666088e+00
-1.157397232769539031e+01,-3.867282463310510732e+00,-2.024846826273899225e+00,-2.776445025464429062e+00,-4.396241444347264604e+00,-3.960022317086334898e+00,-5.633211453010813052e+00,-1.165726910468369404e+00,-7.587099671884869778e+00,-4.485177023965666088e+00
-1.157397232769539031e+01,-3.867282463310510732e+00,-2.024846826273899225e+00,-2.776445025464429062e+00,-4.396241444347264604e+00,-3.960022317086334898e+00,-5.633211453010813052e+00,-1.165726910468369404e+00,-7.587099671884869778e+00,-4.485177023965666088e+00
-1.157397232769539031e+01,-3.867282463310510732e+00,-2.024846826273899225e+00,-2.776445025464429062e+00,-4.396241444347264604e+00,-3.960022317086334898e+00,-5.633211453010813052e+00,-1.165726910468369404e+00,-7.587099671884869778e+00,-4.485177023965666088e+00
-1.157397232769539031e+01,-3.867282463310510732e+00,-2.024846826273899225e+00,-2.776445025464429062e+00,-4.396241444347264604e+00,-3.960022317086334898e+00,-5.633211453010813052e+00,-1.165726910468369404e+00,-7.587099671884869778e+00,-4.485177023965666088e+00
-1.157397232769539031e+01,-3.867282463310510732e+00,-2.024846826273899225e+00,-2.776445025464429062e+00,-4.396241444347264604e+00,-3.960022317086334898e+00,-5.633211453010813052e+00,-1.165726910468369404e+00,-7.587099671884869778e+00,-4.485177023965666088e+00
-1.157397232769539031e+01,-3.867282463310510732e+00,-2.024846826273899225e+00,-2.776445025464429062e+00,-4.980281242444284828e+00,-3.960022317086334898e+00,-5.633211453010813052e+00,-1.165726910468369404e+00,-7.587099671884869778e+00,-4.485177023965666088e+00
-1.157397232769539031e+01,-3.867282463310510732e+00,-2.024846826273899225e+00,-2.776445025464429062e+00,-4.980281242444284828e+00,-3.960022317086334898e+00,-5.633211453010813052e+00,-1.165726910468369404e+00,-7.587099671884869778e+00,-4.485177023965666088e+00
-1.157397232769539031e+01,-3.867282463310510732e+00,-2.024846826273899225e+00,-2.776445025464429062e+00,-4.980281242444284828e+00,-3.960022317086334898e+00,-5.633211453010813052e+00,-1.165726910468369404e+00,-7.587099671884869778e+00,-4.485177023965666088e+00
-1.157397232769539031e+01,-3.867282463310510732e+00,-2.024846826273899225e+00,-2.776445025464429062e+00,-4.980281242444284828e+00,-3.960022317086334898e+00,-5.633211453010813052e+00,-1.165726910468369404e+00,-7.587099671884869778e+00,-4.485177023965666088e+00
-1.157397232769539031e+01,-3.867282463310510732e+00,-2.024846826273899225e+00,-2.776445025464429062e+00,-4.980281242444284828e+00,-3.960022317086334898e+00,-5.633211453010813052e+00,-1.165726910468369404e+00,-7.587099671884869778e+00,-4.485177023965666088e+00
-1.157397232769539031e+01,-3.867282463310510732e+00,-2.024846826273899225e+00,-2.776445025464429062e+00,-4.980281242444284828e+00,-3.960022317086334898e+00,-5.633211453010813052e+00,-1.165726910468369404e+00,-7.587099671884869778e+00,-4.485177023965666088e+00
-1.157397232769539031e+01,-3.867282463310510732e+00,-2.024846826273899225e+00,-2.776445025464429062e+00,-4.980281242444284828e+00,-3.960022317086334898e+00,-5.633211453010813052e+00,-1.165726910468369404e+00,-7.587099671884869778e+00,-4.485177023965666088e+00
-1.157397232769539031e+01,-3.867282463310510732e+00,-2.024846826273899225e+00,-2.776445025464429062e+00,-4.980281242444284828e+00,-3.960022317086334898e+00,-5.633211453010813052e+00,-1.165726910468369404e+00,-7.587099671884869778e+00,-4.485177023965666088e+00
-1.157397232769539031e+01,-3.867282463310510732e+00,-2.024846826273899225e+00,-2.776445025464429062e+00,-4.980281242444284828e+00,-3.960022317086334898e+00,-5.633211453010813052e+00,-1.165726910468369404e+00,-7.587099671884869778e+00,-4.485177023965666088e+00
-1.157397232769539031e+01,-3.867282463310510732e+00,-2.024846826273899225e+00,-2.776445025464429062e+00,-4.980281242444284828e+00,-3.960022317086334898e+00,-5.633211453010813052e+00,-1.165726910468369404e+00,-7.587099671884869778e+00,-4.485177023965666088e+00
-1.157397232769539031e+01,-3.867282463310510732e+00,-2.024846826273899225e+00,-2.776445025464429062e+00,-4.980281242444284828e+00,-3.960022317086334898e+00,-5.633211453010813052e+00,-1.165726910468369404e+00,-7.587099671884869778e+00,-4.485177023965666088e+00
-1.157397232769539031e+01,-3.867282463310510732e+00,-2.024846826273899225e+00,-2.776445025464429062e+00,-4.980281242444284828e+00,-3.960022317086334898e+00,-5.633211453010813052e+00,-1.165726910468369404e+00,-7.587099671884869778e+00,-4.485177023965666088e+00
-1.157397232769539031e+01,-3.867282463310510732e+00,-2.024846826273899225e+00,-2.776445025464429062e+00,-4.980281242444284828e+00,-3.960022317086334898e+00,-5.633211453010813052e+00,-1.165726910468369404e+00,-7.587099671884869778e+00,-4.485177023965666088e+00
-1.157397232769539031e+01,-3.867282463310510732e+00,-2.024846826273899225e+00,-2.776445025464429062e+00,-4.980281242444284828e+00,-3.960022317086334898e+00,-5.633211453010813052e+00,-1.165726910468369404e+00,-7.587099671884869778e+00,-4.485177023965666088e+00
-1.157397232769539031e+01,-3.867282463310510732e+00,-2.024846826273899225e+00,-2.776445025464429062e+00,-4.980281242444284828e+00,-3.960022317086334898e+00,-5.633211453010813052e+00,-1.165726910468369404e+00,-7.587099671884869778e+00,-4.485177023965666088e+00
-1.157397232769539031e+01,-3.867282463310510732e+00,-2.024846826273899225e+00,-2.776445025464429062e+00,-4.980281242444284828e+00,-3.960022317086334898e+00,-5.633211453010813052e+00,-1.165726910468369404e+00,-7.587099671884869778e+00,-4.485177023965666088e+00
-1.157397232769539031e+01,-3.867282463310510732e+00,-2.024846826273899225e+00,-2.776445025464429062e+00,-4.980281242444284828e+00,-3.960022317086334898e+00,-5.633211453010813052e+00,-1.165726910468369404e+00,-7.587099671884869778e+00,-4.485177023965666088e+00
-1.157397232769539031e+01,-3.867282463310510732e+00,-2.024846826273899225e+00,-2.776445025464429062e+00,-4.980281242444284828e+00,-3.960022317086334898e+00,-5.633211453010813052e+00,-1.165726910468369404e+00,-7.587099671884869778e+00,-4.485177023965666088e+00
-1.157397232769539031e+01,-3.867282463310510732e+00,-2.024846826273899225e+00,-2.776445025464429062e+00,-4.980281242444284828e+00,-3.960022317086334898e+00,-5.633211453010813052e+00,-1.165726910468369404e+00,-7.587099671884869778e+00,-4.485177023965666088e+00
-1.157397232769539031e+01,-3.867282463310510732e+00,-2.024846826273899225e+00,-2.776445025464429062e+00,-4.980281242444284828e+00,-3.960022317086334898e+00,-5.633211453010813052e+00,-1.165726910468369404e+00,-7.587099671884869778e+00,-4.485177023965666088e+00
-1.157397232769539031e+01,-3.867282463310510732e+00,-2.024846826273899225e+00,-2.776445025464429062e+00,-4.980281242444284828e+00,-3.960022317086334898e+00,-5.633211453010813052e+00,-1.165726910468369404e+00,-7.587099671884869778e+00,-4.485177023965666088e+00
-1.157397232769539031e+01,-3.867282463310510732e+00,-2.024846826273899225e+00,-2.776445025464429062e+00,-4.980281242444284828e+00,-3.960022317086334898e+00,-5.633211453010813052e+00,-1.165726910468369404e+00,-7.587099671884869778e+00,-4.485177023965666088e+00
-1.157397232769539031e+01,-3.867282463310510732e+00,-2.024846826273899225e+00,-2.776445025464429062e+00,-4.980281242444284828e+00,-3.960022317086334898e+00,-5.633211453010813052e+00,-1.165726910468369404e+00,-7.587099671884869778e+00,-4.485177023965666088e+00
-1.157397232769539031e+01,-3.867282463310510732e+00,-2.024846826273899225e+00,-2.776445025464429062e+00,-4.980281242444284828e+00,-3.960022317086334898e+00,-5.633211453010813052e+00,-1.165726910468369404e+00,-7.587099671884869778e+00,-4.569627214953493777e+00
-1.157397232769539031e+01,-3.867282463310510732e+00,-2.024846826273899225e+00,-2.776445025464429062e+00,-4.980281242444284828e+00,-3.960022317086334898e+00,-5.633211453010813052e+00,-1.165726910468369404e+00,-7.587099671884869778e+00,-4.569627214953493777e+00
-1.157397232769539031e+01,-3.867282463310510732e+00,-2.024846826273899225e+00,-2.776445025464429062e+00,-4.980281242444284828e+00,-3.960022317086334898e+00,-5.633211453010813052e+00,-1.165726910468369404e+00,-7.587099671884869778e+00,-4.569627214953493777e+00
-1.157397232769539031e+01,-3.867282463310510732e+00,-2.024846826273899225e+00,-2.776445025464429062e+00,-4.980281242444284828e+00,-3.960022317086334898e+00,-5.633211453010813052e+00,-1.165726910468369404e+00,-7.587099671884869778e+00,-4.569627214953493777e+00
-1.251147936505241631e+01,-3.867282463310510732e+00,-2.024846826273899225e+00,-2.776445025464429062e+00,-4.980281242444284828e+00,-3.960022317086334898e+00,-5.633211453010813052e+00,-1.165726910468369404e+00,-7.587099671884869778e+00,-4.569627214953493777e+00
