-3.079227546060397946e-01,1.566554406634898866e+00,1.936281428309480912e-01,2.681018953962572393e+00,-6.916484016441204474e-02,5.164403382036873325e+00,1.673276877687078334e+00,-9.592234596683727466e-01,5.143227647553409998e-01,-1.329360890264608575e+00
-3.079227546060397946e-01,1.566554406634898866e+00,1.936281428309480912e-01,2.681018953962572393e+00,-6.916484016441204474e-02,5.164403382036873325e+00,1.047126238880065507e+00,-1.182406307198862416e+00,2.528918529230729795e-01,-1.329360890264608575e+00
-4.982237411165725938e+00,1.015503643941992218e+00,-5.894011732017549049e-02,1.668128319768112044e+00,-6.916484016441204474e-02,5.164403382036873325e+00,1.047126238880065507e+00,-1.182406307198862416e+00,-7.725236034700849741e-03,-1.329360890264608575e+00
-4.982237411165725938e+00,1.015503643941992218e+00,-5.894011732017549049e-02,1.668128319768112044e+00,-6.916484016441204474e-02,5.164403382036873325e+00,7.727362230663958886e-01,-1.182406307198862416e+00,-7.725236034700849741e-03,-1.329360890264608575e+00
-4.982237411165725938e+00,1.015503643941992218e+00,-5.894011732017549049e-02,1.668128319768112044e+00,-6.916484016441204474e-02,5.164403382036873325e+00,7.727362230663958886e-01,-1.515643288457298343e+00,-7.725236034700849741e-03,-1.329360890264608575e+00
-4.982237411165725938e+00,1.015503643941992218e+00,-5.894011732017549049e-02,1.668128319768112044e+00,-5.325295783162196095e-01,3.170897183828582655e+00,4.404305305938801540e-01,-1.515643288457298343e+00,-7.725236034700849741e-03,-1.329360890264608575e+00
-4.982237411165725938e+00,1.015503643941992218e+00,-5.894011732017549049e-02,1.668128319768112044e+00,-5.325295783162196095e-01,2.273821671404187228e+00,4.404305305938801540e-01,-1.596254786320439489e+00,-7.725236034700849741e-03,-1.329360890264608575e+00
-4.982237411165725938e+00,1.015503643941992218e+00,-5.894011732017549049e-02,1.668128319768112044e+00,-5.325295783162196095e-01,1.837474569262221635e+00,4.195582289244751961e-01,-2.031875206405016510e+00,-7.725236034700849741e-03,-1.329360890264608575e+00
-4.982237411165725938e+00,4.813131416990789613e-01,-5.894011732017549049e-02,1.668128319768112044e+00,-5.325295783162196095e-01,1.692863575946438548e+00,1.920523665453900408e-01,-2.031875206405016510e+00,-7.725236034700849741e-03,-1.329360890264608575e+00
-4.982237411165725938e+00,-7.536438866934582759e-01,-5.894011732017549049e-02,1.668128319768112044e+00,-5.325295783162196095e-01,6.237800012583774034e-01,1.920523665453900408e-01,-2.031875206405016510e+00,-7.725236034700849741e-03,-1.329360890264608575e+00
-4.982237411165725938e+00,-7.536438866934582759e-01,-5.894011732017549049e-02,1.668128319768112044e+00,-5.325295783162196095e-01,5.733847134345496348e-04,1.920523665453900408e-01,-2.031875206405016510e+00,-7.725236034700849741e-03,-1.329360890264608575e+00
-4.982237411165725938e+00,-7.536438866934582759e-01,-5.894011732017549049e-02,1.668128319768112044e+00,-5.325295783162196095e-01,5.733847134345496348e-04,1.920523665453900408e-01,-2.031875206405016510e+00,-7.725236034700849741e-03,-1.329360890264608575e+00
-4.982237411165725938e+00,-7.536438866934582759e-01,-5.894011732017549049e-02,1.668128319768112044e+00,-5.325295783162196095e-01,-2.545879685401823966e-01,1.920523665453900408e-01,-2.031875206405016510e+00,-7.725236034700849741e-03,-1.329360890264608575e+00
-4.982237411165725938e+00,-1.601886643438724667e+00,-5.894011732017549049e-02,1.668128319768112044e+00,-5.325295783162196095e-01,-2.545879685401823966e-01,1.920523665453900408e-01,-2.031875206405016510e+00,-7.725236034700849741e-03,-1.329360890264608575e+00
-4.982237411165725938e+00,-1.601886643438724667e+00,-5.894011732017549049e-02,1.047941306972977715e+00,-5.325295783162196095e-01,-2.545879685401823966e-01,1.920523665453900408e-01,-2.031875206405016510e+00,-2.539624537839533236e-01,-1.329360890264608575e+00
-4.982237411165725938e+00,-1.601886643438724667e+00,-5.894011732017549049e-02,1.047941306972977715e+00,-5.325295783162196095e-01,-2.545879685401823966e-01,1.920523665453900408e-01,-2.402984306745739485e+00,-2.539624537839533236e-01,-1.329360890264608575e+00
-4.982237411165725938e+00,-2.468929641115409357e+00,-5.894011732017549049e-02,1.047941306972977715e+00,-5.325295783162196095e-01,-2.545879685401823966e-01,1.920523665453900408e-01,-2.402984306745739485e+00,-2.539624537839533236e-01,-1.329360890264608575e+00
-4.982237411165725938e+00,-2.468929641115409357e+00,-3.338279878223331942e-01,1.047941306972977715e+00,-5.325295783162196095e-01,-2.545879685401823966e-01,1.920523665453900408e-01,-2.402984306745739485e+00,-2.539624537839533236e-01,-1.361121097817953762e+00
-4.982237411165725938e+00,-2.468929641115409357e+00,-3.338279878223331942e-01,1.047941306972977715e+00,-5.325295783162196095e-01,-2.545879685401823966e-01,1.920523665453900408e-01,-2.402984306745739485e+00,-2.539624537839533236e-01,-1.361121097817953762e+00
-4.982237411165725938e+00,-2.468929641115409357e+00,-3.338279878223331942e-01,7.183003313325011518e-01,-5.325295783162196095e-01,-2.545879685401823966e-01,1.920523665453900408e-01,-2.402984306745739485e+00,-2.539624537839533236e-01,-1.361121097817953762e+00
-4.982237411165725938e+00,-2.468929641115409357e+00,-3.338279878223331942e-01,7.183003313325011518e-01,-5.325295783162196095e-01,-2.545879685401823966e-01,1.920523665453900408e-01,-2.402984306745739485e+00,-2.539624537839533236e-01,-1.361121097817953762e+00
-4.982237411165725938e+00,-2.468929641115409357e+00,-3.338279878223331942e-01,7.183003313325011518e-01,-5.325295783162196095e-01,-2.545879685401823966e-01,1.920523665453900408e-01,-2.402984306745739485e+00,-2.539624537839533236e-01,-1.361121097817953762e+00
-4.982237411165725938e+00,-2.468929641115409357e+00,-8.693459541610725205e-01,7.183003313325011518e-01,-5.325295783162196095e-01,-2.545879685401823966e-01,1.920523665453900408e-01,-2.402984306745739485e+00,-2.539624537839533236e-01,-1.361121097817953762e+00
-4.982237411165725938e+00,-2.468929641115409357e+00,-8.693459541610725205e-01,7.183003313325011518e-01,-1.120231459752803360e+00,-2.545879685401823966e-01,1.920523665453900408e-01,-2.402984306745739485e+00,-2.539624537839533236e-01,-1.361121097817953762e+00
-4.982237411165725938e+00,-2.468929641115409357e+00,-8.693459541610725205e-01,7.183003313325011518e-01,-1.120231459752803360e+00,-2.545879685401823966e-01,1.920523665453900408e-01,-2.402984306745739485e+00,-2.539624537839533236e-01,-1.361121097817953762e+00
-4.982237411165725938e+00,-2.468929641115409357e+00,-8.693459541610725205e-01,7.183003313325011518e-01,-1.120231459752803360e+00,-2.545879685401823966e-01,1.920523665453900408e-01,-2.467494570190918779e+00,-2.539624537839533236e-01,-1.361121097817953762e+00
-4.982237411165725938e+00,-2.468929641115409357e+00,-8.693459541610725205e-01,7.183003313325011518e-01,-1.120231459752803360e+00,-2.545879685401823966e-01,1.920523665453900408e-01,-2.467494570190918779e+00,-2.539624537839533236e-01,-1.361121097817953762e+00
-4.982237411165725938e+00,-2.801669195779274979e+00,-8.693459541610725205e-01,7.183003313325011518e-01,-1.120231459752803360e+00,-2.545879685401823966e-01,1.920523665453900408e-01,-2.467494570190918779e+00,-2.539624537839533236e-01,-1.361121097817953762e+00
-4.982237411165725938e+00,-2.801669195779274979e+00,-8.693459541610725205e-01,7.183003313325011518e-01,-1.120231459752803360e+00,-2.545879685401823966e-01,1.920523665453900408e-01,-2.467494570190918779e+00,-2.539624537839533236e-01,-1.361121097817953762e+00
-4.982237411165725938e+00,-2.801669195779274979e+00,-8.693459541610725205e-01,7.183003313325011518e-01,-1.120231459752803360e+00,-2.545879685401823966e-01,1.920523665453900408e-01,-2.467494570190918779e+00,-2.539624537839533236e-01,-1.361121097817953762e+00
-4.982237411165725938e+00,-2.801669195779274979e+00,-8.693459541610725205e-01,7.183003313325011518e-01,-1.120231459752803360e+00,-2.545879685401823966e-01,1.920523665453900408e-01,-2.467494570190918779e+00,-2.539624537839533236e-01,-1.361121097817953762e+00
-4.982237411165725938e+00,-2.801669195779274979e+00,-8.693459541610725205e-01,7.183003313325011518e-01,-1.120231459752803360e+00,-2.545879685401823966e-01,1.920523665453900408e-01,-2.467494570190918779e+00,-2.539624537839533236e-01,-1.361121097817953762e+00
-5.154509138763335052e+00,-2.801669195779274979e+00,-8.693459541610725205e-01,7.183003313325011518e-01,-1.120231459752803360e+00,-2.545879685401823966e-01,1.920523665453900408e-01,-2.467494570190918779e+00,-2.539624537839533236e-01,-1.361121097817953762e+00
-5.154509138763335052e+00,-2.801669195779274979e+00,-8.693459541610725205e-01,7.183003313325011518e-01,-1.120231459752803360e+00,-2.545879685401823966e-01,1.920523665453900408e-01,-2.467494570190918779e+00,-2.539624537839533236e-01,-1.361121097817953762e+00
-5.154509138763335052e+00,-2.801669195779274979e+00,-8.693459541610725205e-01,7.183003313325011518e-01,-1.120231459752803360e+00,-2.545879685401823966e-01,1.920523665453900408e-01,-2.467494570190918779e+00,-2.539624537839533236e-01,-1.361121097817953762e+00
-5.154509138763335052e+00,-2.801669195779274979e+00,-8.693459541610725205e-01,7.183003313325011518e-01,-1.120231459752803360e+00,-2.545879685401823966e-01,1.920523665453900408e-01,-2.467494570190918779e+00,-2.539624537839533236e-01,-1.361121097817953762e+00
-5.154509138763335052e+00,-2.801669195779274979e+00,-8.693459541610725205e-01,7.183003313325011518e-01,-1.120231459752803360e+00,-2.545879685401823966e-01,1.920523665453900408e-01,-2.467494570190918779e+00,-4.127952924127999967e-01,-1.361121097817953762e+00
-5.154509138763335052e+00,-2.801669195779274979e+00,-8.693459541610725205e-01,7.183003313325011518e-01,-1.120231459752803360e+00,-2.545879685401823966e-01,1.920523665453900408e-01,-2.467494570190918779e+00,-4.127952924127999967e-01,-1.361121097817953762e+00
-5.154509138763335052e+00,-2.801669195779274979e+00,-8.693459541610725205e-01,7.183003313325011518e-01,-1.120231459752803360e+00,-2.545879685401823966e-01,1.920523665453900408e-01,-2.467494570190918779e+00,-4.127952924127999967e-01,-1.361121097817953762e+00
-5.154509138763335052e+00,-3.743634589229493326e+00,-8.693459541610725205e-01,7.183003313325011518e-01,-1.120231459752803360e+00,-3.826770413191111775e-01,1.920523665453900408e-01,-2.467494570190918779e+00,-4.127952924127999967e-01,-1.361121097817953762e+00
-5.154509138763335052e+00,-3.743634589229493326e+00,-8.693459541610725205e-01,7.183003313325011518e-01,-1.120231459752803360e+00,-3.826770413191111775e-01,1.920523665453900408e-01,-2.467494570190918779e+00,-4.127952924127999967e-01,-1.361121097817953762e+00
-5.154509138763335052e+00,-3.743634589229493326e+00,-8.693459541610725205e-01,7.183003313325011518e-01,-1.120231459752803360e+00,-3.826770413191111775e-01,1.920523665453900408e-01,-2.467494570190918779e+00,-4.127952924127999967e-01,-1.361121097817953762e+00
-5.154509138763335052e+00,-3.743634589229493326e+00,-8.693459541610725205e-01,7.183003313325011518e-01,-1.120231459752803360e+00,-3.826770413191111775e-01,1.920523665453900408e-01,-2.467494570190918779e+00,-4.127952924127999967e-01,-1.361121097817953762e+00
-5.154509138763335052e+00,-3.743634589229493326e+00,-8.693459541610725205e-01,4.370712968298324785e-01,-1.120231459752803360e+00,-3.826770413191111775e-01,1.920523665453900408e-01,-2.467494570190918779e+00,-5.777248994320990372e-01,-1.361121097817953762e+00
-5.154509138763335052e+00,-3.743634589229493326e+00,-8.693459541610725205e-01,4.370712968298324785e-01,-1.120231459752803360e+00,-3.826770413191111775e-01,1.920523665453900408e-01,-2.467494570190918779e+00,-5.777248994320990372e-01,-1.361121097817953762e+00
-5.154509138763335052e+00,-3.743634589229493326e+00,-8.693459541610725205e-01,4.370712968298324785e-01,-1.120231459752803360e+00,-3.826770413191111775e-01,1.920523665453900408e-01,-2.467494570190918779e+00,-5.777248994320990372e-01,-1.361121097817953762e+00
-5.154509138763335052e+00,-3.743634589229493326e+00,-8.693459541610725205e-01,4.370712968298324785e-01,-1.120231459752803360e+00,-3.826770413191111775e-01,1.920523665453900408e-01,-2.467494570190918779e+00,-5.777248994320990372e-01,-1.361121097817953762e+00
-5.885702233556721730e+00,-3.743634589229493326e+00,-8.693459541610725205e-01,4.370712968298324785e-01,-1.544653782075660731e+00,-3.826770413191111775e-01,1.920523665453900408e-01,-2.467494570190918779e+00,-5.777248994320990372e-01,-1.361121097817953762e+00
-5.885702233556721730e+00,-3.743634589229493326e+00,-8.693459541610725205e-01,3.833029585253093785e-01,-1.544653782075660731e+00,-3.826770413191111775e-01,1.057805230523345963e-01,-2.467494570190918779e+00,-5.777248994320990372e-01,-1.361121097817953762e+00
-5.885702233556721730e+00,-3.743634589229493326e+00,-8.693459541610725205e-01,3.833029585253093785e-01,-1.544653782075660731e+00,-3.826770413191111775e-01,1.057805230523345963e-01,-2.467494570190918779e+00,-5.777248994320990372e-01,-1.361121097817953762e+00
-5.885702233556721730e+00,-3.743634589229493326e+00,-8.693459541610725205e-01,3.833029585253093785e-01,-1.544653782075660731e+00,-3.826770413191111775e-01,1.057805230523345963e-01,-2.467494570190918779e+00,-5.777248994320990372e-01,-1.361121097817953762e+00
-5.885702233556721730e+00,-4.470218270418552464e+00,-8.693459541610725205e-01,3.833029585253093785e-01,-1.544653782075660731e+00,-3.826770413191111775e-01,1.057805230523345963e-01,-2.467494570190918779e+00,-5.777248994320990372e-01,-1.361121097817953762e+00
-5.885702233556721730e+00,-4.470218270418552464e+00,-8.693459541610725205e-01,3.833029585253093785e-01,-1.544653782075660731e+00,-3.826770413191111775e-01,1.057805230523345963e-01,-2.467494570190918779e+00,-5.777248994320990372e-01,-1.361121097817953762e+00
-5.885702233556721730e+00,-4.470218270418552464e+00,-8.693459541610725205e-01,3.833029585253093785e-01,-1.544653782075660731e+00,-3.826770413191111775e-01,-6.413548935956824015e-02,-2.467494570190918779e+00,-5.777248994320990372e-01,-1.361121097817953762e+00
-5.885702233556721730e+00,-4.470218270418552464e+00,-8.693459541610725205e-01,3.833029585253093785e-01,-1.544653782075660731e+00,-3.826770413191111775e-01,-6.413548935956824015e-02,-2.467494570190918779e+00,-5.777248994320990372e-01,-1.361121097817953762e+00
-5.885702233556721730e+00,-4.470218270418552464e+00,-8.693459541610725205e-01,3.833029585253093785e-01,-1.544653782075660731e+00,-3.826770413191111775e-01,-6.413548935956824015e-02,-2.467494570190918779e+00,-5.777248994320990372e-01,-1.361121097817953762e+00
-5.885702233556721730e+00,-4.470218270418552464e+00,-8.693459541610725205e-01,3.833029585253093785e-01,-1.544653782075660731e+00,-3.826770413191111775e-01,-6.413548935956824015e-02,-2.467494570190918779e+00,-5.777248994320990372e-01,-1.361121097817953762e+00
-5.885702233556721730e+00,-4.470218270418552464e+00,-8.693459541610725205e-01,3.833029585253093785e-01,-1.544653782075660731e+00,-3.826770413191111775e-01,-6.413548935956824015e-02,-2.467494570190918779e+00,-5.777248994320990372e-01,-1.361121097817953762e+00
-5.885702233556721730e+00,-4.470218270418552464e+00,-8.693459541610725205e-01,3.833029585253093785e-01,-1.544653782075660731e+00,-3.826770413191111775e-01,-6.413548935956824015e-02,-2.467494570190918779e+00,-5.777248994320990372e-01,-1.361121097817953762e+00
-5.885702233556721730e+00,-4.470218270418552464e+00,-8.693459541610725205e-01,3.833029585253093785e-01,-1.764697359008815747e+00,-3.826770413191111775e-01,-6.413548935956824015e-02,-2.467494570190918779e+00,-5.777248994320990372e-01,-1.361121097817953762e+00
-5.885702233556721730e+00,-4.470218270418552464e+00,-8.693459541610725205e-01,3.833029585253093785e-01,-1.764697359008815747e+00,-3.826770413191111775e-01,-6.413548935956824015e-02,-2.467494570190918779e+00,-5.777248994320990372e-01,-1.361121097817953762e+00
-5.885702233556721730e+00,-4.470218270418552464e+00,-8.693459541610725205e-01,3.833029585253093785e-01,-1.764697359008815747e+00,-3.826770413191111775e-01,-6.413548935956824015e-02,-2.467494570190918779e+00,-5.777248994320990372e-01,-1.361121097817953762e+00
-5.885702233556721730e+00,-4.470218270418552464e+00,-8.693459541610725205e-01,-2.260369389359771497e-01,-1.764697359008815747e+00,-3.826770413191111775e-01,-6.413548935956824015e-02,-2.467494570190918779e+00,-5.777248994320990372e-01,-1.404005597649796488e+00
-5.885702233556721730e+00,-4.470218270418552464e+00,-8.693459541610725205e-01,-2.260369389359771497e-01,-1.764697359008815747e+00,-3.826770413191111775e-01,-6.413548935956824015e-02,-2.467494570190918779e+00,-5.777248994320990372e-01,-1.404005597649796488e+00
-5.885702233556721730e+00,-4.470218270418552464e+00,-8.693459541610725205e-01,-9.721260093487467113e-01,-1.764697359008815747e+00,-3.826770413191111775e-01,-6.413548935956824015e-02,-2.467494570190918779e+00,-5.777248994320990372e-01,-1.404005597649796488e+00
-5.885702233556721730e+00,-4.470218270418552464e+00,-8.693459541610725205e-01,-9.721260093487467113e-01,-1.764697359008815747e+00,-3.826770413191111775e-01,-6.413548935956824015e-02,-2.467494570190918779e+00,-5.777248994320990372e-01,-1.404005597649796488e+00
-5.885702233556721730e+00,-4.470218270418552464e+00,-8.693459541610725205e-01,-9.721260093487467113e-01,-1.764697359008815747e+00,-3.826770413191111775e-01,-6.413548935956824015e-02,-2.467494570190918779e+00,-5.777248994320990372e-01,-1.643421350984503926e+00
-5.885702233556721730e+00,-4.470218270418552464e+00,-8.693459541610725205e-01,-9.721260093487467113e-01,-1.764697359008815747e+00,-3.826770413191111775e-01,-6.413548935956824015e-02,-2.467494570190918779e+00,-5.777248994320990372e-01,-1.643421350984503926e+00
-5.885702233556721730e+00,-4.470218270418552464e+00,-8.693459541610725205e-01,-9.721260093487467113e-01,-1.764697359008815747e+00,-3.826770413191111775e-01,-6.993928042518461619e-02,-2.467494570190918779e+00,-5.777248994320990372e-01,-1.643421350984503926e+00
-5.885702233556721730e+00,-4.470218270418552464e+00,-8.693459541610725205e-01,-9.721260093487467113e-01,-1.764697359008815747e+00,-3.826770413191111775e-01,-6.993928042518461619e-02,-2.467494570190918779e+00,-5.777248994320990372e-01,-1.643421350984503926e+00
-5.885702233556721730e+00,-4.470218270418552464e+00,-8.693459541610725205e-01,-9.721260093487467113e-01,-1.764697359008815747e+00,-3.826770413191111775e-01,-1.399073529040904540e-01,-2.467494570190918779e+00,-5.777248994320990372e-01,-1.948985945576499512e+00
-5.885702233556721730e+00,-4.470218270418552464e+00,-8.693459541610725205e-01,-1.352516876643714561e+00,-1.764697359008815747e+00,-3.826770413191111775e-01,-1.399073529040904540e-01,-2.467494570190918779e+00,-5.777248994320990372e-01,-1.948985945576499512e+00
-5.885702233556721730e+00,-4.470218270418552464e+00,-8.693459541610725205e-01,-1.352516876643714561e+00,-1.764697359008815747e+00,-3.826770413191111775e-01,-4.926265582640086405e-01,-2.467494570190918779e+00,-5.777248994320990372e-01,-1.948985945576499512e+00
-5.885702233556721730e+00,-4.470218270418552464e+00,-8.693459541610725205e-01,-1.352516876643714561e+00,-1.764697359008815747e+00,-3.826770413191111775e-01,-4.926265582640086405e-01,-2.467494570190918779e+00,-5.777248994320990372e-01,-1.948985945576499512e+00
-5.885702233556721730e+00,-4.470218270418552464e+00,-8.693459541610725205e-01,-1.352516876643714561e+00,-1.764697359008815747e+00,-3.826770413191111775e-01,-4.926265582640086405e-01,-2.467494570190918779e+00,-5.777248994320990372e-01,-1.948985945576499512e+00
-5.885702233556721730e+00,-5.387852949759486698e+00,-8.693459541610725205e-01,-2.495657979921016789e+00,-1.764697359008815747e+00,-3.826770413191111775e-01,-4.926265582640086405e-01,-2.467494570190918779e+00,-5.777248994320990372e-01,-1.948985945576499512e+00
-5.885702233556721730e+00,-5.387852949759486698e+00,-8.693459541610725205e-01,-2.495657979921016789e+00,-1.764697359008815747e+00,-3.826770413191111775e-01,-4.926265582640086405e-01,-2.467494570190918779e+00,-5.777248994320990372e-01,-1.948985945576499512e+00
-5.885702233556721730e+00,-5.387852949759486698e+00,-8.693459541610725205e-01,-2.495657979921016789e+00,-1.764697359008815747e+00,-3.826770413191111775e-01,-4.926265582640086405e-01,-2.467494570190918779e+00,-5.777248994320990372e-01,-4.396636778307796867e+00
-5.885702233556721730e+00,-5.387852949759486698e+00,-8.693459541610725205e-01,-2.495657979921016789e+00,-1.764697359008815747e+00,-3.826770413191111775e-01,-4.926265582640086405e-01,-2.467494570190918779e+00,-5.777248994320990372e-01,-4.396636778307796867e+00
-5.885702233556721730e+00,-5.387852949759486698e+00,-8.693459541610725205e-01,-2.495657979921016789e+00,-1.798242220025024984e+00,-7.383792726354045932e-01,-4.926265582640086405e-01,-2.467494570190918779e+00,-5.777248994320990372e-01,-4.396636778307796867e+00
-5.885702233556721730e+00,-5.387852949759486698e+00,-8.693459541610725205e-01,-2.495657979921016789e+00,-1.798242220025024984e+00,-7.383792726354045932e-01,-4.926265582640086405e-01,-2.467494570190918779e+00,-5.777248994320990372e-01,-4.396636778307796867e+00
-5.885702233556721730e+00,-5.387852949759486698e+00,-8.693459541610725205e-01,-3.360717585805242713e+00,-1.798242220025024984e+00,-7.383792726354045932e-01,-4.926265582640086405e-01,-2.467494570190918779e+00,-5.777248994320990372e-01,-4.396636778307796867e+00
-5.885702233556721730e+00,-5.387852949759486698e+00,-8.693459541610725205e-01,-3.808382115918247823e+00,-1.798242220025024984e+00,-7.383792726354045932e-01,-4.926265582640086405e-01,-2.467494570190918779e+00,-5.777248994320990372e-01,-4.396636778307796867e+00
-5.885702233556721730e+00,-5.387852949759486698e+00,-8.693459541610725205e-01,-3.881407791095651483e+00,-1.798242220025024984e+00,-7.383792726354045932e-01,-4.926265582640086405e-01,-2.467494570190918779e+00,-5.777248994320990372e-01,-4.396636778307796867e+00
-5.885702233556721730e+00,-5.387852949759486698e+00,-8.693459541610725205e-01,-3.881407791095651483e+00,-1.798242220025024984e+00,-7.383792726354045932e-01,-4.926265582640086405e-01,-2.467494570190918779e+00,-5.777248994320990372e-01,-4.396636778307796867e+00
-5.885702233556721730e+00,-5.387852949759486698e+00,-8.693459541610725205e-01,-3.881407791095651483e+00,-1.798242220025024984e+00,-7.383792726354045932e-01,-4.926265582640086405e-01,-2.467494570190918779e+00,-5.777248994320990372e-01,-4.396636778307796867e+00
-5.885702233556721730e+00,-5.387852949759486698e+00,-9.470348541924075159e-01,-3.881407791095651483e+00,-1.798242220025024984e+00,-7.383792726354045932e-01,-4.926265582640086405e-01,-2.467494570190918779e+00,-5.777248994320990372e-01,-4.396636778307796867e+00
-5.885702233556721730e+00,-5.387852949759486698e+00,-9.470348541924075159e-01,-3.881407791095651483e+00,-1.798242220025024984e+00,-7.383792726354045932e-01,-4.926265582640086405e-01,-2.467494570190918779e+00,-5.777248994320990372e-01,-4.396636778307796867e+00
-5.885702233556721730e+00,-5.387852949759486698e+00,-9.470348541924075159e-01,-3.881407791095651483e+00,-1.798242220025024984e+00,-7.383792726354045932e-01,-4.926265582640086405e-01,-2.467494570190918779e+00,-5.777248994320990372e-01,-4.396636778307796867e+00
-5.885702233556721730e+00,-5.387852949759486698e+00,-9.470348541924075159e-01,-3.881407791095651483e+00,-3.130267658567486233e+00,-7.383792726354045932e-01,-4.926265582640086405e-01,-2.467494570190918779e+00,-5.777248994320990372e-01,-4.396636778307796867e+00
-5.885702233556721730e+00,-5.387852949759486698e+00,-9.470348541924075159e-01,-3.881407791095651483e+00,-3.130267658567486233e+00,-7.383792726354045932e-01,-4.926265582640086405e-01,-2.467494570190918779e+00,-5.777248994320990372e-01,-4.396636778307796867e+00
-5.885702233556721730e+00,-5.387852949759486698e+00,-9.470348541924075159e-01,-3.881407791095651483e+00,-3.130267658567486233e+00,-7.383792726354045932e-01,-4.926265582640086405e-01,-2.467494570190918779e+00,-5.777248994320990372e-01,-4.396636778307796867e+00
-5.885702233556721730e+00,-5.387852949759486698e+00,-9.470348541924075159e-01,-3.881407791095651483e+00,-3.130267658567486233e+00,-7.383792726354045932e-01,-4.926265582640086405e-01,-2.467494570190918779e+00,-5.777248994320990372e-01,-4.396636778307796867e+00
-5.885702233556721730e+00,-5.387852949759486698e+00,-9.470348541924075159e-01,-3.881407791095651483e+00,-3.130267658567486233e+00,-7.383792726354045932e-01,-4.926265582640086405e-01,-2.467494570190918779e+00,-5.777248994320990372e-01,-4.396636778307796867e+00
-5.885702233556721730e+00,-5.387852949759486698e+00,-9.470348541924075159e-01,-3.881407791095651483e+00,-3.130267658567486233e+00,-7.383792726354045932e-01,-4.926265582640086405e-01,-2.467494570190918779e+00,-5.777248994320990372e-01,-4.396636778307796867e+00
-5.885702233556721730e+00,-5.387852949759486698e+00,-9.470348541924075159e-01,-4.033898275285660695e+00,-3.130267658567486233e+00,-7.383792726354045932e-01,-4.926265582640086405e-01,-2.467494570190918779e+00,-5.777248994320990372e-01,-4.396636778307796867e+00
-5.885702233556721730e+00,-5.387852949759486698e+00,-9.470348541924075159e-01,-4.033898275285660695e+00,-3.130267658567486233e+00,-7.383792726354045932e-01,-4.926265582640086405e-01,-2.467494570190918779e+00,-5.777248994320990372e-01,-4.396636778307796867e+00
-5.885702233556721730e+00,-5.387852949759486698e+00,-9.470348541924075159e-01,-4.033898275285660695e+00,-3.130267658567486233e+00,-7.383792726354045932e-01,-4.926265582640086405e-01,-2.467494570190918779e+00,-5.777248994320990372e-01,-4.396636778307796867e+00
-5.885702233556721730e+00,-5.387852949759486698e+00,-9.470348541924075159e-01,-4.033898275285660695e+00,-3.130267658567486233e+00,-7.383792726354045932e-01,-4.926265582640086405e-01,-2.467494570190918779e+00,-5.777248994320990372e-01,-4.396636778307796867e+00
-5.885702233556721730e+00,-5.387852949759486698e+00,-9.470348541924075159e-01,-4.033898275285660695e+00,-3.130267658567486233e+00,-7.383792726354045932e-01,-4.926265582640086405e-01,-2.467494570190918779e+00,-5.777248994320990372e-01,-4.396636778307796867e+00
-5.885702233556721730e+00,-5.387852949759486698e+00,-1.908506806077411522e+00,-4.033898275285660695e+00,-3.130267658567486233e+00,-7.383792726354045932e-01,-4.926265582640086405e-01,-2.467494570190918779e+00,-5.777248994320990372e-01,-4.396636778307796867e+00
-5.885702233556721730e+00,-5.387852949759486698e+00,-1.908506806077411522e+00,-4.033898275285660695e+00,-3.130267658567486233e+00,-7.383792726354045932e-01,-4.926265582640086405e-01,-2.467494570190918779e+00,-5.777248994320990372e-01,-4.396636778307796867e+00
-5.885702233556721730e+00,-5.387852949759486698e+00,-1.908506806077411522e+00,-4.033898275285660695e+00,-3.130267658567486233e+00,-7.383792726354045932e-01,-4.926265582640086405e-01,-2.467494570190918779e+00,-5.777248994320990372e-01,-4.396636778307796867e+00
-5.885702233556721730e+00,-5.387852949759486698e+00,-1.908506806077411522e+00,-4.033898275285660695e+00,-3.130267658567486233e+00,-7.383792726354045932e-01,-4.926265582640086405e-01,-2.467494570190918779e+00,-5.777248994320990372e-01,-4.396636778307796867e+00
-5.885702233556721730e+00,-5.387852949759486698e+00,-1.908506806077411522e+00,-4.033898275285660695e+00,-3.130267658567486233e+00,-7.383792726354045932e-01,-4.926265582640086405e-01,-2.467494570190918779e+00,-5.777248994320990372e-01,-4.396636778307796867e+00
-5.885702233556721730e+00,-5.387852949759486698e+00,-1.908506806077411522e+00,-4.033898275285660695e+00,-3.130267658567486233e+00,-7.383792726354045932e-01,-4.926265582640086405e-01,-2.467494570190918779e+00,-5.777248994320990372e-01,-4.396636778307796867e+00
-5.885702233556721730e+00,-5.387852949759486698e+00,-1.908506806077411522e+00,-4.033898275285660695e+00,-3.130267658567486233e+00,-7.383792726354045932e-01,-4.926265582640086405e-01,-2.467494570190918779e+00,-5.777248994320990372e-01,-4.396636778307796867e+00
-5.885702233556721730e+00,-5.387852949759486698e+00,-1.908506806077411522e+00,-4.202474590326220394e+00,-3.130267658567486233e+00,-7.383792726354045932e-01,-4.926265582640086405e-01,-2.467494570190918779e+00,-5.777248994320990372e-01,-4.396636778307796867e+00
-5.885702233556721730e+00,-5.387852949759486698e+00,-1.908506806077411522e+00,-4.202474590326220394e+00,-3.130267658567486233e+00,-7.383792726354045932e-01,-4.926265582640086405e-01,-2.467494570190918779e+00,-5.777248994320990372e-01,-4.396636778307796867e+00
-5.885702233556721730e+00,-5.387852949759486698e+00,-1.908506806077411522e+00,-4.202474590326220394e+00,-3.130267658567486233e+00,-7.383792726354045932e-01,-4.926265582640086405e-01,-2.467494570190918779e+00,-5.777248994320990372e-01,-4.396636778307796867e+00
-5.885702233556721730e+00,-5.387852949759486698e+00,-1.908506806077411522e+00,-4.202474590326220394e+00,-3.130267658567486233e+00,-7.383792726354045932e-01,-4.926265582640086405e-01,-2.467494570190918779e+00,-5.777248994320990372e-01,-4.396636778307796867e+00
-5.885702233556721730e+00,-5.387852949759486698e+00,-1.908506806077411522e+00,-4.202474590326220394e+00,-3.130267658567486233e+00,-7.383792726354045932e-01,-4.926265582640086405e-01,-2.467494570190918779e+00,-5.777248994320990372e-01,-4.396636778307796867e+00
-5.885702233556721730e+00,-5.387852949759486698e+00,-1.908506806077411522e+00,-4.202474590326220394e+00,-3.130267658567486233e+00,-7.383792726354045932e-01,-4.926265582640086405e-01,-2.467494570190918779e+00,-5.777248994320990372e-01,-4.396636778307796867e+00
-5.885702233556721730e+00,-5.387852949759486698e+00,-1.908506806077411522e+00,-4.202474590326220394e+00,-3.130267658567486233e+00,-7.383792726354045932e-01,-5.857053043837103790e-01,-2.467494570190918779e+00,-5.777248994320990372e-01,-4.396636778307796867e+00
-5.885702233556721730e+00,-5.387852949759486698e+00,-1.908506806077411522e+00,-4.202474590326220394e+00,-3.130267658567486233e+00,-7.383792726354045932e-01,-5.857053043837103790e-01,-2.467494570190918779e+00,-5.777248994320990372e-01,-4.396636778307796867e+00
-5.885702233556721730e+00,-5.387852949759486698e+00,-1.908506806077411522e+00,-4.202474590326220394e+00,-3.130267658567486233e+00,-7.383792726354045932e-01,-5.857053043837103790e-01,-2.467494570190918779e+00,-5.777248994320990372e-01,-4.396636778307796867e+00
-5.885702233556721730e+00,-5.387852949759486698e+00,-1.908506806077411522e+00,-4.202474590326220394e+00,-3.130267658567486233e+00,-7.383792726354045932e-01,-5.857053043837103790e-01,-2.467494570190918779e+00,-5.777248994320990372e-01,-4.396636778307796867e+00
-5.885702233556721730e+00,-5.387852949759486698e+00,-1.908506806077411522e+00,-4.202474590326220394e+00,-3.130267658567486233e+00,-7.383792726354045932e-01,-5.857053043837103790e-01,-2.467494570190918779e+00,-5.777248994320990372e-01,-4.396636778307796867e+00
-5.885702233556721730e+00,-5.387852949759486698e+00,-1.908506806077411522e+00,-4.202474590326220394e+00,-3.130267658567486233e+00,-7.383792726354045932e-01,-5.857053043837103790e-01,-2.467494570190918779e+00,-5.777248994320990372e-01,-4.396636778307796867e+00
-5.885702233556721730e+00,-5.387852949759486698e+00,-1.908506806077411522e+00,-4.202474590326220394e+00,-3.130267658567486233e+00,-7.383792726354045932e-01,-5.857053043837103790e-01,-2.467494570190918779e+00,-5.777248994320990372e-01,-4.396636778307796867e+00
-5.885702233556721730e+00,-5.387852949759486698e+00,-1.908506806077411522e+00,-4.202474590326220394e+00,-3.130267658567486233e+00,-7.383792726354045932e-01,-5.857053043837103790e-01,-2.467494570190918779e+00,-5.777248994320990372e-01,-4.396636778307796867e+00
-5.885702233556721730e+00,-5.387852949759486698e+00,-1.908506806077411522e+00,-4.202474590326220394e+00,-3.130267658567486233e+00,-7.383792726354045932e-01,-5.857053043837103790e-01,-2.467494570190918779e+00,-5.777248994320990372e-01,-4.396636778307796867e+00
-5.885702233556721730e+00,-5.387852949759486698e+00,-1.908506806077411522e+00,-4.202474590326220394e+00,-3.130267658567486233e+00,-7.383792726354045932e-01,-5.857053043837103790e-01,-2.467494570190918779e+00,-5.777248994320990372e-01,-4.396636778307796867e+00
-5.885702233556721730e+00,-5.387852949759486698e+00,-1.908506806077411522e+00,-4.202474590326220394e+00,-3.130267658567486233e+00,-7.383792726354045932e-01,-5.857053043837103790e-01,-2.467494570190918779e+00,-5.777248994320990372e-01,-4.396636778307796867e+00
-5.885702233556721730e+00,-5.387852949759486698e+00,-1.908506806077411522e+00,-4.202474590326220394e+00,-3.130267658567486233e+00,-7.383792726354045932e-01,-5.857053043837103790e-01,-2.467494570190918779e+00,-5.777248994320990372e-01,-4.396636778307796867e+00
-5.885702233556721730e+00,-5.387852949759486698e+00,-1.908506806077411522e+00,-4.202474590326220394e+00,-3.130267658567486233e+00,-7.383792726354045932e-01,-5.857053043837103790e-01,-2.467494570190918779e+00,-5.777248994320990372e-01,-4.396636778307796867e+00
-5.885702233556721730e+00,-5.387852949759486698e+00,-1.908506806077411522e+00,-4.202474590326220394e+00,-3.130267658567486233e+00,-7.383792726354045932e-01,-5.857053043837103790e-01,-2.467494570190918779e+00,-5.777248994320990372e-01,-4.396636778307796867e+00
-5.885702233556721730e+00,-5.387852949759486698e+00,-1.908506806077411522e+00,-4.202474590326220394e+00,-3.130267658567486233e+00,-7.383792726354045932e-01,-5.857053043837103790e-01,-2.467494570190918779e+00,-5.777248994320990372e-01,-4.396636778307796867e+00
-5.885702233556721730e+00,-5.387852949759486698e+00,-1.908506806077411522e+00,-4.202474590326220394e+00,-3.130267658567486233e+00,-7.383792726354045932e-01,-5.857053043837103790e-01,-2.467494570190918779e+00,-5.777248994320990372e-01,-4.396636778307796867e+00
-5.885702233556721730e+00,-5.387852949759486698e+00,-1.908506806077411522e+00,-4.686037568945911502e+00,-3.130267658567486233e+00,-7.383792726354045932e-01,-5.857053043837103790e-01,-2.467494570190918779e+00,-5.777248994320990372e-01,-4.396636778307796867e+00
-5.885702233556721730e+00,-5.387852949759486698e+00,-1.908506806077411522e+00,-4.686037568945911502e+00,-3.130267658567486233e+00,-7.383792726354045932e-01,-5.857053043837103790e-01,-2.467494570190918779e+00,-5.777248994320990372e-01,-4.396636778307796867e+00
-5.885702233556721730e+00,-5.387852949759486698e+00,-1.908506806077411522e+00,-4.686037568945911502e+00,-3.130267658567486233e+00,-7.383792726354045932e-01,-5.857053043837103790e-01,-2.467494570190918779e+00,-5.777248994320990372e-01,-4.396636778307796867e+00
-5.885702233556721730e+00,-5.387852949759486698e+00,-1.908506806077411522e+00,-4.686037568945911502e+00,-3.130267658567486233e+00,-7.383792726354045932e-01,-5.857053043837103790e-01,-2.467494570190918779e+00,-5.777248994320990372e-01,-4.396636778307796867e+00
-5.885702233556721730e+00,-5.387852949759486698e+00,-1.908506806077411522e+00,-4.686037568945911502e+00,-3.130267658567486233e+00,-7.383792726354045932e-01,-5.857053043837103790e-01,-2.467494570190918779e+00,-5.777248994320990372e-01,-4.396636778307796867e+00
-5.885702233556721730e+00,-5.387852949759486698e+00,-1.908506806077411522e+00,-4.686037568945911502e+00,-3.130267658567486233e+00,-7.383792726354045932e-01,-5.857053043837103790e-01,-2.467494570190918779e+00,-5.777248994320990372e-01,-4.396636778307796867e+00
-5.885702233556721730e+00,-5.387852949759486698e+00,-1.908506806077411522e+00,-4.686037568945911502e+00,-3.130267658567486233e+00,-7.383792726354045932e-01,-5.857053043837103790e-01,-2.467494570190918779e+00,-5.777248994320990372e-01,-4.396636778307796867e+00
-5.885702233556721730e+00,-5.387852949759486698e+00,-1.908506806077411522e+00,-4.686037568945911502e+00,-3.130267658567486233e+00,-7.383792726354045932e-01,-5.857053043837103790e-01,-2.467494570190918779e+00,-5.777248994320990372e-01,-4.396636778307796867e+00
-5.885702233556721730e+00,-5.387852949759486698e+00,-1.908506806077411522e+00,-4.686037568945911502e+00,-3.130267658567486233e+00,-7.383792726354045932e-01,-5.857053043837103790e-01,-2.467494570190918779e+00,-5.777248994320990372e-01,-4.396636778307796867e+00
-5.885702233556721730e+00,-5.387852949759486698e+00,-1.908506806077411522e+00,-4.686037568945911502e+00,-3.130267658567486233e+00,-7.383792726354045932e-01,-5.857053043837103790e-01,-2.467494570190918779e+00,-5.777248994320990372e-01,-4.396636778307796867e+00
-5.885702233556721730e+00,-5.387852949759486698e+00,-1.908506806077411522e+00,-4.686037568945911502e+00,-3.130267658567486233e+00,-7.383792726354045932e-01,-5.857053043837103790e-01,-2.467494570190918779e+00,-5.777248994320990372e-01,-4.396636778307796867e+00
-5.885702233556721730e+00,-5.387852949759486698e+00,-1.908506806077411522e+00,-4.686037568945911502e+00,-3.130267658567486233e+00,-7.383792726354045932e-01,-5.857053043837103790e-01,-2.467494570190918779e+00,-5.777248994320990372e-01,-4.396636778307796867e+00
-5.885702233556721730e+00,-5.387852949759486698e+00,-1.908506806077411522e+00,-4.686037568945911502e+00,-3.130267658567486233e+00,-7.383792726354045932e-01,-5.857053043837103790e-01,-2.467494570190918779e+00,-5.777248994320990372e-01,-4.396636778307796867e+00
-5.885702233556721730e+00,-5.387852949759486698e+00,-1.908506806077411522e+00,-4.686037568945911502e+00,-3.130267658567486233e+00,-7.383792726354045932e-01,-5.857053043837103790e-01,-2.467494570190918779e+00,-5.777248994320990372e-01,-4.396636778307796867e+00
-5.885702233556721730e+00,-5.387852949759486698e+00,-1.908506806077411522e+00,-4.686037568945911502e+00,-3.130267658567486233e+00,-7.383792726354045932e-01,-5.857053043837103790e-01,-2.467494570190918779e+00,-5.777248994320990372e-01,-4.396636778307796867e+00
-5.885702233556721730e+00,-5.387852949759486698e+00,-1.908506806077411522e+00,-4.686037568945911502e+00,-3.130267658567486233e+00,-7.383792726354045932e-01,-5.857053043837103790e-01,-2.467494570190918779e+00,-5.777248994320990372e-01,-4.396636778307796867e+00
-5.885702233556721730e+00,-5.387852949759486698e+00,-1.908506806077411522e+00,-4.686037568945911502e+00,-3.130267658567486233e+00,-7.383792726354045932e-01,-5.857053043837103790e-01,-2.467494570190918779e+00,-5.777248994320990372e-01,-4.396636778307796867e+00
-5.885702233556721730e+00,-5.387852949759486698e+00,-1.908506806077411522e+00,-4.686037568945911502e+00,-3.130267658567486233e+00,-7.383792726354045932e-01,-5.857053043837103790e-01,-2.467494570190918779e+00,-5.777248994320990372e-01,-4.396636778307796867e+00
-5.885702233556721730e+00,-5.387852949759486698e+00,-1.908506806077411522e+00,-4.686037568945911502e+00,-3.130267658567486233e+00,-7.383792726354045932e-01,-5.857053043837103790e-01,-2.467494570190918779e+00,-5.777248994320990372e-01,-4.396636778307796867e+00
-5.885702233556721730e+00,-5.387852949759486698e+00,-1.908506806077411522e+00,-4.686037568945911502e+00,-3.130267658567486233e+00,-7.383792726354045932e-01,-5.857053043837103790e-01,-2.467494570190918779e+00,-5.777248994320990372e-01,-4.396636778307796867e+00
-5.885702233556721730e+00,-5.387852949759486698e+00,-1.908506806077411522e+00,-4.686037568945911502e+00,-3.130267658567486233e+00,-7.383792726354045932e-01,-5.857053043837103790e-01,-2.467494570190918779e+00,-5.777248994320990372e-01,-4.396636778307796867e+00
-5.885702233556721730e+00,-5.387852949759486698e+00,-1.908506806077411522e+00,-4.686037568945911502e+00,-3.130267658567486233e+00,-7.383792726354045932e-01,-5.857053043837103790e-01,-2.467494570190918779e+00,-5.777248994320990372e-01,-4.396636778307796867e+00
