-2.590158940287372591e-01,1.042184881884452574e+00,4.728721809533149023e-01,3.477325587179470379e+00,1.697243401583638178e+00,-6.186568260839605538e-01,8.306865718611824434e-01,1.150427550947656474e+00,1.354801567136581619e+00,3.468452390497057003e+00
-2.590158940287372591e-01,2.904238102125782928e-01,-8.064789480946472633e-01,3.477325587179470379e+00,1.598267079593037154e+00,-6.186568260839605538e-01,8.306865718611824434e-01,1.031516870514641360e+00,-8.747244432285348203e-01,2.919116523827389287e+00
-8.265751257484846848e-01,2.012668734258547532e-01,-8.064789480946472633e-01,3.477325587179470379e+00,2.177634918906275752e-01,-6.186568260839605538e-01,8.306865718611824434e-01,1.031516870514641360e+00,-8.747244432285348203e-01,2.861132975100136644e+00
-8.265751257484846848e-01,-1.463531167446462389e-01,-1.362027418537092194e+00,1.975215457458152635e+00,1.324314798569008744e-01,-6.186568260839605538e-01,6.025070013274810288e-01,1.031516870514641360e+00,-8.747244432285348203e-01,1.491232064854890460e+00
-1.388948794023064925e+00,-1.463531167446462389e-01,-1.362027418537092194e+00,1.284673319114110868e+00,-5.803992545384883961e-02,-1.466801592963636880e+00,6.025070013274810288e-01,1.031516870514641360e+00,-8.747244432285348203e-01,1.491232064854890460e+00
-1.388948794023064925e+00,-1.463531167446462389e-01,-1.945449825306076796e+00,-7.282215824801713255e-01,-1.682546181924151618e+00,-1.466801592963636880e+00,6.025070013274810288e-01,1.031516870514641360e+00,-8.747244432285348203e-01,1.491232064854890460e+00
-1.388948794023064925e+00,-1.463531167446462389e-01,-1.945449825306076796e+00,-7.282215824801713255e-01,-1.682546181924151618e+00,-1.466801592963636880e+00,6.025070013274810288e-01,1.031516870514641360e+00,-8.747244432285348203e-01,1.491232064854890460e+00
-1.699766080822704639e+00,-1.463531167446462389e-01,-1.945449825306076796e+00,-7.282215824801713255e-01,-1.682546181924151618e+00,-1.466801592963636880e+00,-3.734315492178305607e-01,2.341354658829592206e-01,-8.747244432285348203e-01,1.491232064854890460e+00
-1.699766080822704639e+00,-1.731023792117450055e+00,-1.945449825306076796e+00,-7.282215824801713255e-01,-1.682546181924151618e+00,-1.466801592963636880e+00,-3.734315492178305607e-01,2.341354658829592206e-01,-8.747244432285348203e-01,1.491232064854890460e+00
-1.699766080822704639e+00,-1.731023792117450055e+00,-1.945449825306076796e+00,-7.282215824801713255e-01,-1.732990505046590135e+00,-1.466801592963636880e+00,-3.734315492178305607e-01,2.341354658829592206e-01,-8.747244432285348203e-01,1.491232064854890460e+00
-2.505242116978781297e+00,-1.731023792117450055e+00,-1.945449825306076796e+00,-7.282215824801713255e-01,-1.732990505046590135e+00,-1.466801592963636880e+00,-3.734315492178305607e-01,-2.006817354715349777e-01,-8.747244432285348203e-01,1.491232064854890460e+00
-2.505242116978781297e+00,-1.731023792117450055e+00,-1.945449825306076796e+00,-7.282215824801713255e-01,-2.623896008383907130e+00,-1.466801592963636880e+00,-1.075977101931961943e+00,-6.184578960314638385e-01,-8.747244432285348203e-01,1.491232064854890460e+00
-2.505242116978781297e+00,-1.731023792117450055e+00,-1.945449825306076796e+00,-7.282215824801713255e-01,-2.623896008383907130e+00,-1.466801592963636880e+00,-1.075977101931961943e+00,-6.184578960314638385e-01,-8.747244432285348203e-01,1.491232064854890460e+00
-2.505242116978781297e+00,-1.731023792117450055e+00,-1.945449825306076796e+00,-7.282215824801713255e-01,-3.192559978839148549e+00,-1.466801592963636880e+00,-1.075977101931961943e+00,-6.184578960314638385e-01,-8.747244432285348203e-01,9.766514990266350615e-01
-2.505242116978781297e+00,-1.731023792117450055e+00,-1.945449825306076796e+00,-7.282215824801713255e-01,-3.192559978839148549e+00,-1.466801592963636880e+00,-1.075977101931961943e+00,-7.401054299503231348e-01,-8.747244432285348203e-01,9.766514990266350615e-01
-2.505242116978781297e+00,-1.731023792117450055e+00,-1.945449825306076796e+00,-7.282215824801713255e-01,-3.192559978839148549e+00,-1.466801592963636880e+00,-1.075977101931961943e+00,-7.401054299503231348e-01,-8.747244432285348203e-01,4.520794003608717415e-01
-2.505242116978781297e+00,-1.731023792117450055e+00,-1.945449825306076796e+00,-7.282215824801713255e-01,-3.192559978839148549e+00,-1.466801592963636880e+00,-1.075977101931961943e+00,-7.401054299503231348e-01,-8.747244432285348203e-01,4.520794003608717415e-01
-2.505242116978781297e+00,-1.731023792117450055e+00,-1.945449825306076796e+00,-7.282215824801713255e-01,-3.192559978839148549e+00,-1.466801592963636880e+00,-1.075977101931961943e+00,-7.401054299503231348e-01,-8.747244432285348203e-01,4.520794003608717415e-01
-2.505242116978781297e+00,-1.731023792117450055e+00,-1.945449825306076796e+00,-7.282215824801713255e-01,-3.192559978839148549e+00,-1.466801592963636880e+00,-1.075977101931961943e+00,-7.401054299503231348e-01,-8.747244432285348203e-01,2.063888470472484138e-01
-2.505242116978781297e+00,-1.731023792117450055e+00,-1.945449825306076796e+00,-7.282215824801713255e-01,-3.192559978839148549e+00,-1.466801592963636880e+00,-1.075977101931961943e+00,-7.401054299503231348e-01,-8.747244432285348203e-01,8.205151376214615822e-02
-2.555074215743838639e+00,-1.731023792117450055e+00,-1.945449825306076796e+00,-7.282215824801713255e-01,-3.192559978839148549e+00,-1.466801592963636880e+00,-1.858100849158892176e+00,-7.401054299503231348e-01,-8.747244432285348203e-01,8.205151376214615822e-02
-2.555074215743838639e+00,-1.731023792117450055e+00,-1.945449825306076796e+00,-7.282215824801713255e-01,-3.192559978839148549e+00,-1.466801592963636880e+00,-1.858100849158892176e+00,-7.401054299503231348e-01,-8.747244432285348203e-01,8.205151376214615822e-02
-2.555074215743838639e+00,-1.731023792117450055e+00,-1.945449825306076796e+00,-7.282215824801713255e-01,-3.192559978839148549e+00,-1.466801592963636880e+00,-1.858100849158892176e+00,-7.401054299503231348e-01,-8.747244432285348203e-01,-4.431042995394517403e-01
-2.555074215743838639e+00,-1.731023792117450055e+00,-1.945449825306076796e+00,-7.282215824801713255e-01,-3.192559978839148549e+00,-1.466801592963636880e+00,-1.858100849158892176e+00,-7.401054299503231348e-01,-8.747244432285348203e-01,-4.431042995394517403e-01
-2.555074215743838639e+00,-1.731023792117450055e+00,-1.945449825306076796e+00,-7.282215824801713255e-01,-3.192559978839148549e+00,-1.466801592963636880e+00,-1.858100849158892176e+00,-7.401054299503231348e-01,-8.747244432285348203e-01,-7.391951997552209663e-01
-2.663457475771597416e+00,-1.731023792117450055e+00,-1.945449825306076796e+00,-7.282215824801713255e-01,-3.192559978839148549e+00,-1.466801592963636880e+00,-1.858100849158892176e+00,-7.401054299503231348e-01,-8.747244432285348203e-01,-7.391951997552209663e-01
-2.663457475771597416e+00,-1.731023792117450055e+00,-1.945449825306076796e+00,-7.282215824801713255e-01,-3.192559978839148549e+00,-1.466801592963636880e+00,-1.858100849158892176e+00,-7.401054299503231348e-01,-8.747244432285348203e-01,-7.391951997552209663e-01
-2.663457475771597416e+00,-1.731023792117450055e+00,-1.945449825306076796e+00,-7.282215824801713255e-01,-3.192559978839148549e+00,-1.466801592963636880e+00,-1.858100849158892176e+00,-7.401054299503231348e-01,-8.747244432285348203e-01,-7.391951997552209663e-01
-2.663457475771597416e+00,-1.798709140588659938e+00,-1.945449825306076796e+00,-7.282215824801713255e-01,-3.192559978839148549e+00,-1.466801592963636880e+00,-1.858100849158892176e+00,-7.401054299503231348e-01,-8.747244432285348203e-01,-7.391951997552209663e-01
-2.663457475771597416e+00,-1.798709140588659938e+00,-1.945449825306076796e+00,-7.282215824801713255e-01,-3.192559978839148549e+00,-1.466801592963636880e+00,-1.858100849158892176e+00,-7.401054299503231348e-01,-8.747244432285348203e-01,-7.391951997552209663e-01
-2.663457475771597416e+00,-1.798709140588659938e+00,-1.945449825306076796e+00,-7.282215824801713255e-01,-3.192559978839148549e+00,-1.466801592963636880e+00,-1.858100849158892176e+00,-7.401054299503231348e-01,-8.747244432285348203e-01,-7.391951997552209663e-01
-2.663457475771597416e+00,-2.016300732062674239e+00,-1.945449825306076796e+00,-7.282215824801713255e-01,-3.192559978839148549e+00,-1.466801592963636880e+00,-1.858100849158892176e+00,-7.401054299503231348e-01,-8.747244432285348203e-01,-7.391951997552209663e-01
-2.663457475771597416e+00,-2.016300732062674239e+00,-1.945449825306076796e+00,-7.282215824801713255e-01,-3.192559978839148549e+00,-1.466801592963636880e+00,-1.858100849158892176e+00,-7.401054299503231348e-01,-8.747244432285348203e-01,-7.391951997552209663e-01
-2.663457475771597416e+00,-2.016300732062674239e+00,-1.945449825306076796e+00,-7.282215824801713255e-01,-3.192559978839148549e+00,-1.466801592963636880e+00,-1.858100849158892176e+00,-7.401054299503231348e-01,-8.747244432285348203e-01,-7.391951997552209663e-01
-2.663457475771597416e+00,-2.016300732062674239e+00,-1.945449825306076796e+00,-7.282215824801713255e-01,-3.192559978839148549e+00,-1.466801592963636880e+00,-1.858100849158892176e+00,-7.401054299503231348e-01,-8.747244432285348203e-01,-7.391951997552209663e-01
-2.663457475771597416e+00,-2.016300732062674239e+00,-1.945449825306076796e+00,-7.282215824801713255e-01,-3.192559978839148549e+00,-1.466801592963636880e+00,-2.605647449652472858e+00,-7.401054299503231348e-01,-8.747244432285348203e-01,-7.391951997552209663e-01
-2.663457475771597416e+00,-2.016300732062674239e+00,-1.945449825306076796e+00,-7.282215824801713255e-01,-3.192559978839148549e+00,-1.466801592963636880e+00,-2.605647449652472858e+00,-7.401054299503231348e-01,-8.747244432285348203e-01,-7.401499423354236384e-01
-2.663457475771597416e+00,-2.101399910147399019e+00,-1.945449825306076796e+00,-7.282215824801713255e-01,-3.192559978839148549e+00,-1.466801592963636880e+00,-2.605647449652472858e+00,-7.401054299503231348e-01,-8.747244432285348203e-01,-7.401499423354236384e-01
-2.663457475771597416e+00,-2.465216815907817161e+00,-1.945449825306076796e+00,-7.282215824801713255e-01,-3.192559978839148549e+00,-1.786338859653274769e+00,-2.605647449652472858e+00,-7.401054299503231348e-01,-8.747244432285348203e-01,-8.154858488771576930e-01
-2.663457475771597416e+00,-2.875864918226181288e+00,-1.945449825306076796e+00,-7.282215824801713255e-01,-3.192559978839148549e+00,-1.786338859653274769e+00,-2.605647449652472858e+00,-7.401054299503231348e-01,-8.747244432285348203e-01,-8.154858488771576930e-01
-2.663457475771597416e+00,-2.875864918226181288e+00,-1.945449825306076796e+00,-7.282215824801713255e-01,-3.192559978839148549e+00,-1.786338859653274769e+00,-2.605647449652472858e+00,-7.401054299503231348e-01,-8.747244432285348203e-01,-8.154858488771576930e-01
-2.663457475771597416e+00,-2.875864918226181288e+00,-1.945449825306076796e+00,-7.282215824801713255e-01,-3.192559978839148549e+00,-1.786338859653274769e+00,-2.605647449652472858e+00,-7.401054299503231348e-01,-8.747244432285348203e-01,-8.154858488771576930e-01
-2.663457475771597416e+00,-2.875864918226181288e+00,-1.945449825306076796e+00,-7.282215824801713255e-01,-3.192559978839148549e+00,-1.786338859653274769e+00,-2.605647449652472858e+00,-7.401054299503231348e-01,-8.747244432285348203e-01,-8.154858488771576930e-01
-2.663457475771597416e+00,-2.875864918226181288e+00,-1.945449825306076796e+00,-7.282215824801713255e-01,-3.192559978839148549e+00,-1.786338859653274769e+00,-2.605647449652472858e+00,-7.401054299503231348e-01,-8.747244432285348203e-01,-8.154858488771576930e-01
-2.663457475771597416e+00,-2.875864918226181288e+00,-1.945449825306076796e+00,-7.282215824801713255e-01,-3.192559978839148549e+00,-1.786338859653274769e+00,-2.605647449652472858e+00,-7.401054299503231348e-01,-8.747244432285348203e-01,-8.154858488771576930e-01
-2.663457475771597416e+00,-2.875864918226181288e+00,-1.945449825306076796e+00,-7.282215824801713255e-01,-3.192559978839148549e+00,-1.786338859653274769e+00,-2.605647449652472858e+00,-7.401054299503231348e-01,-8.747244432285348203e-01,-8.154858488771576930e-01
-2.663457475771597416e+00,-2.875864918226181288e+00,-1.945449825306076796e+00,-7.282215824801713255e-01,-3.192559978839148549e+00,-1.786338859653274769e+00,-2.605647449652472858e+00,-7.401054299503231348e-01,-8.747244432285348203e-01,-8.154858488771576930e-01
-2.663457475771597416e+00,-2.875864918226181288e+00,-1.945449825306076796e+00,-7.282215824801713255e-01,-3.192559978839148549e+00,-1.786338859653274769e+00,-2.605647449652472858e+00,-7.401054299503231348e-01,-8.747244432285348203e-01,-8.154858488771576930e-01
-2.663457475771597416e+00,-2.875864918226181288e+00,-1.945449825306076796e+00,-7.282215824801713255e-01,-3.192559978839148549e+00,-1.786338859653274769e+00,-2.605647449652472858e+00,-7.401054299503231348e-01,-9.660777591557394572e-01,-1.112950637064733073e+00
-2.663457475771597416e+00,-3.193919152392106220e+00,-1.945449825306076796e+00,-7.282215824801713255e-01,-3.192559978839148549e+00,-1.786338859653274769e+00,-2.605647449652472858e+00,-7.401054299503231348e-01,-9.660777591557394572e-01,-1.112950637064733073e+00
-2.663457475771597416e+00,-3.193919152392106220e+00,-1.945449825306076796e+00,-7.282215824801713255e-01,-3.192559978839148549e+00,-1.786338859653274769e+00,-2.605647449652472858e+00,-7.401054299503231348e-01,-9.660777591557394572e-01,-1.148779381954245560e+00
-2.663457475771597416e+00,-3.193919152392106220e+00,-1.945449825306076796e+00,-7.282215824801713255e-01,-3.192559978839148549e+00,-1.786338859653274769e+00,-2.605647449652472858e+00,-7.401054299503231348e-01,-9.660777591557394572e-01,-1.148779381954245560e+00
-2.663457475771597416e+00,-3.193919152392106220e+00,-1.945449825306076796e+00,-7.282215824801713255e-01,-3.192559978839148549e+00,-1.786338859653274769e+00,-2.605647449652472858e+00,-7.401054299503231348e-01,-9.660777591557394572e-01,-1.148779381954245560e+00
-2.663457475771597416e+00,-3.193919152392106220e+00,-1.945449825306076796e+00,-7.282215824801713255e-01,-3.192559978839148549e+00,-1.786338859653274769e+00,-2.605647449652472858e+00,-7.401054299503231348e-01,-9.660777591557394572e-01,-1.148779381954245560e+00
-2.663457475771597416e+00,-3.300932676701591628e+00,-1.945449825306076796e+00,-7.282215824801713255e-01,-3.192559978839148549e+00,-1.786338859653274769e+00,-2.605647449652472858e+00,-7.401054299503231348e-01,-9.660777591557394572e-01,-1.148779381954245560e+00
-2.663457475771597416e+00,-3.300932676701591628e+00,-1.945449825306076796e+00,-7.282215824801713255e-01,-3.192559978839148549e+00,-1.786338859653274769e+00,-2.605647449652472858e+00,-7.401054299503231348e-01,-9.660777591557394572e-01,-1.148779381954245560e+00
-2.663457475771597416e+00,-3.300932676701591628e+00,-1.945449825306076796e+00,-7.282215824801713255e-01,-3.192559978839148549e+00,-1.786338859653274769e+00,-2.605647449652472858e+00,-7.401054299503231348e-01,-9.660777591557394572e-01,-1.148779381954245560e+00
-2.663457475771597416e+00,-3.300932676701591628e+00,-1.945449825306076796e+00,-7.282215824801713255e-01,-3.192559978839148549e+00,-1.786338859653274769e+00,-2.605647449652472858e+00,-7.401054299503231348e-01,-9.660777591557394572e-01,-1.148779381954245560e+00
-2.663457475771597416e+00,-3.300932676701591628e+00,-1.945449825306076796e+00,-7.282215824801713255e-01,-3.192559978839148549e+00,-1.786338859653274769e+00,-2.605647449652472858e+00,-7.401054299503231348e-01,-9.660777591557394572e-01,-1.148779381954245560e+00
-2.680004326144824756e+00,-3.300932676701591628e+00,-1.945449825306076796e+00,-7.282215824801713255e-01,-3.192559978839148549e+00,-1.786338859653274769e+00,-2.605647449652472858e+00,-7.401054299503231348e-01,-9.660777591557394572e-01,-1.148779381954245560e+00
-2.680004326144824756e+00,-3.300932676701591628e+00,-1.945449825306076796e+00,-7.282215824801713255e-01,-3.192559978839148549e+00,-1.786338859653274769e+00,-2.605647449652472858e+00,-7.401054299503231348e-01,-9.660777591557394572e-01,-1.148779381954245560e+00
-2.680004326144824756e+00,-3.300932676701591628e+00,-1.945449825306076796e+00,-7.282215824801713255e-01,-3.192559978839148549e+00,-1.786338859653274769e+00,-2.605647449652472858e+00,-7.401054299503231348e-01,-9.660777591557394572e-01,-1.197000966524599086e+00
-2.680004326144824756e+00,-3.300932676701591628e+00,-1.945449825306076796e+00,-7.282215824801713255e-01,-3.192559978839148549e+00,-1.786338859653274769e+00,-2.605647449652472858e+00,-7.401054299503231348e-01,-9.660777591557394572e-01,-1.197000966524599086e+00
-2.680004326144824756e+00,-3.300932676701591628e+00,-1.945449825306076796e+00,-7.282215824801713255e-01,-3.192559978839148549e+00,-1.786338859653274769e+00,-2.605647449652472858e+00,-7.401054299503231348e-01,-9.660777591557394572e-01,-1.197000966524599086e+00
-2.680004326144824756e+00,-3.300932676701591628e+00,-1.945449825306076796e+00,-7.282215824801713255e-01,-3.992749240850051340e+00,-1.786338859653274769e+00,-2.605647449652472858e+00,-7.401054299503231348e-01,-9.660777591557394572e-01,-1.197000966524599086e+00
-2.680004326144824756e+00,-3.300932676701591628e+00,-1.945449825306076796e+00,-7.282215824801713255e-01,-3.992749240850051340e+00,-1.786338859653274769e+00,-2.605647449652472858e+00,-7.401054299503231348e-01,-9.660777591557394572e-01,-1.197000966524599086e+00
-2.680004326144824756e+00,-3.300932676701591628e+00,-1.945449825306076796e+00,-7.282215824801713255e-01,-3.992749240850051340e+00,-1.786338859653274769e+00,-2.605647449652472858e+00,-7.401054299503231348e-01,-9.660777591557394572e-01,-1.197000966524599086e+00
-2.680004326144824756e+00,-3.300932676701591628e+00,-1.945449825306076796e+00,-7.282215824801713255e-01,-3.992749240850051340e+00,-1.786338859653274769e+00,-2.605647449652472858e+00,-7.401054299503231348e-01,-9.660777591557394572e-01,-1.197000966524599086e+00
-2.680004326144824756e+00,-3.300932676701591628e+00,-1.945449825306076796e+00,-7.282215824801713255e-01,-3.992749240850051340e+00,-1.786338859653274769e+00,-2.605647449652472858e+00,-7.401054299503231348e-01,-9.660777591557394572e-01,-1.197000966524599086e+00
-2.680004326144824756e+00,-3.300932676701591628e+00,-1.945449825306076796e+00,-7.282215824801713255e-01,-3.992749240850051340e+00,-1.786338859653274769e+00,-2.605647449652472858e+00,-7.401054299503231348e-01,-9.660777591557394572e-01,-1.197000966524599086e+00
-2.680004326144824756e+00,-3.300932676701591628e+00,-1.945449825306076796e+00,-7.282215824801713255e-01,-3.992749240850051340e+00,-1.786338859653274769e+00,-2.605647449652472858e+00,-7.401054299503231348e-01,-9.660777591557394572e-01,-1.197000966524599086e+00
-2.680004326144824756e+00,-3.300932676701591628e+00,-1.945449825306076796e+00,-7.282215824801713255e-01,-3.992749240850051340e+00,-1.786338859653274769e+00,-2.605647449652472858e+00,-7.401054299503231348e-01,-9.660777591557394572e-01,-1.307835669699062509e+00
-2.680004326144824756e+00,-3.300932676701591628e+00,-1.945449825306076796e+00,-7.282215824801713255e-01,-3.992749240850051340e+00,-1.786338859653274769e+00,-2.605647449652472858e+00,-7.401054299503231348e-01,-9.660777591557394572e-01,-1.307835669699062509e+00
-2.680004326144824756e+00,-3.300932676701591628e+00,-1.945449825306076796e+00,-7.282215824801713255e-01,-3.992749240850051340e+00,-1.786338859653274769e+00,-2.605647449652472858e+00,-7.401054299503231348e-01,-9.660777591557394572e-01,-1.307835669699062509e+00
-2.680004326144824756e+00,-3.300932676701591628e+00,-1.945449825306076796e+00,-7.282215824801713255e-01,-3.992749240850051340e+00,-1.786338859653274769e+00,-2.605647449652472858e+00,-7.401054299503231348e-01,-9.660777591557394572e-01,-1.307835669699062509e+00
-2.680004326144824756e+00,-3.300932676701591628e+00,-1.945449825306076796e+00,-7.282215824801713255e-01,-3.992749240850051340e+00,-1.786338859653274769e+00,-2.605647449652472858e+00,-7.401054299503231348e-01,-9.660777591557394572e-01,-1.307835669699062509e+00
-2.680004326144824756e+00,-3.300932676701591628e+00,-1.945449825306076796e+00,-7.282215824801713255e-01,-3.992749240850051340e+00,-1.786338859653274769e+00,-2.605647449652472858e+00,-7.401054299503231348e-01,-9.660777591557394572e-01,-1.307835669699062509e+00
-2.680004326144824756e+00,-3.300932676701591628e+00,-1.945449825306076796e+00,-7.282215824801713255e-01,-3.992749240850051340e+00,-1.786338859653274769e+00,-2.605647449652472858e+00,-7.401054299503231348e-01,-9.660777591557394572e-01,-1.307835669699062509e+00
-2.680004326144824756e+00,-3.300932676701591628e+00,-1.945449825306076796e+00,-7.282215824801713255e-01,-3.992749240850051340e+00,-1.786338859653274769e+00,-2.605647449652472858e+00,-7.401054299503231348e-01,-9.660777591557394572e-01,-1.307835669699062509e+00
-2.680004326144824756e+00,-3.300932676701591628e+00,-1.945449825306076796e+00,-7.282215824801713255e-01,-3.992749240850051340e+00,-1.786338859653274769e+00,-2.605647449652472858e+00,-7.401054299503231348e-01,-9.660777591557394572e-01,-1.307835669699062509e+00
-2.680004326144824756e+00,-3.300932676701591628e+00,-1.945449825306076796e+00,-7.282215824801713255e-01,-3.992749240850051340e+00,-1.786338859653274769e+00,-2.605647449652472858e+00,-7.401054299503231348e-01,-9.660777591557394572e-01,-1.307835669699062509e+00
-2.680004326144824756e+00,-3.300932676701591628e+00,-1.945449825306076796e+00,-7.282215824801713255e-01,-3.992749240850051340e+00,-1.786338859653274769e+00,-2.605647449652472858e+00,-7.401054299503231348e-01,-9.660777591557394572e-01,-1.307835669699062509e+00
-2.680004326144824756e+00,-3.300932676701591628e+00,-1.945449825306076796e+00,-7.933418902939542994e-01,-3.992749240850051340e+00,-1.786338859653274769e+00,-2.605647449652472858e+00,-7.401054299503231348e-01,-9.660777591557394572e-01,-1.307835669699062509e+00
-2.680004326144824756e+00,-3.300932676701591628e+00,-1.945449825306076796e+00,-7.933418902939542994e-01,-3.992749240850051340e+00,-1.786338859653274769e+00,-2.605647449652472858e+00,-7.401054299503231348e-01,-9.660777591557394572e-01,-1.307835669699062509e+00
-2.680004326144824756e+00,-3.300932676701591628e+00,-1.945449825306076796e+00,-7.933418902939542994e-01,-3.992749240850051340e+00,-1.786338859653274769e+00,-2.605647449652472858e+00,-7.401054299503231348e-01,-9.660777591557394572e-01,-1.307835669699062509e+00
-2.680004326144824756e+00,-3.300932676701591628e+00,-1.945449825306076796e+00,-7.933418902939542994e-01,-3.992749240850051340e+00,-1.786338859653274769e+00,-2.605647449652472858e+00,-7.401054299503231348e-01,-9.660777591557394572e-01,-1.609352779704375402e+00
-2.680004326144824756e+00,-3.300932676701591628e+00,-1.945449825306076796e+00,-1.960630513338150749e+00,-3.992749240850051340e+00,-1.786338859653274769e+00,-2.605647449652472858e+00,-7.401054299503231348e-01,-9.660777591557394572e-01,-1.609352779704375402e+00
-2.680004326144824756e+00,-3.300932676701591628e+00,-1.945449825306076796e+00,-1.960630513338150749e+00,-3.992749240850051340e+00,-1.786338859653274769e+00,-2.605647449652472858e+00,-7.401054299503231348e-01,-9.660777591557394572e-01,-1.609352779704375402e+00
-2.680004326144824756e+00,-3.300932676701591628e+00,-1.945449825306076796e+00,-1.960630513338150749e+00,-3.992749240850051340e+00,-1.786338859653274769e+00,-2.605647449652472858e+00,-7.401054299503231348e-01,-9.660777591557394572e-01,-1.609352779704375402e+00
-2.680004326144824756e+00,-3.300932676701591628e+00,-1.945449825306076796e+00,-1.960630513338150749e+00,-3.992749240850051340e+00,-1.960750847081997428e+00,-2.605647449652472858e+00,-7.401054299503231348e-01,-9.660777591557394572e-01,-1.609352779704375402e+00
-2.680004326144824756e+00,-3.300932676701591628e+00,-1.945449825306076796e+00,-1.960630513338150749e+00,-3.992749240850051340e+00,-1.960750847081997428e+00,-2.605647449652472858e+00,-7.401054299503231348e-01,-9.660777591557394572e-01,-1.609352779704375402e+00
-2.680004326144824756e+00,-3.300932676701591628e+00,-1.945449825306076796e+00,-1.960630513338150749e+00,-3.992749240850051340e+00,-1.960750847081997428e+00,-2.605647449652472858e+00,-7.401054299503231348e-01,-9.660777591557394572e-01,-1.609352779704375402e+00
-2.680004326144824756e+00,-3.300932676701591628e+00,-1.945449825306076796e+00,-1.960630513338150749e+00,-3.992749240850051340e+00,-1.960750847081997428e+00,-2.605647449652472858e+00,-7.401054299503231348e-01,-9.660777591557394572e-01,-2.062449180569976281e+00
-2.770745109184893362e+00,-3.300932676701591628e+00,-1.945449825306076796e+00,-1.960630513338150749e+00,-3.992749240850051340e+00,-1.960750847081997428e+00,-2.605647449652472858e+00,-7.401054299503231348e-01,-9.660777591557394572e-01,-2.062449180569976281e+00
-2.770745109184893362e+00,-3.300932676701591628e+00,-1.945449825306076796e+00,-1.960630513338150749e+00,-3.992749240850051340e+00,-1.960750847081997428e+00,-2.605647449652472858e+00,-8.056395513422262011e-01,-1.663243168100956071e+00,-2.062449180569976281e+00
-2.770745109184893362e+00,-3.300932676701591628e+00,-1.945449825306076796e+00,-1.960630513338150749e+00,-3.992749240850051340e+00,-1.960750847081997428e+00,-2.605647449652472858e+00,-8.056395513422262011e-01,-1.663243168100956071e+00,-2.062449180569976281e+00
-2.770745109184893362e+00,-3.300932676701591628e+00,-1.945449825306076796e+00,-1.960630513338150749e+00,-3.992749240850051340e+00,-1.960750847081997428e+00,-2.605647449652472858e+00,-8.056395513422262011e-01,-1.663243168100956071e+00,-2.062449180569976281e+00
-2.770745109184893362e+00,-3.300932676701591628e+00,-1.945449825306076796e+00,-1.960630513338150749e+00,-3.992749240850051340e+00,-1.960750847081997428e+00,-2.605647449652472858e+00,-8.056395513422262011e-01,-1.663243168100956071e+00,-2.062449180569976281e+00
-2.770745109184893362e+00,-3.300932676701591628e+00,-1.945449825306076796e+00,-1.960630513338150749e+00,-4.279816769245643471e+00,-1.960750847081997428e+00,-2.605647449652472858e+00,-8.056395513422262011e-01,-1.663243168100956071e+00,-2.062449180569976281e+00
-2.770745109184893362e+00,-3.300932676701591628e+00,-1.945449825306076796e+00,-1.960630513338150749e+00,-4.279816769245643471e+00,-1.960750847081997428e+00,-2.605647449652472858e+00,-8.056395513422262011e-01,-1.663243168100956071e+00,-2.062449180569976281e+00
-2.770745109184893362e+00,-3.300932676701591628e+00,-1.945449825306076796e+00,-1.960630513338150749e+00,-4.279816769245643471e+00,-1.960750847081997428e+00,-2.605647449652472858e+00,-8.056395513422262011e-01,-1.663243168100956071e+00,-2.062449180569976281e+00
-2.770745109184893362e+00,-3.300932676701591628e+00,-1.945449825306076796e+00,-1.960630513338150749e+00,-4.279816769245643471e+00,-1.960750847081997428e+00,-2.605647449652472858e+00,-8.056395513422262011e-01,-1.663243168100956071e+00,-2.062449180569976281e+00
-4.956899052340299150e+00,-3.300932676701591628e+00,-1.945449825306076796e+00,-1.960630513338150749e+00,-4.279816769245643471e+00,-1.960750847081997428e+00,-2.605647449652472858e+00,-8.056395513422262011e-01,-1.663243168100956071e+00,-2.062449180569976281e+00
-4.956899052340299150e+00,-3.300932676701591628e+00,-1.945449825306076796e+00,-1.960630513338150749e+00,-4.279816769245643471e+00,-1.960750847081997428e+00,-2.605647449652472858e+00,-8.056395513422262011e-01,-1.663243168100956071e+00,-2.062449180569976281e+00
-4.956899052340299150e+00,-3.300932676701591628e+00,-1.945449825306076796e+00,-1.960630513338150749e+00,-4.279816769245643471e+00,-1.960750847081997428e+00,-2.605647449652472858e+00,-8.056395513422262011e-01,-1.663243168100956071e+00,-2.062449180569976281e+00
-4.956899052340299150e+00,-3.300932676701591628e+00,-1.945449825306076796e+00,-1.960630513338150749e+00,-4.279816769245643471e+00,-1.960750847081997428e+00,-2.605647449652472858e+00,-8.056395513422262011e-01,-1.663243168100956071e+00,-2.062449180569976281e+00
-4.956899052340299150e+00,-3.300932676701591628e+00,-1.945449825306076796e+00,-1.960630513338150749e+00,-4.279816769245643471e+00,-1.960750847081997428e+00,-2.605647449652472858e+00,-8.056395513422262011e-01,-1.663243168100956071e+00,-2.062449180569976281e+00
-4.956899052340299150e+00,-3.300932676701591628e+00,-1.945449825306076796e+00,-1.960630513338150749e+00,-4.279816769245643471e+00,-1.960750847081997428e+00,-2.605647449652472858e+00,-8.056395513422262011e-01,-1.663243168100956071e+00,-2.062449180569976281e+00
-4.956899052340299150e+00,-3.300932676701591628e+00,-1.945449825306076796e+00,-1.960630513338150749e+00,-4.279816769245643471e+00,-1.960750847081997428e+00,-2.605647449652472858e+00,-8.056395513422262011e-01,-1.663243168100956071e+00,-2.062449180569976281e+00
-4.956899052340299150e+00,-3.300932676701591628e+00,-1.945449825306076796e+00,-1.960630513338150749e+00,-4.279816769245643471e+00,-1.960750847081997428e+00,-2.605647449652472858e+00,-8.056395513422262011e-01,-1.663243168100956071e+00,-2.062449180569976281e+00
-4.956899052340299150e+00,-3.300932676701591628e+00,-1.945449825306076796e+00,-1.960630513338150749e+00,-4.279816769245643471e+00,-1.960750847081997428e+00,-2.605647449652472858e+00,-8.056395513422262011e-01,-1.663243168100956071e+00,-2.062449180569976281e+00
-4.956899052340299150e+00,-3.300932676701591628e+00,-1.945449825306076796e+00,-1.960630513338150749e+00,-4.279816769245643471e+00,-1.960750847081997428e+00,-2.605647449652472858e+00,-8.056395513422262011e-01,-1.663243168100956071e+00,-2.062449180569976281e+00
-4.956899052340299150e+00,-3.300932676701591628e+00,-1.945449825306076796e+00,-1.960630513338150749e+00,-4.279816769245643471e+00,-1.960750847081997428e+00,-2.605647449652472858e+00,-8.056395513422262011e-01,-1.663243168100956071e+00,-2.062449180569976281e+00
-4.956899052340299150e+00,-3.300932676701591628e+00,-1.945449825306076796e+00,-1.960630513338150749e+00,-4.279816769245643471e+00,-1.960750847081997428e+00,-2.605647449652472858e+00,-8.056395513422262011e-01,-1.663243168100956071e+00,-2.062449180569976281e+00
-4.956899052340299150e+00,-3.300932676701591628e+00,-1.945449825306076796e+00,-1.960630513338150749e+00,-4.279816769245643471e+00,-1.960750847081997428e+00,-2.605647449652472858e+00,-8.056395513422262011e-01,-1.663243168100956071e+00,-2.062449180569976281e+00
-4.956899052340299150e+00,-3.300932676701591628e+00,-1.945449825306076796e+00,-1.960630513338150749e+00,-4.279816769245643471e+00,-1.960750847081997428e+00,-2.605647449652472858e+00,-8.056395513422262011e-01,-1.663243168100956071e+00,-2.062449180569976281e+00
-4.956899052340299150e+00,-3.300932676701591628e+00,-1.945449825306076796e+00,-1.960630513338150749e+00,-4.279816769245643471e+00,-1.960750847081997428e+00,-2.605647449652472858e+00,-8.056395513422262011e-01,-1.663243168100956071e+00,-2.062449180569976281e+00
-4.956899052340299150e+00,-3.300932676701591628e+00,-1.945449825306076796e+00,-1.960630513338150749e+00,-4.279816769245643471e+00,-1.960750847081997428e+00,-2.605647449652472858e+00,-8.056395513422262011e-01,-1.663243168100956071e+00,-2.062449180569976281e+00
-4.956899052340299150e+00,-3.300932676701591628e+00,-1.945449825306076796e+00,-1.960630513338150749e+00,-4.279816769245643471e+00,-1.960750847081997428e+00,-2.605647449652472858e+00,-8.056395513422262011e-01,-1.663243168100956071e+00,-2.062449180569976281e+00
-4.956899052340299150e+00,-3.300932676701591628e+00,-1.945449825306076796e+00,-1.960630513338150749e+00,-4.333725638410959036e+00,-1.960750847081997428e+00,-2.605647449652472858e+00,-8.056395513422262011e-01,-1.663243168100956071e+00,-2.062449180569976281e+00
-4.956899052340299150e+00,-3.300932676701591628e+00,-1.945449825306076796e+00,-1.960630513338150749e+00,-4.333725638410959036e+00,-1.960750847081997428e+00,-2.605647449652472858e+00,-8.056395513422262011e-01,-1.663243168100956071e+00,-2.062449180569976281e+00
-4.956899052340299150e+00,-3.300932676701591628e+00,-1.945449825306076796e+00,-1.960630513338150749e+00,-4.333725638410959036e+00,-1.960750847081997428e+00,-2.605647449652472858e+00,-8.056395513422262011e-01,-1.663243168100956071e+00,-2.062449180569976281e+00
-4.956899052340299150e+00,-3.300932676701591628e+00,-1.945449825306076796e+00,-1.960630513338150749e+00,-4.333725638410959036e+00,-1.960750847081997428e+00,-2.605647449652472858e+00,-8.056395513422262011e-01,-1.663243168100956071e+00,-2.062449180569976281e+00
-4.956899052340299150e+00,-3.300932676701591628e+00,-1.945449825306076796e+00,-1.960630513338150749e+00,-4.333725638410959036e+00,-1.960750847081997428e+00,-2.605647449652472858e+00,-8.056395513422262011e-01,-1.663243168100956071e+00,-2.062449180569976281e+00
-4.956899052340299150e+00,-3.300932676701591628e+00,-1.945449825306076796e+00,-1.960630513338150749e+00,-4.333725638410959036e+00,-1.960750847081997428e+00,-2.605647449652472858e+00,-8.056395513422262011e-01,-1.663243168100956071e+00,-2.062449180569976281e+00
-4.956899052340299150e+00,-3.300932676701591628e+00,-1.945449825306076796e+00,-1.960630513338150749e+00,-4.333725638410959036e+00,-1.960750847081997428e+00,-2.605647449652472858e+00,-8.056395513422262011e-01,-1.673620519378572036e+00,-2.062449180569976281e+00
-4.956899052340299150e+00,-3.300932676701591628e+00,-1.945449825306076796e+00,-1.965701574567786158e+00,-4.333725638410959036e+00,-1.960750847081997428e+00,-2.605647449652472858e+00,-8.056395513422262011e-01,-1.673620519378572036e+00,-2.062449180569976281e+00
-4.956899052340299150e+00,-3.300932676701591628e+00,-1.945449825306076796e+00,-1.965701574567786158e+00,-4.333725638410959036e+00,-1.960750847081997428e+00,-2.605647449652472858e+00,-8.056395513422262011e-01,-1.673620519378572036e+00,-2.062449180569976281e+00
-4.956899052340299150e+00,-3.300932676701591628e+00,-1.945449825306076796e+00,-1.965701574567786158e+00,-4.333725638410959036e+00,-1.960750847081997428e+00,-2.605647449652472858e+00,-8.056395513422262011e-01,-2.124732877782991025e+00,-2.062449180569976281e+00
-4.956899052340299150e+00,-3.300932676701591628e+00,-1.945449825306076796e+00,-1.965701574567786158e+00,-4.333725638410959036e+00,-1.960750847081997428e+00,-2.605647449652472858e+00,-8.056395513422262011e-01,-2.124732877782991025e+00,-2.062449180569976281e+00
-4.956899052340299150e+00,-3.300932676701591628e+00,-1.945449825306076796e+00,-1.965701574567786158e+00,-4.333725638410959036e+00,-1.960750847081997428e+00,-2.605647449652472858e+00,-8.056395513422262011e-01,-2.124732877782991025e+00,-2.062449180569976281e+00
-4.956899052340299150e+00,-3.300932676701591628e+00,-1.945449825306076796e+00,-3.428728370649546164e+00,-4.333725638410959036e+00,-1.960750847081997428e+00,-2.605647449652472858e+00,-8.056395513422262011e-01,-2.124732877782991025e+00,-2.062449180569976281e+00
-4.956899052340299150e+00,-3.300932676701591628e+00,-1.945449825306076796e+00,-3.428728370649546164e+00,-4.333725638410959036e+00,-1.960750847081997428e+00,-2.605647449652472858e+00,-8.056395513422262011e-01,-2.124732877782991025e+00,-2.062449180569976281e+00
-4.956899052340299150e+00,-3.420026327357884366e+00,-1.945449825306076796e+00,-3.428728370649546164e+00,-4.333725638410959036e+00,-1.960750847081997428e+00,-2.605647449652472858e+00,-8.056395513422262011e-01,-2.124732877782991025e+00,-2.062449180569976281e+00
-4.956899052340299150e+00,-3.420026327357884366e+00,-1.945449825306076796e+00,-3.428728370649546164e+00,-4.492624863291191595e+00,-1.960750847081997428e+00,-2.605647449652472858e+00,-8.056395513422262011e-01,-2.124732877782991025e+00,-2.062449180569976281e+00
-4.956899052340299150e+00,-3.420026327357884366e+00,-1.945449825306076796e+00,-3.428728370649546164e+00,-4.492624863291191595e+00,-1.960750847081997428e+00,-2.605647449652472858e+00,-8.056395513422262011e-01,-2.124732877782991025e+00,-2.062449180569976281e+00
-4.956899052340299150e+00,-3.420026327357884366e+00,-1.945449825306076796e+00,-3.428728370649546164e+00,-4.492624863291191595e+00,-1.960750847081997428e+00,-2.605647449652472858e+00,-8.056395513422262011e-01,-2.124732877782991025e+00,-2.062449180569976281e+00
-4.956899052340299150e+00,-3.420026327357884366e+00,-1.945449825306076796e+00,-3.428728370649546164e+00,-4.492624863291191595e+00,-1.960750847081997428e+00,-2.605647449652472858e+00,-8.056395513422262011e-01,-2.124732877782991025e+00,-2.062449180569976281e+00
-4.956899052340299150e+00,-3.420026327357884366e+00,-1.945449825306076796e+00,-3.428728370649546164e+00,-4.492624863291191595e+00,-1.960750847081997428e+00,-2.605647449652472858e+00,-8.056395513422262011e-01,-2.124732877782991025e+00,-2.062449180569976281e+00
-4.956899052340299150e+00,-3.420026327357884366e+00,-1.945449825306076796e+00,-3.428728370649546164e+00,-4.492624863291191595e+00,-1.960750847081997428e+00,-2.605647449652472858e+00,-8.056395513422262011e-01,-2.124732877782991025e+00,-2.062449180569976281e+00
-4.956899052340299150e+00,-3.420026327357884366e+00,-1.945449825306076796e+00,-3.428728370649546164e+00,-4.492624863291191595e+00,-1.960750847081997428e+00,-2.605647449652472858e+00,-8.056395513422262011e-01,-2.124732877782991025e+00,-2.062449180569976281e+00
-4.956899052340299150e+00,-3.420026327357884366e+00,-1.945449825306076796e+00,-3.428728370649546164e+00,-4.492624863291191595e+00,-1.960750847081997428e+00,-2.605647449652472858e+00,-8.056395513422262011e-01,-2.124732877782991025e+00,-2.062449180569976281e+00
-4.956899052340299150e+00,-3.420026327357884366e+00,-1.945449825306076796e+00,-3.428728370649546164e+00,-4.492624863291191595e+00,-1.960750847081997428e+00,-2.605647449652472858e+00,-8.056395513422262011e-01,-2.124732877782991025e+00,-2.062449180569976281e+00
-4.956899052340299150e+00,-3.420026327357884366e+00,-1.945449825306076796e+00,-3.428728370649546164e+00,-4.492624863291191595e+00,-1.960750847081997428e+00,-2.605647449652472858e+00,-8.056395513422262011e-01,-2.124732877782991025e+00,-2.062449180569976281e+00
-4.956899052340299150e+00,-3.420026327357884366e+00,-1.945449825306076796e+00,-3.428728370649546164e+00,-4.492624863291191595e+00,-1.960750847081997428e+00,-2.605647449652472858e+00,-8.056395513422262011e-01,-2.124732877782991025e+00,-2.062449180569976281e+00
-4.956899052340299150e+00,-3.420026327357884366e+00,-1.945449825306076796e+00,-3.428728370649546164e+00,-4.492624863291191595e+00,-1.960750847081997428e+00,-2.605647449652472858e+00,-8.056395513422262011e-01,-2.124732877782991025e+00,-2.062449180569976281e+00
-4.956899052340299150e+00,-3.420026327357884366e+00,-1.945449825306076796e+00,-3.428728370649546164e+00,-4.492624863291191595e+00,-1.960750847081997428e+00,-2.605647449652472858e+00,-8.056395513422262011e-01,-2.124732877782991025e+00,-2.062449180569976281e+00
-4.956899052340299150e+00,-3.420026327357884366e+00,-1.945449825306076796e+00,-3.428728370649546164e+00,-4.492624863291191595e+00,-1.960750847081997428e+00,-2.605647449652472858e+00,-8.056395513422262011e-01,-2.124732877782991025e+00,-2.062449180569976281e+00
-4.956899052340299150e+00,-3.420026327357884366e+00,-1.945449825306076796e+00,-3.428728370649546164e+00,-4.492624863291191595e+00,-1.960750847081997428e+00,-2.605647449652472858e+00,-8.056395513422262011e-01,-2.124732877782991025e+00,-2.062449180569976281e+00
-4.956899052340299150e+00,-3.420026327357884366e+00,-1.945449825306076796e+00,-3.428728370649546164e+00,-4.492624863291191595e+00,-1.960750847081997428e+00,-2.605647449652472858e+00,-8.056395513422262011e-01,-2.124732877782991025e+00,-2.062449180569976281e+00
-4.956899052340299150e+00,-3.420026327357884366e+00,-1.945449825306076796e+00,-3.428728370649546164e+00,-4.944531364225858816e+00,-1.960750847081997428e+00,-2.605647449652472858e+00,-8.056395513422262011e-01,-2.124732877782991025e+00,-2.062449180569976281e+00
