2.958845356148009031e+00,-3.507250971514676685e+00,2.980185990067274471e+00,2.710989258842164240e+00,3.470092797059392442e+00,2.949711144286478071e+00,-6.705668029364665328e-01,3.317492474303798677e-01,8.540906062343833760e-01,3.897591632343432866e-01
2.654227905634876983e+00,-3.507250971514676685e+00,3.712660889401512287e-01,2.710989258842164240e+00,9.380721473231081742e-01,1.941489607371651882e+00,-6.705668029364665328e-01,3.317492474303798677e-01,1.627052974177931877e-01,3.897591632343432866e-01
1.728998191538161810e+00,-3.507250971514676685e+00,-8.775510365840306914e-02,2.029660175861953242e+00,9.380721473231081742e-01,1.941489607371651882e+00,-9.563119187444896196e-01,3.317492474303798677e-01,-1.043697969622785049e+00,3.897591632343432866e-01
1.728998191538161810e+00,-3.507250971514676685e+00,-8.775510365840306914e-02,-6.916991113245964939e-01,9.380721473231081742e-01,1.941489607371651882e+00,-1.417049999848615460e+00,3.317492474303798677e-01,-1.043697969622785049e+00,3.897591632343432866e-01
1.728998191538161810e+00,-3.507250971514676685e+00,-1.684331687954613577e-01,-6.916991113245964939e-01,-6.674212329673301358e-01,1.777772177713667245e+00,-1.417049999848615460e+00,1.272509704369316486e-01,-1.043697969622785049e+00,2.288886814987006746e-01
1.699667860740456282e+00,-3.507250971514676685e+00,-1.684331687954613577e-01,-6.916991113245964939e-01,-1.090371006719536462e+00,1.777772177713667245e+00,-1.417049999848615460e+00,1.272509704369316486e-01,-1.043697969622785049e+00,2.288886814987006746e-01
1.357637462409936768e+00,-3.507250971514676685e+00,-1.684331687954613577e-01,-6.916991113245964939e-01,-1.309217494402951987e+00,-1.954755612676377097e-01,-1.417049999848615460e+00,1.272509704369316486e-01,-1.043697969622785049e+00,2.288886814987006746e-01
1.357637462409936768e+00,-3.507250971514676685e+00,-1.684331687954613577e-01,-1.751143959239206183e+00,-1.309217494402951987e+00,-1.954755612676377097e-01,-1.417049999848615460e+00,1.272509704369316486e-01,-1.043697969622785049e+00,1.162870670183406979e-01
1.357637462409936768e+00,-3.507250971514676685e+00,-4.560419713247634288e-01,-1.751143959239206183e+00,-1.585559969588931528e+00,-1.954755612676377097e-01,-1.417049999848615460e+00,1.272509704369316486e-01,-1.043697969622785049e+00,1.162870670183406979e-01
1.357637462409936768e+00,-3.507250971514676685e+00,-4.560419713247634288e-01,-1.751143959239206183e+00,-1.585559969588931528e+00,-1.954755612676377097e-01,-1.417049999848615460e+00,1.272509704369316486e-01,-2.191609278215389978e+00,1.162870670183406979e-01
1.357637462409936768e+00,-3.507250971514676685e+00,-1.507450984216996970e+00,-1.901907511677646712e+00,-1.585559969588931528e+00,-1.954755612676377097e-01,-1.417049999848615460e+00,1.272509704369316486e-01,-2.191609278215389978e+00,1.162870670183406979e-01
1.357637462409936768e+00,-3.507250971514676685e+00,-1.507450984216996970e+00,-1.901907511677646712e+00,-1.585559969588931528e+00,-1.954755612676377097e-01,-1.417049999848615460e+00,1.272509704369316486e-01,-2.191609278215389978e+00,1.162870670183406979e-01
1.357637462409936768e+00,-3.507250971514676685e+00,-4.226625146249522125e+00,-1.901907511677646712e+00,-1.585559969588931528e+00,-1.954755612676377097e-01,-1.881242339520824425e+00,1.272509704369316486e-01,-2.191609278215389978e+00,-5.675182920881569615e-01
9.542730000991567207e-01,-3.507250971514676685e+00,-4.226625146249522125e+00,-1.901907511677646712e+00,-1.585559969588931528e+00,-1.954755612676377097e-01,-2.293686089704839670e+00,1.272509704369316486e-01,-2.191609278215389978e+00,-5.675182920881569615e-01
9.542730000991567207e-01,-3.507250971514676685e+00,-4.226625146249522125e+00,-1.901907511677646712e+00,-1.585559969588931528e+00,-2.735912917416217782e-01,-2.293686089704839670e+00,1.272509704369316486e-01,-2.191609278215389978e+00,-5.675182920881569615e-01
9.542730000991567207e-01,-3.507250971514676685e+00,-4.226625146249522125e+00,-1.901907511677646712e+00,-1.585559969588931528e+00,-2.735912917416217782e-01,-2.293686089704839670e+00,1.272509704369316486e-01,-2.191609278215389978e+00,-5.675182920881569615e-01
9.542730000991567207e-01,-3.507250971514676685e+00,-4.226625146249522125e+00,-1.901907511677646712e+00,-2.108576595931375586e+00,-2.735912917416217782e-01,-2.293686089704839670e+00,1.272509704369316486e-01,-2.191609278215389978e+00,-5.675182920881569615e-01
9.542730000991567207e-01,-3.507250971514676685e+00,-4.226625146249522125e+00,-1.901907511677646712e+00,-2.108576595931375586e+00,-2.735912917416217782e-01,-2.293686089704839670e+00,1.272509704369316486e-01,-2.191609278215389978e+00,-5.824109428349184547e-01
9.542730000991567207e-01,-3.507250971514676685e+00,-4.226625146249522125e+00,-1.901907511677646712e+00,-2.108576595931375586e+00,-2.735912917416217782e-01,-2.293686089704839670e+00,1.272509704369316486e-01,-2.191609278215389978e+00,-5.824109428349184547e-01
9.542730000991567207e-01,-3.507250971514676685e+00,-4.226625146249522125e+00,-1.901907511677646712e+00,-2.108576595931375586e+00,-2.735912917416217782e-01,-2.293686089704839670e+00,1.272509704369316486e-01,-2.191609278215389978e+00,-6.213977298926650628e-01
9.542730000991567207e-01,-3.507250971514676685e+00,-4.226625146249522125e+00,-1.901907511677646712e+00,-3.874102208238862310e+00,-2.735912917416217782e-01,-2.402254419463240698e+00,1.272509704369316486e-01,-2.191609278215389978e+00,-6.213977298926650628e-01
4.441438594232814951e-01,-3.507250971514676685e+00,-4.226625146249522125e+00,-1.901907511677646712e+00,-3.874102208238862310e+00,-3.917107280714699491e-01,-2.402254419463240698e+00,1.272509704369316486e-01,-2.191609278215389978e+00,-6.213977298926650628e-01
4.441438594232814951e-01,-3.507250971514676685e+00,-4.226625146249522125e+00,-1.901907511677646712e+00,-3.874102208238862310e+00,-3.917107280714699491e-01,-2.402254419463240698e+00,-3.067300812655423398e-02,-2.191609278215389978e+00,-6.213977298926650628e-01
4.441438594232814951e-01,-3.507250971514676685e+00,-4.226625146249522125e+00,-1.901907511677646712e+00,-3.874102208238862310e+00,-3.917107280714699491e-01,-2.653007768476223660e+00,-3.067300812655423398e-02,-2.191609278215389978e+00,-6.213977298926650628e-01
4.441438594232814951e-01,-3.507250971514676685e+00,-4.226625146249522125e+00,-1.901907511677646712e+00,-3.874102208238862310e+00,-3.917107280714699491e-01,-2.653007768476223660e+00,-3.067300812655423398e-02,-2.191609278215389978e+00,-6.213977298926650628e-01
4.441438594232814951e-01,-3.507250971514676685e+00,-4.226625146249522125e+00,-1.901907511677646712e+00,-3.874102208238862310e+00,-3.917107280714699491e-01,-2.653007768476223660e+00,-3.067300812655423398e-02,-2.191609278215389978e+00,-6.213977298926650628e-01
4.441438594232814951e-01,-3.507250971514676685e+00,-4.226625146249522125e+00,-1.901907511677646712e+00,-3.874102208238862310e+00,-3.917107280714699491e-01,-2.653007768476223660e+00,-3.067300812655423398e-02,-2.191609278215389978e+00,-8.630668096522128296e-01
4.441438594232814951e-01,-3.507250971514676685e+00,-4.226625146249522125e+00,-1.901907511677646712e+00,-3.874102208238862310e+00,-3.917107280714699491e-01,-2.653007768476223660e+00,-3.067300812655423398e-02,-2.191609278215389978e+00,-8.630668096522128296e-01
4.441438594232814951e-01,-3.507250971514676685e+00,-4.226625146249522125e+00,-1.901907511677646712e+00,-3.874102208238862310e+00,-3.917107280714699491e-01,-2.653007768476223660e+00,-3.067300812655423398e-02,-2.191609278215389978e+00,-8.630668096522128296e-01
4.441438594232814951e-01,-3.507250971514676685e+00,-4.226625146249522125e+00,-1.901907511677646712e+00,-3.874102208238862310e+00,-3.917107280714699491e-01,-2.702624980058315973e+00,-3.067300812655423398e-02,-2.191609278215389978e+00,-8.630668096522128296e-01
-2.081650487059462373e-01,-3.507250971514676685e+00,-4.226625146249522125e+00,-1.901907511677646712e+00,-3.874102208238862310e+00,-3.917107280714699491e-01,-2.702624980058315973e+00,-3.067300812655423398e-02,-2.191609278215389978e+00,-8.630668096522128296e-01
-2.081650487059462373e-01,-3.507250971514676685e+00,-4.226625146249522125e+00,-1.901907511677646712e+00,-3.874102208238862310e+00,-3.917107280714699491e-01,-2.702624980058315973e+00,-3.067300812655423398e-02,-2.191609278215389978e+00,-8.630668096522128296e-01
-2.081650487059462373e-01,-3.507250971514676685e+00,-4.363950192312654686e+00,-1.901907511677646712e+00,-3.874102208238862310e+00,-3.917107280714699491e-01,-2.702624980058315973e+00,-3.067300812655423398e-02,-2.191609278215389978e+00,-8.630668096522128296e-01
-2.081650487059462373e-01,-3.507250971514676685e+00,-4.363950192312654686e+00,-1.901907511677646712e+00,-3.874102208238862310e+00,-3.917107280714699491e-01,-2.702624980058315973e+00,-1.295370422332849658e-01,-2.191609278215389978e+00,-8.630668096522128296e-01
-2.081650487059462373e-01,-3.507250971514676685e+00,-4.363950192312654686e+00,-1.901907511677646712e+00,-3.874102208238862310e+00,-1.430554980698073742e+00,-2.702624980058315973e+00,-1.295370422332849658e-01,-2.191609278215389978e+00,-8.630668096522128296e-01
-2.081650487059462373e-01,-3.507250971514676685e+00,-4.363950192312654686e+00,-1.901907511677646712e+00,-3.874102208238862310e+00,-1.430554980698073742e+00,-2.702624980058315973e+00,-1.295370422332849658e-01,-2.191609278215389978e+00,-8.630668096522128296e-01
-2.081650487059462373e-01,-3.507250971514676685e+00,-4.363950192312654686e+00,-1.901907511677646712e+00,-3.874102208238862310e+00,-1.430554980698073742e+00,-2.702624980058315973e+00,-1.295370422332849658e-01,-2.191609278215389978e+00,-8.630668096522128296e-01
-2.081650487059462373e-01,-3.507250971514676685e+00,-4.363950192312654686e+00,-1.901907511677646712e+00,-3.874102208238862310e+00,-1.430554980698073742e+00,-2.702624980058315973e+00,-1.295370422332849658e-01,-2.191609278215389978e+00,-8.630668096522128296e-01
-2.081650487059462373e-01,-3.507250971514676685e+00,-4.363950192312654686e+00,-1.901907511677646712e+00,-3.874102208238862310e+00,-1.430554980698073742e+00,-2.702624980058315973e+00,-1.295370422332849658e-01,-2.191609278215389978e+00,-8.630668096522128296e-01
-2.081650487059462373e-01,-3.507250971514676685e+00,-4.363950192312654686e+00,-1.901907511677646712e+00,-3.874102208238862310e+00,-1.430554980698073742e+00,-2.702624980058315973e+00,-1.295370422332849658e-01,-2.191609278215389978e+00,-8.630668096522128296e-01
-2.081650487059462373e-01,-3.507250971514676685e+00,-4.363950192312654686e+00,-1.901907511677646712e+00,-3.874102208238862310e+00,-1.430554980698073742e+00,-2.702624980058315973e+00,-1.295370422332849658e-01,-2.191609278215389978e+00,-8.630668096522128296e-01
-2.081650487059462373e-01,-3.507250971514676685e+00,-4.363950192312654686e+00,-1.901907511677646712e+00,-3.874102208238862310e+00,-1.430554980698073742e+00,-2.702624980058315973e+00,-1.295370422332849658e-01,-2.191609278215389978e+00,-8.630668096522128296e-01
-2.081650487059462373e-01,-3.507250971514676685e+00,-4.363950192312654686e+00,-1.901907511677646712e+00,-3.874102208238862310e+00,-1.430554980698073742e+00,-2.702624980058315973e+00,-1.536053947969925615e-01,-2.191609278215389978e+00,-8.630668096522128296e-01
-2.081650487059462373e-01,-3.507250971514676685e+00,-4.363950192312654686e+00,-1.901907511677646712e+00,-3.874102208238862310e+00,-1.430554980698073742e+00,-2.702624980058315973e+00,-3.329986602814744012e-01,-2.191609278215389978e+00,-8.630668096522128296e-01
-2.081650487059462373e-01,-3.507250971514676685e+00,-4.486537887633506472e+00,-1.901907511677646712e+00,-3.874102208238862310e+00,-1.430554980698073742e+00,-2.702624980058315973e+00,-3.329986602814744012e-01,-2.191609278215389978e+00,-1.026766420471045826e+00
-2.081650487059462373e-01,-3.507250971514676685e+00,-4.486537887633506472e+00,-1.901907511677646712e+00,-3.874102208238862310e+00,-1.430554980698073742e+00,-2.702624980058315973e+00,-3.329986602814744012e-01,-2.191609278215389978e+00,-1.026766420471045826e+00
-2.081650487059462373e-01,-3.507250971514676685e+00,-4.486537887633506472e+00,-1.901907511677646712e+00,-3.874102208238862310e+00,-1.430554980698073742e+00,-2.702624980058315973e+00,-3.329986602814744012e-01,-2.191609278215389978e+00,-1.026766420471045826e+00
-2.081650487059462373e-01,-3.507250971514676685e+00,-4.486537887633506472e+00,-1.901907511677646712e+00,-3.874102208238862310e+00,-1.430554980698073742e+00,-2.702624980058315973e+00,-3.329986602814744012e-01,-2.191609278215389978e+00,-1.026766420471045826e+00
-2.081650487059462373e-01,-3.507250971514676685e+00,-4.486537887633506472e+00,-1.901907511677646712e+00,-3.874102208238862310e+00,-1.430554980698073742e+00,-2.702624980058315973e+00,-3.329986602814744012e-01,-2.191609278215389978e+00,-1.026766420471045826e+00
-2.081650487059462373e-01,-3.507250971514676685e+00,-4.486537887633506472e+00,-1.901907511677646712e+00,-3.874102208238862310e+00,-1.430554980698073742e+00,-2.702624980058315973e+00,-3.329986602814744012e-01,-2.191609278215389978e+00,-1.026766420471045826e+00
-2.081650487059462373e-01,-3.507250971514676685e+00,-4.486537887633506472e+00,-1.901907511677646712e+00,-3.874102208238862310e+00,-1.430554980698073742e+00,-2.702624980058315973e+00,-3.329986602814744012e-01,-2.191609278215389978e+00,-1.026766420471045826e+00
-2.081650487059462373e-01,-3.507250971514676685e+00,-4.486537887633506472e+00,-2.123152147831800729e+00,-3.874102208238862310e+00,-1.430554980698073742e+00,-2.702624980058315973e+00,-3.329986602814744012e-01,-2.191609278215389978e+00,-1.026766420471045826e+00
-2.081650487059462373e-01,-3.507250971514676685e+00,-4.486537887633506472e+00,-2.123152147831800729e+00,-3.874102208238862310e+00,-1.430554980698073742e+00,-2.702624980058315973e+00,-3.329986602814744012e-01,-2.191609278215389978e+00,-1.026766420471045826e+00
-2.081650487059462373e-01,-3.507250971514676685e+00,-4.486537887633506472e+00,-2.123152147831800729e+00,-3.874102208238862310e+00,-1.430554980698073742e+00,-2.702624980058315973e+00,-3.329986602814744012e-01,-2.191609278215389978e+00,-1.026766420471045826e+00
-2.081650487059462373e-01,-3.507250971514676685e+00,-4.486537887633506472e+00,-2.123152147831800729e+00,-3.874102208238862310e+00,-1.430554980698073742e+00,-2.702624980058315973e+00,-3.329986602814744012e-01,-2.191609278215389978e+00,-1.026766420471045826e+00
-2.081650487059462373e-01,-3.507250971514676685e+00,-4.486537887633506472e+00,-2.123152147831800729e+00,-3.874102208238862310e+00,-1.430554980698073742e+00,-2.702624980058315973e+00,-3.329986602814744012e-01,-2.191609278215389978e+00,-1.026766420471045826e+00
-2.081650487059462373e-01,-3.507250971514676685e+00,-4.486537887633506472e+00,-2.123152147831800729e+00,-3.874102208238862310e+00,-1.430554980698073742e+00,-2.702624980058315973e+00,-3.329986602814744012e-01,-2.191609278215389978e+00,-1.026766420471045826e+00
-2.081650487059462373e-01,-3.507250971514676685e+00,-4.486537887633506472e+00,-2.123152147831800729e+00,-3.874102208238862310e+00,-1.430554980698073742e+00,-2.702624980058315973e+00,-3.329986602814744012e-01,-2.191609278215389978e+00,-1.026766420471045826e+00
-2.081650487059462373e-01,-3.507250971514676685e+00,-4.486537887633506472e+00,-2.123152147831800729e+00,-3.874102208238862310e+00,-1.430554980698073742e+00,-2.702624980058315973e+00,-3.329986602814744012e-01,-2.191609278215389978e+00,-1.026766420471045826e+00
-5.052268394576782118e-01,-3.507250971514676685e+00,-4.486537887633506472e+00,-2.123152147831800729e+00,-3.874102208238862310e+00,-1.430554980698073742e+00,-2.702624980058315973e+00,-1.472459160985214011e+00,-2.191609278215389978e+00,-1.026766420471045826e+00
-5.052268394576782118e-01,-3.507250971514676685e+00,-4.486537887633506472e+00,-2.123152147831800729e+00,-3.874102208238862310e+00,-1.430554980698073742e+00,-2.702624980058315973e+00,-1.472459160985214011e+00,-2.191609278215389978e+00,-1.193542658876092455e+00
-5.052268394576782118e-01,-3.507250971514676685e+00,-4.486537887633506472e+00,-2.123152147831800729e+00,-3.874102208238862310e+00,-1.430554980698073742e+00,-2.702624980058315973e+00,-1.472459160985214011e+00,-2.191609278215389978e+00,-1.193542658876092455e+00
-5.052268394576782118e-01,-3.507250971514676685e+00,-4.486537887633506472e+00,-2.123152147831800729e+00,-3.874102208238862310e+00,-1.430554980698073742e+00,-2.702624980058315973e+00,-1.472459160985214011e+00,-2.191609278215389978e+00,-1.193542658876092455e+00
-5.052268394576782118e-01,-3.507250971514676685e+00,-4.486537887633506472e+00,-2.123152147831800729e+00,-3.874102208238862310e+00,-1.430554980698073742e+00,-2.702624980058315973e+00,-1.472459160985214011e+00,-2.191609278215389978e+00,-1.193542658876092455e+00
-7.628136225880697285e-01,-3.507250971514676685e+00,-4.486537887633506472e+00,-2.123152147831800729e+00,-3.874102208238862310e+00,-1.430554980698073742e+00,-2.702624980058315973e+00,-1.472459160985214011e+00,-2.191609278215389978e+00,-1.193542658876092455e+00
-7.628136225880697285e-01,-3.507250971514676685e+00,-4.486537887633506472e+00,-2.123152147831800729e+00,-3.874102208238862310e+00,-1.430554980698073742e+00,-2.702624980058315973e+00,-1.472459160985214011e+00,-2.191609278215389978e+00,-1.193542658876092455e+00
-7.628136225880697285e-01,-3.507250971514676685e+00,-4.486537887633506472e+00,-2.123152147831800729e+00,-3.874102208238862310e+00,-1.430554980698073742e+00,-2.702624980058315973e+00,-1.472459160985214011e+00,-2.191609278215389978e+00,-1.193542658876092455e+00
-8.343302413753095337e-01,-3.507250971514676685e+00,-4.486537887633506472e+00,-2.123152147831800729e+00,-3.874102208238862310e+00,-1.430554980698073742e+00,-2.702624980058315973e+00,-1.472459160985214011e+00,-2.191609278215389978e+00,-1.193542658876092455e+00
-8.343302413753095337e-01,-3.507250971514676685e+00,-4.486537887633506472e+00,-2.123152147831800729e+00,-3.874102208238862310e+00,-1.430554980698073742e+00,-2.702624980058315973e+00,-1.472459160985214011e+00,-2.191609278215389978e+00,-1.193542658876092455e+00
-8.343302413753095337e-01,-3.507250971514676685e+00,-4.486537887633506472e+00,-2.123152147831800729e+00,-3.874102208238862310e+00,-1.430554980698073742e+00,-2.702624980058315973e+00,-1.472459160985214011e+00,-2.191609278215389978e+00,-1.193542658876092455e+00
-8.343302413753095337e-01,-3.507250971514676685e+00,-4.486537887633506472e+00,-2.123152147831800729e+00,-3.874102208238862310e+00,-1.430554980698073742e+00,-2.702624980058315973e+00,-1.472459160985214011e+00,-2.191609278215389978e+00,-1.193542658876092455e+00
-8.343302413753095337e-01,-3.507250971514676685e+00,-4.486537887633506472e+00,-2.123152147831800729e+00,-3.874102208238862310e+00,-1.430554980698073742e+00,-2.702624980058315973e+00,-1.472459160985214011e+00,-2.191609278215389978e+00,-1.193542658876092455e+00
-8.343302413753095337e-01,-3.507250971514676685e+00,-4.486537887633506472e+00,-2.123152147831800729e+00,-3.874102208238862310e+00,-1.430554980698073742e+00,-2.702624980058315973e+00,-1.472459160985214011e+00,-2.191609278215389978e+00,-1.193542658876092455e+00
-9.637336993000851226e-01,-3.507250971514676685e+00,-4.486537887633506472e+00,-2.123152147831800729e+00,-4.857785919622113369e+00,-1.430554980698073742e+00,-2.702624980058315973e+00,-1.472459160985214011e+00,-2.191609278215389978e+00,-1.193542658876092455e+00
-1.060612501531499996e+00,-3.507250971514676685e+00,-4.486537887633506472e+00,-2.123152147831800729e+00,-4.857785919622113369e+00,-1.430554980698073742e+00,-2.702624980058315973e+00,-1.472459160985214011e+00,-2.191609278215389978e+00,-1.193542658876092455e+00
-1.060612501531499996e+00,-3.507250971514676685e+00,-4.486537887633506472e+00,-2.123152147831800729e+00,-4.857785919622113369e+00,-1.430554980698073742e+00,-2.702624980058315973e+00,-1.472459160985214011e+00,-2.191609278215389978e+00,-1.193542658876092455e+00
-1.060612501531499996e+00,-3.507250971514676685e+00,-4.486537887633506472e+00,-2.614616608676362919e+00,-4.857785919622113369e+00,-1.430554980698073742e+00,-2.702624980058315973e+00,-1.472459160985214011e+00,-2.191609278215389978e+00,-1.193542658876092455e+00
-1.763786552471104940e+00,-3.507250971514676685e+00,-4.486537887633506472e+00,-3.278378598839211122e+00,-4.857785919622113369e+00,-1.430554980698073742e+00,-2.702624980058315973e+00,-1.472459160985214011e+00,-2.191609278215389978e+00,-1.193542658876092455e+00
-1.763786552471104940e+00,-3.507250971514676685e+00,-4.486537887633506472e+00,-3.278378598839211122e+00,-4.857785919622113369e+00,-1.430554980698073742e+00,-2.702624980058315973e+00,-1.472459160985214011e+00,-2.191609278215389978e+00,-1.193542658876092455e+00
-1.763786552471104940e+00,-3.507250971514676685e+00,-4.486537887633506472e+00,-3.278378598839211122e+00,-4.857785919622113369e+00,-1.430554980698073742e+00,-2.702624980058315973e+00,-1.472459160985214011e+00,-2.191609278215389978e+00,-1.193542658876092455e+00
-1.763786552471104940e+00,-3.507250971514676685e+00,-4.486537887633506472e+00,-3.278378598839211122e+00,-4.857785919622113369e+00,-1.430554980698073742e+00,-2.702624980058315973e+00,-1.472459160985214011e+00,-2.191609278215389978e+00,-1.193542658876092455e+00
-1.763786552471104940e+00,-3.507250971514676685e+00,-4.486537887633506472e+00,-3.278378598839211122e+00,-4.857785919622113369e+00,-1.430554980698073742e+00,-2.702624980058315973e+00,-1.472459160985214011e+00,-2.191609278215389978e+00,-1.193542658876092455e+00
-1.763786552471104940e+00,-3.507250971514676685e+00,-4.486537887633506472e+00,-3.278378598839211122e+00,-4.857785919622113369e+00,-1.430554980698073742e+00,-2.702624980058315973e+00,-1.472459160985214011e+00,-2.191609278215389978e+00,-1.193542658876092455e+00
-1.763786552471104940e+00,-3.507250971514676685e+00,-4.486537887633506472e+00,-3.278378598839211122e+00,-4.857785919622113369e+00,-1.430554980698073742e+00,-2.702624980058315973e+00,-1.472459160985214011e+00,-2.191609278215389978e+00,-1.193542658876092455e+00
-1.763786552471104940e+00,-3.507250971514676685e+00,-4.486537887633506472e+00,-3.278378598839211122e+00,-4.857785919622113369e+00,-1.430554980698073742e+00,-2.702624980058315973e+00,-1.472459160985214011e+00,-2.191609278215389978e+00,-1.193542658876092455e+00
-1.763786552471104940e+00,-3.507250971514676685e+00,-4.486537887633506472e+00,-3.278378598839211122e+00,-4.857785919622113369e+00,-1.430554980698073742e+00,-2.702624980058315973e+00,-1.472459160985214011e+00,-2.191609278215389978e+00,-1.193542658876092455e+00
-1.763786552471104940e+00,-3.507250971514676685e+00,-4.486537887633506472e+00,-3.278378598839211122e+00,-4.857785919622113369e+00,-1.430554980698073742e+00,-2.702624980058315973e+00,-1.472459160985214011e+00,-2.191609278215389978e+00,-1.193542658876092455e+00
-1.763786552471104940e+00,-3.507250971514676685e+00,-4.486537887633506472e+00,-3.278378598839211122e+00,-4.857785919622113369e+00,-1.430554980698073742e+00,-2.702624980058315973e+00,-1.472459160985214011e+00,-2.191609278215389978e+00,-1.204914978481983701e+00
-2.733526824218377005e+00,-3.507250971514676685e+00,-4.486537887633506472e+00,-3.278378598839211122e+00,-4.857785919622113369e+00,-1.430554980698073742e+00,-2.702624980058315973e+00,-1.472459160985214011e+00,-2.191609278215389978e+00,-1.204914978481983701e+00
-2.733526824218377005e+00,-3.507250971514676685e+00,-4.486537887633506472e+00,-3.278378598839211122e+00,-4.857785919622113369e+00,-1.430554980698073742e+00,-2.702624980058315973e+00,-1.472459160985214011e+00,-2.191609278215389978e+00,-1.204914978481983701e+00
-2.733526824218377005e+00,-3.507250971514676685e+00,-4.486537887633506472e+00,-3.278378598839211122e+00,-4.857785919622113369e+00,-1.430554980698073742e+00,-2.702624980058315973e+00,-1.472459160985214011e+00,-2.191609278215389978e+00,-1.204914978481983701e+00
-2.733526824218377005e+00,-3.507250971514676685e+00,-4.486537887633506472e+00,-3.278378598839211122e+00,-4.857785919622113369e+00,-1.430554980698073742e+00,-2.702624980058315973e+00,-1.472459160985214011e+00,-2.191609278215389978e+00,-1.204914978481983701e+00
-2.733526824218377005e+00,-3.507250971514676685e+00,-4.486537887633506472e+00,-3.278378598839211122e+00,-4.857785919622113369e+00,-1.430554980698073742e+00,-2.702624980058315973e+00,-1.472459160985214011e+00,-2.191609278215389978e+00,-1.204914978481983701e+00
-2.733526824218377005e+00,-3.507250971514676685e+00,-4.486537887633506472e+00,-3.278378598839211122e+00,-4.857785919622113369e+00,-1.430554980698073742e+00,-2.702624980058315973e+00,-1.472459160985214011e+00,-2.191609278215389978e+00,-1.204914978481983701e+00
-2.733526824218377005e+00,-3.507250971514676685e+00,-4.486537887633506472e+00,-3.278378598839211122e+00,-4.857785919622113369e+00,-1.430554980698073742e+00,-2.702624980058315973e+00,-1.472459160985214011e+00,-2.191609278215389978e+00,-1.204914978481983701e+00
-2.733526824218377005e+00,-3.507250971514676685e+00,-4.486537887633506472e+00,-3.278378598839211122e+00,-4.857785919622113369e+00,-1.430554980698073742e+00,-2.702624980058315973e+00,-1.472459160985214011e+00,-2.191609278215389978e+00,-1.204914978481983701e+00
-2.733526824218377005e+00,-3.507250971514676685e+00,-4.486537887633506472e+00,-3.278378598839211122e+00,-4.857785919622113369e+00,-1.430554980698073742e+00,-2.702624980058315973e+00,-1.472459160985214011e+00,-2.191609278215389978e+00,-1.204914978481983701e+00
-2.733526824218377005e+00,-3.507250971514676685e+00,-4.486537887633506472e+00,-3.278378598839211122e+00,-4.857785919622113369e+00,-1.430554980698073742e+00,-2.702624980058315973e+00,-1.472459160985214011e+00,-2.191609278215389978e+00,-1.204914978481983701e+00
-2.733526824218377005e+00,-3.507250971514676685e+00,-4.486537887633506472e+00,-3.278378598839211122e+00,-4.857785919622113369e+00,-1.430554980698073742e+00,-2.702624980058315973e+00,-1.472459160985214011e+00,-2.191609278215389978e+00,-1.204914978481983701e+00
-2.733526824218377005e+00,-3.507250971514676685e+00,-4.486537887633506472e+00,-3.278378598839211122e+00,-4.857785919622113369e+00,-1.430554980698073742e+00,-2.702624980058315973e+00,-1.472459160985214011e+00,-2.191609278215389978e+00,-1.204914978481983701e+00
-2.733526824218377005e+00,-3.507250971514676685e+00,-4.486537887633506472e+00,-3.278378598839211122e+00,-4.857785919622113369e+00,-1.430554980698073742e+00,-2.702624980058315973e+00,-1.472459160985214011e+00,-2.191609278215389978e+00,-1.204914978481983701e+00
-2.733526824218377005e+00,-3.507250971514676685e+00,-4.486537887633506472e+00,-3.278378598839211122e+00,-4.857785919622113369e+00,-1.430554980698073742e+00,-2.702624980058315973e+00,-1.472459160985214011e+00,-2.191609278215389978e+00,-1.204914978481983701e+00
-2.733526824218377005e+00,-3.507250971514676685e+00,-4.486537887633506472e+00,-3.278378598839211122e+00,-4.857785919622113369e+00,-1.430554980698073742e+00,-2.702624980058315973e+00,-1.472459160985214011e+00,-2.191609278215389978e+00,-1.204914978481983701e+00
-2.733526824218377005e+00,-3.507250971514676685e+00,-4.486537887633506472e+00,-3.278378598839211122e+00,-4.857785919622113369e+00,-1.430554980698073742e+00,-2.702624980058315973e+00,-1.472459160985214011e+00,-2.191609278215389978e+00,-1.204914978481983701e+00
-2.733526824218377005e+00,-3.507250971514676685e+00,-4.486537887633506472e+00,-3.278378598839211122e+00,-4.857785919622113369e+00,-1.430554980698073742e+00,-2.702624980058315973e+00,-1.472459160985214011e+00,-2.191609278215389978e+00,-1.204914978481983701e+00
-2.733526824218377005e+00,-3.507250971514676685e+00,-4.486537887633506472e+00,-3.278378598839211122e+00,-4.857785919622113369e+00,-1.430554980698073742e+00,-2.702624980058315973e+00,-1.888996243529328156e+00,-2.191609278215389978e+00,-1.204914978481983701e+00
-2.733526824218377005e+00,-3.507250971514676685e+00,-4.486537887633506472e+00,-3.278378598839211122e+00,-4.857785919622113369e+00,-1.430554980698073742e+00,-2.702624980058315973e+00,-1.888996243529328156e+00,-2.191609278215389978e+00,-1.204914978481983701e+00
-2.733526824218377005e+00,-3.507250971514676685e+00,-4.486537887633506472e+00,-3.278378598839211122e+00,-4.857785919622113369e+00,-1.430554980698073742e+00,-3.085422976523984673e+00,-1.888996243529328156e+00,-2.191609278215389978e+00,-1.204914978481983701e+00
-2.733526824218377005e+00,-3.507250971514676685e+00,-4.486537887633506472e+00,-3.278378598839211122e+00,-4.857785919622113369e+00,-1.430554980698073742e+00,-3.085422976523984673e+00,-1.888996243529328156e+00,-2.191609278215389978e+00,-1.204914978481983701e+00
-2.733526824218377005e+00,-3.507250971514676685e+00,-4.486537887633506472e+00,-3.278378598839211122e+00,-4.857785919622113369e+00,-1.430554980698073742e+00,-3.085422976523984673e+00,-1.888996243529328156e+00,-2.191609278215389978e+00,-1.204914978481983701e+00
-2.733526824218377005e+00,-3.507250971514676685e+00,-4.486537887633506472e+00,-3.278378598839211122e+00,-4.857785919622113369e+00,-1.430554980698073742e+00,-3.085422976523984673e+00,-1.888996243529328156e+00,-2.191609278215389978e+00,-1.204914978481983701e+00
-2.733526824218377005e+00,-3.507250971514676685e+00,-4.486537887633506472e+00,-3.278378598839211122e+00,-4.857785919622113369e+00,-1.430554980698073742e+00,-3.085422976523984673e+00,-1.888996243529328156e+00,-2.191609278215389978e+00,-1.204914978481983701e+00
-2.733526824218377005e+00,-3.507250971514676685e+00,-4.486537887633506472e+00,-3.278378598839211122e+00,-4.857785919622113369e+00,-1.430554980698073742e+00,-3.085422976523984673e+00,-1.888996243529328156e+00,-2.191609278215389978e+00,-1.204914978481983701e+00
-2.733526824218377005e+00,-3.507250971514676685e+00,-4.486537887633506472e+00,-3.278378598839211122e+00,-4.857785919622113369e+00,-1.430554980698073742e+00,-3.085422976523984673e+00,-1.888996243529328156e+00,-2.191609278215389978e+00,-1.204914978481983701e+00
-2.733526824218377005e+00,-3.507250971514676685e+00,-4.486537887633506472e+00,-3.278378598839211122e+00,-4.857785919622113369e+00,-1.579977496695974981e+00,-3.085422976523984673e+00,-1.888996243529328156e+00,-2.191609278215389978e+00,-1.204914978481983701e+00
-2.733526824218377005e+00,-3.507250971514676685e+00,-4.486537887633506472e+00,-3.278378598839211122e+00,-4.857785919622113369e+00,-1.579977496695974981e+00,-3.085422976523984673e+00,-1.888996243529328156e+00,-2.191609278215389978e+00,-1.204914978481983701e+00
-2.733526824218377005e+00,-3.507250971514676685e+00,-4.486537887633506472e+00,-3.278378598839211122e+00,-4.857785919622113369e+00,-1.579977496695974981e+00,-3.085422976523984673e+00,-2.745340887489668980e+00,-2.191609278215389978e+00,-1.204914978481983701e+00
-2.733526824218377005e+00,-3.507250971514676685e+00,-4.486537887633506472e+00,-3.278378598839211122e+00,-4.857785919622113369e+00,-1.579977496695974981e+00,-3.085422976523984673e+00,-2.745340887489668980e+00,-2.191609278215389978e+00,-1.204914978481983701e+00
-2.733526824218377005e+00,-3.507250971514676685e+00,-4.486537887633506472e+00,-3.278378598839211122e+00,-4.857785919622113369e+00,-1.579977496695974981e+00,-3.085422976523984673e+00,-2.745340887489668980e+00,-2.191609278215389978e+00,-1.204914978481983701e+00
-2.733526824218377005e+00,-3.507250971514676685e+00,-4.486537887633506472e+00,-3.278378598839211122e+00,-4.857785919622113369e+00,-1.579977496695974981e+00,-3.085422976523984673e+00,-3.508843543286181532e+00,-2.191609278215389978e+00,-1.204914978481983701e+00
-3.356512875946353613e+00,-3.507250971514676685e+00,-4.486537887633506472e+00,-3.278378598839211122e+00,-4.857785919622113369e+00,-1.579977496695974981e+00,-3.085422976523984673e+00,-3.508843543286181532e+00,-2.191609278215389978e+00,-1.204914978481983701e+00
-3.356512875946353613e+00,-3.507250971514676685e+00,-4.486537887633506472e+00,-3.278378598839211122e+00,-4.857785919622113369e+00,-1.579977496695974981e+00,-3.085422976523984673e+00,-3.508843543286181532e+00,-2.191609278215389978e+00,-1.204914978481983701e+00
-3.356512875946353613e+00,-3.507250971514676685e+00,-4.486537887633506472e+00,-3.278378598839211122e+00,-4.857785919622113369e+00,-1.579977496695974981e+00,-3.085422976523984673e+00,-3.508843543286181532e+00,-2.191609278215389978e+00,-1.204914978481983701e+00
-3.356512875946353613e+00,-3.507250971514676685e+00,-4.486537887633506472e+00,-3.278378598839211122e+00,-4.857785919622113369e+00,-1.579977496695974981e+00,-3.085422976523984673e+00,-3.508843543286181532e+00,-2.191609278215389978e+00,-1.204914978481983701e+00
-3.356512875946353613e+00,-3.507250971514676685e+00,-4.486537887633506472e+00,-3.278378598839211122e+00,-4.857785919622113369e+00,-1.579977496695974981e+00,-3.085422976523984673e+00,-3.526876146772597753e+00,-2.191609278215389978e+00,-1.204914978481983701e+00
-3.356512875946353613e+00,-3.507250971514676685e+00,-4.486537887633506472e+00,-3.278378598839211122e+00,-4.857785919622113369e+00,-1.579977496695974981e+00,-3.085422976523984673e+00,-3.526876146772597753e+00,-2.191609278215389978e+00,-1.204914978481983701e+00
-3.356512875946353613e+00,-3.507250971514676685e+00,-4.486537887633506472e+00,-3.278378598839211122e+00,-4.857785919622113369e+00,-1.579977496695974981e+00,-3.085422976523984673e+00,-3.526876146772597753e+00,-2.191609278215389978e+00,-1.408904095872806517e+00
-3.356512875946353613e+00,-3.507250971514676685e+00,-4.486537887633506472e+00,-3.278378598839211122e+00,-4.857785919622113369e+00,-1.579977496695974981e+00,-3.085422976523984673e+00,-3.526876146772597753e+00,-2.191609278215389978e+00,-1.408904095872806517e+00
-3.356512875946353613e+00,-3.507250971514676685e+00,-4.486537887633506472e+00,-3.278378598839211122e+00,-4.857785919622113369e+00,-1.579977496695974981e+00,-3.085422976523984673e+00,-3.526876146772597753e+00,-2.191609278215389978e+00,-1.408904095872806517e+00
-3.356512875946353613e+00,-3.507250971514676685e+00,-4.486537887633506472e+00,-3.278378598839211122e+00,-4.857785919622113369e+00,-1.579977496695974981e+00,-3.085422976523984673e+00,-3.526876146772597753e+00,-2.191609278215389978e+00,-1.408904095872806517e+00
-3.356512875946353613e+00,-3.507250971514676685e+00,-4.486537887633506472e+00,-3.278378598839211122e+00,-4.857785919622113369e+00,-1.579977496695974981e+00,-3.085422976523984673e+00,-3.767883747251426829e+00,-2.191609278215389978e+00,-1.408904095872806517e+00
-3.356512875946353613e+00,-3.507250971514676685e+00,-4.486537887633506472e+00,-3.278378598839211122e+00,-4.857785919622113369e+00,-1.579977496695974981e+00,-3.085422976523984673e+00,-3.767883747251426829e+00,-2.191609278215389978e+00,-1.408904095872806517e+00
-3.356512875946353613e+00,-3.507250971514676685e+00,-4.486537887633506472e+00,-3.278378598839211122e+00,-4.857785919622113369e+00,-1.579977496695974981e+00,-3.085422976523984673e+00,-3.767883747251426829e+00,-2.191609278215389978e+00,-1.408904095872806517e+00
-3.356512875946353613e+00,-3.507250971514676685e+00,-4.486537887633506472e+00,-3.278378598839211122e+00,-4.857785919622113369e+00,-1.579977496695974981e+00,-3.085422976523984673e+00,-4.422335591674178445e+00,-2.191609278215389978e+00,-1.408904095872806517e+00
-3.356512875946353613e+00,-3.507250971514676685e+00,-4.486537887633506472e+00,-3.278378598839211122e+00,-4.857785919622113369e+00,-1.579977496695974981e+00,-3.085422976523984673e+00,-4.422335591674178445e+00,-2.191609278215389978e+00,-1.408904095872806517e+00
-3.356512875946353613e+00,-3.507250971514676685e+00,-4.486537887633506472e+00,-3.278378598839211122e+00,-4.857785919622113369e+00,-1.579977496695974981e+00,-3.085422976523984673e+00,-4.422335591674178445e+00,-2.191609278215389978e+00,-1.408904095872806517e+00
-3.356512875946353613e+00,-3.507250971514676685e+00,-4.486537887633506472e+00,-3.278378598839211122e+00,-4.857785919622113369e+00,-1.579977496695974981e+00,-3.085422976523984673e+00,-4.422335591674178445e+00,-2.191609278215389978e+00,-1.408904095872806517e+00
-3.356512875946353613e+00,-3.507250971514676685e+00,-4.486537887633506472e+00,-3.278378598839211122e+00,-4.857785919622113369e+00,-1.579977496695974981e+00,-3.085422976523984673e+00,-4.422335591674178445e+00,-2.191609278215389978e+00,-1.408904095872806517e+00
-3.356512875946353613e+00,-3.507250971514676685e+00,-4.486537887633506472e+00,-3.278378598839211122e+00,-4.857785919622113369e+00,-1.579977496695974981e+00,-3.085422976523984673e+00,-4.422335591674178445e+00,-2.191609278215389978e+00,-1.408904095872806517e+00
-3.356512875946353613e+00,-3.507250971514676685e+00,-4.486537887633506472e+00,-3.278378598839211122e+00,-4.857785919622113369e+00,-1.579977496695974981e+00,-3.085422976523984673e+00,-4.422335591674178445e+00,-2.191609278215389978e+00,-1.408904095872806517e+00
-3.356512875946353613e+00,-3.507250971514676685e+00,-4.486537887633506472e+00,-3.278378598839211122e+00,-4.857785919622113369e+00,-1.579977496695974981e+00,-3.085422976523984673e+00,-4.422335591674178445e+00,-2.191609278215389978e+00,-1.408904095872806517e+00
-3.356512875946353613e+00,-3.507250971514676685e+00,-4.486537887633506472e+00,-3.278378598839211122e+00,-4.857785919622113369e+00,-1.579977496695974981e+00,-3.085422976523984673e+00,-4.422335591674178445e+00,-2.191609278215389978e+00,-1.408904095872806517e+00
-3.356512875946353613e+00,-3.507250971514676685e+00,-4.486537887633506472e+00,-3.278378598839211122e+00,-4.857785919622113369e+00,-1.579977496695974981e+00,-3.085422976523984673e+00,-4.422417236578277233e+00,-2.191609278215389978e+00,-1.408904095872806517e+00
-3.356512875946353613e+00,-3.507250971514676685e+00,-4.486537887633506472e+00,-3.278378598839211122e+00,-4.857785919622113369e+00,-1.579977496695974981e+00,-3.085422976523984673e+00,-4.422417236578277233e+00,-2.191609278215389978e+00,-1.408904095872806517e+00
-3.356512875946353613e+00,-3.507250971514676685e+00,-4.486537887633506472e+00,-3.278378598839211122e+00,-4.857785919622113369e+00,-1.579977496695974981e+00,-3.085422976523984673e+00,-4.422417236578277233e+00,-2.191609278215389978e+00,-1.408904095872806517e+00
-3.356512875946353613e+00,-3.507250971514676685e+00,-4.486537887633506472e+00,-3.278378598839211122e+00,-4.857785919622113369e+00,-1.579977496695974981e+00,-3.085422976523984673e+00,-4.422417236578277233e+00,-2.191609278215389978e+00,-1.408904095872806517e+00
-3.356512875946353613e+00,-3.507250971514676685e+00,-4.486537887633506472e+00,-3.278378598839211122e+00,-4.857785919622113369e+00,-1.579977496695974981e+00,-3.085422976523984673e+00,-4.422417236578277233e+00,-2.191609278215389978e+00,-1.408904095872806517e+00
-3.356512875946353613e+00,-3.507250971514676685e+00,-4.486537887633506472e+00,-3.278378598839211122e+00,-4.857785919622113369e+00,-1.579977496695974981e+00,-3.085422976523984673e+00,-4.422417236578277233e+00,-2.191609278215389978e+00,-1.408904095872806517e+00
-3.356512875946353613e+00,-3.507250971514676685e+00,-4.486537887633506472e+00,-3.278378598839211122e+00,-4.857785919622113369e+00,-1.579977496695974981e+00,-3.085422976523984673e+00,-4.422417236578277233e+00,-2.191609278215389978e+00,-1.408904095872806517e+00
-3.356512875946353613e+00,-3.507250971514676685e+00,-4.486537887633506472e+00,-3.278378598839211122e+00,-4.857785919622113369e+00,-1.579977496695974981e+00,-3.085422976523984673e+00,-4.422417236578277233e+00,-2.191609278215389978e+00,-1.419387438607393914e+00
-3.356512875946353613e+00,-3.507250971514676685e+00,-4.486537887633506472e+00,-3.278378598839211122e+00,-4.857785919622113369e+00,-1.579977496695974981e+00,-3.085422976523984673e+00,-4.422417236578277233e+00,-2.191609278215389978e+00,-1.419387438607393914e+00
