1.642890207282269310e+00,-1.681015430007253841e-01,4.074040776025039667e-01,3.447165978449729384e-01,8.538212630417204574e-01,3.802293605054614112e+00,1.357014285019418232e+00,2.702531531672389686e+00,-4.385701434636683493e-01,-2.118055823434170093e-01
1.155760714291802937e+00,-1.681015430007253841e-01,4.074040776025039667e-01,-1.598306250545538862e-02,6.806436224482774466e-02,1.621159030199534223e+00,4.930324894358758536e-01,2.702531531672389686e+00,-4.385701434636683493e-01,-4.854450727723711445e-01
1.105463565663987957e+00,-1.337025668545959833e+00,4.074040776025039667e-01,-1.598306250545538862e-02,-2.721233641214998999e-01,1.005080716839403365e+00,4.930324894358758536e-01,7.319470144233438669e-01,-4.385701434636683493e-01,-4.854450727723711445e-01
4.086690768933908258e-01,-1.337025668545959833e+00,4.074040776025039667e-01,-1.598306250545538862e-02,-2.721233641214998999e-01,-2.086982852433778846e-01,4.930324894358758536e-01,7.319470144233438669e-01,-4.385701434636683493e-01,-4.854450727723711445e-01
4.086690768933908258e-01,-1.668970394431144255e+00,4.074040776025039667e-01,-1.598306250545538862e-02,-2.721233641214998999e-01,-2.086982852433778846e-01,-4.704477736498085538e-01,7.319470144233438669e-01,-4.385701434636683493e-01,-4.854450727723711445e-01
-2.149753027608515277e-01,-1.668970394431144255e+00,4.074040776025039667e-01,-3.947875928535911072e-01,-2.721233641214998999e-01,-2.086982852433778846e-01,-4.704477736498085538e-01,7.319470144233438669e-01,-4.385701434636683493e-01,-4.854450727723711445e-01
-2.149753027608515277e-01,-1.668970394431144255e+00,4.074040776025039667e-01,-3.947875928535911072e-01,-2.721233641214998999e-01,-2.086982852433778846e-01,-4.704477736498085538e-01,7.319470144233438669e-01,-4.385701434636683493e-01,-4.854450727723711445e-01
-2.149753027608515277e-01,-1.668970394431144255e+00,4.074040776025039667e-01,-3.947875928535911072e-01,-2.721233641214998999e-01,-2.086982852433778846e-01,-4.704477736498085538e-01,7.319470144233438669e-01,-4.385701434636683493e-01,-4.854450727723711445e-01
-2.149753027608515277e-01,-1.668970394431144255e+00,2.365364536540080498e-01,-3.947875928535911072e-01,-9.220342231771081476e-01,-2.086982852433778846e-01,-4.704477736498085538e-01,7.319470144233438669e-01,-4.385701434636683493e-01,-4.854450727723711445e-01
-2.149753027608515277e-01,-1.668970394431144255e+00,1.261130156589052309e-01,-3.947875928535911072e-01,-9.220342231771081476e-01,-2.086982852433778846e-01,-8.602854558485542036e-01,7.319470144233438669e-01,-4.385701434636683493e-01,-1.551893225342801941e+00
-5.263129576736057524e-01,-1.668970394431144255e+00,1.261130156589052309e-01,-3.947875928535911072e-01,-9.220342231771081476e-01,-2.086982852433778846e-01,-2.362902161097497622e+00,7.319470144233438669e-01,-4.385701434636683493e-01,-1.551893225342801941e+00
-5.263129576736057524e-01,-1.668970394431144255e+00,-1.617273477598189624e+00,-3.947875928535911072e-01,-9.220342231771081476e-01,-2.086982852433778846e-01,-2.362902161097497622e+00,7.319470144233438669e-01,-4.385701434636683493e-01,-1.551893225342801941e+00
-5.263129576736057524e-01,-1.668970394431144255e+00,-1.617273477598189624e+00,-3.947875928535911072e-01,-9.220342231771081476e-01,-2.086982852433778846e-01,-2.362902161097497622e+00,7.319470144233438669e-01,-1.120459275186084458e+00,-1.551893225342801941e+00
-5.263129576736057524e-01,-1.668970394431144255e+00,-1.617273477598189624e+00,-3.947875928535911072e-01,-9.220342231771081476e-01,-2.086982852433778846e-01,-2.362902161097497622e+00,5.998939107497016643e-01,-1.120459275186084458e+00,-1.551893225342801941e+00
-5.263129576736057524e-01,-1.668970394431144255e+00,-1.617273477598189624e+00,-3.947875928535911072e-01,-9.220342231771081476e-01,-2.086982852433778846e-01,-2.362902161097497622e+00,4.526538839924678648e-01,-1.910503566342112824e+00,-1.551893225342801941e+00
-5.263129576736057524e-01,-1.668970394431144255e+00,-1.617273477598189624e+00,-3.947875928535911072e-01,-9.220342231771081476e-01,-2.086982852433778846e-01,-2.362902161097497622e+00,4.526538839924678648e-01,-1.910503566342112824e+00,-1.551893225342801941e+00
-5.263129576736057524e-01,-1.668970394431144255e+00,-1.617273477598189624e+00,-3.947875928535911072e-01,-9.220342231771081476e-01,-2.086982852433778846e-01,-2.362902161097497622e+00,4.381379979942711528e-02,-1.910503566342112824e+00,-1.551893225342801941e+00
-5.263129576736057524e-01,-1.668970394431144255e+00,-1.617273477598189624e+00,-3.947875928535911072e-01,-9.220342231771081476e-01,-2.086982852433778846e-01,-2.362902161097497622e+00,-2.530139913447096434e-01,-1.910503566342112824e+00,-1.551893225342801941e+00
-5.263129576736057524e-01,-1.668970394431144255e+00,-1.617273477598189624e+00,-3.947875928535911072e-01,-9.220342231771081476e-01,-2.086982852433778846e-01,-2.362902161097497622e+00,-2.530139913447096434e-01,-1.910503566342112824e+00,-1.551893225342801941e+00
-5.263129576736057524e-01,-1.668970394431144255e+00,-1.617273477598189624e+00,-3.947875928535911072e-01,-9.220342231771081476e-01,-2.086982852433778846e-01,-2.362902161097497622e+00,-2.530139913447096434e-01,-1.910503566342112824e+00,-1.551893225342801941e+00
-5.263129576736057524e-01,-1.668970394431144255e+00,-1.842757059843854073e+00,-3.947875928535911072e-01,-9.220342231771081476e-01,-2.086982852433778846e-01,-2.362902161097497622e+00,-2.530139913447096434e-01,-1.910503566342112824e+00,-1.551893225342801941e+00
-5.263129576736057524e-01,-1.668970394431144255e+00,-1.842757059843854073e+00,-3.947875928535911072e-01,-9.220342231771081476e-01,-2.086982852433778846e-01,-2.362902161097497622e+00,-2.530139913447096434e-01,-1.910503566342112824e+00,-1.551893225342801941e+00
-5.263129576736057524e-01,-1.668970394431144255e+00,-1.842757059843854073e+00,-3.947875928535911072e-01,-9.220342231771081476e-01,-2.086982852433778846e-01,-2.362902161097497622e+00,-2.530139913447096434e-01,-1.910503566342112824e+00,-2.019902768668686122e+00
-5.263129576736057524e-01,-1.668970394431144255e+00,-1.842757059843854073e+00,-5.857053985955261721e-01,-9.220342231771081476e-01,-2.086982852433778846e-01,-2.362902161097497622e+00,-2.530139913447096434e-01,-1.910503566342112824e+00,-2.019902768668686122e+00
-5.263129576736057524e-01,-1.668970394431144255e+00,-1.842757059843854073e+00,-5.857053985955261721e-01,-1.155508052716320622e+00,-2.086982852433778846e-01,-2.362902161097497622e+00,-2.530139913447096434e-01,-1.910503566342112824e+00,-2.019902768668686122e+00
-5.263129576736057524e-01,-1.668970394431144255e+00,-1.842757059843854073e+00,-5.857053985955261721e-01,-1.155508052716320622e+00,-2.086982852433778846e-01,-2.362902161097497622e+00,-2.530139913447096434e-01,-1.910503566342112824e+00,-2.019902768668686122e+00
-5.263129576736057524e-01,-1.668970394431144255e+00,-1.842757059843854073e+00,-5.857053985955261721e-01,-1.155508052716320622e+00,-2.086982852433778846e-01,-2.392814297292503056e+00,-2.530139913447096434e-01,-1.910503566342112824e+00,-2.019902768668686122e+00
-1.340461343248915860e+00,-1.668970394431144255e+00,-1.842757059843854073e+00,-5.857053985955261721e-01,-1.155508052716320622e+00,-2.086982852433778846e-01,-2.831270534889634760e+00,-2.530139913447096434e-01,-1.910503566342112824e+00,-2.019902768668686122e+00
-1.340461343248915860e+00,-1.668970394431144255e+00,-1.842757059843854073e+00,-5.857053985955261721e-01,-1.306546910230087954e+00,-2.086982852433778846e-01,-2.831270534889634760e+00,-2.530139913447096434e-01,-1.910503566342112824e+00,-2.019902768668686122e+00
-1.340461343248915860e+00,-1.668970394431144255e+00,-1.842757059843854073e+00,-5.857053985955261721e-01,-1.306546910230087954e+00,-2.086982852433778846e-01,-2.831270534889634760e+00,-2.530139913447096434e-01,-1.910503566342112824e+00,-2.019902768668686122e+00
-1.340461343248915860e+00,-1.668970394431144255e+00,-1.842757059843854073e+00,-5.857053985955261721e-01,-1.306546910230087954e+00,-2.086982852433778846e-01,-2.831270534889634760e+00,-2.530139913447096434e-01,-1.910503566342112824e+00,-2.019902768668686122e+00
-1.340461343248915860e+00,-1.668970394431144255e+00,-1.842757059843854073e+00,-5.857053985955261721e-01,-1.306546910230087954e+00,-2.086982852433778846e-01,-2.831270534889634760e+00,-2.530139913447096434e-01,-1.910503566342112824e+00,-2.019902768668686122e+00
-1.340461343248915860e+00,-1.668970394431144255e+00,-1.842757059843854073e+00,-5.857053985955261721e-01,-1.306546910230087954e+00,-2.086982852433778846e-01,-2.831270534889634760e+00,-2.727784206916646914e-01,-1.910503566342112824e+00,-2.019902768668686122e+00
-1.340461343248915860e+00,-1.668970394431144255e+00,-1.842757059843854073e+00,-5.857053985955261721e-01,-1.366273914775961940e+00,-2.086982852433778846e-01,-2.831270534889634760e+00,-2.727784206916646914e-01,-1.910503566342112824e+00,-2.019902768668686122e+00
-1.340461343248915860e+00,-1.668970394431144255e+00,-1.842757059843854073e+00,-5.857053985955261721e-01,-1.366273914775961940e+00,-2.086982852433778846e-01,-2.831270534889634760e+00,-2.727784206916646914e-01,-1.910503566342112824e+00,-2.019902768668686122e+00
-1.340461343248915860e+00,-1.668970394431144255e+00,-1.842757059843854073e+00,-5.857053985955261721e-01,-1.366273914775961940e+00,-2.086982852433778846e-01,-2.831270534889634760e+00,-2.727784206916646914e-01,-1.910503566342112824e+00,-2.019902768668686122e+00
-1.340461343248915860e+00,-1.749871027074604957e+00,-1.842757059843854073e+00,-5.857053985955261721e-01,-2.649726779167592916e+00,-2.086982852433778846e-01,-2.831270534889634760e+00,-2.727784206916646914e-01,-1.910503566342112824e+00,-2.019902768668686122e+00
-1.340461343248915860e+00,-1.910857211006688150e+00,-1.842757059843854073e+00,-5.857053985955261721e-01,-2.649726779167592916e+00,-2.086982852433778846e-01,-2.831270534889634760e+00,-2.727784206916646914e-01,-1.910503566342112824e+00,-2.019902768668686122e+00
-1.340461343248915860e+00,-1.910857211006688150e+00,-1.842757059843854073e+00,-5.857053985955261721e-01,-2.649726779167592916e+00,-2.086982852433778846e-01,-2.859311611055114000e+00,-3.958170935068043295e-01,-1.910503566342112824e+00,-2.019902768668686122e+00
-1.340461343248915860e+00,-1.910857211006688150e+00,-1.842757059843854073e+00,-5.857053985955261721e-01,-2.649726779167592916e+00,-2.086982852433778846e-01,-2.859311611055114000e+00,-3.958170935068043295e-01,-1.910503566342112824e+00,-2.019902768668686122e+00
-1.340461343248915860e+00,-1.910857211006688150e+00,-1.842757059843854073e+00,-5.857053985955261721e-01,-2.649726779167592916e+00,-2.086982852433778846e-01,-2.859311611055114000e+00,-3.958170935068043295e-01,-1.910503566342112824e+00,-2.019902768668686122e+00
-1.340461343248915860e+00,-1.910857211006688150e+00,-1.842757059843854073e+00,-5.857053985955261721e-01,-2.649726779167592916e+00,-2.086982852433778846e-01,-2.859311611055114000e+00,-6.472654043216948816e-01,-1.910503566342112824e+00,-2.019902768668686122e+00
-1.340461343248915860e+00,-1.910857211006688150e+00,-1.842757059843854073e+00,-5.857053985955261721e-01,-2.649726779167592916e+00,-2.086982852433778846e-01,-2.859311611055114000e+00,-6.472654043216948816e-01,-1.910503566342112824e+00,-2.019902768668686122e+00
-1.340461343248915860e+00,-1.910857211006688150e+00,-1.842757059843854073e+00,-5.857053985955261721e-01,-2.649726779167592916e+00,-2.086982852433778846e-01,-2.859311611055114000e+00,-6.472654043216948816e-01,-1.910503566342112824e+00,-2.019902768668686122e+00
-1.340461343248915860e+00,-2.260683554411720309e+00,-1.842757059843854073e+00,-5.857053985955261721e-01,-2.649726779167592916e+00,-2.086982852433778846e-01,-2.859311611055114000e+00,-6.472654043216948816e-01,-1.910503566342112824e+00,-2.019902768668686122e+00
-1.340461343248915860e+00,-2.260683554411720309e+00,-1.842757059843854073e+00,-5.857053985955261721e-01,-3.572210305791470919e+00,-2.086982852433778846e-01,-2.859311611055114000e+00,-6.472654043216948816e-01,-1.934603276970031205e+00,-2.019902768668686122e+00
-1.340461343248915860e+00,-2.260683554411720309e+00,-1.842757059843854073e+00,-5.857053985955261721e-01,-3.572210305791470919e+00,-2.086982852433778846e-01,-2.859311611055114000e+00,-8.770349318051124943e-01,-1.934603276970031205e+00,-2.019902768668686122e+00
-1.340461343248915860e+00,-2.260683554411720309e+00,-1.842757059843854073e+00,-5.857053985955261721e-01,-3.572210305791470919e+00,-2.086982852433778846e-01,-2.859311611055114000e+00,-1.262617750718784126e+00,-1.934603276970031205e+00,-2.019902768668686122e+00
-1.340461343248915860e+00,-2.260683554411720309e+00,-1.842757059843854073e+00,-5.857053985955261721e-01,-3.572210305791470919e+00,-2.086982852433778846e-01,-2.859311611055114000e+00,-1.262617750718784126e+00,-1.934603276970031205e+00,-2.019902768668686122e+00
-1.340461343248915860e+00,-2.260683554411720309e+00,-1.842757059843854073e+00,-5.857053985955261721e-01,-3.572210305791470919e+00,-2.086982852433778846e-01,-2.859311611055114000e+00,-1.273229266068772292e+00,-1.934603276970031205e+00,-2.019902768668686122e+00
-1.340461343248915860e+00,-2.260683554411720309e+00,-1.842757059843854073e+00,-5.857053985955261721e-01,-3.572210305791470919e+00,-1.412917467988427767e+00,-2.859311611055114000e+00,-1.273229266068772292e+00,-1.934603276970031205e+00,-2.019902768668686122e+00
-1.340461343248915860e+00,-2.260683554411720309e+00,-1.842757059843854073e+00,-7.268433274599921390e-01,-3.572210305791470919e+00,-1.412917467988427767e+00,-2.859311611055114000e+00,-1.273229266068772292e+00,-1.934603276970031205e+00,-2.019902768668686122e+00
-1.340461343248915860e+00,-2.495824088639801985e+00,-1.862617981898002650e+00,-7.268433274599921390e-01,-3.572210305791470919e+00,-1.412917467988427767e+00,-2.859311611055114000e+00,-1.273229266068772292e+00,-1.934603276970031205e+00,-2.019902768668686122e+00
-1.340461343248915860e+00,-2.495824088639801985e+00,-1.862617981898002650e+00,-7.268433274599921390e-01,-3.572210305791470919e+00,-1.412917467988427767e+00,-2.859311611055114000e+00,-1.273229266068772292e+00,-1.934603276970031205e+00,-2.019902768668686122e+00
-1.340461343248915860e+00,-3.022989078944887886e+00,-1.862617981898002650e+00,-7.268433274599921390e-01,-3.572210305791470919e+00,-1.412917467988427767e+00,-2.859311611055114000e+00,-1.273229266068772292e+00,-1.934603276970031205e+00,-2.019902768668686122e+00
-1.340461343248915860e+00,-3.022989078944887886e+00,-1.862617981898002650e+00,-7.268433274599921390e-01,-3.572210305791470919e+00,-1.412917467988427767e+00,-2.859311611055114000e+00,-1.273229266068772292e+00,-1.934603276970031205e+00,-2.019902768668686122e+00
-1.340461343248915860e+00,-3.022989078944887886e+00,-1.862617981898002650e+00,-7.268433274599921390e-01,-3.572210305791470919e+00,-1.412917467988427767e+00,-2.859311611055114000e+00,-1.273229266068772292e+00,-1.934603276970031205e+00,-2.019902768668686122e+00
-1.340461343248915860e+00,-3.022989078944887886e+00,-1.862617981898002650e+00,-7.268433274599921390e-01,-3.572210305791470919e+00,-3.176884659988173709e+00,-2.859311611055114000e+00,-1.273229266068772292e+00,-1.934603276970031205e+00,-2.019902768668686122e+00
-1.340461343248915860e+00,-3.022989078944887886e+00,-1.862617981898002650e+00,-7.268433274599921390e-01,-3.572210305791470919e+00,-3.176884659988173709e+00,-2.859311611055114000e+00,-1.534924560847225283e+00,-1.934603276970031205e+00,-2.019902768668686122e+00
-1.340461343248915860e+00,-3.022989078944887886e+00,-1.862617981898002650e+00,-7.268433274599921390e-01,-3.572210305791470919e+00,-3.176884659988173709e+00,-2.859311611055114000e+00,-1.534924560847225283e+00,-1.934603276970031205e+00,-2.019902768668686122e+00
-1.340461343248915860e+00,-3.022989078944887886e+00,-1.862617981898002650e+00,-7.268433274599921390e-01,-3.572210305791470919e+00,-3.176884659988173709e+00,-2.859311611055114000e+00,-1.534924560847225283e+00,-1.934603276970031205e+00,-2.019902768668686122e+00
-1.340461343248915860e+00,-3.022989078944887886e+00,-1.862617981898002650e+00,-7.268433274599921390e-01,-3.572210305791470919e+00,-3.247037098711265113e+00,-2.859311611055114000e+00,-1.534924560847225283e+00,-1.934603276970031205e+00,-2.019902768668686122e+00
-1.340461343248915860e+00,-3.022989078944887886e+00,-1.862617981898002650e+00,-7.268433274599921390e-01,-3.572210305791470919e+00,-3.247037098711265113e+00,-2.859311611055114000e+00,-1.534924560847225283e+00,-1.934603276970031205e+00,-2.019902768668686122e+00
-1.340461343248915860e+00,-3.022989078944887886e+00,-1.862617981898002650e+00,-7.268433274599921390e-01,-3.572210305791470919e+00,-3.247037098711265113e+00,-3.156524488039238907e+00,-1.534924560847225283e+00,-1.934603276970031205e+00,-2.019902768668686122e+00
-1.340461343248915860e+00,-3.022989078944887886e+00,-1.862617981898002650e+00,-7.268433274599921390e-01,-3.572210305791470919e+00,-3.247037098711265113e+00,-3.156524488039238907e+00,-1.534924560847225283e+00,-1.934603276970031205e+00,-2.019902768668686122e+00
-1.340461343248915860e+00,-3.022989078944887886e+00,-1.862617981898002650e+00,-7.268433274599921390e-01,-3.572210305791470919e+00,-3.247037098711265113e+00,-3.156524488039238907e+00,-1.534924560847225283e+00,-1.934603276970031205e+00,-2.019902768668686122e+00
-1.340461343248915860e+00,-3.022989078944887886e+00,-1.862617981898002650e+00,-7.268433274599921390e-01,-3.572210305791470919e+00,-3.247037098711265113e+00,-3.156524488039238907e+00,-1.534924560847225283e+00,-1.934603276970031205e+00,-2.019902768668686122e+00
-1.340461343248915860e+00,-3.022989078944887886e+00,-1.862617981898002650e+00,-7.268433274599921390e-01,-3.572210305791470919e+00,-3.247037098711265113e+00,-3.156524488039238907e+00,-1.534924560847225283e+00,-1.934603276970031205e+00,-2.019902768668686122e+00
-1.340461343248915860e+00,-3.022989078944887886e+00,-1.862617981898002650e+00,-7.962824591193295998e-01,-3.572210305791470919e+00,-3.247037098711265113e+00,-3.156524488039238907e+00,-1.534924560847225283e+00,-1.934603276970031205e+00,-2.019902768668686122e+00
-1.823573502574385774e+00,-3.022989078944887886e+00,-1.862617981898002650e+00,-7.962824591193295998e-01,-3.572210305791470919e+00,-3.289982623623734170e+00,-3.156524488039238907e+00,-1.534924560847225283e+00,-1.934603276970031205e+00,-2.019902768668686122e+00
-1.823573502574385774e+00,-3.022989078944887886e+00,-1.862617981898002650e+00,-7.962824591193295998e-01,-3.572210305791470919e+00,-3.289982623623734170e+00,-3.156524488039238907e+00,-1.534924560847225283e+00,-1.934603276970031205e+00,-2.019902768668686122e+00
-1.823573502574385774e+00,-3.022989078944887886e+00,-1.862617981898002650e+00,-7.962824591193295998e-01,-3.572210305791470919e+00,-3.289982623623734170e+00,-3.156524488039238907e+00,-1.534924560847225283e+00,-1.934603276970031205e+00,-2.019902768668686122e+00
-1.823573502574385774e+00,-3.022989078944887886e+00,-1.862617981898002650e+00,-7.962824591193295998e-01,-3.572210305791470919e+00,-3.289982623623734170e+00,-3.156524488039238907e+00,-1.534924560847225283e+00,-1.934603276970031205e+00,-2.019902768668686122e+00
-1.823573502574385774e+00,-3.022989078944887886e+00,-1.862617981898002650e+00,-7.962824591193295998e-01,-3.572210305791470919e+00,-3.289982623623734170e+00,-3.156524488039238907e+00,-1.534924560847225283e+00,-1.934603276970031205e+00,-2.019902768668686122e+00
-1.823573502574385774e+00,-3.022989078944887886e+00,-1.862617981898002650e+00,-7.962824591193295998e-01,-3.572210305791470919e+00,-3.289982623623734170e+00,-3.156524488039238907e+00,-1.534924560847225283e+00,-1.934603276970031205e+00,-2.019902768668686122e+00
-1.823573502574385774e+00,-3.022989078944887886e+00,-1.892362442790624488e+00,-7.962824591193295998e-01,-3.572210305791470919e+00,-3.313935608455854442e+00,-3.156524488039238907e+00,-1.534924560847225283e+00,-1.934603276970031205e+00,-2.019902768668686122e+00
-1.838983736435060301e+00,-3.022989078944887886e+00,-1.892362442790624488e+00,-7.962824591193295998e-01,-3.572210305791470919e+00,-3.313935608455854442e+00,-3.156524488039238907e+00,-1.534924560847225283e+00,-1.934603276970031205e+00,-2.019902768668686122e+00
-1.838983736435060301e+00,-3.022989078944887886e+00,-2.462253801869944247e+00,-7.962824591193295998e-01,-3.572210305791470919e+00,-3.313935608455854442e+00,-3.156524488039238907e+00,-1.534924560847225283e+00,-1.934603276970031205e+00,-2.019902768668686122e+00
-1.838983736435060301e+00,-3.022989078944887886e+00,-2.462253801869944247e+00,-7.962824591193295998e-01,-3.572210305791470919e+00,-3.313935608455854442e+00,-3.156524488039238907e+00,-1.534924560847225283e+00,-1.934603276970031205e+00,-2.019902768668686122e+00
-1.838983736435060301e+00,-3.022989078944887886e+00,-2.462253801869944247e+00,-7.962824591193295998e-01,-3.572210305791470919e+00,-5.014345734979598568e+00,-3.156524488039238907e+00,-1.534924560847225283e+00,-1.934603276970031205e+00,-2.019902768668686122e+00
-1.838983736435060301e+00,-3.312523074365790521e+00,-2.462253801869944247e+00,-7.962824591193295998e-01,-3.572210305791470919e+00,-5.014345734979598568e+00,-3.156524488039238907e+00,-1.534924560847225283e+00,-1.934603276970031205e+00,-2.019902768668686122e+00
-1.838983736435060301e+00,-3.312523074365790521e+00,-2.462253801869944247e+00,-7.962824591193295998e-01,-3.572210305791470919e+00,-5.014345734979598568e+00,-3.156524488039238907e+00,-1.534924560847225283e+00,-1.934603276970031205e+00,-2.019902768668686122e+00
-1.838983736435060301e+00,-3.312523074365790521e+00,-2.462253801869944247e+00,-7.962824591193295998e-01,-3.572210305791470919e+00,-5.513849081318925371e+00,-3.156524488039238907e+00,-1.538640241900039785e+00,-1.934603276970031205e+00,-2.019902768668686122e+00
-1.838983736435060301e+00,-3.312523074365790521e+00,-2.462253801869944247e+00,-7.962824591193295998e-01,-3.572210305791470919e+00,-5.513849081318925371e+00,-3.156524488039238907e+00,-1.538640241900039785e+00,-1.934603276970031205e+00,-2.019902768668686122e+00
-1.838983736435060301e+00,-3.312523074365790521e+00,-3.026706629961917638e+00,-7.962824591193295998e-01,-3.572210305791470919e+00,-5.513849081318925371e+00,-3.156524488039238907e+00,-1.538640241900039785e+00,-1.934603276970031205e+00,-2.019902768668686122e+00
-1.838983736435060301e+00,-3.312523074365790521e+00,-3.026706629961917638e+00,-7.962824591193295998e-01,-3.572210305791470919e+00,-5.513849081318925371e+00,-3.156524488039238907e+00,-1.538640241900039785e+00,-1.934603276970031205e+00,-2.019902768668686122e+00
-1.838983736435060301e+00,-3.312523074365790521e+00,-3.026706629961917638e+00,-7.962824591193295998e-01,-3.572210305791470919e+00,-5.513849081318925371e+00,-3.156524488039238907e+00,-1.538640241900039785e+00,-1.934603276970031205e+00,-2.019902768668686122e+00
-1.838983736435060301e+00,-3.312523074365790521e+00,-3.026706629961917638e+00,-7.962824591193295998e-01,-3.572210305791470919e+00,-5.513849081318925371e+00,-3.156524488039238907e+00,-1.538640241900039785e+00,-1.934603276970031205e+00,-2.019902768668686122e+00
-1.838983736435060301e+00,-3.312523074365790521e+00,-3.026706629961917638e+00,-7.962824591193295998e-01,-3.572210305791470919e+00,-5.513849081318925371e+00,-3.156524488039238907e+00,-1.538640241900039785e+00,-1.934603276970031205e+00,-2.019902768668686122e+00
-1.838983736435060301e+00,-3.312523074365790521e+00,-3.026706629961917638e+00,-7.962824591193295998e-01,-3.572210305791470919e+00,-5.513849081318925371e+00,-3.156524488039238907e+00,-1.538640241900039785e+00,-1.934603276970031205e+00,-2.019902768668686122e+00
-1.838983736435060301e+00,-3.312523074365790521e+00,-3.026706629961917638e+00,-7.962824591193295998e-01,-3.572210305791470919e+00,-5.513849081318925371e+00,-3.156524488039238907e+00,-1.538640241900039785e+00,-1.934603276970031205e+00,-2.019902768668686122e+00
-1.838983736435060301e+00,-3.312523074365790521e+00,-3.026706629961917638e+00,-7.962824591193295998e-01,-3.572210305791470919e+00,-5.513849081318925371e+00,-3.156524488039238907e+00,-1.538640241900039785e+00,-1.934603276970031205e+00,-2.019902768668686122e+00
-1.838983736435060301e+00,-3.312523074365790521e+00,-3.026706629961917638e+00,-7.962824591193295998e-01,-3.572210305791470919e+00,-5.513849081318925371e+00,-3.156524488039238907e+00,-1.538640241900039785e+00,-1.934603276970031205e+00,-2.019902768668686122e+00
-2.387284333508757683e+00,-3.312523074365790521e+00,-3.026706629961917638e+00,-7.962824591193295998e-01,-3.572210305791470919e+00,-5.513849081318925371e+00,-3.156524488039238907e+00,-1.538640241900039785e+00,-1.934603276970031205e+00,-2.019902768668686122e+00
-2.387284333508757683e+00,-3.312523074365790521e+00,-3.026706629961917638e+00,-7.962824591193295998e-01,-3.572210305791470919e+00,-5.607957043443918543e+00,-3.156524488039238907e+00,-1.538640241900039785e+00,-1.934603276970031205e+00,-2.019902768668686122e+00
-2.387284333508757683e+00,-3.312523074365790521e+00,-3.026706629961917638e+00,-7.962824591193295998e-01,-3.572210305791470919e+00,-5.607957043443918543e+00,-3.156524488039238907e+00,-1.538640241900039785e+00,-1.934603276970031205e+00,-2.019902768668686122e+00
-2.387284333508757683e+00,-3.312523074365790521e+00,-3.026706629961917638e+00,-7.962824591193295998e-01,-3.572210305791470919e+00,-5.607957043443918543e+00,-3.156524488039238907e+00,-1.538640241900039785e+00,-1.934603276970031205e+00,-2.019902768668686122e+00
-2.387284333508757683e+00,-3.312523074365790521e+00,-3.026706629961917638e+00,-7.962824591193295998e-01,-3.572210305791470919e+00,-5.607957043443918543e+00,-3.156524488039238907e+00,-1.538640241900039785e+00,-1.934603276970031205e+00,-2.019902768668686122e+00
-2.387284333508757683e+00,-3.312523074365790521e+00,-3.026706629961917638e+00,-7.962824591193295998e-01,-3.572210305791470919e+00,-5.607957043443918543e+00,-3.156524488039238907e+00,-1.538640241900039785e+00,-1.934603276970031205e+00,-2.019902768668686122e+00
-2.387284333508757683e+00,-3.312523074365790521e+00,-3.026706629961917638e+00,-7.962824591193295998e-01,-3.572210305791470919e+00,-5.607957043443918543e+00,-3.156524488039238907e+00,-1.538640241900039785e+00,-1.934603276970031205e+00,-2.019902768668686122e+00
-2.387284333508757683e+00,-3.312523074365790521e+00,-3.026706629961917638e+00,-7.962824591193295998e-01,-3.572210305791470919e+00,-5.607957043443918543e+00,-3.156524488039238907e+00,-1.538640241900039785e+00,-1.934603276970031205e+00,-2.019902768668686122e+00
-2.387284333508757683e+00,-3.312523074365790521e+00,-3.026706629961917638e+00,-7.962824591193295998e-01,-3.572210305791470919e+00,-5.607957043443918543e+00,-3.156524488039238907e+00,-1.538640241900039785e+00,-1.934603276970031205e+00,-2.019902768668686122e+00
-2.387284333508757683e+00,-3.312523074365790521e+00,-3.026706629961917638e+00,-7.962824591193295998e-01,-3.572210305791470919e+00,-5.607957043443918543e+00,-3.156524488039238907e+00,-1.538640241900039785e+00,-1.934603276970031205e+00,-2.019902768668686122e+00
-2.387284333508757683e+00,-3.312523074365790521e+00,-3.026706629961917638e+00,-7.962824591193295998e-01,-3.572210305791470919e+00,-5.607957043443918543e+00,-3.156524488039238907e+00,-1.538640241900039785e+00,-1.934603276970031205e+00,-2.019902768668686122e+00
-2.387284333508757683e+00,-3.312523074365790521e+00,-3.026706629961917638e+00,-7.962824591193295998e-01,-3.572210305791470919e+00,-5.607957043443918543e+00,-3.156524488039238907e+00,-1.538640241900039785e+00,-1.934603276970031205e+00,-2.019902768668686122e+00
-2.387284333508757683e+00,-3.312523074365790521e+00,-3.026706629961917638e+00,-7.962824591193295998e-01,-3.737757930161643927e+00,-5.607957043443918543e+00,-3.156524488039238907e+00,-1.538640241900039785e+00,-1.934603276970031205e+00,-2.019902768668686122e+00
-2.387284333508757683e+00,-3.312523074365790521e+00,-3.026706629961917638e+00,-7.962824591193295998e-01,-4.029198589687996268e+00,-5.607957043443918543e+00,-3.156524488039238907e+00,-1.538640241900039785e+00,-1.934603276970031205e+00,-2.019902768668686122e+00
-2.387284333508757683e+00,-3.312523074365790521e+00,-3.026706629961917638e+00,-7.962824591193295998e-01,-4.029198589687996268e+00,-5.607957043443918543e+00,-3.156524488039238907e+00,-1.538640241900039785e+00,-1.934603276970031205e+00,-2.019902768668686122e+00
-2.387284333508757683e+00,-3.312523074365790521e+00,-3.026706629961917638e+00,-7.962824591193295998e-01,-4.029198589687996268e+00,-5.607957043443918543e+00,-3.156524488039238907e+00,-1.538640241900039785e+00,-1.934603276970031205e+00,-2.019902768668686122e+00
-2.387284333508757683e+00,-3.911591106814184648e+00,-3.026706629961917638e+00,-7.962824591193295998e-01,-4.029198589687996268e+00,-5.607957043443918543e+00,-3.156524488039238907e+00,-1.538640241900039785e+00,-1.934603276970031205e+00,-2.019902768668686122e+00
-2.387284333508757683e+00,-3.911591106814184648e+00,-3.026706629961917638e+00,-7.962824591193295998e-01,-4.029198589687996268e+00,-5.607957043443918543e+00,-3.156524488039238907e+00,-1.538640241900039785e+00,-1.934603276970031205e+00,-2.019902768668686122e+00
-2.387284333508757683e+00,-3.911591106814184648e+00,-3.026706629961917638e+00,-7.962824591193295998e-01,-4.029198589687996268e+00,-5.607957043443918543e+00,-3.156524488039238907e+00,-1.538640241900039785e+00,-1.934603276970031205e+00,-2.019902768668686122e+00
-2.387284333508757683e+00,-3.911591106814184648e+00,-3.026706629961917638e+00,-7.962824591193295998e-01,-4.029198589687996268e+00,-5.607957043443918543e+00,-3.156524488039238907e+00,-1.538640241900039785e+00,-1.934603276970031205e+00,-2.019902768668686122e+00
-2.387284333508757683e+00,-3.911591106814184648e+00,-3.026706629961917638e+00,-7.962824591193295998e-01,-4.029198589687996268e+00,-5.607957043443918543e+00,-3.156524488039238907e+00,-1.538640241900039785e+00,-1.934603276970031205e+00,-2.019902768668686122e+00
-2.387284333508757683e+00,-3.911591106814184648e+00,-3.026706629961917638e+00,-7.962824591193295998e-01,-4.029198589687996268e+00,-5.607957043443918543e+00,-3.525481468102070970e+00,-1.538640241900039785e+00,-1.934603276970031205e+00,-2.019902768668686122e+00
-2.387284333508757683e+00,-3.911591106814184648e+00,-3.026706629961917638e+00,-7.962824591193295998e-01,-4.029198589687996268e+00,-5.607957043443918543e+00,-3.525481468102070970e+00,-1.538640241900039785e+00,-1.934603276970031205e+00,-2.019902768668686122e+00
-2.387284333508757683e+00,-3.911591106814184648e+00,-3.026706629961917638e+00,-7.962824591193295998e-01,-4.029198589687996268e+00,-5.607957043443918543e+00,-3.525481468102070970e+00,-1.538640241900039785e+00,-1.934603276970031205e+00,-2.019902768668686122e+00
-2.387284333508757683e+00,-3.911591106814184648e+00,-3.026706629961917638e+00,-7.962824591193295998e-01,-4.029198589687996268e+00,-5.607957043443918543e+00,-3.525481468102070970e+00,-2.316494609330627785e+00,-1.934603276970031205e+00,-2.019902768668686122e+00
-2.387284333508757683e+00,-3.911591106814184648e+00,-3.026706629961917638e+00,-7.962824591193295998e-01,-4.029198589687996268e+00,-5.607957043443918543e+00,-3.525481468102070970e+00,-2.316494609330627785e+00,-1.934603276970031205e+00,-2.019902768668686122e+00
-2.387284333508757683e+00,-3.911591106814184648e+00,-3.026706629961917638e+00,-7.962824591193295998e-01,-4.029198589687996268e+00,-5.607957043443918543e+00,-3.525481468102070970e+00,-2.316494609330627785e+00,-1.934603276970031205e+00,-2.019902768668686122e+00
-2.387284333508757683e+00,-3.911591106814184648e+00,-3.026706629961917638e+00,-7.962824591193295998e-01,-4.360701266634873896e+00,-5.607957043443918543e+00,-3.525481468102070970e+00,-2.316494609330627785e+00,-1.934603276970031205e+00,-2.019902768668686122e+00
-2.387284333508757683e+00,-3.911591106814184648e+00,-3.026706629961917638e+00,-7.962824591193295998e-01,-4.360701266634873896e+00,-5.607957043443918543e+00,-3.525481468102070970e+00,-2.316494609330627785e+00,-1.934603276970031205e+00,-2.019902768668686122e+00
-2.387284333508757683e+00,-3.911591106814184648e+00,-3.026706629961917638e+00,-9.362310265785324104e-01,-4.360701266634873896e+00,-5.607957043443918543e+00,-3.525481468102070970e+00,-2.316494609330627785e+00,-1.934603276970031205e+00,-2.019902768668686122e+00
-2.387284333508757683e+00,-3.911591106814184648e+00,-3.026706629961917638e+00,-9.362310265785324104e-01,-4.360701266634873896e+00,-5.607957043443918543e+00,-3.525481468102070970e+00,-2.316494609330627785e+00,-1.934603276970031205e+00,-2.019902768668686122e+00
-2.387284333508757683e+00,-3.911591106814184648e+00,-3.026706629961917638e+00,-9.362310265785324104e-01,-4.360701266634873896e+00,-5.607957043443918543e+00,-3.525481468102070970e+00,-2.316494609330627785e+00,-1.934603276970031205e+00,-2.019902768668686122e+00
-2.387284333508757683e+00,-3.911591106814184648e+00,-3.026706629961917638e+00,-9.362310265785324104e-01,-4.360701266634873896e+00,-5.607957043443918543e+00,-3.525481468102070970e+00,-2.316494609330627785e+00,-1.934603276970031205e+00,-2.019902768668686122e+00
-2.387284333508757683e+00,-3.911591106814184648e+00,-3.026706629961917638e+00,-9.362310265785324104e-01,-4.360701266634873896e+00,-5.607957043443918543e+00,-3.525481468102070970e+00,-2.316494609330627785e+00,-1.934603276970031205e+00,-2.019902768668686122e+00
-2.387284333508757683e+00,-3.911591106814184648e+00,-3.026706629961917638e+00,-9.362310265785324104e-01,-4.360701266634873896e+00,-5.607957043443918543e+00,-3.525481468102070970e+00,-2.316494609330627785e+00,-1.934603276970031205e+00,-2.019902768668686122e+00
-2.387284333508757683e+00,-3.911591106814184648e+00,-3.026706629961917638e+00,-9.362310265785324104e-01,-4.360701266634873896e+00,-5.607957043443918543e+00,-3.525481468102070970e+00,-2.316494609330627785e+00,-1.934603276970031205e+00,-2.019902768668686122e+00
-2.387284333508757683e+00,-3.911591106814184648e+00,-3.026706629961917638e+00,-9.362310265785324104e-01,-4.360701266634873896e+00,-5.607957043443918543e+00,-3.525481468102070970e+00,-2.316494609330627785e+00,-1.934603276970031205e+00,-2.019902768668686122e+00
-2.387284333508757683e+00,-3.911591106814184648e+00,-3.026706629961917638e+00,-9.362310265785324104e-01,-4.360701266634873896e+00,-5.607957043443918543e+00,-3.525481468102070970e+00,-2.316494609330627785e+00,-1.934603276970031205e+00,-2.019902768668686122e+00
-3.146153776428135540e+00,-3.911591106814184648e+00,-3.313329791528841106e+00,-9.362310265785324104e-01,-4.360701266634873896e+00,-5.607957043443918543e+00,-3.525481468102070970e+00,-2.316494609330627785e+00,-1.934603276970031205e+00,-2.019902768668686122e+00
-3.146153776428135540e+00,-3.911591106814184648e+00,-3.313329791528841106e+00,-9.362310265785324104e-01,-4.360701266634873896e+00,-5.607957043443918543e+00,-3.525481468102070970e+00,-2.316494609330627785e+00,-1.934603276970031205e+00,-2.019902768668686122e+00
-3.146153776428135540e+00,-3.911591106814184648e+00,-3.313329791528841106e+00,-9.362310265785324104e-01,-4.360701266634873896e+00,-5.607957043443918543e+00,-3.525481468102070970e+00,-2.316494609330627785e+00,-1.934603276970031205e+00,-2.019902768668686122e+00
-3.146153776428135540e+00,-3.911591106814184648e+00,-3.313329791528841106e+00,-9.362310265785324104e-01,-4.360701266634873896e+00,-5.607957043443918543e+00,-3.525481468102070970e+00,-2.316494609330627785e+00,-1.934603276970031205e+00,-2.019902768668686122e+00
-3.146153776428135540e+00,-3.911591106814184648e+00,-3.313329791528841106e+00,-9.362310265785324104e-01,-4.360701266634873896e+00,-5.607957043443918543e+00,-3.525481468102070970e+00,-2.316494609330627785e+00,-1.934603276970031205e+00,-2.019902768668686122e+00
-3.146153776428135540e+00,-3.911591106814184648e+00,-3.313329791528841106e+00,-9.362310265785324104e-01,-4.360701266634873896e+00,-5.607957043443918543e+00,-3.525481468102070970e+00,-2.316494609330627785e+00,-1.934603276970031205e+00,-2.019902768668686122e+00
-3.269732965145828452e+00,-3.911591106814184648e+00,-3.313329791528841106e+00,-9.362310265785324104e-01,-4.360701266634873896e+00,-5.607957043443918543e+00,-3.525481468102070970e+00,-2.316494609330627785e+00,-1.934603276970031205e+00,-2.019902768668686122e+00
-3.269732965145828452e+00,-3.911591106814184648e+00,-3.313329791528841106e+00,-9.362310265785324104e-01,-4.360701266634873896e+00,-5.607957043443918543e+00,-3.525481468102070970e+00,-2.316494609330627785e+00,-1.934603276970031205e+00,-2.019902768668686122e+00
-3.269732965145828452e+00,-3.911591106814184648e+00,-3.313329791528841106e+00,-9.362310265785324104e-01,-4.360701266634873896e+00,-5.607957043443918543e+00,-3.525481468102070970e+00,-2.316494609330627785e+00,-1.934603276970031205e+00,-2.019902768668686122e+00
-3.269732965145828452e+00,-3.911591106814184648e+00,-3.313329791528841106e+00,-9.362310265785324104e-01,-4.360701266634873896e+00,-5.607957043443918543e+00,-3.525481468102070970e+00,-2.316494609330627785e+00,-1.934603276970031205e+00,-2.019902768668686122e+00
-3.269732965145828452e+00,-3.911591106814184648e+00,-3.313329791528841106e+00,-9.362310265785324104e-01,-4.360701266634873896e+00,-5.607957043443918543e+00,-4.138914183789613510e+00,-2.316494609330627785e+00,-1.934603276970031205e+00,-2.019902768668686122e+00
-3.269732965145828452e+00,-3.911591106814184648e+00,-3.313329791528841106e+00,-9.362310265785324104e-01,-4.360701266634873896e+00,-5.607957043443918543e+00,-4.138914183789613510e+00,-2.316494609330627785e+00,-1.934603276970031205e+00,-2.019902768668686122e+00
-3.269732965145828452e+00,-3.911591106814184648e+00,-3.313329791528841106e+00,-9.362310265785324104e-01,-4.360701266634873896e+00,-5.607957043443918543e+00,-4.138914183789613510e+00,-2.316494609330627785e+00,-1.934603276970031205e+00,-2.019902768668686122e+00
-3.269732965145828452e+00,-3.911591106814184648e+00,-3.313329791528841106e+00,-9.362310265785324104e-01,-4.360701266634873896e+00,-5.607957043443918543e+00,-4.138914183789613510e+00,-2.316494609330627785e+00,-1.934603276970031205e+00,-2.019902768668686122e+00
-3.269732965145828452e+00,-3.911591106814184648e+00,-3.313329791528841106e+00,-9.362310265785324104e-01,-4.360701266634873896e+00,-5.607957043443918543e+00,-4.138914183789613510e+00,-2.316494609330627785e+00,-1.934603276970031205e+00,-2.019902768668686122e+00
-3.269732965145828452e+00,-3.911591106814184648e+00,-3.313329791528841106e+00,-9.362310265785324104e-01,-4.360701266634873896e+00,-5.607957043443918543e+00,-4.138914183789613510e+00,-2.316494609330627785e+00,-1.934603276970031205e+00,-2.019902768668686122e+00
-3.269732965145828452e+00,-3.911591106814184648e+00,-3.313329791528841106e+00,-9.362310265785324104e-01,-4.360701266634873896e+00,-5.607957043443918543e+00,-4.138914183789613510e+00,-2.316494609330627785e+00,-1.934603276970031205e+00,-2.019902768668686122e+00
-3.269732965145828452e+00,-3.911591106814184648e+00,-3.313329791528841106e+00,-9.362310265785324104e-01,-4.360701266634873896e+00,-5.607957043443918543e+00,-4.138914183789613510e+00,-2.316494609330627785e+00,-1.934603276970031205e+00,-2.019902768668686122e+00
-3.269732965145828452e+00,-3.911591106814184648e+00,-3.313329791528841106e+00,-9.362310265785324104e-01,-4.360701266634873896e+00,-5.607957043443918543e+00,-4.138914183789613510e+00,-2.316494609330627785e+00,-1.952265564939112519e+00,-2.019902768668686122e+00
-3.269732965145828452e+00,-3.911591106814184648e+00,-3.313329791528841106e+00,-9.362310265785324104e-01,-4.360701266634873896e+00,-5.607957043443918543e+00,-4.138914183789613510e+00,-2.316494609330627785e+00,-1.952265564939112519e+00,-2.019902768668686122e+00
