8.070630602710092416e-03,2.912578453593029693e+00,1.465737947020098464e-01,-5.613019666600107538e-01,-5.382857854819121934e-01,8.714906049503954311e-01,2.556808062468582943e-01,1.653673132342630359e+00,1.830100905512959786e+00,-4.344709000057892512e-01
8.070630602710092416e-03,1.217931206663637411e+00,1.465737947020098464e-01,-5.613019666600107538e-01,-5.382857854819121934e-01,8.714906049503954311e-01,2.556808062468582943e-01,7.713932610167105741e-01,-4.729937034667796025e-01,-4.647303876021736113e-01
8.070630602710092416e-03,1.217931206663637411e+00,1.465737947020098464e-01,-5.613019666600107538e-01,-5.382857854819121934e-01,8.714906049503954311e-01,2.556808062468582943e-01,-1.598488022695877975e+00,-4.729937034667796025e-01,-4.819950584621029432e-01
8.070630602710092416e-03,6.235188682475207855e-01,1.465737947020098464e-01,-5.613019666600107538e-01,-5.382857854819121934e-01,4.020410915588946699e-01,2.556808062468582943e-01,-1.598488022695877975e+00,-4.729937034667796025e-01,-6.273147042578012256e-01
8.070630602710092416e-03,-2.784496194362726662e-01,-3.460087475830943560e-01,-5.613019666600107538e-01,-5.382857854819121934e-01,4.020410915588946699e-01,2.556808062468582943e-01,-1.598488022695877975e+00,-4.729937034667796025e-01,-6.273147042578012256e-01
-1.095457094256771402e+00,-2.784496194362726662e-01,-3.460087475830943560e-01,-5.613019666600107538e-01,-9.649550721075921267e-01,4.020410915588946699e-01,2.556808062468582943e-01,-1.598488022695877975e+00,-1.154810627315172811e+00,-6.777815061916963035e-01
-1.095457094256771402e+00,-6.042566267940522318e-01,-3.460087475830943560e-01,-5.613019666600107538e-01,-9.649550721075921267e-01,4.020410915588946699e-01,-1.525889129064522676e-01,-1.598488022695877975e+00,-1.154810627315172811e+00,-7.739926483859692619e-01
-1.095457094256771402e+00,-6.042566267940522318e-01,-3.460087475830943560e-01,-5.613019666600107538e-01,-9.649550721075921267e-01,4.020410915588946699e-01,-1.525889129064522676e-01,-1.598488022695877975e+00,-1.154810627315172811e+00,-7.739926483859692619e-01
-1.095457094256771402e+00,-6.042566267940522318e-01,-3.460087475830943560e-01,-5.613019666600107538e-01,-9.649550721075921267e-01,-6.426255378615264302e-01,-1.525889129064522676e-01,-1.598488022695877975e+00,-1.331695870179536056e+00,-1.272682307618094866e+00
-1.095457094256771402e+00,-6.042566267940522318e-01,-4.530282867212586106e-01,-5.613019666600107538e-01,-9.649550721075921267e-01,-6.740778485906657735e-01,-3.561996286778342236e-01,-1.598488022695877975e+00,-1.331695870179536056e+00,-1.272682307618094866e+00
-1.095457094256771402e+00,-6.042566267940522318e-01,-4.530282867212586106e-01,-5.613019666600107538e-01,-9.649550721075921267e-01,-6.740778485906657735e-01,-3.561996286778342236e-01,-1.598488022695877975e+00,-1.331695870179536056e+00,-2.394054596538504498e+00
-1.095457094256771402e+00,-6.042566267940522318e-01,-4.530282867212586106e-01,-5.613019666600107538e-01,-9.649550721075921267e-01,-6.740778485906657735e-01,-3.561996286778342236e-01,-1.598488022695877975e+00,-1.331695870179536056e+00,-2.394054596538504498e+00
-1.095457094256771402e+00,-6.042566267940522318e-01,-4.530282867212586106e-01,-5.613019666600107538e-01,-9.649550721075921267e-01,-6.740778485906657735e-01,-3.561996286778342236e-01,-1.598488022695877975e+00,-1.331695870179536056e+00,-2.394054596538504498e+00
-1.095457094256771402e+00,-6.042566267940522318e-01,-4.530282867212586106e-01,-5.613019666600107538e-01,-9.649550721075921267e-01,-6.740778485906657735e-01,-3.561996286778342236e-01,-1.598488022695877975e+00,-1.331695870179536056e+00,-2.394054596538504498e+00
-1.805141193358368534e+00,-6.042566267940522318e-01,-4.530282867212586106e-01,-5.613019666600107538e-01,-9.649550721075921267e-01,-6.740778485906657735e-01,-3.561996286778342236e-01,-1.598488022695877975e+00,-1.331695870179536056e+00,-2.394054596538504498e+00
-1.805141193358368534e+00,-6.042566267940522318e-01,-4.530282867212586106e-01,-5.613019666600107538e-01,-9.649550721075921267e-01,-6.740778485906657735e-01,-3.561996286778342236e-01,-2.357987392634527168e+00,-1.331695870179536056e+00,-2.394054596538504498e+00
-1.805141193358368534e+00,-6.042566267940522318e-01,-4.530282867212586106e-01,-5.613019666600107538e-01,-9.649550721075921267e-01,-1.131231903570123043e+00,-3.561996286778342236e-01,-2.357987392634527168e+00,-1.331695870179536056e+00,-2.394054596538504498e+00
-1.805141193358368534e+00,-6.042566267940522318e-01,-4.530282867212586106e-01,-5.613019666600107538e-01,-9.649550721075921267e-01,-1.131231903570123043e+00,-3.561996286778342236e-01,-2.357987392634527168e+00,-1.331695870179536056e+00,-2.394054596538504498e+00
-1.805141193358368534e+00,-6.042566267940522318e-01,-4.530282867212586106e-01,-5.613019666600107538e-01,-9.649550721075921267e-01,-1.131231903570123043e+00,-3.561996286778342236e-01,-2.575313180306376903e+00,-1.331695870179536056e+00,-2.394054596538504498e+00
-1.805141193358368534e+00,-6.042566267940522318e-01,-4.530282867212586106e-01,-5.613019666600107538e-01,-9.649550721075921267e-01,-1.131231903570123043e+00,-3.561996286778342236e-01,-2.575313180306376903e+00,-1.331695870179536056e+00,-2.394054596538504498e+00
-1.805141193358368534e+00,-6.042566267940522318e-01,-5.042943712481040563e-01,-5.613019666600107538e-01,-9.649550721075921267e-01,-1.131231903570123043e+00,-3.561996286778342236e-01,-2.575313180306376903e+00,-1.331695870179536056e+00,-3.020944763793420140e+00
-1.805141193358368534e+00,-6.042566267940522318e-01,-5.042943712481040563e-01,-5.613019666600107538e-01,-1.837619834891596415e+00,-1.131231903570123043e+00,-3.561996286778342236e-01,-2.575313180306376903e+00,-1.331695870179536056e+00,-3.020944763793420140e+00
-1.805141193358368534e+00,-6.042566267940522318e-01,-5.042943712481040563e-01,-5.613019666600107538e-01,-1.837619834891596415e+00,-1.131231903570123043e+00,-3.561996286778342236e-01,-2.575313180306376903e+00,-1.331695870179536056e+00,-3.020944763793420140e+00
-1.805141193358368534e+00,-9.120409031885374773e-01,-5.042943712481040563e-01,-5.613019666600107538e-01,-2.144878052198438745e+00,-1.131231903570123043e+00,-3.561996286778342236e-01,-2.575313180306376903e+00,-1.331695870179536056e+00,-3.020944763793420140e+00
-1.805141193358368534e+00,-1.425543477417518412e+00,-5.042943712481040563e-01,-5.613019666600107538e-01,-2.144878052198438745e+00,-1.131231903570123043e+00,-3.561996286778342236e-01,-2.575313180306376903e+00,-1.331695870179536056e+00,-3.020944763793420140e+00
-1.805141193358368534e+00,-2.077024797423961733e+00,-5.042943712481040563e-01,-5.613019666600107538e-01,-2.222266417774923841e+00,-1.131231903570123043e+00,-3.561996286778342236e-01,-2.575313180306376903e+00,-1.331695870179536056e+00,-3.020944763793420140e+00
-1.805141193358368534e+00,-2.077024797423961733e+00,-5.042943712481040563e-01,-5.613019666600107538e-01,-2.222266417774923841e+00,-1.131231903570123043e+00,-7.661983427013351333e-01,-3.241284496148081562e+00,-1.331695870179536056e+00,-3.020944763793420140e+00
-1.805141193358368534e+00,-2.077024797423961733e+00,-5.042943712481040563e-01,-5.613019666600107538e-01,-2.246458656182216185e+00,-1.131231903570123043e+00,-7.661983427013351333e-01,-3.241284496148081562e+00,-1.331695870179536056e+00,-3.020944763793420140e+00
-1.805141193358368534e+00,-2.077024797423961733e+00,-5.042943712481040563e-01,-5.613019666600107538e-01,-3.369672931999594834e+00,-1.131231903570123043e+00,-7.661983427013351333e-01,-3.241284496148081562e+00,-1.331695870179536056e+00,-3.020944763793420140e+00
-1.805141193358368534e+00,-2.077024797423961733e+00,-5.042943712481040563e-01,-5.613019666600107538e-01,-3.369672931999594834e+00,-1.131231903570123043e+00,-7.661983427013351333e-01,-3.241284496148081562e+00,-1.331695870179536056e+00,-3.020944763793420140e+00
-1.805141193358368534e+00,-2.077024797423961733e+00,-5.042943712481040563e-01,-5.613019666600107538e-01,-3.369672931999594834e+00,-1.268409393432610166e+00,-7.661983427013351333e-01,-3.241284496148081562e+00,-1.331695870179536056e+00,-3.020944763793420140e+00
-1.805141193358368534e+00,-2.154360508819415099e+00,-5.042943712481040563e-01,-5.613019666600107538e-01,-3.433020194688506166e+00,-1.268409393432610166e+00,-7.661983427013351333e-01,-3.241284496148081562e+00,-1.331695870179536056e+00,-3.020944763793420140e+00
-1.805141193358368534e+00,-2.154360508819415099e+00,-9.920645993902802440e-01,-5.613019666600107538e-01,-5.332340899815372737e+00,-1.268409393432610166e+00,-7.661983427013351333e-01,-3.241284496148081562e+00,-1.331695870179536056e+00,-3.020944763793420140e+00
-1.805141193358368534e+00,-2.810069689463533749e+00,-9.920645993902802440e-01,-5.613019666600107538e-01,-5.332340899815372737e+00,-1.268409393432610166e+00,-7.661983427013351333e-01,-3.241284496148081562e+00,-1.331695870179536056e+00,-3.020944763793420140e+00
-1.805141193358368534e+00,-2.810069689463533749e+00,-9.920645993902802440e-01,-5.613019666600107538e-01,-5.332340899815372737e+00,-1.268409393432610166e+00,-7.661983427013351333e-01,-3.241284496148081562e+00,-1.331695870179536056e+00,-3.020944763793420140e+00
-1.805141193358368534e+00,-2.810069689463533749e+00,-9.920645993902802440e-01,-5.613019666600107538e-01,-5.332340899815372737e+00,-1.268409393432610166e+00,-7.661983427013351333e-01,-3.241284496148081562e+00,-1.331695870179536056e+00,-3.020944763793420140e+00
-1.805141193358368534e+00,-2.810069689463533749e+00,-9.920645993902802440e-01,-5.613019666600107538e-01,-5.332340899815372737e+00,-1.268409393432610166e+00,-7.661983427013351333e-01,-3.241284496148081562e+00,-1.331695870179536056e+00,-3.020944763793420140e+00
-1.805141193358368534e+00,-2.810069689463533749e+00,-9.920645993902802440e-01,-5.613019666600107538e-01,-5.332340899815372737e+00,-1.268409393432610166e+00,-7.661983427013351333e-01,-3.241284496148081562e+00,-1.331695870179536056e+00,-3.020944763793420140e+00
-1.805141193358368534e+00,-2.810069689463533749e+00,-1.132297041846681784e+00,-5.613019666600107538e-01,-5.332340899815372737e+00,-1.385481140437261338e+00,-8.498489937138782313e-01,-3.241284496148081562e+00,-1.331695870179536056e+00,-3.020944763793420140e+00
-1.805141193358368534e+00,-2.810069689463533749e+00,-1.132297041846681784e+00,-5.613019666600107538e-01,-5.332340899815372737e+00,-1.385481140437261338e+00,-8.498489937138782313e-01,-3.241284496148081562e+00,-1.331695870179536056e+00,-3.020944763793420140e+00
-1.805141193358368534e+00,-2.810069689463533749e+00,-1.132297041846681784e+00,-5.613019666600107538e-01,-5.332340899815372737e+00,-1.385481140437261338e+00,-8.498489937138782313e-01,-3.241284496148081562e+00,-1.331695870179536056e+00,-3.020944763793420140e+00
-1.805141193358368534e+00,-2.810069689463533749e+00,-1.132297041846681784e+00,-5.613019666600107538e-01,-5.332340899815372737e+00,-1.385481140437261338e+00,-8.498489937138782313e-01,-3.241284496148081562e+00,-1.331695870179536056e+00,-3.020944763793420140e+00
-1.805141193358368534e+00,-2.810069689463533749e+00,-1.132297041846681784e+00,-5.613019666600107538e-01,-5.332340899815372737e+00,-1.592890984826578427e+00,-8.498489937138782313e-01,-3.241284496148081562e+00,-1.331695870179536056e+00,-3.020944763793420140e+00
-1.805141193358368534e+00,-2.810069689463533749e+00,-1.132297041846681784e+00,-5.613019666600107538e-01,-5.332340899815372737e+00,-1.592890984826578427e+00,-8.498489937138782313e-01,-3.241284496148081562e+00,-1.331695870179536056e+00,-3.020944763793420140e+00
-1.805141193358368534e+00,-2.810069689463533749e+00,-1.132297041846681784e+00,-5.613019666600107538e-01,-5.332340899815372737e+00,-1.592890984826578427e+00,-8.498489937138782313e-01,-3.241284496148081562e+00,-1.331695870179536056e+00,-3.020944763793420140e+00
-1.805141193358368534e+00,-2.810069689463533749e+00,-1.132297041846681784e+00,-5.613019666600107538e-01,-5.332340899815372737e+00,-1.592890984826578427e+00,-8.498489937138782313e-01,-3.241284496148081562e+00,-1.331695870179536056e+00,-3.020944763793420140e+00
-1.805141193358368534e+00,-2.810069689463533749e+00,-1.132297041846681784e+00,-5.613019666600107538e-01,-5.332340899815372737e+00,-1.592890984826578427e+00,-8.498489937138782313e-01,-3.241284496148081562e+00,-1.331695870179536056e+00,-3.020944763793420140e+00
-1.805141193358368534e+00,-2.810069689463533749e+00,-1.132297041846681784e+00,-5.613019666600107538e-01,-5.332340899815372737e+00,-1.592890984826578427e+00,-8.498489937138782313e-01,-3.241284496148081562e+00,-1.331695870179536056e+00,-3.020944763793420140e+00
-1.805141193358368534e+00,-2.810069689463533749e+00,-1.132297041846681784e+00,-5.613019666600107538e-01,-5.332340899815372737e+00,-1.592890984826578427e+00,-8.498489937138782313e-01,-3.241284496148081562e+00,-1.331695870179536056e+00,-3.020944763793420140e+00
-1.805141193358368534e+00,-2.810069689463533749e+00,-1.132297041846681784e+00,-5.613019666600107538e-01,-5.332340899815372737e+00,-1.592890984826578427e+00,-8.498489937138782313e-01,-3.241284496148081562e+00,-1.331695870179536056e+00,-3.020944763793420140e+00
-1.805141193358368534e+00,-2.810069689463533749e+00,-1.132297041846681784e+00,-5.613019666600107538e-01,-5.332340899815372737e+00,-1.592890984826578427e+00,-8.498489937138782313e-01,-3.241284496148081562e+00,-1.331695870179536056e+00,-3.020944763793420140e+00
-1.805141193358368534e+00,-2.810069689463533749e+00,-1.132297041846681784e+00,-5.613019666600107538e-01,-5.332340899815372737e+00,-1.592890984826578427e+00,-8.498489937138782313e-01,-3.241284496148081562e+00,-1.331695870179536056e+00,-3.020944763793420140e+00
-1.805141193358368534e+00,-2.810069689463533749e+00,-1.530774191697765740e+00,-5.613019666600107538e-01,-5.332340899815372737e+00,-1.592890984826578427e+00,-8.498489937138782313e-01,-3.241284496148081562e+00,-1.331695870179536056e+00,-3.020944763793420140e+00
-1.805141193358368534e+00,-2.810069689463533749e+00,-1.530774191697765740e+00,-5.613019666600107538e-01,-5.332340899815372737e+00,-1.592890984826578427e+00,-8.498489937138782313e-01,-3.890968231954438306e+00,-1.331695870179536056e+00,-3.020944763793420140e+00
-1.805141193358368534e+00,-2.810069689463533749e+00,-1.530774191697765740e+00,-5.613019666600107538e-01,-5.332340899815372737e+00,-1.592890984826578427e+00,-8.498489937138782313e-01,-3.890968231954438306e+00,-1.331695870179536056e+00,-3.020944763793420140e+00
-1.805141193358368534e+00,-2.810069689463533749e+00,-1.738633875100024762e+00,-5.613019666600107538e-01,-5.332340899815372737e+00,-1.592890984826578427e+00,-8.498489937138782313e-01,-3.890968231954438306e+00,-1.331695870179536056e+00,-3.020944763793420140e+00
-1.805141193358368534e+00,-2.810069689463533749e+00,-1.738633875100024762e+00,-5.613019666600107538e-01,-5.332340899815372737e+00,-1.592890984826578427e+00,-8.498489937138782313e-01,-3.890968231954438306e+00,-1.331695870179536056e+00,-3.020944763793420140e+00
-1.805141193358368534e+00,-2.810069689463533749e+00,-1.738633875100024762e+00,-5.613019666600107538e-01,-5.332340899815372737e+00,-1.592890984826578427e+00,-8.498489937138782313e-01,-3.890968231954438306e+00,-1.331695870179536056e+00,-3.020944763793420140e+00
-1.805141193358368534e+00,-2.810069689463533749e+00,-1.738633875100024762e+00,-5.613019666600107538e-01,-5.332340899815372737e+00,-1.592890984826578427e+00,-8.498489937138782313e-01,-3.890968231954438306e+00,-1.331695870179536056e+00,-3.020944763793420140e+00
-1.805141193358368534e+00,-2.810069689463533749e+00,-1.738633875100024762e+00,-5.613019666600107538e-01,-5.332340899815372737e+00,-1.592890984826578427e+00,-8.498489937138782313e-01,-3.890968231954438306e+00,-1.331695870179536056e+00,-3.020944763793420140e+00
-1.805141193358368534e+00,-2.810069689463533749e+00,-1.738633875100024762e+00,-5.613019666600107538e-01,-5.332340899815372737e+00,-1.592890984826578427e+00,-8.735112621493001939e-01,-3.890968231954438306e+00,-1.331695870179536056e+00,-3.020944763793420140e+00
-1.805141193358368534e+00,-2.810069689463533749e+00,-1.738633875100024762e+00,-5.613019666600107538e-01,-5.332340899815372737e+00,-1.592890984826578427e+00,-8.735112621493001939e-01,-3.890968231954438306e+00,-1.331695870179536056e+00,-3.020944763793420140e+00
-1.805141193358368534e+00,-2.810069689463533749e+00,-1.738633875100024762e+00,-5.613019666600107538e-01,-5.332340899815372737e+00,-1.592890984826578427e+00,-8.735112621493001939e-01,-3.890968231954438306e+00,-1.331695870179536056e+00,-3.020944763793420140e+00
-1.805141193358368534e+00,-2.810069689463533749e+00,-1.756393636050722851e+00,-5.613019666600107538e-01,-5.332340899815372737e+00,-1.592890984826578427e+00,-8.735112621493001939e-01,-3.890968231954438306e+00,-1.331695870179536056e+00,-3.020944763793420140e+00
-1.805141193358368534e+00,-2.810069689463533749e+00,-2.321161958260680613e+00,-5.613019666600107538e-01,-5.332340899815372737e+00,-1.597692874661044371e+00,-8.735112621493001939e-01,-3.890968231954438306e+00,-1.331695870179536056e+00,-3.020944763793420140e+00
-1.805141193358368534e+00,-2.810069689463533749e+00,-2.321161958260680613e+00,-5.613019666600107538e-01,-5.332340899815372737e+00,-1.597692874661044371e+00,-8.735112621493001939e-01,-3.890968231954438306e+00,-1.331695870179536056e+00,-3.020944763793420140e+00
-1.805141193358368534e+00,-2.810069689463533749e+00,-2.321161958260680613e+00,-5.613019666600107538e-01,-5.332340899815372737e+00,-1.597692874661044371e+00,-8.735112621493001939e-01,-3.890968231954438306e+00,-1.331695870179536056e+00,-3.020944763793420140e+00
-1.805141193358368534e+00,-2.810069689463533749e+00,-2.321161958260680613e+00,-5.613019666600107538e-01,-5.332340899815372737e+00,-1.597692874661044371e+00,-8.735112621493001939e-01,-3.890968231954438306e+00,-1.331695870179536056e+00,-3.020944763793420140e+00
-1.805141193358368534e+00,-2.810069689463533749e+00,-2.576188523699302291e+00,-5.613019666600107538e-01,-5.332340899815372737e+00,-1.597692874661044371e+00,-8.735112621493001939e-01,-3.890968231954438306e+00,-1.331695870179536056e+00,-3.020944763793420140e+00
-1.805141193358368534e+00,-2.810069689463533749e+00,-2.576188523699302291e+00,-5.613019666600107538e-01,-5.332340899815372737e+00,-1.597692874661044371e+00,-8.735112621493001939e-01,-3.890968231954438306e+00,-1.331695870179536056e+00,-3.020944763793420140e+00
-1.805141193358368534e+00,-2.899705824785429265e+00,-2.576188523699302291e+00,-5.613019666600107538e-01,-5.332340899815372737e+00,-1.597692874661044371e+00,-8.735112621493001939e-01,-3.890968231954438306e+00,-1.331695870179536056e+00,-3.020944763793420140e+00
-1.805141193358368534e+00,-2.899705824785429265e+00,-2.629990776369721672e+00,-5.613019666600107538e-01,-5.332340899815372737e+00,-1.597692874661044371e+00,-9.258092132550755915e-01,-3.890968231954438306e+00,-1.331695870179536056e+00,-3.020944763793420140e+00
-1.805141193358368534e+00,-2.899705824785429265e+00,-2.629990776369721672e+00,-5.613019666600107538e-01,-5.332340899815372737e+00,-1.597692874661044371e+00,-9.258092132550755915e-01,-3.890968231954438306e+00,-1.331695870179536056e+00,-3.020944763793420140e+00
-1.805141193358368534e+00,-2.899705824785429265e+00,-2.629990776369721672e+00,-5.613019666600107538e-01,-5.332340899815372737e+00,-1.597692874661044371e+00,-9.258092132550755915e-01,-3.890968231954438306e+00,-1.331695870179536056e+00,-3.020944763793420140e+00
-2.414508973605512754e+00,-2.899705824785429265e+00,-2.629990776369721672e+00,-5.613019666600107538e-01,-5.332340899815372737e+00,-1.597692874661044371e+00,-9.258092132550755915e-01,-3.890968231954438306e+00,-1.331695870179536056e+00,-3.020944763793420140e+00
-2.414508973605512754e+00,-2.899705824785429265e+00,-2.629990776369721672e+00,-5.613019666600107538e-01,-5.332340899815372737e+00,-1.597692874661044371e+00,-9.258092132550755915e-01,-3.890968231954438306e+00,-1.331695870179536056e+00,-3.020944763793420140e+00
-2.414508973605512754e+00,-2.899705824785429265e+00,-2.629990776369721672e+00,-5.613019666600107538e-01,-5.332340899815372737e+00,-1.597692874661044371e+00,-9.258092132550755915e-01,-3.890968231954438306e+00,-1.331695870179536056e+00,-3.020944763793420140e+00
-2.414508973605512754e+00,-2.899705824785429265e+00,-2.629990776369721672e+00,-5.613019666600107538e-01,-5.332340899815372737e+00,-1.597692874661044371e+00,-9.258092132550755915e-01,-3.890968231954438306e+00,-1.331695870179536056e+00,-3.020944763793420140e+00
-2.414508973605512754e+00,-2.899705824785429265e+00,-2.629990776369721672e+00,-5.613019666600107538e-01,-5.332340899815372737e+00,-1.597692874661044371e+00,-9.258092132550755915e-01,-3.890968231954438306e+00,-1.331695870179536056e+00,-3.020944763793420140e+00
-2.414508973605512754e+00,-2.899705824785429265e+00,-2.629990776369721672e+00,-5.613019666600107538e-01,-5.332340899815372737e+00,-1.597692874661044371e+00,-9.258092132550755915e-01,-3.890968231954438306e+00,-1.331695870179536056e+00,-3.020944763793420140e+00
-2.414508973605512754e+00,-2.899705824785429265e+00,-2.629990776369721672e+00,-5.613019666600107538e-01,-5.332340899815372737e+00,-1.597692874661044371e+00,-9.258092132550755915e-01,-3.890968231954438306e+00,-1.331695870179536056e+00,-3.020944763793420140e+00
-2.414508973605512754e+00,-2.899705824785429265e+00,-2.629990776369721672e+00,-5.613019666600107538e-01,-5.332340899815372737e+00,-1.597692874661044371e+00,-9.258092132550755915e-01,-3.890968231954438306e+00,-1.331695870179536056e+00,-3.020944763793420140e+00
-2.414508973605512754e+00,-2.899705824785429265e+00,-2.629990776369721672e+00,-5.613019666600107538e-01,-5.332340899815372737e+00,-1.597692874661044371e+00,-9.258092132550755915e-01,-3.890968231954438306e+00,-1.331695870179536056e+00,-3.020944763793420140e+00
-2.414508973605512754e+00,-2.899705824785429265e+00,-2.629990776369721672e+00,-5.613019666600107538e-01,-5.332340899815372737e+00,-1.597692874661044371e+00,-9.258092132550755915e-01,-3.890968231954438306e+00,-1.331695870179536056e+00,-3.020944763793420140e+00
-2.414508973605512754e+00,-2.899705824785429265e+00,-2.629990776369721672e+00,-5.613019666600107538e-01,-5.332340899815372737e+00,-1.597692874661044371e+00,-9.258092132550755915e-01,-3.890968231954438306e+00,-1.331695870179536056e+00,-3.020944763793420140e+00
-2.414508973605512754e+00,-2.899705824785429265e+00,-2.629990776369721672e+00,-5.613019666600107538e-01,-5.332340899815372737e+00,-1.597692874661044371e+00,-9.258092132550755915e-01,-3.890968231954438306e+00,-1.331695870179536056e+00,-3.020944763793420140e+00
-2.414508973605512754e+00,-2.899705824785429265e+00,-2.629990776369721672e+00,-5.613019666600107538e-01,-5.332340899815372737e+00,-1.597692874661044371e+00,-9.258092132550755915e-01,-3.890968231954438306e+00,-1.331695870179536056e+00,-3.020944763793420140e+00
-2.414508973605512754e+00,-2.899705824785429265e+00,-2.629990776369721672e+00,-5.613019666600107538e-01,-5.332340899815372737e+00,-1.597692874661044371e+00,-9.258092132550755915e-01,-3.890968231954438306e+00,-1.331695870179536056e+00,-3.020944763793420140e+00
-2.414508973605512754e+00,-2.899705824785429265e+00,-2.629990776369721672e+00,-5.613019666600107538e-01,-5.332340899815372737e+00,-1.597692874661044371e+00,-9.258092132550755915e-01,-3.890968231954438306e+00,-1.331695870179536056e+00,-3.020944763793420140e+00
-2.414508973605512754e+00,-2.899705824785429265e+00,-2.629990776369721672e+00,-5.613019666600107538e-01,-5.332340899815372737e+00,-1.597692874661044371e+00,-9.258092132550755915e-01,-3.890968231954438306e+00,-1.331695870179536056e+00,-3.020944763793420140e+00
-2.414508973605512754e+00,-2.899705824785429265e+00,-2.629990776369721672e+00,-5.613019666600107538e-01,-5.332340899815372737e+00,-1.597692874661044371e+00,-9.258092132550755915e-01,-3.890968231954438306e+00,-1.331695870179536056e+00,-3.020944763793420140e+00
-2.414508973605512754e+00,-2.899705824785429265e+00,-2.629990776369721672e+00,-5.613019666600107538e-01,-5.332340899815372737e+00,-1.597692874661044371e+00,-9.258092132550755915e-01,-3.890968231954438306e+00,-1.331695870179536056e+00,-3.020944763793420140e+00
-2.414508973605512754e+00,-2.899705824785429265e+00,-2.629990776369721672e+00,-5.613019666600107538e-01,-5.332340899815372737e+00,-1.597692874661044371e+00,-9.258092132550755915e-01,-3.890968231954438306e+00,-1.331695870179536056e+00,-3.020944763793420140e+00
-2.414508973605512754e+00,-2.899705824785429265e+00,-2.629990776369721672e+00,-5.613019666600107538e-01,-5.332340899815372737e+00,-1.597692874661044371e+00,-9.258092132550755915e-01,-3.890968231954438306e+00,-1.331695870179536056e+00,-3.273887820983000907e+00
-2.414508973605512754e+00,-2.899705824785429265e+00,-2.779243040341638604e+00,-5.613019666600107538e-01,-5.332340899815372737e+00,-1.597692874661044371e+00,-9.258092132550755915e-01,-3.890968231954438306e+00,-1.331695870179536056e+00,-3.273887820983000907e+00
-2.414508973605512754e+00,-2.899705824785429265e+00,-2.779243040341638604e+00,-5.613019666600107538e-01,-5.332340899815372737e+00,-1.597692874661044371e+00,-9.258092132550755915e-01,-3.890968231954438306e+00,-1.331695870179536056e+00,-3.273887820983000907e+00
-2.414508973605512754e+00,-2.899705824785429265e+00,-2.779243040341638604e+00,-5.613019666600107538e-01,-5.332340899815372737e+00,-1.597692874661044371e+00,-9.258092132550755915e-01,-3.890968231954438306e+00,-1.331695870179536056e+00,-3.273887820983000907e+00
-2.414508973605512754e+00,-2.899705824785429265e+00,-2.779243040341638604e+00,-5.613019666600107538e-01,-5.332340899815372737e+00,-1.597692874661044371e+00,-9.258092132550755915e-01,-3.890968231954438306e+00,-1.331695870179536056e+00,-3.273887820983000907e+00
-2.414508973605512754e+00,-2.899705824785429265e+00,-2.779243040341638604e+00,-5.613019666600107538e-01,-5.332340899815372737e+00,-1.597692874661044371e+00,-9.258092132550755915e-01,-3.890968231954438306e+00,-1.331695870179536056e+00,-3.273887820983000907e+00
-2.414508973605512754e+00,-2.899705824785429265e+00,-2.779243040341638604e+00,-5.613019666600107538e-01,-5.332340899815372737e+00,-1.597692874661044371e+00,-9.258092132550755915e-01,-3.890968231954438306e+00,-1.331695870179536056e+00,-3.273887820983000907e+00
-2.414508973605512754e+00,-2.899705824785429265e+00,-2.779243040341638604e+00,-5.613019666600107538e-01,-5.332340899815372737e+00,-1.597692874661044371e+00,-9.258092132550755915e-01,-3.890968231954438306e+00,-1.331695870179536056e+00,-3.273887820983000907e+00
-2.414508973605512754e+00,-2.899705824785429265e+00,-2.779243040341638604e+00,-5.613019666600107538e-01,-5.332340899815372737e+00,-1.597692874661044371e+00,-9.258092132550755915e-01,-3.890968231954438306e+00,-1.331695870179536056e+00,-3.273887820983000907e+00
-2.414508973605512754e+00,-2.899705824785429265e+00,-2.779243040341638604e+00,-5.613019666600107538e-01,-5.332340899815372737e+00,-1.597692874661044371e+00,-9.258092132550755915e-01,-3.890968231954438306e+00,-1.331695870179536056e+00,-3.273887820983000907e+00
-2.414508973605512754e+00,-2.899705824785429265e+00,-2.779243040341638604e+00,-5.613019666600107538e-01,-5.332340899815372737e+00,-1.597692874661044371e+00,-9.258092132550755915e-01,-3.890968231954438306e+00,-1.331695870179536056e+00,-3.273887820983000907e+00
-2.414508973605512754e+00,-2.899705824785429265e+00,-2.779243040341638604e+00,-5.613019666600107538e-01,-5.332340899815372737e+00,-1.597692874661044371e+00,-9.258092132550755915e-01,-3.890968231954438306e+00,-1.331695870179536056e+00,-3.273887820983000907e+00
-2.414508973605512754e+00,-2.899705824785429265e+00,-2.779243040341638604e+00,-5.613019666600107538e-01,-5.332340899815372737e+00,-1.597692874661044371e+00,-9.258092132550755915e-01,-4.172109055052970916e+00,-1.331695870179536056e+00,-3.273887820983000907e+00
-2.414508973605512754e+00,-2.899705824785429265e+00,-2.779243040341638604e+00,-5.613019666600107538e-01,-5.332340899815372737e+00,-1.597692874661044371e+00,-9.258092132550755915e-01,-4.172109055052970916e+00,-1.331695870179536056e+00,-3.273887820983000907e+00
-2.414508973605512754e+00,-2.899705824785429265e+00,-2.779243040341638604e+00,-5.613019666600107538e-01,-5.332340899815372737e+00,-1.597692874661044371e+00,-9.258092132550755915e-01,-4.172109055052970916e+00,-1.331695870179536056e+00,-3.273887820983000907e+00
-2.414508973605512754e+00,-2.899705824785429265e+00,-2.779243040341638604e+00,-5.613019666600107538e-01,-5.332340899815372737e+00,-1.597692874661044371e+00,-9.258092132550755915e-01,-4.172109055052970916e+00,-1.331695870179536056e+00,-3.273887820983000907e+00
-2.414508973605512754e+00,-2.899705824785429265e+00,-2.779243040341638604e+00,-5.613019666600107538e-01,-5.332340899815372737e+00,-1.597692874661044371e+00,-9.258092132550755915e-01,-4.172109055052970916e+00,-1.331695870179536056e+00,-3.273887820983000907e+00
-2.414508973605512754e+00,-2.899705824785429265e+00,-2.779243040341638604e+00,-5.613019666600107538e-01,-5.332340899815372737e+00,-1.597692874661044371e+00,-9.258092132550755915e-01,-4.172109055052970916e+00,-1.331695870179536056e+00,-3.273887820983000907e+00
-2.414508973605512754e+00,-2.899705824785429265e+00,-2.779243040341638604e+00,-5.613019666600107538e-01,-5.332340899815372737e+00,-1.597692874661044371e+00,-9.258092132550755915e-01,-4.172109055052970916e+00,-1.331695870179536056e+00,-3.273887820983000907e+00
-2.414508973605512754e+00,-2.899705824785429265e+00,-2.779243040341638604e+00,-5.613019666600107538e-01,-5.332340899815372737e+00,-1.597692874661044371e+00,-9.258092132550755915e-01,-4.172109055052970916e+00,-1.331695870179536056e+00,-3.273887820983000907e+00
-2.414508973605512754e+00,-2.899705824785429265e+00,-2.779243040341638604e+00,-5.613019666600107538e-01,-5.332340899815372737e+00,-1.597692874661044371e+00,-9.258092132550755915e-01,-4.172109055052970916e+00,-1.331695870179536056e+00,-3.273887820983000907e+00
-2.414508973605512754e+00,-2.899705824785429265e+00,-2.779243040341638604e+00,-5.613019666600107538e-01,-5.332340899815372737e+00,-1.597692874661044371e+00,-9.258092132550755915e-01,-4.172109055052970916e+00,-1.331695870179536056e+00,-3.273887820983000907e+00
-2.414508973605512754e+00,-2.899705824785429265e+00,-2.779243040341638604e+00,-5.613019666600107538e-01,-5.332340899815372737e+00,-1.597692874661044371e+00,-9.258092132550755915e-01,-4.172109055052970916e+00,-1.331695870179536056e+00,-3.273887820983000907e+00
-2.414508973605512754e+00,-2.899705824785429265e+00,-2.779243040341638604e+00,-5.613019666600107538e-01,-5.332340899815372737e+00,-1.597692874661044371e+00,-9.258092132550755915e-01,-4.172109055052970916e+00,-1.331695870179536056e+00,-3.273887820983000907e+00
-2.414508973605512754e+00,-2.899705824785429265e+00,-2.779243040341638604e+00,-5.613019666600107538e-01,-5.332340899815372737e+00,-1.597692874661044371e+00,-9.258092132550755915e-01,-4.172109055052970916e+00,-1.331695870179536056e+00,-3.273887820983000907e+00
-2.414508973605512754e+00,-2.899705824785429265e+00,-2.779243040341638604e+00,-5.613019666600107538e-01,-5.332340899815372737e+00,-1.597692874661044371e+00,-9.258092132550755915e-01,-4.172109055052970916e+00,-1.331695870179536056e+00,-3.273887820983000907e+00
-2.414508973605512754e+00,-2.899705824785429265e+00,-2.779243040341638604e+00,-5.613019666600107538e-01,-5.332340899815372737e+00,-1.597692874661044371e+00,-9.258092132550755915e-01,-4.172109055052970916e+00,-1.331695870179536056e+00,-3.273887820983000907e+00
-2.414508973605512754e+00,-2.899705824785429265e+00,-2.779243040341638604e+00,-5.613019666600107538e-01,-5.332340899815372737e+00,-1.597692874661044371e+00,-9.258092132550755915e-01,-4.172109055052970916e+00,-1.331695870179536056e+00,-3.273887820983000907e+00
-2.414508973605512754e+00,-2.899705824785429265e+00,-2.779243040341638604e+00,-5.613019666600107538e-01,-5.332340899815372737e+00,-1.597692874661044371e+00,-9.258092132550755915e-01,-4.172109055052970916e+00,-1.331695870179536056e+00,-3.273887820983000907e+00
-2.414508973605512754e+00,-2.899705824785429265e+00,-2.779243040341638604e+00,-5.613019666600107538e-01,-5.332340899815372737e+00,-1.597692874661044371e+00,-9.258092132550755915e-01,-4.172109055052970916e+00,-1.331695870179536056e+00,-3.273887820983000907e+00
-2.414508973605512754e+00,-2.899705824785429265e+00,-2.779243040341638604e+00,-5.613019666600107538e-01,-5.332340899815372737e+00,-1.687619663734734043e+00,-9.258092132550755915e-01,-4.172109055052970916e+00,-1.331695870179536056e+00,-3.273887820983000907e+00
-2.962139204843740714e+00,-2.899705824785429265e+00,-2.779243040341638604e+00,-5.613019666600107538e-01,-5.332340899815372737e+00,-1.687619663734734043e+00,-9.258092132550755915e-01,-4.172109055052970916e+00,-1.331695870179536056e+00,-3.273887820983000907e+00
-2.962139204843740714e+00,-2.899705824785429265e+00,-2.779243040341638604e+00,-5.613019666600107538e-01,-5.332340899815372737e+00,-1.687619663734734043e+00,-9.258092132550755915e-01,-4.172109055052970916e+00,-1.331695870179536056e+00,-3.273887820983000907e+00
-2.962139204843740714e+00,-2.899705824785429265e+00,-2.779243040341638604e+00,-5.613019666600107538e-01,-5.332340899815372737e+00,-1.687619663734734043e+00,-9.258092132550755915e-01,-4.172109055052970916e+00,-1.472292066509985009e+00,-3.273887820983000907e+00
-2.962139204843740714e+00,-2.899705824785429265e+00,-2.779243040341638604e+00,-5.613019666600107538e-01,-5.332340899815372737e+00,-1.687619663734734043e+00,-9.258092132550755915e-01,-4.172109055052970916e+00,-1.472292066509985009e+00,-3.273887820983000907e+00
-2.962139204843740714e+00,-2.899705824785429265e+00,-2.779243040341638604e+00,-5.613019666600107538e-01,-5.332340899815372737e+00,-1.687619663734734043e+00,-1.092752507410144069e+00,-4.172109055052970916e+00,-1.472292066509985009e+00,-3.273887820983000907e+00
-2.962139204843740714e+00,-2.899705824785429265e+00,-2.779243040341638604e+00,-5.613019666600107538e-01,-5.332340899815372737e+00,-1.687619663734734043e+00,-1.092752507410144069e+00,-4.172109055052970916e+00,-1.472292066509985009e+00,-3.273887820983000907e+00
-2.962139204843740714e+00,-2.899705824785429265e+00,-2.779243040341638604e+00,-5.613019666600107538e-01,-5.332340899815372737e+00,-1.687619663734734043e+00,-1.344792818560419434e+00,-4.172109055052970916e+00,-1.472292066509985009e+00,-3.273887820983000907e+00
-2.962139204843740714e+00,-2.899705824785429265e+00,-2.779243040341638604e+00,-5.613019666600107538e-01,-5.332340899815372737e+00,-1.687619663734734043e+00,-1.344792818560419434e+00,-4.172109055052970916e+00,-1.578476918378121319e+00,-3.273887820983000907e+00
-2.962139204843740714e+00,-2.899705824785429265e+00,-2.779243040341638604e+00,-5.613019666600107538e-01,-5.332340899815372737e+00,-1.687619663734734043e+00,-1.344792818560419434e+00,-4.172109055052970916e+00,-1.578476918378121319e+00,-3.273887820983000907e+00
-2.962139204843740714e+00,-2.899705824785429265e+00,-2.779243040341638604e+00,-5.613019666600107538e-01,-5.332340899815372737e+00,-1.687619663734734043e+00,-1.344792818560419434e+00,-4.172109055052970916e+00,-1.578476918378121319e+00,-3.273887820983000907e+00
-2.962139204843740714e+00,-2.899705824785429265e+00,-2.779243040341638604e+00,-5.613019666600107538e-01,-5.332340899815372737e+00,-1.687619663734734043e+00,-1.344792818560419434e+00,-4.172109055052970916e+00,-1.578476918378121319e+00,-3.273887820983000907e+00
-2.962139204843740714e+00,-2.899705824785429265e+00,-2.779243040341638604e+00,-5.613019666600107538e-01,-5.332340899815372737e+00,-1.687619663734734043e+00,-1.344792818560419434e+00,-4.172109055052970916e+00,-1.578476918378121319e+00,-3.273887820983000907e+00
-2.962139204843740714e+00,-2.899705824785429265e+00,-2.779243040341638604e+00,-5.613019666600107538e-01,-5.332340899815372737e+00,-1.687619663734734043e+00,-1.344792818560419434e+00,-4.172109055052970916e+00,-1.578476918378121319e+00,-3.273887820983000907e+00
-2.962139204843740714e+00,-2.899705824785429265e+00,-2.779243040341638604e+00,-5.613019666600107538e-01,-5.332340899815372737e+00,-1.687619663734734043e+00,-1.344792818560419434e+00,-4.172109055052970916e+00,-1.578476918378121319e+00,-3.273887820983000907e+00
-2.962139204843740714e+00,-2.899705824785429265e+00,-2.779243040341638604e+00,-5.613019666600107538e-01,-5.332340899815372737e+00,-1.687619663734734043e+00,-1.344792818560419434e+00,-4.172109055052970916e+00,-1.578476918378121319e+00,-3.273887820983000907e+00
-2.962139204843740714e+00,-2.899705824785429265e+00,-2.779243040341638604e+00,-5.613019666600107538e-01,-5.332340899815372737e+00,-1.687619663734734043e+00,-1.344792818560419434e+00,-4.172109055052970916e+00,-1.578476918378121319e+00,-3.273887820983000907e+00
-2.962139204843740714e+00,-2.899705824785429265e+00,-2.779243040341638604e+00,-5.613019666600107538e-01,-5.332340899815372737e+00,-1.687619663734734043e+00,-1.344792818560419434e+00,-4.172109055052970916e+00,-1.578476918378121319e+00,-3.273887820983000907e+00
-2.962139204843740714e+00,-2.899705824785429265e+00,-2.779243040341638604e+00,-5.613019666600107538e-01,-5.332340899815372737e+00,-1.687619663734734043e+00,-1.344792818560419434e+00,-4.172109055052970916e+00,-1.578476918378121319e+00,-3.273887820983000907e+00
-2.962139204843740714e+00,-2.899705824785429265e+00,-2.779243040341638604e+00,-5.613019666600107538e-01,-5.332340899815372737e+00,-1.687619663734734043e+00,-1.344792818560419434e+00,-4.172109055052970916e+00,-1.578476918378121319e+00,-3.273887820983000907e+00
-2.962139204843740714e+00,-2.899705824785429265e+00,-2.779243040341638604e+00,-5.613019666600107538e-01,-5.332340899815372737e+00,-1.687619663734734043e+00,-1.344792818560419434e+00,-4.172109055052970916e+00,-1.578476918378121319e+00,-3.273887820983000907e+00
-2.962139204843740714e+00,-2.899705824785429265e+00,-2.779243040341638604e+00,-5.613019666600107538e-01,-5.332340899815372737e+00,-1.687619663734734043e+00,-1.344792818560419434e+00,-4.172109055052970916e+00,-1.578476918378121319e+00,-3.273887820983000907e+00
-2.962139204843740714e+00,-2.899705824785429265e+00,-2.779243040341638604e+00,-5.613019666600107538e-01,-5.332340899815372737e+00,-1.687619663734734043e+00,-1.344792818560419434e+00,-4.172109055052970916e+00,-1.578476918378121319e+00,-3.273887820983000907e+00
-2.962139204843740714e+00,-2.899705824785429265e+00,-2.779243040341638604e+00,-5.613019666600107538e-01,-5.332340899815372737e+00,-1.687619663734734043e+00,-1.344792818560419434e+00,-4.172109055052970916e+00,-1.578476918378121319e+00,-3.273887820983000907e+00
-2.962139204843740714e+00,-2.899705824785429265e+00,-2.779243040341638604e+00,-5.613019666600107538e-01,-5.332340899815372737e+00,-1.687619663734734043e+00,-1.344792818560419434e+00,-4.172109055052970916e+00,-1.578476918378121319e+00,-3.273887820983000907e+00
-2.962139204843740714e+00,-2.899705824785429265e+00,-2.779243040341638604e+00,-5.613019666600107538e-01,-5.332340899815372737e+00,-1.687619663734734043e+00,-1.344792818560419434e+00,-4.172109055052970916e+00,-1.578476918378121319e+00,-3.273887820983000907e+00
-2.962139204843740714e+00,-2.899705824785429265e+00,-2.779243040341638604e+00,-5.613019666600107538e-01,-5.332340899815372737e+00,-1.687619663734734043e+00,-1.344792818560419434e+00,-4.172109055052970916e+00,-1.578476918378121319e+00,-3.273887820983000907e+00
-2.962139204843740714e+00,-2.899705824785429265e+00,-2.779243040341638604e+00,-5.613019666600107538e-01,-5.332340899815372737e+00,-1.687619663734734043e+00,-1.344792818560419434e+00,-4.172109055052970916e+00,-1.578476918378121319e+00,-3.273887820983000907e+00
