-2.682900238137753579e+00,1.318512895686514419e+00,2.402870062148139141e+00,2.248327812277750137e+00,2.185413290091467342e+00,1.097304059904406603e+00,4.293092721140071788e+00,3.046828068674415357e-01,9.348047896485064401e-01,1.447816505192623060e+00
-2.682900238137753579e+00,1.318512895686514419e+00,1.995117999732565428e+00,1.278109725607185831e+00,2.185413290091467342e+00,5.755082432721756458e-01,3.225933634381897175e+00,3.046828068674415357e-01,9.348047896485064401e-01,1.438751620929023867e+00
-3.645220778711987464e+00,1.318512895686514419e+00,6.133567700050728266e-01,1.053226340695746721e+00,6.612159998454908427e-01,5.755082432721756458e-01,3.225933634381897175e+00,3.046828068674415357e-01,9.348047896485064401e-01,5.503312930184696139e-01
-3.645220778711987464e+00,1.318512895686514419e+00,6.133567700050728266e-01,1.053226340695746721e+00,3.826234311907809049e-01,5.755082432721756458e-01,3.225933634381897175e+00,3.046828068674415357e-01,-3.150539710477869848e-01,5.503312930184696139e-01
-3.645220778711987464e+00,1.318512895686514419e+00,6.133567700050728266e-01,2.205638578507908842e-01,3.826234311907809049e-01,-1.700912481369380558e+00,3.141588748743397441e-01,-2.115330637443352257e-01,-3.150539710477869848e-01,5.503312930184696139e-01
-3.645220778711987464e+00,1.318512895686514419e+00,6.133567700050728266e-01,2.205638578507908842e-01,3.826234311907809049e-01,-1.700912481369380558e+00,3.141588748743397441e-01,-2.115330637443352257e-01,-3.150539710477869848e-01,5.503312930184696139e-01
-3.645220778711987464e+00,1.318512895686514419e+00,6.133567700050728266e-01,2.205638578507908842e-01,3.826234311907809049e-01,-1.700912481369380558e+00,3.141588748743397441e-01,-2.115330637443352257e-01,-3.150539710477869848e-01,-2.248265291337730176e-01
-3.645220778711987464e+00,1.318512895686514419e+00,6.133567700050728266e-01,2.205638578507908842e-01,3.826234311907809049e-01,-2.346023883759651429e+00,3.141588748743397441e-01,-2.115330637443352257e-01,-3.150539710477869848e-01,-2.248265291337730176e-01
-3.645220778711987464e+00,1.318512895686514419e+00,6.133567700050728266e-01,2.205638578507908842e-01,2.725209427545911001e-01,-2.346023883759651429e+00,3.141588748743397441e-01,-2.115330637443352257e-01,-3.150539710477869848e-01,-2.248265291337730176e-01
-4.586607562925163251e+00,1.318512895686514419e+00,6.133567700050728266e-01,-2.053013221495257334e-01,2.725209427545911001e-01,-3.911451180393163529e+00,3.141588748743397441e-01,-1.485067415286799308e+00,-9.263292727052371278e-01,-1.030668454809882784e+00
-4.586607562925163251e+00,1.318512895686514419e+00,6.133567700050728266e-01,-2.053013221495257334e-01,2.725209427545911001e-01,-3.911451180393163529e+00,3.141588748743397441e-01,-1.485067415286799308e+00,-9.263292727052371278e-01,-1.030668454809882784e+00
-4.586607562925163251e+00,1.318512895686514419e+00,6.133567700050728266e-01,-2.053013221495257334e-01,-3.024065817419596125e-01,-3.911451180393163529e+00,-1.229418903559580833e+00,-1.485067415286799308e+00,-9.263292727052371278e-01,-1.030668454809882784e+00
-4.586607562925163251e+00,1.318512895686514419e+00,6.133567700050728266e-01,-2.053013221495257334e-01,-3.024065817419596125e-01,-3.911451180393163529e+00,-1.229418903559580833e+00,-1.485067415286799308e+00,-9.263292727052371278e-01,-1.030668454809882784e+00
-4.586607562925163251e+00,1.318512895686514419e+00,6.133567700050728266e-01,-2.053013221495257334e-01,-3.024065817419596125e-01,-3.911451180393163529e+00,-1.229418903559580833e+00,-2.283600227084824574e+00,-9.263292727052371278e-01,-1.030668454809882784e+00
-4.586607562925163251e+00,1.318512895686514419e+00,-2.605271741718794692e-02,-2.053013221495257334e-01,-3.024065817419596125e-01,-4.129948352411365597e+00,-1.229418903559580833e+00,-2.283600227084824574e+00,-9.263292727052371278e-01,-1.030668454809882784e+00
-4.586607562925163251e+00,1.318512895686514419e+00,-2.605271741718794692e-02,-2.053013221495257334e-01,-3.024065817419596125e-01,-4.129948352411365597e+00,-1.283405058694132794e+00,-2.283600227084824574e+00,-9.263292727052371278e-01,-1.030668454809882784e+00
-4.586607562925163251e+00,1.183685441143317973e+00,-2.605271741718794692e-02,-2.053013221495257334e-01,-3.024065817419596125e-01,-4.129948352411365597e+00,-1.287407423266867745e+00,-2.283600227084824574e+00,-9.263292727052371278e-01,-1.030668454809882784e+00
-4.586607562925163251e+00,1.183685441143317973e+00,-2.605271741718794692e-02,-2.053013221495257334e-01,-3.024065817419596125e-01,-4.129948352411365597e+00,-1.287407423266867745e+00,-2.283600227084824574e+00,-9.263292727052371278e-01,-1.030668454809882784e+00
-4.586607562925163251e+00,1.183685441143317973e+00,-2.605271741718794692e-02,-2.053013221495257334e-01,-3.024065817419596125e-01,-4.129948352411365597e+00,-3.101308530560010102e+00,-2.283600227084824574e+00,-9.263292727052371278e-01,-1.030668454809882784e+00
-4.586607562925163251e+00,7.011348381024293808e-01,-2.605271741718794692e-02,-2.053013221495257334e-01,-3.024065817419596125e-01,-4.129948352411365597e+00,-3.101308530560010102e+00,-2.283600227084824574e+00,-9.263292727052371278e-01,-1.030668454809882784e+00
-4.586607562925163251e+00,7.011348381024293808e-01,-2.605271741718794692e-02,-2.053013221495257334e-01,-3.024065817419596125e-01,-4.129948352411365597e+00,-3.101308530560010102e+00,-2.283600227084824574e+00,-9.263292727052371278e-01,-1.030668454809882784e+00
-4.586607562925163251e+00,7.011348381024293808e-01,-7.761921974328797047e-01,-2.053013221495257334e-01,-3.024065817419596125e-01,-4.129948352411365597e+00,-3.101308530560010102e+00,-2.283600227084824574e+00,-1.025063481746480099e+00,-1.030668454809882784e+00
-4.586607562925163251e+00,3.455149545024993607e-01,-7.761921974328797047e-01,-2.053013221495257334e-01,-3.024065817419596125e-01,-4.129948352411365597e+00,-3.101308530560010102e+00,-2.283600227084824574e+00,-1.025063481746480099e+00,-1.030668454809882784e+00
-4.586607562925163251e+00,3.455149545024993607e-01,-7.761921974328797047e-01,-2.053013221495257334e-01,-3.024065817419596125e-01,-4.129948352411365597e+00,-3.101308530560010102e+00,-2.283600227084824574e+00,-1.025063481746480099e+00,-1.030668454809882784e+00
-4.586607562925163251e+00,3.455149545024993607e-01,-7.761921974328797047e-01,-2.053013221495257334e-01,-3.024065817419596125e-01,-4.146752430863525518e+00,-3.101308530560010102e+00,-2.283600227084824574e+00,-1.025063481746480099e+00,-1.030668454809882784e+00
-4.586607562925163251e+00,2.998130799309005612e-01,-7.761921974328797047e-01,-2.053013221495257334e-01,-3.024065817419596125e-01,-4.836057189316060878e+00,-3.101308530560010102e+00,-2.283600227084824574e+00,-1.025063481746480099e+00,-1.030668454809882784e+00
-4.586607562925163251e+00,2.998130799309005612e-01,-7.761921974328797047e-01,-2.053013221495257334e-01,-3.024065817419596125e-01,-4.836057189316060878e+00,-3.101308530560010102e+00,-2.283600227084824574e+00,-1.025063481746480099e+00,-1.030668454809882784e+00
-4.586607562925163251e+00,2.488954860390867052e-02,-7.761921974328797047e-01,-2.053013221495257334e-01,-3.024065817419596125e-01,-4.836057189316060878e+00,-3.101308530560010102e+00,-2.283600227084824574e+00,-1.025063481746480099e+00,-1.030668454809882784e+00
-4.586607562925163251e+00,2.488954860390867052e-02,-7.761921974328797047e-01,-2.053013221495257334e-01,-3.024065817419596125e-01,-4.836057189316060878e+00,-3.101308530560010102e+00,-2.283600227084824574e+00,-1.025063481746480099e+00,-1.030668454809882784e+00
-4.586607562925163251e+00,2.488954860390867052e-02,-7.761921974328797047e-01,-2.053013221495257334e-01,-3.024065817419596125e-01,-4.836057189316060878e+00,-3.101308530560010102e+00,-2.283600227084824574e+00,-1.025063481746480099e+00,-1.030668454809882784e+00
-4.586607562925163251e+00,2.488954860390867052e-02,-7.761921974328797047e-01,-2.053013221495257334e-01,-3.024065817419596125e-01,-4.836057189316060878e+00,-3.101308530560010102e+00,-2.283600227084824574e+00,-1.896207209149760153e+00,-1.030668454809882784e+00
-4.586607562925163251e+00,2.488954860390867052e-02,-7.761921974328797047e-01,-2.053013221495257334e-01,-3.024065817419596125e-01,-4.836057189316060878e+00,-3.101308530560010102e+00,-2.283600227084824574e+00,-1.896207209149760153e+00,-1.030668454809882784e+00
-4.586607562925163251e+00,2.488954860390867052e-02,-7.761921974328797047e-01,-2.053013221495257334e-01,-3.024065817419596125e-01,-4.836057189316060878e+00,-3.101308530560010102e+00,-2.404183649522171784e+00,-1.896207209149760153e+00,-1.030668454809882784e+00
-4.586607562925163251e+00,2.488954860390867052e-02,-7.761921974328797047e-01,-2.053013221495257334e-01,-3.024065817419596125e-01,-4.836057189316060878e+00,-3.101308530560010102e+00,-2.404183649522171784e+00,-1.896207209149760153e+00,-1.030668454809882784e+00
-4.586607562925163251e+00,2.488954860390867052e-02,-7.761921974328797047e-01,-2.053013221495257334e-01,-9.171866411443895251e-01,-4.836057189316060878e+00,-3.101308530560010102e+00,-2.404183649522171784e+00,-1.896207209149760153e+00,-1.030668454809882784e+00
-4.586607562925163251e+00,2.488954860390867052e-02,-7.929885144799068142e-01,-2.053013221495257334e-01,-9.171866411443895251e-01,-4.836057189316060878e+00,-3.101308530560010102e+00,-2.404183649522171784e+00,-1.896207209149760153e+00,-1.030668454809882784e+00
-4.586607562925163251e+00,-1.087737061457842436e-01,-7.929885144799068142e-01,-2.053013221495257334e-01,-9.171866411443895251e-01,-4.836057189316060878e+00,-3.101308530560010102e+00,-2.404183649522171784e+00,-1.896207209149760153e+00,-1.030668454809882784e+00
-4.586607562925163251e+00,-1.087737061457842436e-01,-7.929885144799068142e-01,-2.053013221495257334e-01,-9.171866411443895251e-01,-4.836057189316060878e+00,-3.101308530560010102e+00,-2.404183649522171784e+00,-1.896207209149760153e+00,-1.030668454809882784e+00
-4.586607562925163251e+00,-3.870498750882553907e-01,-7.929885144799068142e-01,-2.053013221495257334e-01,-9.171866411443895251e-01,-4.836057189316060878e+00,-3.101308530560010102e+00,-2.404183649522171784e+00,-1.896207209149760153e+00,-1.030668454809882784e+00
-4.586607562925163251e+00,-1.320110520455111347e+00,-7.929885144799068142e-01,-2.053013221495257334e-01,-9.171866411443895251e-01,-4.836057189316060878e+00,-3.101308530560010102e+00,-2.404183649522171784e+00,-1.896207209149760153e+00,-1.328520649596579783e+00
-4.586607562925163251e+00,-1.320110520455111347e+00,-7.929885144799068142e-01,-2.053013221495257334e-01,-9.171866411443895251e-01,-4.836057189316060878e+00,-3.101308530560010102e+00,-2.404183649522171784e+00,-1.896207209149760153e+00,-1.328520649596579783e+00
-4.586607562925163251e+00,-1.320110520455111347e+00,-7.929885144799068142e-01,-2.053013221495257334e-01,-9.171866411443895251e-01,-5.011052530780890635e+00,-3.101308530560010102e+00,-2.404183649522171784e+00,-1.896207209149760153e+00,-1.328520649596579783e+00
-4.586607562925163251e+00,-1.320110520455111347e+00,-7.929885144799068142e-01,-2.053013221495257334e-01,-9.171866411443895251e-01,-5.011052530780890635e+00,-3.101308530560010102e+00,-2.404183649522171784e+00,-1.896207209149760153e+00,-1.328520649596579783e+00
-4.586607562925163251e+00,-1.320110520455111347e+00,-7.929885144799068142e-01,-2.053013221495257334e-01,-9.171866411443895251e-01,-5.011052530780890635e+00,-3.101308530560010102e+00,-2.404183649522171784e+00,-1.896207209149760153e+00,-1.328520649596579783e+00
-4.586607562925163251e+00,-1.320110520455111347e+00,-7.929885144799068142e-01,-2.053013221495257334e-01,-9.171866411443895251e-01,-5.011052530780890635e+00,-3.101308530560010102e+00,-2.404183649522171784e+00,-1.896207209149760153e+00,-1.328520649596579783e+00
-4.586607562925163251e+00,-1.320110520455111347e+00,-7.929885144799068142e-01,-2.053013221495257334e-01,-9.171866411443895251e-01,-5.011052530780890635e+00,-3.101308530560010102e+00,-2.404183649522171784e+00,-1.896207209149760153e+00,-1.328520649596579783e+00
-4.586607562925163251e+00,-1.320110520455111347e+00,-8.250089334706101063e-01,-1.404455072621602740e+00,-9.171866411443895251e-01,-5.011052530780890635e+00,-3.101308530560010102e+00,-2.404183649522171784e+00,-1.896207209149760153e+00,-1.328520649596579783e+00
-4.586607562925163251e+00,-1.320110520455111347e+00,-8.250089334706101063e-01,-1.404455072621602740e+00,-9.171866411443895251e-01,-5.011052530780890635e+00,-3.101308530560010102e+00,-2.404183649522171784e+00,-1.896207209149760153e+00,-1.328520649596579783e+00
-4.928883063962087085e+00,-1.320110520455111347e+00,-8.250089334706101063e-01,-1.404455072621602740e+00,-9.171866411443895251e-01,-5.011052530780890635e+00,-3.101308530560010102e+00,-2.404183649522171784e+00,-1.896207209149760153e+00,-1.328520649596579783e+00
-4.928883063962087085e+00,-1.320110520455111347e+00,-8.250089334706101063e-01,-1.404455072621602740e+00,-9.171866411443895251e-01,-5.011052530780890635e+00,-3.101308530560010102e+00,-2.404183649522171784e+00,-1.896207209149760153e+00,-1.328520649596579783e+00
-4.928883063962087085e+00,-1.320110520455111347e+00,-8.250089334706101063e-01,-1.404455072621602740e+00,-9.171866411443895251e-01,-5.011052530780890635e+00,-3.101308530560010102e+00,-2.404183649522171784e+00,-1.896207209149760153e+00,-1.328520649596579783e+00
-4.928883063962087085e+00,-1.320110520455111347e+00,-8.250089334706101063e-01,-1.404455072621602740e+00,-9.171866411443895251e-01,-5.011052530780890635e+00,-3.101308530560010102e+00,-2.404183649522171784e+00,-1.896207209149760153e+00,-1.328520649596579783e+00
-4.928883063962087085e+00,-1.320110520455111347e+00,-8.250089334706101063e-01,-1.404455072621602740e+00,-9.171866411443895251e-01,-5.011052530780890635e+00,-3.101308530560010102e+00,-2.404183649522171784e+00,-1.896207209149760153e+00,-1.328520649596579783e+00
-4.928883063962087085e+00,-1.320110520455111347e+00,-8.250089334706101063e-01,-1.404455072621602740e+00,-9.171866411443895251e-01,-5.011052530780890635e+00,-3.101308530560010102e+00,-2.404183649522171784e+00,-1.896207209149760153e+00,-1.328520649596579783e+00
-4.928883063962087085e+00,-1.320110520455111347e+00,-8.250089334706101063e-01,-1.404455072621602740e+00,-9.171866411443895251e-01,-5.011052530780890635e+00,-3.101308530560010102e+00,-2.404183649522171784e+00,-1.896207209149760153e+00,-1.328520649596579783e+00
-5.280617110717612306e+00,-1.320110520455111347e+00,-8.250089334706101063e-01,-1.404455072621602740e+00,-9.171866411443895251e-01,-5.150202615312628573e+00,-3.101308530560010102e+00,-2.404183649522171784e+00,-1.896207209149760153e+00,-1.328520649596579783e+00
-5.280617110717612306e+00,-1.320110520455111347e+00,-8.250089334706101063e-01,-1.404455072621602740e+00,-9.171866411443895251e-01,-5.150202615312628573e+00,-3.101308530560010102e+00,-2.404183649522171784e+00,-1.896207209149760153e+00,-1.328520649596579783e+00
-5.280617110717612306e+00,-1.320110520455111347e+00,-8.250089334706101063e-01,-1.404455072621602740e+00,-9.171866411443895251e-01,-5.150202615312628573e+00,-3.101308530560010102e+00,-2.404183649522171784e+00,-1.896207209149760153e+00,-1.328520649596579783e+00
-5.672933361592876977e+00,-1.320110520455111347e+00,-8.250089334706101063e-01,-1.404455072621602740e+00,-9.171866411443895251e-01,-5.150202615312628573e+00,-3.101308530560010102e+00,-2.404183649522171784e+00,-1.896207209149760153e+00,-1.328520649596579783e+00
-5.672933361592876977e+00,-1.320110520455111347e+00,-8.250089334706101063e-01,-1.404455072621602740e+00,-9.171866411443895251e-01,-5.150202615312628573e+00,-3.101308530560010102e+00,-2.404183649522171784e+00,-1.896207209149760153e+00,-1.328520649596579783e+00
-5.672933361592876977e+00,-1.320110520455111347e+00,-8.250089334706101063e-01,-1.404455072621602740e+00,-9.171866411443895251e-01,-5.150202615312628573e+00,-3.101308530560010102e+00,-2.404183649522171784e+00,-1.896207209149760153e+00,-1.328520649596579783e+00
-5.672933361592876977e+00,-1.320110520455111347e+00,-8.250089334706101063e-01,-1.404455072621602740e+00,-9.171866411443895251e-01,-5.150202615312628573e+00,-3.101308530560010102e+00,-2.404183649522171784e+00,-1.896207209149760153e+00,-1.328520649596579783e+00
-5.672933361592876977e+00,-1.320110520455111347e+00,-8.250089334706101063e-01,-1.404455072621602740e+00,-9.171866411443895251e-01,-5.150202615312628573e+00,-3.101308530560010102e+00,-2.404183649522171784e+00,-1.896207209149760153e+00,-1.328520649596579783e+00
-5.672933361592876977e+00,-1.320110520455111347e+00,-8.250089334706101063e-01,-1.404455072621602740e+00,-9.171866411443895251e-01,-5.150202615312628573e+00,-3.101308530560010102e+00,-2.404183649522171784e+00,-2.134955530625571640e+00,-1.328520649596579783e+00
-5.672933361592876977e+00,-1.368254455691777505e+00,-8.250089334706101063e-01,-1.404455072621602740e+00,-9.171866411443895251e-01,-5.150202615312628573e+00,-3.101308530560010102e+00,-2.404183649522171784e+00,-2.134955530625571640e+00,-1.328520649596579783e+00
-5.672933361592876977e+00,-1.374374442057948897e+00,-8.250089334706101063e-01,-1.404455072621602740e+00,-9.171866411443895251e-01,-5.150202615312628573e+00,-3.101308530560010102e+00,-2.404183649522171784e+00,-2.134955530625571640e+00,-1.328520649596579783e+00
-5.949244627672657160e+00,-1.374374442057948897e+00,-8.250089334706101063e-01,-1.404455072621602740e+00,-9.171866411443895251e-01,-5.150202615312628573e+00,-3.101308530560010102e+00,-2.404183649522171784e+00,-2.134955530625571640e+00,-1.328520649596579783e+00
-5.949244627672657160e+00,-1.374374442057948897e+00,-8.250089334706101063e-01,-1.404455072621602740e+00,-9.171866411443895251e-01,-5.150202615312628573e+00,-3.101308530560010102e+00,-2.404183649522171784e+00,-2.134955530625571640e+00,-1.328520649596579783e+00
-5.949244627672657160e+00,-1.374374442057948897e+00,-8.250089334706101063e-01,-1.404455072621602740e+00,-1.445656021362649701e+00,-5.150202615312628573e+00,-3.101308530560010102e+00,-2.404183649522171784e+00,-2.134955530625571640e+00,-1.328520649596579783e+00
-5.949244627672657160e+00,-1.374374442057948897e+00,-8.250089334706101063e-01,-1.404455072621602740e+00,-1.445656021362649701e+00,-5.150202615312628573e+00,-3.101308530560010102e+00,-4.269338972616171901e+00,-2.134955530625571640e+00,-1.328520649596579783e+00
-5.949244627672657160e+00,-1.721686942433802381e+00,-8.250089334706101063e-01,-1.404455072621602740e+00,-1.445656021362649701e+00,-5.150202615312628573e+00,-3.101308530560010102e+00,-4.269338972616171901e+00,-2.134955530625571640e+00,-1.328520649596579783e+00
-5.949244627672657160e+00,-1.935718103283413427e+00,-8.250089334706101063e-01,-1.404455072621602740e+00,-1.445656021362649701e+00,-5.150202615312628573e+00,-3.101308530560010102e+00,-4.433454099266574744e+00,-2.134955530625571640e+00,-1.328520649596579783e+00
-5.949244627672657160e+00,-1.935718103283413427e+00,-8.250089334706101063e-01,-1.404455072621602740e+00,-2.086892763408965124e+00,-5.150202615312628573e+00,-3.101308530560010102e+00,-4.433454099266574744e+00,-2.134955530625571640e+00,-1.328520649596579783e+00
-5.949244627672657160e+00,-1.935718103283413427e+00,-8.250089334706101063e-01,-1.404455072621602740e+00,-2.086892763408965124e+00,-5.150202615312628573e+00,-3.101308530560010102e+00,-4.433454099266574744e+00,-2.134955530625571640e+00,-1.328520649596579783e+00
-5.949244627672657160e+00,-1.935718103283413427e+00,-8.250089334706101063e-01,-1.404455072621602740e+00,-2.086892763408965124e+00,-5.150202615312628573e+00,-3.101308530560010102e+00,-4.433454099266574744e+00,-2.134955530625571640e+00,-1.328520649596579783e+00
-5.949244627672657160e+00,-1.935718103283413427e+00,-8.250089334706101063e-01,-1.404455072621602740e+00,-2.086892763408965124e+00,-5.150202615312628573e+00,-3.101308530560010102e+00,-4.564794641746506620e+00,-2.134955530625571640e+00,-1.328520649596579783e+00
-5.949244627672657160e+00,-1.935718103283413427e+00,-8.250089334706101063e-01,-1.404455072621602740e+00,-2.086892763408965124e+00,-5.150202615312628573e+00,-3.101308530560010102e+00,-4.564794641746506620e+00,-2.134955530625571640e+00,-1.328520649596579783e+00
-5.949244627672657160e+00,-1.935718103283413427e+00,-8.250089334706101063e-01,-1.404455072621602740e+00,-2.086892763408965124e+00,-6.841848397774151991e+00,-3.101308530560010102e+00,-4.564794641746506620e+00,-2.134955530625571640e+00,-1.328520649596579783e+00
-5.949244627672657160e+00,-1.935718103283413427e+00,-8.250089334706101063e-01,-1.404455072621602740e+00,-2.086892763408965124e+00,-6.841848397774151991e+00,-3.101308530560010102e+00,-4.564794641746506620e+00,-2.134955530625571640e+00,-1.328520649596579783e+00
-5.949244627672657160e+00,-1.935718103283413427e+00,-8.250089334706101063e-01,-1.404455072621602740e+00,-2.086892763408965124e+00,-6.841848397774151991e+00,-3.101308530560010102e+00,-4.564794641746506620e+00,-2.134955530625571640e+00,-1.328520649596579783e+00
-5.949244627672657160e+00,-1.935718103283413427e+00,-8.250089334706101063e-01,-1.404455072621602740e+00,-2.579032261273587423e+00,-6.841848397774151991e+00,-3.101308530560010102e+00,-4.564794641746506620e+00,-2.134955530625571640e+00,-1.328520649596579783e+00
-5.949244627672657160e+00,-1.935718103283413427e+00,-8.250089334706101063e-01,-1.404455072621602740e+00,-2.579032261273587423e+00,-6.841848397774151991e+00,-3.101308530560010102e+00,-4.564794641746506620e+00,-2.134955530625571640e+00,-1.328520649596579783e+00
-5.949244627672657160e+00,-1.935718103283413427e+00,-8.250089334706101063e-01,-1.404455072621602740e+00,-2.579032261273587423e+00,-6.841848397774151991e+00,-3.101308530560010102e+00,-4.564794641746506620e+00,-2.134955530625571640e+00,-1.328520649596579783e+00
-5.949244627672657160e+00,-1.935718103283413427e+00,-8.250089334706101063e-01,-1.404455072621602740e+00,-2.579032261273587423e+00,-6.841848397774151991e+00,-3.101308530560010102e+00,-4.564794641746506620e+00,-2.134955530625571640e+00,-1.328520649596579783e+00
-5.949244627672657160e+00,-1.935718103283413427e+00,-8.250089334706101063e-01,-1.404455072621602740e+00,-2.579032261273587423e+00,-6.841848397774151991e+00,-3.101308530560010102e+00,-4.564794641746506620e+00,-2.134955530625571640e+00,-1.328520649596579783e+00
-5.949244627672657160e+00,-1.935718103283413427e+00,-8.250089334706101063e-01,-1.404455072621602740e+00,-2.579032261273587423e+00,-6.841848397774151991e+00,-3.101308530560010102e+00,-4.564794641746506620e+00,-2.134955530625571640e+00,-1.328520649596579783e+00
-5.949244627672657160e+00,-1.935718103283413427e+00,-8.250089334706101063e-01,-1.404455072621602740e+00,-3.075069112547800909e+00,-6.841848397774151991e+00,-3.101308530560010102e+00,-4.564794641746506620e+00,-2.134955530625571640e+00,-1.328520649596579783e+00
-5.949244627672657160e+00,-1.935718103283413427e+00,-8.250089334706101063e-01,-1.404455072621602740e+00,-3.075069112547800909e+00,-6.841848397774151991e+00,-3.101308530560010102e+00,-4.564794641746506620e+00,-2.134955530625571640e+00,-1.328520649596579783e+00
-5.949244627672657160e+00,-1.935718103283413427e+00,-8.250089334706101063e-01,-1.404455072621602740e+00,-3.075069112547800909e+00,-6.841848397774151991e+00,-3.101308530560010102e+00,-4.564794641746506620e+00,-2.134955530625571640e+00,-1.328520649596579783e+00
-5.949244627672657160e+00,-1.935718103283413427e+00,-8.250089334706101063e-01,-1.404455072621602740e+00,-3.075069112547800909e+00,-6.841848397774151991e+00,-3.101308530560010102e+00,-4.564794641746506620e+00,-2.134955530625571640e+00,-1.328520649596579783e+00
-5.949244627672657160e+00,-1.935718103283413427e+00,-8.250089334706101063e-01,-1.404455072621602740e+00,-3.075069112547800909e+00,-6.841848397774151991e+00,-3.101308530560010102e+00,-4.564794641746506620e+00,-2.134955530625571640e+00,-1.328520649596579783e+00
-5.949244627672657160e+00,-1.935718103283413427e+00,-8.250089334706101063e-01,-1.404455072621602740e+00,-3.075069112547800909e+00,-6.841848397774151991e+00,-3.101308530560010102e+00,-4.564794641746506620e+00,-2.134955530625571640e+00,-1.328520649596579783e+00
-5.949244627672657160e+00,-1.935718103283413427e+00,-8.250089334706101063e-01,-1.404455072621602740e+00,-3.075069112547800909e+00,-6.841848397774151991e+00,-3.101308530560010102e+00,-4.564794641746506620e+00,-2.134955530625571640e+00,-1.328520649596579783e+00
-5.949244627672657160e+00,-1.935718103283413427e+00,-8.250089334706101063e-01,-1.404455072621602740e+00,-3.075069112547800909e+00,-6.841848397774151991e+00,-3.101308530560010102e+00,-4.564794641746506620e+00,-2.134955530625571640e+00,-1.328520649596579783e+00
-5.949244627672657160e+00,-1.935718103283413427e+00,-8.250089334706101063e-01,-1.404455072621602740e+00,-3.075069112547800909e+00,-6.841848397774151991e+00,-3.101308530560010102e+00,-4.564794641746506620e+00,-2.134955530625571640e+00,-1.328520649596579783e+00
-5.949244627672657160e+00,-1.935718103283413427e+00,-8.250089334706101063e-01,-1.404455072621602740e+00,-3.075069112547800909e+00,-6.841848397774151991e+00,-3.101308530560010102e+00,-4.564794641746506620e+00,-2.134955530625571640e+00,-1.328520649596579783e+00
-5.949244627672657160e+00,-1.935718103283413427e+00,-8.250089334706101063e-01,-1.404455072621602740e+00,-3.075069112547800909e+00,-6.841848397774151991e+00,-3.101308530560010102e+00,-4.564794641746506620e+00,-2.134955530625571640e+00,-1.328520649596579783e+00
-5.949244627672657160e+00,-1.935718103283413427e+00,-8.250089334706101063e-01,-1.404455072621602740e+00,-3.075069112547800909e+00,-6.841848397774151991e+00,-3.101308530560010102e+00,-4.564794641746506620e+00,-2.134955530625571640e+00,-1.328520649596579783e+00
-5.949244627672657160e+00,-1.935718103283413427e+00,-8.250089334706101063e-01,-1.404455072621602740e+00,-3.075069112547800909e+00,-6.841848397774151991e+00,-3.101308530560010102e+00,-4.564794641746506620e+00,-2.134955530625571640e+00,-1.328520649596579783e+00
-5.949244627672657160e+00,-1.935718103283413427e+00,-8.250089334706101063e-01,-1.404455072621602740e+00,-3.075069112547800909e+00,-6.841848397774151991e+00,-3.101308530560010102e+00,-4.564794641746506620e+00,-2.134955530625571640e+00,-1.328520649596579783e+00
-5.949244627672657160e+00,-1.935718103283413427e+00,-8.259176969472197261e-01,-1.404455072621602740e+00,-3.075069112547800909e+00,-6.841848397774151991e+00,-3.101308530560010102e+00,-4.564794641746506620e+00,-2.134955530625571640e+00,-1.328520649596579783e+00
-8.192685213805040334e+00,-1.935718103283413427e+00,-8.259176969472197261e-01,-1.404455072621602740e+00,-3.075069112547800909e+00,-6.841848397774151991e+00,-3.101308530560010102e+00,-4.564794641746506620e+00,-2.134955530625571640e+00,-1.328520649596579783e+00
-8.192685213805040334e+00,-1.935718103283413427e+00,-8.259176969472197261e-01,-1.404455072621602740e+00,-3.075069112547800909e+00,-6.841848397774151991e+00,-3.101308530560010102e+00,-4.564794641746506620e+00,-2.134955530625571640e+00,-1.328520649596579783e+00
-8.192685213805040334e+00,-1.935718103283413427e+00,-8.259176969472197261e-01,-1.404455072621602740e+00,-3.075069112547800909e+00,-6.841848397774151991e+00,-3.101308530560010102e+00,-4.564794641746506620e+00,-2.134955530625571640e+00,-1.328520649596579783e+00
-8.192685213805040334e+00,-1.935718103283413427e+00,-8.259176969472197261e-01,-1.404455072621602740e+00,-3.075069112547800909e+00,-6.841848397774151991e+00,-3.101308530560010102e+00,-4.564794641746506620e+00,-2.134955530625571640e+00,-1.328520649596579783e+00
-8.192685213805040334e+00,-1.935718103283413427e+00,-8.259176969472197261e-01,-1.404455072621602740e+00,-3.075069112547800909e+00,-6.841848397774151991e+00,-3.101308530560010102e+00,-4.564794641746506620e+00,-2.134955530625571640e+00,-1.328520649596579783e+00
-8.192685213805040334e+00,-1.935718103283413427e+00,-8.259176969472197261e-01,-1.404455072621602740e+00,-3.075069112547800909e+00,-6.841848397774151991e+00,-3.101308530560010102e+00,-4.564794641746506620e+00,-2.134955530625571640e+00,-1.328520649596579783e+00
-8.192685213805040334e+00,-1.935718103283413427e+00,-8.259176969472197261e-01,-1.404455072621602740e+00,-3.075069112547800909e+00,-6.841848397774151991e+00,-3.101308530560010102e+00,-4.564794641746506620e+00,-2.134955530625571640e+00,-1.328520649596579783e+00
-8.192685213805040334e+00,-1.935718103283413427e+00,-8.259176969472197261e-01,-1.404455072621602740e+00,-3.075069112547800909e+00,-6.841848397774151991e+00,-3.101308530560010102e+00,-4.564794641746506620e+00,-2.134955530625571640e+00,-1.328520649596579783e+00
-8.192685213805040334e+00,-1.935718103283413427e+00,-8.259176969472197261e-01,-1.404455072621602740e+00,-3.075069112547800909e+00,-6.841848397774151991e+00,-3.101308530560010102e+00,-4.564794641746506620e+00,-2.134955530625571640e+00,-1.328520649596579783e+00
-8.192685213805040334e+00,-1.935718103283413427e+00,-8.259176969472197261e-01,-1.404455072621602740e+00,-3.075069112547800909e+00,-6.841848397774151991e+00,-3.101308530560010102e+00,-4.564794641746506620e+00,-2.134955530625571640e+00,-1.328520649596579783e+00
-8.192685213805040334e+00,-1.935718103283413427e+00,-8.259176969472197261e-01,-1.404455072621602740e+00,-3.075069112547800909e+00,-6.841848397774151991e+00,-3.101308530560010102e+00,-4.564794641746506620e+00,-2.134955530625571640e+00,-1.328520649596579783e+00
-8.192685213805040334e+00,-1.935718103283413427e+00,-1.162137315676211813e+00,-1.404455072621602740e+00,-3.075069112547800909e+00,-6.841848397774151991e+00,-3.101308530560010102e+00,-4.564794641746506620e+00,-2.134955530625571640e+00,-1.328520649596579783e+00
-8.192685213805040334e+00,-1.935718103283413427e+00,-1.162137315676211813e+00,-1.404455072621602740e+00,-3.075069112547800909e+00,-6.841848397774151991e+00,-3.101308530560010102e+00,-4.564794641746506620e+00,-2.134955530625571640e+00,-1.328520649596579783e+00
-8.192685213805040334e+00,-1.935718103283413427e+00,-1.162137315676211813e+00,-1.404455072621602740e+00,-3.075069112547800909e+00,-6.841848397774151991e+00,-3.101308530560010102e+00,-4.961534227500168370e+00,-2.134955530625571640e+00,-1.328520649596579783e+00
-8.192685213805040334e+00,-1.935718103283413427e+00,-1.162137315676211813e+00,-1.404455072621602740e+00,-3.075069112547800909e+00,-6.841848397774151991e+00,-3.101308530560010102e+00,-4.961534227500168370e+00,-2.134955530625571640e+00,-1.328520649596579783e+00
-8.192685213805040334e+00,-1.935718103283413427e+00,-1.162137315676211813e+00,-1.404455072621602740e+00,-3.075069112547800909e+00,-6.841848397774151991e+00,-3.101308530560010102e+00,-4.961534227500168370e+00,-2.134955530625571640e+00,-1.328520649596579783e+00
-8.192685213805040334e+00,-1.935718103283413427e+00,-1.162137315676211813e+00,-1.404455072621602740e+00,-3.075069112547800909e+00,-6.841848397774151991e+00,-3.101308530560010102e+00,-4.961534227500168370e+00,-2.134955530625571640e+00,-1.328520649596579783e+00
-8.192685213805040334e+00,-1.935718103283413427e+00,-1.162137315676211813e+00,-1.404455072621602740e+00,-3.573229023572395135e+00,-6.841848397774151991e+00,-3.101308530560010102e+00,-4.961534227500168370e+00,-2.134955530625571640e+00,-1.328520649596579783e+00
-8.192685213805040334e+00,-1.935718103283413427e+00,-1.162137315676211813e+00,-1.404455072621602740e+00,-3.573229023572395135e+00,-6.841848397774151991e+00,-3.101308530560010102e+00,-4.961534227500168370e+00,-2.134955530625571640e+00,-1.328520649596579783e+00
-8.192685213805040334e+00,-1.935718103283413427e+00,-1.162137315676211813e+00,-1.404455072621602740e+00,-3.840243362994276044e+00,-6.841848397774151991e+00,-3.101308530560010102e+00,-4.961534227500168370e+00,-2.134955530625571640e+00,-1.328520649596579783e+00
-8.192685213805040334e+00,-1.935718103283413427e+00,-1.162137315676211813e+00,-1.404455072621602740e+00,-3.840243362994276044e+00,-6.841848397774151991e+00,-3.101308530560010102e+00,-4.961534227500168370e+00,-2.134955530625571640e+00,-1.328520649596579783e+00
-8.192685213805040334e+00,-1.935718103283413427e+00,-1.393887830908810521e+00,-1.404455072621602740e+00,-3.840243362994276044e+00,-6.841848397774151991e+00,-3.101308530560010102e+00,-4.961534227500168370e+00,-2.134955530625571640e+00,-1.328520649596579783e+00
-8.192685213805040334e+00,-1.935718103283413427e+00,-1.393887830908810521e+00,-1.404455072621602740e+00,-3.840243362994276044e+00,-6.841848397774151991e+00,-3.101308530560010102e+00,-4.961534227500168370e+00,-2.134955530625571640e+00,-1.328520649596579783e+00
-8.192685213805040334e+00,-1.935718103283413427e+00,-1.393887830908810521e+00,-1.404455072621602740e+00,-3.840243362994276044e+00,-6.841848397774151991e+00,-3.101308530560010102e+00,-4.961534227500168370e+00,-2.134955530625571640e+00,-1.328520649596579783e+00
-8.192685213805040334e+00,-1.935718103283413427e+00,-1.393887830908810521e+00,-1.404455072621602740e+00,-3.840243362994276044e+00,-6.841848397774151991e+00,-3.101308530560010102e+00,-4.961534227500168370e+00,-2.134955530625571640e+00,-1.328520649596579783e+00
-8.192685213805040334e+00,-1.935718103283413427e+00,-1.393887830908810521e+00,-1.404455072621602740e+00,-3.840243362994276044e+00,-6.841848397774151991e+00,-3.101308530560010102e+00,-6.192325651956170240e+00,-2.134955530625571640e+00,-1.328520649596579783e+00
-8.192685213805040334e+00,-1.935718103283413427e+00,-1.581152436651620308e+00,-1.996376112822050741e+00,-3.840243362994276044e+00,-6.841848397774151991e+00,-3.101308530560010102e+00,-6.192325651956170240e+00,-2.134955530625571640e+00,-1.328520649596579783e+00
-8.192685213805040334e+00,-2.024652130411273454e+00,-1.581152436651620308e+00,-1.996376112822050741e+00,-3.840243362994276044e+00,-6.841848397774151991e+00,-3.101308530560010102e+00,-6.192325651956170240e+00,-2.134955530625571640e+00,-1.328520649596579783e+00
-8.192685213805040334e+00,-2.024652130411273454e+00,-1.581152436651620308e+00,-1.996376112822050741e+00,-3.840243362994276044e+00,-6.841848397774151991e+00,-3.101308530560010102e+00,-6.192325651956170240e+00,-2.134955530625571640e+00,-1.328520649596579783e+00
-8.192685213805040334e+00,-2.024652130411273454e+00,-1.581152436651620308e+00,-1.996376112822050741e+00,-3.840243362994276044e+00,-6.841848397774151991e+00,-3.101308530560010102e+00,-6.192325651956170240e+00,-2.134955530625571640e+00,-1.328520649596579783e+00
-8.192685213805040334e+00,-2.024652130411273454e+00,-1.581152436651620308e+00,-1.996376112822050741e+00,-4.095316362708982361e+00,-6.841848397774151991e+00,-3.101308530560010102e+00,-6.192325651956170240e+00,-2.134955530625571640e+00,-1.328520649596579783e+00
-8.192685213805040334e+00,-2.024652130411273454e+00,-1.581152436651620308e+00,-1.996376112822050741e+00,-4.095316362708982361e+00,-6.841848397774151991e+00,-3.101308530560010102e+00,-6.192325651956170240e+00,-2.134955530625571640e+00,-1.328520649596579783e+00
-8.192685213805040334e+00,-2.024652130411273454e+00,-1.581152436651620308e+00,-1.996376112822050741e+00,-4.095316362708982361e+00,-6.841848397774151991e+00,-3.101308530560010102e+00,-6.468828320677866728e+00,-2.134955530625571640e+00,-1.328520649596579783e+00
-8.192685213805040334e+00,-2.024652130411273454e+00,-1.581152436651620308e+00,-1.996376112822050741e+00,-4.095316362708982361e+00,-6.841848397774151991e+00,-3.101308530560010102e+00,-6.468828320677866728e+00,-2.134955530625571640e+00,-1.328520649596579783e+00
-8.192685213805040334e+00,-2.024652130411273454e+00,-1.581152436651620308e+00,-1.996376112822050741e+00,-4.095316362708982361e+00,-6.841848397774151991e+00,-3.101308530560010102e+00,-6.468828320677866728e+00,-2.134955530625571640e+00,-1.328520649596579783e+00
-8.192685213805040334e+00,-2.024652130411273454e+00,-1.581152436651620308e+00,-1.996376112822050741e+00,-4.095316362708982361e+00,-6.841848397774151991e+00,-3.101308530560010102e+00,-6.468828320677866728e+00,-2.134955530625571640e+00,-1.328520649596579783e+00
-8.192685213805040334e+00,-2.024652130411273454e+00,-1.733211302034264767e+00,-1.996376112822050741e+00,-4.095316362708982361e+00,-6.841848397774151991e+00,-3.101308530560010102e+00,-6.468828320677866728e+00,-2.134955530625571640e+00,-1.328520649596579783e+00
-8.192685213805040334e+00,-2.467947253941750851e+00,-1.733211302034264767e+00,-1.996376112822050741e+00,-4.095316362708982361e+00,-6.841848397774151991e+00,-3.101308530560010102e+00,-6.468828320677866728e+00,-2.134955530625571640e+00,-1.328520649596579783e+00
-8.192685213805040334e+00,-2.467947253941750851e+00,-1.733211302034264767e+00,-1.996376112822050741e+00,-4.420482216408090359e+00,-6.841848397774151991e+00,-3.101308530560010102e+00,-6.468828320677866728e+00,-2.134955530625571640e+00,-1.328520649596579783e+00
-8.192685213805040334e+00,-2.467947253941750851e+00,-1.733211302034264767e+00,-1.996376112822050741e+00,-4.420482216408090359e+00,-6.841848397774151991e+00,-3.101308530560010102e+00,-6.468828320677866728e+00,-2.134955530625571640e+00,-1.328520649596579783e+00
-8.192685213805040334e+00,-2.467947253941750851e+00,-1.733211302034264767e+00,-1.996376112822050741e+00,-4.420482216408090359e+00,-6.841848397774151991e+00,-3.101308530560010102e+00,-6.468828320677866728e+00,-2.137643488814743531e+00,-1.328520649596579783e+00
-8.192685213805040334e+00,-2.467947253941750851e+00,-2.249020681704533953e+00,-1.996376112822050741e+00,-4.420482216408090359e+00,-6.841848397774151991e+00,-3.101308530560010102e+00,-6.468828320677866728e+00,-2.435759252492222249e+00,-1.328520649596579783e+00
-8.192685213805040334e+00,-2.467947253941750851e+00,-2.249020681704533953e+00,-1.996376112822050741e+00,-4.420482216408090359e+00,-6.841848397774151991e+00,-3.101308530560010102e+00,-6.468828320677866728e+00,-2.435759252492222249e+00,-1.328520649596579783e+00
-8.192685213805040334e+00,-2.467947253941750851e+00,-2.249020681704533953e+00,-1.996376112822050741e+00,-4.420482216408090359e+00,-6.841848397774151991e+00,-3.101308530560010102e+00,-6.582243691267903429e+00,-2.435759252492222249e+00,-1.328520649596579783e+00
-8.192685213805040334e+00,-2.467947253941750851e+00,-2.249020681704533953e+00,-1.996376112822050741e+00,-4.420482216408090359e+00,-6.841848397774151991e+00,-3.101308530560010102e+00,-6.582243691267903429e+00,-2.435759252492222249e+00,-1.328520649596579783e+00
-8.192685213805040334e+00,-2.467947253941750851e+00,-2.249020681704533953e+00,-1.996376112822050741e+00,-4.420482216408090359e+00,-6.841848397774151991e+00,-3.101308530560010102e+00,-6.582243691267903429e+00,-2.742543662346123234e+00,-1.328520649596579783e+00
-8.192685213805040334e+00,-2.467947253941750851e+00,-2.249020681704533953e+00,-1.996376112822050741e+00,-4.420482216408090359e+00,-6.841848397774151991e+00,-3.101308530560010102e+00,-6.582243691267903429e+00,-2.742543662346123234e+00,-1.328520649596579783e+00
-8.192685213805040334e+00,-2.467947253941750851e+00,-2.249020681704533953e+00,-1.996376112822050741e+00,-4.420482216408090359e+00,-6.841848397774151991e+00,-3.101308530560010102e+00,-6.582243691267903429e+00,-2.742543662346123234e+00,-1.328520649596579783e+00
-8.192685213805040334e+00,-2.467947253941750851e+00,-2.249020681704533953e+00,-1.996376112822050741e+00,-4.420482216408090359e+00,-6.841848397774151991e+00,-3.101308530560010102e+00,-6.582243691267903429e+00,-2.742543662346123234e+00,-1.328520649596579783e+00
-8.192685213805040334e+00,-2.467947253941750851e+00,-2.249020681704533953e+00,-1.996376112822050741e+00,-4.420482216408090359e+00,-6.841848397774151991e+00,-3.101308530560010102e+00,-6.582243691267903429e+00,-2.742543662346123234e+00,-1.328520649596579783e+00
