-1.123015264391765689e+00,3.457859627937373670e+00,1.478975048732143360e+00,-5.565489908835006272e-01,3.902397282525594258e-01,-1.215709730092865204e+00,2.927848832783123356e+00,6.206340208338898545e-01,2.009066045753211682e+00,3.317117716518783732e-01
-1.123015264391765689e+00,2.779682907923832769e+00,1.478975048732143360e+00,-5.565489908835006272e-01,-1.308169548758951195e-01,-1.399265122142127504e+00,1.978417158051478664e+00,6.206340208338898545e-01,8.673380159655087462e-01,3.317117716518783732e-01
-1.302920606404539994e+00,2.779682907923832769e+00,1.115115869134098547e+00,-5.565489908835006272e-01,-1.308169548758951195e-01,-1.399265122142127504e+00,1.978417158051478664e+00,6.206340208338898545e-01,4.699130352278345080e-01,3.317117716518783732e-01
-1.302920606404539994e+00,2.154930920761549462e+00,4.224029941228736318e-01,-5.565489908835006272e-01,-1.308169548758951195e-01,-1.500868807714427211e+00,9.055542836909743487e-01,-1.444951614614914392e-01,4.699130352278345080e-01,3.317117716518783732e-01
-1.302920606404539994e+00,1.402131015818399051e+00,4.224029941228736318e-01,-5.565489908835006272e-01,-2.915309825838841018e-01,-1.500868807714427211e+00,9.055542836909743487e-01,-1.444951614614914392e-01,4.699130352278345080e-01,2.950331378625131729e-01
-1.302920606404539994e+00,1.402131015818399051e+00,4.224029941228736318e-01,-7.345025623587632113e-01,-7.109796759587179160e-01,-1.500868807714427211e+00,9.055542836909743487e-01,-1.444951614614914392e-01,4.699130352278345080e-01,2.950331378625131729e-01
-1.302920606404539994e+00,1.402131015818399051e+00,-6.053176108534457089e-01,-7.345025623587632113e-01,-7.109796759587179160e-01,-1.569135434858801581e+00,9.055542836909743487e-01,-1.444951614614914392e-01,4.699130352278345080e-01,2.950331378625131729e-01
-1.302920606404539994e+00,-5.949935936528395058e-02,-6.053176108534457089e-01,-7.345025623587632113e-01,-7.109796759587179160e-01,-1.569135434858801581e+00,9.055542836909743487e-01,-1.444951614614914392e-01,4.699130352278345080e-01,-3.471745434979670586e-01
-1.302920606404539994e+00,-5.949935936528395058e-02,-6.053176108534457089e-01,-7.345025623587632113e-01,-7.109796759587179160e-01,-1.731071826392625912e+00,9.055542836909743487e-01,-1.444951614614914392e-01,4.699130352278345080e-01,-3.471745434979670586e-01
-1.302920606404539994e+00,-5.949935936528395058e-02,-6.053176108534457089e-01,-7.345025623587632113e-01,-7.109796759587179160e-01,-1.731071826392625912e+00,9.055542836909743487e-01,-1.444951614614914392e-01,4.699130352278345080e-01,-3.471745434979670586e-01
-1.302920606404539994e+00,-5.949935936528395058e-02,-6.053176108534457089e-01,-7.345025623587632113e-01,-7.109796759587179160e-01,-1.731071826392625912e+00,9.055542836909743487e-01,-1.444951614614914392e-01,4.699130352278345080e-01,-1.662990332492357615e+00
-1.302920606404539994e+00,-5.949935936528395058e-02,-1.975647216553170438e+00,-7.360198418643415508e-01,-7.109796759587179160e-01,-1.731071826392625912e+00,9.055542836909743487e-01,-1.444951614614914392e-01,4.699130352278345080e-01,-1.662990332492357615e+00
-1.470063514073310040e+00,-5.949935936528395058e-02,-1.975647216553170438e+00,-7.360198418643415508e-01,-7.109796759587179160e-01,-1.731071826392625912e+00,9.055542836909743487e-01,-2.252114260371362309e-01,4.699130352278345080e-01,-1.662990332492357615e+00
-1.470063514073310040e+00,-5.949935936528395058e-02,-1.975647216553170438e+00,-7.360198418643415508e-01,-7.109796759587179160e-01,-1.731071826392625912e+00,9.055542836909743487e-01,-2.252114260371362309e-01,4.699130352278345080e-01,-1.662990332492357615e+00
-1.470063514073310040e+00,-5.949935936528395058e-02,-1.975647216553170438e+00,-7.360198418643415508e-01,-2.548647872106343026e+00,-1.731071826392625912e+00,9.055542836909743487e-01,-2.252114260371362309e-01,-6.828092960342794226e-01,-1.662990332492357615e+00
-1.470063514073310040e+00,-5.949935936528395058e-02,-1.975647216553170438e+00,-7.360198418643415508e-01,-2.548647872106343026e+00,-1.731071826392625912e+00,9.055542836909743487e-01,-2.252114260371362309e-01,-6.828092960342794226e-01,-1.662990332492357615e+00
-1.470063514073310040e+00,-5.949935936528395058e-02,-1.975647216553170438e+00,-7.360198418643415508e-01,-2.548647872106343026e+00,-1.731071826392625912e+00,9.055542836909743487e-01,-2.252114260371362309e-01,-6.828092960342794226e-01,-1.662990332492357615e+00
-1.470063514073310040e+00,-5.949935936528395058e-02,-1.975647216553170438e+00,-7.360198418643415508e-01,-2.548647872106343026e+00,-1.731071826392625912e+00,7.534201301124680006e-01,-2.252114260371362309e-01,-6.828092960342794226e-01,-1.662990332492357615e+00
-1.470063514073310040e+00,-5.949935936528395058e-02,-1.975647216553170438e+00,-7.360198418643415508e-01,-2.548647872106343026e+00,-2.208088045289691603e+00,7.534201301124680006e-01,-2.252114260371362309e-01,-6.828092960342794226e-01,-1.662990332492357615e+00
-2.043902965980542774e+00,-5.949935936528395058e-02,-1.975647216553170438e+00,-7.360198418643415508e-01,-3.132141240962276640e+00,-2.208088045289691603e+00,7.534201301124680006e-01,-2.252114260371362309e-01,-6.828092960342794226e-01,-1.662990332492357615e+00
-2.066183264440611733e+00,-5.949935936528395058e-02,-1.975647216553170438e+00,-7.360198418643415508e-01,-3.132141240962276640e+00,-2.208088045289691603e+00,7.534201301124680006e-01,-2.252114260371362309e-01,-6.828092960342794226e-01,-1.662990332492357615e+00
-2.333521555892790200e+00,-5.949935936528395058e-02,-1.975647216553170438e+00,-7.360198418643415508e-01,-3.132141240962276640e+00,-2.208088045289691603e+00,7.534201301124680006e-01,-2.252114260371362309e-01,-6.828092960342794226e-01,-1.662990332492357615e+00
-2.333521555892790200e+00,-5.949935936528395058e-02,-1.975647216553170438e+00,-7.360198418643415508e-01,-3.132141240962276640e+00,-2.208088045289691603e+00,7.534201301124680006e-01,-2.252114260371362309e-01,-6.828092960342794226e-01,-1.662990332492357615e+00
-2.333521555892790200e+00,-5.949935936528395058e-02,-1.975647216553170438e+00,-7.360198418643415508e-01,-3.132141240962276640e+00,-2.208088045289691603e+00,7.534201301124680006e-01,-2.252114260371362309e-01,-6.828092960342794226e-01,-1.662990332492357615e+00
-2.333521555892790200e+00,-5.949935936528395058e-02,-1.975647216553170438e+00,-7.360198418643415508e-01,-3.132141240962276640e+00,-2.208088045289691603e+00,7.534201301124680006e-01,-2.252114260371362309e-01,-6.828092960342794226e-01,-1.662990332492357615e+00
-2.650743346410688428e+00,-2.860771296535747243e+00,-1.975647216553170438e+00,-7.360198418643415508e-01,-3.132141240962276640e+00,-2.208088045289691603e+00,3.893784902975508944e-01,-2.252114260371362309e-01,-6.828092960342794226e-01,-1.662990332492357615e+00
-2.650743346410688428e+00,-2.860771296535747243e+00,-1.975647216553170438e+00,-7.360198418643415508e-01,-3.132141240962276640e+00,-2.208088045289691603e+00,3.893784902975508944e-01,-2.252114260371362309e-01,-6.828092960342794226e-01,-1.662990332492357615e+00
-2.650743346410688428e+00,-2.860771296535747243e+00,-1.975647216553170438e+00,-7.360198418643415508e-01,-3.132141240962276640e+00,-2.208088045289691603e+00,3.893784902975508944e-01,-2.252114260371362309e-01,-6.828092960342794226e-01,-1.662990332492357615e+00
-2.650743346410688428e+00,-2.860771296535747243e+00,-1.975647216553170438e+00,-7.360198418643415508e-01,-3.132141240962276640e+00,-2.208088045289691603e+00,3.893784902975508944e-01,-2.252114260371362309e-01,-6.828092960342794226e-01,-1.662990332492357615e+00
-2.650743346410688428e+00,-2.860771296535747243e+00,-1.975647216553170438e+00,-7.360198418643415508e-01,-3.132141240962276640e+00,-2.208088045289691603e+00,3.893784902975508944e-01,-1.094117520358431017e+00,-6.828092960342794226e-01,-1.662990332492357615e+00
-3.247881933683539835e+00,-2.860771296535747243e+00,-1.975647216553170438e+00,-7.360198418643415508e-01,-3.132141240962276640e+00,-2.208088045289691603e+00,3.893784902975508944e-01,-1.094117520358431017e+00,-6.828092960342794226e-01,-1.662990332492357615e+00
-3.247881933683539835e+00,-2.860771296535747243e+00,-1.975647216553170438e+00,-7.360198418643415508e-01,-3.132141240962276640e+00,-2.208088045289691603e+00,3.893784902975508944e-01,-1.094117520358431017e+00,-6.828092960342794226e-01,-1.662990332492357615e+00
-3.247881933683539835e+00,-2.860771296535747243e+00,-1.975647216553170438e+00,-8.617860706244525604e-01,-3.132141240962276640e+00,-2.208088045289691603e+00,3.893784902975508944e-01,-1.672150876773377703e+00,-6.828092960342794226e-01,-1.662990332492357615e+00
-3.247881933683539835e+00,-2.860771296535747243e+00,-1.975647216553170438e+00,-8.617860706244525604e-01,-3.132141240962276640e+00,-2.208088045289691603e+00,3.893784902975508944e-01,-1.672150876773377703e+00,-6.828092960342794226e-01,-1.662990332492357615e+00
-3.247881933683539835e+00,-3.168527641926642602e+00,-1.975647216553170438e+00,-8.617860706244525604e-01,-3.132141240962276640e+00,-2.309225427785591034e+00,3.893784902975508944e-01,-1.967418144471939856e+00,-6.828092960342794226e-01,-1.662990332492357615e+00
-3.247881933683539835e+00,-3.168527641926642602e+00,-1.975647216553170438e+00,-8.617860706244525604e-01,-3.132141240962276640e+00,-2.309225427785591034e+00,3.893784902975508944e-01,-3.011499233595074987e+00,-6.828092960342794226e-01,-1.662990332492357615e+00
-3.247881933683539835e+00,-3.168527641926642602e+00,-1.975647216553170438e+00,-8.617860706244525604e-01,-3.132141240962276640e+00,-2.309225427785591034e+00,3.893784902975508944e-01,-3.011499233595074987e+00,-6.828092960342794226e-01,-1.718471985939329150e+00
-3.247881933683539835e+00,-3.168527641926642602e+00,-1.975647216553170438e+00,-8.617860706244525604e-01,-3.132141240962276640e+00,-2.309225427785591034e+00,3.893784902975508944e-01,-3.011499233595074987e+00,-6.828092960342794226e-01,-1.718471985939329150e+00
-3.247881933683539835e+00,-3.168527641926642602e+00,-1.975647216553170438e+00,-8.617860706244525604e-01,-3.132141240962276640e+00,-2.309225427785591034e+00,3.893784902975508944e-01,-3.011499233595074987e+00,-6.828092960342794226e-01,-1.718471985939329150e+00
-3.247881933683539835e+00,-3.168527641926642602e+00,-1.975647216553170438e+00,-8.617860706244525604e-01,-3.132141240962276640e+00,-2.309225427785591034e+00,3.893784902975508944e-01,-3.011499233595074987e+00,-2.739338134064783326e+00,-1.728991611398983164e+00
-3.247881933683539835e+00,-3.168527641926642602e+00,-1.975647216553170438e+00,-8.617860706244525604e-01,-3.132141240962276640e+00,-2.309225427785591034e+00,2.381869012717391654e-01,-3.011499233595074987e+00,-2.739338134064783326e+00,-1.728991611398983164e+00
-3.247881933683539835e+00,-3.168527641926642602e+00,-1.975647216553170438e+00,-2.688548062904396740e+00,-3.132141240962276640e+00,-2.309225427785591034e+00,2.381869012717391654e-01,-3.011499233595074987e+00,-2.739338134064783326e+00,-1.728991611398983164e+00
-3.247881933683539835e+00,-3.168527641926642602e+00,-1.975647216553170438e+00,-2.688548062904396740e+00,-3.132141240962276640e+00,-2.309225427785591034e+00,2.381869012717391654e-01,-3.011499233595074987e+00,-2.739338134064783326e+00,-1.728991611398983164e+00
-3.444927118732979743e+00,-3.168527641926642602e+00,-1.975647216553170438e+00,-2.688548062904396740e+00,-3.132141240962276640e+00,-2.309225427785591034e+00,2.381869012717391654e-01,-3.011499233595074987e+00,-2.739338134064783326e+00,-1.728991611398983164e+00
-3.444927118732979743e+00,-3.168527641926642602e+00,-1.975647216553170438e+00,-2.688548062904396740e+00,-3.132141240962276640e+00,-2.309225427785591034e+00,2.381869012717391654e-01,-3.011499233595074987e+00,-2.739338134064783326e+00,-1.728991611398983164e+00
-3.444927118732979743e+00,-3.168527641926642602e+00,-1.975647216553170438e+00,-2.688548062904396740e+00,-3.132141240962276640e+00,-2.309225427785591034e+00,2.381869012717391654e-01,-3.011499233595074987e+00,-2.739338134064783326e+00,-1.728991611398983164e+00
-3.444927118732979743e+00,-3.168527641926642602e+00,-1.975647216553170438e+00,-2.688548062904396740e+00,-3.132141240962276640e+00,-2.309225427785591034e+00,2.381869012717391654e-01,-3.011499233595074987e+00,-2.739338134064783326e+00,-1.728991611398983164e+00
-3.444927118732979743e+00,-3.168527641926642602e+00,-1.975647216553170438e+00,-2.688548062904396740e+00,-3.132141240962276640e+00,-2.309225427785591034e+00,2.381869012717391654e-01,-3.011499233595074987e+00,-2.739338134064783326e+00,-1.741880146969734255e+00
-3.444927118732979743e+00,-3.168527641926642602e+00,-1.975647216553170438e+00,-2.688548062904396740e+00,-3.132141240962276640e+00,-2.309225427785591034e+00,1.936300407611820096e-01,-3.011499233595074987e+00,-2.739338134064783326e+00,-1.741880146969734255e+00
-3.444927118732979743e+00,-3.168527641926642602e+00,-1.975647216553170438e+00,-2.688548062904396740e+00,-3.132141240962276640e+00,-2.415726223631307512e+00,1.936300407611820096e-01,-3.011499233595074987e+00,-2.739338134064783326e+00,-1.955380294032517785e+00
-3.444927118732979743e+00,-3.168527641926642602e+00,-1.975647216553170438e+00,-2.688548062904396740e+00,-3.132141240962276640e+00,-2.415726223631307512e+00,1.936300407611820096e-01,-3.011499233595074987e+00,-2.739338134064783326e+00,-1.955380294032517785e+00
-3.444927118732979743e+00,-3.168527641926642602e+00,-1.975647216553170438e+00,-2.688548062904396740e+00,-3.132141240962276640e+00,-2.415726223631307512e+00,1.936300407611820096e-01,-3.156636337747406706e+00,-2.739338134064783326e+00,-1.955380294032517785e+00
-3.444927118732979743e+00,-3.168527641926642602e+00,-1.975647216553170438e+00,-2.688548062904396740e+00,-3.132141240962276640e+00,-2.415726223631307512e+00,1.936300407611820096e-01,-3.156636337747406706e+00,-2.739338134064783326e+00,-1.955380294032517785e+00
-3.446991381379096886e+00,-3.168527641926642602e+00,-1.975647216553170438e+00,-2.688548062904396740e+00,-3.132141240962276640e+00,-2.415726223631307512e+00,1.936300407611820096e-01,-3.156636337747406706e+00,-3.193278155010048636e+00,-1.955380294032517785e+00
-3.446991381379096886e+00,-3.168527641926642602e+00,-1.975647216553170438e+00,-2.688548062904396740e+00,-3.132141240962276640e+00,-2.415726223631307512e+00,1.936300407611820096e-01,-3.156636337747406706e+00,-3.193278155010048636e+00,-1.955380294032517785e+00
-3.446991381379096886e+00,-3.168527641926642602e+00,-1.975647216553170438e+00,-2.688548062904396740e+00,-3.132141240962276640e+00,-2.415726223631307512e+00,1.936300407611820096e-01,-3.156636337747406706e+00,-4.516244836281236630e+00,-1.955380294032517785e+00
-3.446991381379096886e+00,-3.168527641926642602e+00,-1.975647216553170438e+00,-2.688548062904396740e+00,-3.132141240962276640e+00,-2.415726223631307512e+00,1.936300407611820096e-01,-3.156636337747406706e+00,-5.571372492572885804e+00,-1.955380294032517785e+00
-3.446991381379096886e+00,-3.323127113650079512e+00,-1.975647216553170438e+00,-2.688548062904396740e+00,-3.132141240962276640e+00,-2.415726223631307512e+00,1.936300407611820096e-01,-3.156636337747406706e+00,-5.571372492572885804e+00,-1.955380294032517785e+00
-3.446991381379096886e+00,-3.323127113650079512e+00,-1.975647216553170438e+00,-2.688548062904396740e+00,-3.132141240962276640e+00,-2.415726223631307512e+00,1.936300407611820096e-01,-3.156636337747406706e+00,-5.571372492572885804e+00,-1.955380294032517785e+00
-3.446991381379096886e+00,-3.323127113650079512e+00,-1.975647216553170438e+00,-2.688548062904396740e+00,-3.132141240962276640e+00,-2.415726223631307512e+00,1.936300407611820096e-01,-3.156636337747406706e+00,-5.571372492572885804e+00,-1.955380294032517785e+00
-3.446991381379096886e+00,-3.323127113650079512e+00,-1.975647216553170438e+00,-2.688548062904396740e+00,-3.132141240962276640e+00,-2.415726223631307512e+00,1.936300407611820096e-01,-3.156636337747406706e+00,-5.571372492572885804e+00,-1.955380294032517785e+00
-3.446991381379096886e+00,-3.323127113650079512e+00,-1.975647216553170438e+00,-2.688548062904396740e+00,-3.564788096350993918e+00,-2.415726223631307512e+00,1.936300407611820096e-01,-3.156636337747406706e+00,-5.571372492572885804e+00,-1.955380294032517785e+00
-3.446991381379096886e+00,-3.323127113650079512e+00,-1.975647216553170438e+00,-2.688548062904396740e+00,-3.564788096350993918e+00,-2.415726223631307512e+00,1.631890412531400991e-01,-3.156636337747406706e+00,-6.860207111667233626e+00,-1.955380294032517785e+00
-3.446991381379096886e+00,-3.323127113650079512e+00,-1.975647216553170438e+00,-2.688548062904396740e+00,-3.564788096350993918e+00,-2.415726223631307512e+00,1.631890412531400991e-01,-3.156636337747406706e+00,-6.860207111667233626e+00,-1.955380294032517785e+00
-3.446991381379096886e+00,-3.323127113650079512e+00,-1.975647216553170438e+00,-2.688548062904396740e+00,-3.564788096350993918e+00,-2.415726223631307512e+00,1.631890412531400991e-01,-3.156636337747406706e+00,-7.649029068158950118e+00,-1.955380294032517785e+00
-3.446991381379096886e+00,-3.323127113650079512e+00,-1.975647216553170438e+00,-2.688548062904396740e+00,-3.564788096350993918e+00,-2.415726223631307512e+00,1.631890412531400991e-01,-3.156636337747406706e+00,-7.649029068158950118e+00,-1.955380294032517785e+00
-3.446991381379096886e+00,-4.238519941113205292e+00,-1.975647216553170438e+00,-2.688548062904396740e+00,-3.564788096350993918e+00,-2.415726223631307512e+00,1.631890412531400991e-01,-3.156636337747406706e+00,-9.008565369785442201e+00,-1.955380294032517785e+00
-3.446991381379096886e+00,-4.238519941113205292e+00,-1.975647216553170438e+00,-2.688548062904396740e+00,-3.564788096350993918e+00,-2.415726223631307512e+00,1.631890412531400991e-01,-3.156636337747406706e+00,-9.008565369785442201e+00,-1.955380294032517785e+00
-3.446991381379096886e+00,-5.655822490920476397e+00,-1.975647216553170438e+00,-2.688548062904396740e+00,-3.564788096350993918e+00,-2.415726223631307512e+00,1.631890412531400991e-01,-3.156636337747406706e+00,-9.008565369785442201e+00,-1.955380294032517785e+00
-3.446991381379096886e+00,-5.655822490920476397e+00,-1.975647216553170438e+00,-2.688548062904396740e+00,-3.564788096350993918e+00,-2.415726223631307512e+00,1.631890412531400991e-01,-3.156636337747406706e+00,-9.008565369785442201e+00,-1.955380294032517785e+00
-3.446991381379096886e+00,-5.655822490920476397e+00,-3.055043510905541382e+00,-2.688548062904396740e+00,-3.564788096350993918e+00,-2.415726223631307512e+00,1.631890412531400991e-01,-3.156636337747406706e+00,-9.008565369785442201e+00,-1.955380294032517785e+00
-3.446991381379096886e+00,-5.655822490920476397e+00,-3.055043510905541382e+00,-2.688548062904396740e+00,-3.564788096350993918e+00,-2.415726223631307512e+00,1.631890412531400991e-01,-3.156636337747406706e+00,-9.229696658975710122e+00,-1.955380294032517785e+00
-3.446991381379096886e+00,-5.655822490920476397e+00,-3.055043510905541382e+00,-2.688548062904396740e+00,-3.564788096350993918e+00,-2.415726223631307512e+00,1.631890412531400991e-01,-3.156636337747406706e+00,-9.229696658975710122e+00,-1.955380294032517785e+00
-3.446991381379096886e+00,-5.655822490920476397e+00,-3.055043510905541382e+00,-2.688548062904396740e+00,-3.564788096350993918e+00,-2.415726223631307512e+00,1.631890412531400991e-01,-3.156636337747406706e+00,-9.229696658975710122e+00,-1.955380294032517785e+00
-3.446991381379096886e+00,-5.655822490920476397e+00,-3.055043510905541382e+00,-2.688548062904396740e+00,-3.564788096350993918e+00,-2.415726223631307512e+00,1.631890412531400991e-01,-3.156636337747406706e+00,-1.148949481336839185e+01,-1.955380294032517785e+00
-3.446991381379096886e+00,-5.655822490920476397e+00,-3.055043510905541382e+00,-2.688548062904396740e+00,-3.564788096350993918e+00,-2.415726223631307512e+00,1.631890412531400991e-01,-3.156636337747406706e+00,-1.148949481336839185e+01,-1.955380294032517785e+00
-3.446991381379096886e+00,-5.655822490920476397e+00,-3.055043510905541382e+00,-2.688548062904396740e+00,-3.564788096350993918e+00,-2.415726223631307512e+00,1.631890412531400991e-01,-3.156636337747406706e+00,-1.148949481336839185e+01,-1.955380294032517785e+00
-3.446991381379096886e+00,-5.655822490920476397e+00,-3.055043510905541382e+00,-2.688548062904396740e+00,-3.564788096350993918e+00,-2.415726223631307512e+00,1.631890412531400991e-01,-3.156636337747406706e+00,-1.148949481336839185e+01,-1.955380294032517785e+00
-3.446991381379096886e+00,-5.655822490920476397e+00,-3.055043510905541382e+00,-2.688548062904396740e+00,-3.564788096350993918e+00,-2.415726223631307512e+00,1.631890412531400991e-01,-3.156636337747406706e+00,-1.148949481336839185e+01,-1.955380294032517785e+00
-3.446991381379096886e+00,-5.655822490920476397e+00,-3.055043510905541382e+00,-2.688548062904396740e+00,-3.564788096350993918e+00,-2.415726223631307512e+00,1.631890412531400991e-01,-3.156636337747406706e+00,-1.372114000107468357e+01,-1.955380294032517785e+00
-3.446991381379096886e+00,-5.655822490920476397e+00,-3.055043510905541382e+00,-2.688548062904396740e+00,-3.564788096350993918e+00,-2.415726223631307512e+00,1.631890412531400991e-01,-3.156636337747406706e+00,-1.372114000107468357e+01,-2.351114322097996645e+00
-3.446991381379096886e+00,-5.655822490920476397e+00,-3.055043510905541382e+00,-2.688548062904396740e+00,-3.564788096350993918e+00,-2.415726223631307512e+00,1.631890412531400991e-01,-3.156636337747406706e+00,-1.372114000107468357e+01,-2.351114322097996645e+00
-3.446991381379096886e+00,-5.655822490920476397e+00,-3.055043510905541382e+00,-2.688548062904396740e+00,-3.564788096350993918e+00,-2.415726223631307512e+00,1.631890412531400991e-01,-3.156636337747406706e+00,-1.372114000107468357e+01,-2.351114322097996645e+00
-3.446991381379096886e+00,-5.655822490920476397e+00,-3.055043510905541382e+00,-2.688548062904396740e+00,-3.564788096350993918e+00,-2.415726223631307512e+00,1.631890412531400991e-01,-3.156636337747406706e+00,-1.372114000107468357e+01,-2.351114322097996645e+00
-3.459301932680739711e+00,-5.655822490920476397e+00,-3.055043510905541382e+00,-2.688548062904396740e+00,-3.564788096350993918e+00,-2.415726223631307512e+00,1.631890412531400991e-01,-3.156636337747406706e+00,-1.372114000107468357e+01,-2.351114322097996645e+00
-3.459301932680739711e+00,-5.655822490920476397e+00,-3.055043510905541382e+00,-2.688548062904396740e+00,-3.564788096350993918e+00,-2.415726223631307512e+00,1.631890412531400991e-01,-3.156636337747406706e+00,-1.372114000107468357e+01,-2.351114322097996645e+00
-3.459301932680739711e+00,-5.655822490920476397e+00,-3.055043510905541382e+00,-2.688548062904396740e+00,-3.564788096350993918e+00,-2.461901850343924281e+00,1.631890412531400991e-01,-3.156636337747406706e+00,-1.372114000107468357e+01,-2.351114322097996645e+00
-3.459301932680739711e+00,-5.655822490920476397e+00,-3.055043510905541382e+00,-2.688548062904396740e+00,-3.564788096350993918e+00,-2.461901850343924281e+00,1.631890412531400991e-01,-3.156636337747406706e+00,-1.372114000107468357e+01,-2.351114322097996645e+00
-3.459301932680739711e+00,-5.655822490920476397e+00,-3.055043510905541382e+00,-2.688548062904396740e+00,-3.564788096350993918e+00,-2.461901850343924281e+00,1.631890412531400991e-01,-3.156636337747406706e+00,-1.372114000107468357e+01,-2.351114322097996645e+00
-4.052560408481536314e+00,-5.655822490920476397e+00,-3.055043510905541382e+00,-2.688548062904396740e+00,-3.564788096350993918e+00,-2.461901850343924281e+00,1.631890412531400991e-01,-3.156636337747406706e+00,-1.372114000107468357e+01,-2.351114322097996645e+00
-4.052560408481536314e+00,-5.655822490920476397e+00,-3.055043510905541382e+00,-2.688548062904396740e+00,-3.564788096350993918e+00,-2.461901850343924281e+00,1.631890412531400991e-01,-3.156636337747406706e+00,-1.372114000107468357e+01,-2.351114322097996645e+00
-4.052560408481536314e+00,-5.655822490920476397e+00,-3.055043510905541382e+00,-2.688548062904396740e+00,-3.564788096350993918e+00,-2.461901850343924281e+00,1.631890412531400991e-01,-3.156636337747406706e+00,-1.372114000107468357e+01,-2.351114322097996645e+00
-4.052560408481536314e+00,-5.655822490920476397e+00,-3.055043510905541382e+00,-2.688548062904396740e+00,-3.564788096350993918e+00,-2.461901850343924281e+00,1.631890412531400991e-01,-3.156636337747406706e+00,-1.372114000107468357e+01,-2.351114322097996645e+00
-4.052560408481536314e+00,-5.655822490920476397e+00,-3.055043510905541382e+00,-2.688548062904396740e+00,-3.564788096350993918e+00,-2.461901850343924281e+00,1.631890412531400991e-01,-3.156636337747406706e+00,-1.372114000107468357e+01,-2.351114322097996645e+00
-4.052560408481536314e+00,-5.655822490920476397e+00,-3.055043510905541382e+00,-2.688548062904396740e+00,-3.564788096350993918e+00,-2.461901850343924281e+00,1.631890412531400991e-01,-3.156636337747406706e+00,-1.372114000107468357e+01,-2.351114322097996645e+00
-4.052560408481536314e+00,-5.655822490920476397e+00,-3.055043510905541382e+00,-2.688548062904396740e+00,-3.564788096350993918e+00,-2.461901850343924281e+00,1.631890412531400991e-01,-3.156636337747406706e+00,-1.372114000107468357e+01,-2.351114322097996645e+00
-4.052560408481536314e+00,-5.655822490920476397e+00,-3.055043510905541382e+00,-2.688548062904396740e+00,-3.564788096350993918e+00,-2.461901850343924281e+00,1.631890412531400991e-01,-3.156636337747406706e+00,-1.372114000107468357e+01,-2.351114322097996645e+00
-4.052560408481536314e+00,-5.655822490920476397e+00,-3.055043510905541382e+00,-2.688548062904396740e+00,-3.564788096350993918e+00,-2.461901850343924281e+00,8.204446972272805283e-02,-3.156636337747406706e+00,-1.372114000107468357e+01,-2.351114322097996645e+00
-4.052560408481536314e+00,-5.655822490920476397e+00,-3.055043510905541382e+00,-2.688548062904396740e+00,-3.564788096350993918e+00,-2.461901850343924281e+00,8.204446972272805283e-02,-3.156636337747406706e+00,-1.372114000107468357e+01,-2.351114322097996645e+00
-4.052560408481536314e+00,-5.655822490920476397e+00,-3.055043510905541382e+00,-2.688548062904396740e+00,-3.564788096350993918e+00,-2.461901850343924281e+00,8.204446972272805283e-02,-3.156636337747406706e+00,-1.372114000107468357e+01,-2.351114322097996645e+00
-4.052560408481536314e+00,-5.655822490920476397e+00,-3.055043510905541382e+00,-2.688548062904396740e+00,-3.564788096350993918e+00,-2.461901850343924281e+00,8.204446972272805283e-02,-3.156636337747406706e+00,-1.372114000107468357e+01,-2.351114322097996645e+00
-4.052560408481536314e+00,-5.655822490920476397e+00,-3.146510171778099885e+00,-2.688548062904396740e+00,-3.564788096350993918e+00,-2.461901850343924281e+00,8.204446972272805283e-02,-3.156636337747406706e+00,-1.372114000107468357e+01,-2.351114322097996645e+00
-4.052560408481536314e+00,-5.655822490920476397e+00,-3.146510171778099885e+00,-2.688548062904396740e+00,-3.564788096350993918e+00,-2.461901850343924281e+00,8.204446972272805283e-02,-3.156636337747406706e+00,-1.372114000107468357e+01,-2.351114322097996645e+00
-4.052560408481536314e+00,-5.655822490920476397e+00,-3.146510171778099885e+00,-2.688548062904396740e+00,-3.564788096350993918e+00,-2.461901850343924281e+00,8.204446972272805283e-02,-3.156636337747406706e+00,-1.372114000107468357e+01,-2.351114322097996645e+00
-4.052560408481536314e+00,-5.655822490920476397e+00,-3.146510171778099885e+00,-2.688548062904396740e+00,-3.564788096350993918e+00,-2.461901850343924281e+00,8.204446972272805283e-02,-3.156636337747406706e+00,-1.372114000107468357e+01,-2.351114322097996645e+00
-4.052560408481536314e+00,-5.655822490920476397e+00,-3.146510171778099885e+00,-2.688548062904396740e+00,-3.564788096350993918e+00,-2.461901850343924281e+00,8.204446972272805283e-02,-3.156636337747406706e+00,-1.372114000107468357e+01,-2.351114322097996645e+00
-4.052560408481536314e+00,-5.655822490920476397e+00,-3.146510171778099885e+00,-2.688548062904396740e+00,-3.564788096350993918e+00,-2.461901850343924281e+00,8.204446972272805283e-02,-3.156636337747406706e+00,-1.372114000107468357e+01,-2.351114322097996645e+00
-4.052560408481536314e+00,-5.655822490920476397e+00,-3.146510171778099885e+00,-2.688548062904396740e+00,-3.564788096350993918e+00,-2.461901850343924281e+00,8.204446972272805283e-02,-3.156636337747406706e+00,-1.372114000107468357e+01,-2.351114322097996645e+00
-4.052560408481536314e+00,-5.655822490920476397e+00,-3.535717966165711434e+00,-2.688548062904396740e+00,-3.564788096350993918e+00,-2.461901850343924281e+00,8.204446972272805283e-02,-3.156636337747406706e+00,-1.372114000107468357e+01,-2.351114322097996645e+00
-4.052560408481536314e+00,-5.655822490920476397e+00,-3.535717966165711434e+00,-2.688548062904396740e+00,-3.564788096350993918e+00,-2.461901850343924281e+00,8.204446972272805283e-02,-3.156636337747406706e+00,-1.372114000107468357e+01,-2.351114322097996645e+00
-4.052560408481536314e+00,-5.655822490920476397e+00,-3.535717966165711434e+00,-2.688548062904396740e+00,-3.564788096350993918e+00,-2.461901850343924281e+00,8.204446972272805283e-02,-3.156636337747406706e+00,-1.372114000107468357e+01,-2.351114322097996645e+00
-4.052560408481536314e+00,-5.655822490920476397e+00,-3.535717966165711434e+00,-2.688548062904396740e+00,-3.564788096350993918e+00,-2.461901850343924281e+00,8.204446972272805283e-02,-3.156636337747406706e+00,-1.372114000107468357e+01,-2.351114322097996645e+00
-4.052560408481536314e+00,-5.655822490920476397e+00,-3.535717966165711434e+00,-2.688548062904396740e+00,-3.564788096350993918e+00,-2.461901850343924281e+00,8.204446972272805283e-02,-3.156636337747406706e+00,-1.372114000107468357e+01,-2.351114322097996645e+00
-4.052560408481536314e+00,-5.655822490920476397e+00,-3.535717966165711434e+00,-2.688548062904396740e+00,-3.564788096350993918e+00,-2.461901850343924281e+00,8.204446972272805283e-02,-3.156636337747406706e+00,-1.372114000107468357e+01,-2.351114322097996645e+00
-4.052560408481536314e+00,-5.655822490920476397e+00,-3.535717966165711434e+00,-2.688548062904396740e+00,-3.564788096350993918e+00,-2.461901850343924281e+00,8.204446972272805283e-02,-3.156636337747406706e+00,-1.372114000107468357e+01,-2.351114322097996645e+00
-4.052560408481536314e+00,-5.655822490920476397e+00,-3.535717966165711434e+00,-2.688548062904396740e+00,-3.564788096350993918e+00,-2.461901850343924281e+00,8.204446972272805283e-02,-3.156636337747406706e+00,-1.372114000107468357e+01,-2.351114322097996645e+00
-4.052560408481536314e+00,-5.655822490920476397e+00,-3.535717966165711434e+00,-2.688548062904396740e+00,-3.564788096350993918e+00,-2.461901850343924281e+00,8.204446972272805283e-02,-3.156636337747406706e+00,-1.372114000107468357e+01,-2.351114322097996645e+00
-4.052560408481536314e+00,-5.655822490920476397e+00,-3.535717966165711434e+00,-2.688548062904396740e+00,-3.564788096350993918e+00,-2.461901850343924281e+00,-1.549496609998255170e-01,-3.156636337747406706e+00,-1.372114000107468357e+01,-2.351114322097996645e+00
-4.052560408481536314e+00,-5.655822490920476397e+00,-3.535717966165711434e+00,-2.688548062904396740e+00,-3.564788096350993918e+00,-2.461901850343924281e+00,-1.549496609998255170e-01,-3.156636337747406706e+00,-1.372114000107468357e+01,-2.351114322097996645e+00
-4.052560408481536314e+00,-5.655822490920476397e+00,-3.535717966165711434e+00,-2.688548062904396740e+00,-3.564788096350993918e+00,-2.461901850343924281e+00,-1.549496609998255170e-01,-3.386540228799161500e+00,-1.372114000107468357e+01,-2.351114322097996645e+00
-4.052560408481536314e+00,-5.655822490920476397e+00,-3.535717966165711434e+00,-2.688548062904396740e+00,-3.564788096350993918e+00,-2.461901850343924281e+00,-1.549496609998255170e-01,-3.386540228799161500e+00,-1.372114000107468357e+01,-2.351114322097996645e+00
-4.052560408481536314e+00,-5.655822490920476397e+00,-3.535717966165711434e+00,-2.688548062904396740e+00,-3.564788096350993918e+00,-2.461901850343924281e+00,-1.549496609998255170e-01,-3.386540228799161500e+00,-1.372114000107468357e+01,-2.351114322097996645e+00
-4.052560408481536314e+00,-5.655822490920476397e+00,-3.535717966165711434e+00,-2.688548062904396740e+00,-3.564788096350993918e+00,-2.461901850343924281e+00,-1.549496609998255170e-01,-3.386540228799161500e+00,-1.372114000107468357e+01,-2.351114322097996645e+00
-4.052560408481536314e+00,-5.655822490920476397e+00,-3.535717966165711434e+00,-2.688548062904396740e+00,-3.564788096350993918e+00,-2.461901850343924281e+00,-1.549496609998255170e-01,-3.386540228799161500e+00,-1.372114000107468357e+01,-2.351114322097996645e+00
-4.052560408481536314e+00,-5.655822490920476397e+00,-3.535717966165711434e+00,-2.688548062904396740e+00,-3.564788096350993918e+00,-2.461901850343924281e+00,-1.549496609998255170e-01,-3.386540228799161500e+00,-1.372114000107468357e+01,-2.351114322097996645e+00
-4.052560408481536314e+00,-5.655822490920476397e+00,-3.535717966165711434e+00,-2.688548062904396740e+00,-3.564788096350993918e+00,-2.461901850343924281e+00,-1.549496609998255170e-01,-3.386540228799161500e+00,-1.372114000107468357e+01,-2.351114322097996645e+00
-4.052560408481536314e+00,-5.655822490920476397e+00,-3.535717966165711434e+00,-2.688548062904396740e+00,-3.564788096350993918e+00,-2.461901850343924281e+00,-1.549496609998255170e-01,-3.386540228799161500e+00,-1.372114000107468357e+01,-2.351114322097996645e+00
-4.052560408481536314e+00,-5.655822490920476397e+00,-3.535717966165711434e+00,-2.688548062904396740e+00,-3.564788096350993918e+00,-2.461901850343924281e+00,-1.549496609998255170e-01,-3.386540228799161500e+00,-1.372114000107468357e+01,-2.351114322097996645e+00
-4.052560408481536314e+00,-5.655822490920476397e+00,-3.822335054585630498e+00,-2.688548062904396740e+00,-3.564788096350993918e+00,-2.461901850343924281e+00,-1.549496609998255170e-01,-3.386540228799161500e+00,-1.372114000107468357e+01,-2.351114322097996645e+00
-4.052560408481536314e+00,-5.655822490920476397e+00,-3.822335054585630498e+00,-2.688548062904396740e+00,-3.564788096350993918e+00,-2.461901850343924281e+00,-1.549496609998255170e-01,-3.386540228799161500e+00,-1.372114000107468357e+01,-2.351114322097996645e+00
-4.052560408481536314e+00,-5.655822490920476397e+00,-3.822335054585630498e+00,-2.688548062904396740e+00,-3.564788096350993918e+00,-2.461901850343924281e+00,-1.549496609998255170e-01,-3.386540228799161500e+00,-1.372114000107468357e+01,-2.351114322097996645e+00
-4.052560408481536314e+00,-5.655822490920476397e+00,-3.822335054585630498e+00,-2.688548062904396740e+00,-3.564788096350993918e+00,-2.461901850343924281e+00,-1.549496609998255170e-01,-3.386540228799161500e+00,-1.372114000107468357e+01,-2.351114322097996645e+00
-4.052560408481536314e+00,-5.655822490920476397e+00,-3.822335054585630498e+00,-2.688548062904396740e+00,-3.564788096350993918e+00,-2.461901850343924281e+00,-1.549496609998255170e-01,-3.386540228799161500e+00,-1.372114000107468357e+01,-2.351114322097996645e+00
-4.052560408481536314e+00,-5.655822490920476397e+00,-3.822335054585630498e+00,-2.688548062904396740e+00,-3.564788096350993918e+00,-2.461901850343924281e+00,-1.549496609998255170e-01,-3.386540228799161500e+00,-1.372114000107468357e+01,-2.351114322097996645e+00
-4.052560408481536314e+00,-5.655822490920476397e+00,-3.822335054585630498e+00,-2.688548062904396740e+00,-3.564788096350993918e+00,-2.461901850343924281e+00,-1.549496609998255170e-01,-3.386540228799161500e+00,-1.448055632077922539e+01,-2.351114322097996645e+00
-4.052560408481536314e+00,-5.655822490920476397e+00,-3.822335054585630498e+00,-2.688548062904396740e+00,-3.564788096350993918e+00,-2.461901850343924281e+00,-1.549496609998255170e-01,-3.386540228799161500e+00,-1.448055632077922539e+01,-2.351114322097996645e+00
-4.052560408481536314e+00,-5.655822490920476397e+00,-3.822335054585630498e+00,-2.688548062904396740e+00,-3.564788096350993918e+00,-2.461901850343924281e+00,-1.549496609998255170e-01,-3.386540228799161500e+00,-1.448055632077922539e+01,-2.351114322097996645e+00
-4.052560408481536314e+00,-5.655822490920476397e+00,-3.822335054585630498e+00,-2.688548062904396740e+00,-3.564788096350993918e+00,-2.461901850343924281e+00,-1.549496609998255170e-01,-3.386540228799161500e+00,-1.448055632077922539e+01,-2.351114322097996645e+00
-4.052560408481536314e+00,-5.655822490920476397e+00,-3.822335054585630498e+00,-2.688548062904396740e+00,-3.564788096350993918e+00,-2.461901850343924281e+00,-1.549496609998255170e-01,-3.386540228799161500e+00,-1.448055632077922539e+01,-2.351114322097996645e+00
-4.052560408481536314e+00,-5.655822490920476397e+00,-3.822335054585630498e+00,-2.688548062904396740e+00,-3.564788096350993918e+00,-2.461901850343924281e+00,-1.549496609998255170e-01,-3.386540228799161500e+00,-1.448055632077922539e+01,-2.351114322097996645e+00
-4.052560408481536314e+00,-5.655822490920476397e+00,-3.822335054585630498e+00,-2.688548062904396740e+00,-3.564788096350993918e+00,-2.461901850343924281e+00,-1.549496609998255170e-01,-3.386540228799161500e+00,-1.448055632077922539e+01,-2.351114322097996645e+00
-4.052560408481536314e+00,-5.655822490920476397e+00,-3.822335054585630498e+00,-2.688548062904396740e+00,-3.564788096350993918e+00,-2.461901850343924281e+00,-1.549496609998255170e-01,-3.386540228799161500e+00,-1.448055632077922539e+01,-2.351114322097996645e+00
-4.052560408481536314e+00,-5.655822490920476397e+00,-3.822335054585630498e+00,-2.688548062904396740e+00,-3.564788096350993918e+00,-2.461901850343924281e+00,-1.549496609998255170e-01,-3.386540228799161500e+00,-1.448055632077922539e+01,-2.351114322097996645e+00
-4.052560408481536314e+00,-5.655822490920476397e+00,-3.822335054585630498e+00,-2.688548062904396740e+00,-3.564788096350993918e+00,-2.461901850343924281e+00,-1.549496609998255170e-01,-3.386540228799161500e+00,-1.448055632077922539e+01,-2.351114322097996645e+00
-4.052560408481536314e+00,-5.655822490920476397e+00,-3.822335054585630498e+00,-2.688548062904396740e+00,-3.564788096350993918e+00,-2.461901850343924281e+00,-1.549496609998255170e-01,-3.386540228799161500e+00,-1.448055632077922539e+01,-2.351114322097996645e+00
-4.052560408481536314e+00,-5.655822490920476397e+00,-3.822335054585630498e+00,-2.688548062904396740e+00,-3.564788096350993918e+00,-2.461901850343924281e+00,-1.549496609998255170e-01,-3.386540228799161500e+00,-1.448055632077922539e+01,-2.351114322097996645e+00
-4.052560408481536314e+00,-5.655822490920476397e+00,-3.822335054585630498e+00,-2.688548062904396740e+00,-3.564788096350993918e+00,-2.461901850343924281e+00,-1.549496609998255170e-01,-3.386540228799161500e+00,-1.448055632077922539e+01,-2.351114322097996645e+00
-4.052560408481536314e+00,-5.655822490920476397e+00,-3.822335054585630498e+00,-2.688548062904396740e+00,-3.564788096350993918e+00,-2.461901850343924281e+00,-1.549496609998255170e-01,-3.386540228799161500e+00,-1.448055632077922539e+01,-2.351114322097996645e+00
-4.052560408481536314e+00,-5.655822490920476397e+00,-3.822335054585630498e+00,-2.688548062904396740e+00,-3.564788096350993918e+00,-2.803060249754778521e+00,-1.549496609998255170e-01,-3.386540228799161500e+00,-1.448055632077922539e+01,-2.351114322097996645e+00
-4.052560408481536314e+00,-5.655822490920476397e+00,-3.822335054585630498e+00,-2.688548062904396740e+00,-3.564788096350993918e+00,-2.803060249754778521e+00,-1.549496609998255170e-01,-3.386540228799161500e+00,-1.448055632077922539e+01,-2.351114322097996645e+00
-4.052560408481536314e+00,-5.655822490920476397e+00,-3.822335054585630498e+00,-2.688548062904396740e+00,-3.564788096350993918e+00,-2.803060249754778521e+00,-1.549496609998255170e-01,-3.386540228799161500e+00,-1.448055632077922539e+01,-2.351114322097996645e+00
