-8.704887554468099253e-01,6.861996497179805310e-01,1.682540747638194834e+00,-2.729830027685027916e-01,2.738985589906858475e+00,2.617525759039156519e+00,-2.366337764185497683e-01,2.438217357639366867e+00,4.841941363419818845e-02,-5.931076535312901354e-01
-1.492462931704115370e+00,6.861996497179805310e-01,1.682540747638194834e+00,-7.960723937382244708e-01,2.738985589906858475e+00,2.617525759039156519e+00,-2.366337764185497683e-01,2.261139370259522607e+00,4.841941363419818845e-02,-5.931076535312901354e-01
-1.492462931704115370e+00,6.861996497179805310e-01,1.305360724663155336e+00,-2.706317785885480998e+00,1.944999031701334591e+00,2.208435470360497366e+00,-2.366337764185497683e-01,2.084523131523969397e+00,4.841941363419818845e-02,-5.931076535312901354e-01
-1.492462931704115370e+00,6.861996497179805310e-01,1.305360724663155336e+00,-2.706317785885480998e+00,7.680021017505567205e-01,2.235801669755947685e-02,-2.366337764185497683e-01,1.380514162485015017e+00,4.841941363419818845e-02,-5.931076535312901354e-01
-1.663798949286148243e+00,6.861996497179805310e-01,1.305360724663155336e+00,-2.706317785885480998e+00,7.680021017505567205e-01,2.235801669755947685e-02,-2.366337764185497683e-01,1.380514162485015017e+00,4.841941363419818845e-02,-1.072146359620496314e+00
-1.663798949286148243e+00,6.861996497179805310e-01,1.305360724663155336e+00,-2.706317785885480998e+00,4.318708348828117494e-01,2.235801669755947685e-02,-2.366337764185497683e-01,1.380514162485015017e+00,-1.666485182936958687e-01,-1.512754091734908268e+00
-1.663798949286148243e+00,6.861996497179805310e-01,4.719525239993192789e-02,-2.706317785885480998e+00,3.455142741468136824e-02,2.235801669755947685e-02,-2.366337764185497683e-01,1.380514162485015017e+00,-1.666485182936958687e-01,-1.512754091734908268e+00
-1.663798949286148243e+00,6.861996497179805310e-01,4.198832805224805842e-02,-2.706317785885480998e+00,3.455142741468136824e-02,2.235801669755947685e-02,-2.366337764185497683e-01,1.380514162485015017e+00,-4.811070888540733836e-01,-1.512754091734908268e+00
-1.663798949286148243e+00,6.861996497179805310e-01,4.198832805224805842e-02,-2.706317785885480998e+00,3.455142741468136824e-02,2.235801669755947685e-02,-2.366337764185497683e-01,1.380514162485015017e+00,-4.811070888540733836e-01,-1.562126703509479020e+00
-1.663798949286148243e+00,6.861996497179805310e-01,4.198832805224805842e-02,-2.706317785885480998e+00,3.455142741468136824e-02,2.235801669755947685e-02,-2.366337764185497683e-01,1.380514162485015017e+00,-4.811070888540733836e-01,-1.562126703509479020e+00
-1.663798949286148243e+00,-1.296525214760631539e-01,-1.556892393715809453e+00,-2.706317785885480998e+00,3.455142741468136824e-02,2.235801669755947685e-02,-2.366337764185497683e-01,1.380514162485015017e+00,-4.811070888540733836e-01,-1.562126703509479020e+00
-1.663798949286148243e+00,-1.296525214760631539e-01,-1.556892393715809453e+00,-2.706317785885480998e+00,3.455142741468136824e-02,2.235801669755947685e-02,-2.366337764185497683e-01,1.380514162485015017e+00,-4.811070888540733836e-01,-1.562126703509479020e+00
-1.663798949286148243e+00,-3.498743282069984861e-01,-1.556892393715809453e+00,-2.706317785885480998e+00,3.455142741468136824e-02,2.235801669755947685e-02,-2.366337764185497683e-01,1.380514162485015017e+00,-4.811070888540733836e-01,-1.562126703509479020e+00
-1.663798949286148243e+00,-3.498743282069984861e-01,-1.556892393715809453e+00,-2.706317785885480998e+00,3.455142741468136824e-02,-1.928634460739568068e-01,-2.366337764185497683e-01,1.380514162485015017e+00,-4.811070888540733836e-01,-1.562126703509479020e+00
-1.663798949286148243e+00,-3.498743282069984861e-01,-1.556892393715809453e+00,-2.706317785885480998e+00,3.455142741468136824e-02,-1.928634460739568068e-01,-2.366337764185497683e-01,1.380514162485015017e+00,-4.811070888540733836e-01,-1.562126703509479020e+00
-1.663798949286148243e+00,-3.498743282069984861e-01,-1.556892393715809453e+00,-2.706317785885480998e+00,3.455142741468136824e-02,-1.928634460739568068e-01,-2.379691517282674917e-01,1.380514162485015017e+00,-4.811070888540733836e-01,-1.562126703509479020e+00
-1.663798949286148243e+00,-3.498743282069984861e-01,-1.556892393715809453e+00,-2.706317785885480998e+00,3.455142741468136824e-02,-1.928634460739568068e-01,-2.379691517282674917e-01,2.175791580005570491e-01,-4.811070888540733836e-01,-1.562126703509479020e+00
-1.663798949286148243e+00,-3.498743282069984861e-01,-1.556892393715809453e+00,-2.706317785885480998e+00,3.455142741468136824e-02,-1.928634460739568068e-01,-2.379691517282674917e-01,2.175791580005570491e-01,-4.811070888540733836e-01,-1.562126703509479020e+00
-1.663798949286148243e+00,-3.498743282069984861e-01,-1.556892393715809453e+00,-2.706317785885480998e+00,3.455142741468136824e-02,-1.928634460739568068e-01,-2.568032626782791872e-01,2.175791580005570491e-01,-4.811070888540733836e-01,-1.562126703509479020e+00
-1.663798949286148243e+00,-3.498743282069984861e-01,-1.556892393715809453e+00,-2.706317785885480998e+00,3.455142741468136824e-02,-1.928634460739568068e-01,-2.568032626782791872e-01,2.175791580005570491e-01,-4.811070888540733836e-01,-1.562126703509479020e+00
-1.663798949286148243e+00,-3.498743282069984861e-01,-1.556892393715809453e+00,-2.706317785885480998e+00,3.455142741468136824e-02,-4.648143829544194028e-01,-2.679769435546877965e+00,2.175791580005570491e-01,-4.811070888540733836e-01,-1.562126703509479020e+00
-1.663798949286148243e+00,-3.498743282069984861e-01,-1.556892393715809453e+00,-2.706317785885480998e+00,3.455142741468136824e-02,-4.648143829544194028e-01,-2.679769435546877965e+00,2.175791580005570491e-01,-4.811070888540733836e-01,-1.562126703509479020e+00
-1.663798949286148243e+00,-3.498743282069984861e-01,-1.556892393715809453e+00,-2.706317785885480998e+00,3.455142741468136824e-02,-4.648143829544194028e-01,-2.679769435546877965e+00,2.175791580005570491e-01,-4.811070888540733836e-01,-1.562126703509479020e+00
-1.663798949286148243e+00,-3.498743282069984861e-01,-1.556892393715809453e+00,-2.706317785885480998e+00,3.455142741468136824e-02,-4.648143829544194028e-01,-2.679769435546877965e+00,2.175791580005570491e-01,-4.811070888540733836e-01,-1.562126703509479020e+00
-1.663798949286148243e+00,-3.498743282069984861e-01,-1.556892393715809453e+00,-2.706317785885480998e+00,3.455142741468136824e-02,-4.648143829544194028e-01,-2.679769435546877965e+00,2.175791580005570491e-01,-4.811070888540733836e-01,-1.562126703509479020e+00
-2.539402946797715277e+00,-3.498743282069984861e-01,-1.556892393715809453e+00,-2.706317785885480998e+00,3.455142741468136824e-02,-4.648143829544194028e-01,-2.679769435546877965e+00,2.175791580005570491e-01,-4.811070888540733836e-01,-1.562126703509479020e+00
-2.539402946797715277e+00,-3.498743282069984861e-01,-1.556892393715809453e+00,-2.706317785885480998e+00,3.455142741468136824e-02,-6.930328737606412659e-01,-2.679769435546877965e+00,2.175791580005570491e-01,-4.811070888540733836e-01,-1.562126703509479020e+00
-2.539402946797715277e+00,-3.498743282069984861e-01,-1.708888639863393788e+00,-2.706317785885480998e+00,-1.585460676828990834e-01,-6.930328737606412659e-01,-2.679769435546877965e+00,2.175791580005570491e-01,-4.811070888540733836e-01,-1.562126703509479020e+00
-2.539402946797715277e+00,-8.542948753713037746e-01,-1.708888639863393788e+00,-2.706317785885480998e+00,-1.585460676828990834e-01,-6.930328737606412659e-01,-2.679769435546877965e+00,2.175791580005570491e-01,-4.811070888540733836e-01,-1.562126703509479020e+00
-2.539402946797715277e+00,-1.360270357391859308e+00,-1.708888639863393788e+00,-2.706317785885480998e+00,-1.585460676828990834e-01,-6.930328737606412659e-01,-2.679769435546877965e+00,2.175791580005570491e-01,-4.811070888540733836e-01,-1.572251022678684551e+00
-2.539402946797715277e+00,-1.360270357391859308e+00,-1.708888639863393788e+00,-2.706317785885480998e+00,-1.585460676828990834e-01,-1.043293584208766722e+00,-2.679769435546877965e+00,2.175791580005570491e-01,-4.811070888540733836e-01,-1.572251022678684551e+00
-2.539402946797715277e+00,-1.360270357391859308e+00,-1.708888639863393788e+00,-2.706317785885480998e+00,-1.585460676828990834e-01,-1.043293584208766722e+00,-2.679769435546877965e+00,-6.875507892078117078e-02,-7.684466758206331960e-01,-1.572251022678684551e+00
-2.539402946797715277e+00,-1.360270357391859308e+00,-1.708888639863393788e+00,-2.829610376884197809e+00,-1.585460676828990834e-01,-1.043293584208766722e+00,-2.679769435546877965e+00,-6.875507892078117078e-02,-7.684466758206331960e-01,-1.572251022678684551e+00
-2.539402946797715277e+00,-1.360270357391859308e+00,-1.708888639863393788e+00,-2.829610376884197809e+00,-1.585460676828990834e-01,-1.043293584208766722e+00,-2.679769435546877965e+00,-6.875507892078117078e-02,-7.684466758206331960e-01,-1.572251022678684551e+00
-2.539402946797715277e+00,-1.360270357391859308e+00,-1.708888639863393788e+00,-2.829610376884197809e+00,-1.585460676828990834e-01,-1.043293584208766722e+00,-2.679769435546877965e+00,-6.875507892078117078e-02,-7.684466758206331960e-01,-1.572251022678684551e+00
-2.539402946797715277e+00,-1.360270357391859308e+00,-1.708888639863393788e+00,-2.829610376884197809e+00,-1.585460676828990834e-01,-1.043293584208766722e+00,-2.679769435546877965e+00,-6.875507892078117078e-02,-7.684466758206331960e-01,-1.572251022678684551e+00
-2.539402946797715277e+00,-1.360270357391859308e+00,-1.708888639863393788e+00,-2.829610376884197809e+00,-1.585460676828990834e-01,-1.043293584208766722e+00,-2.679769435546877965e+00,-6.875507892078117078e-02,-7.684466758206331960e-01,-1.572251022678684551e+00
-2.539402946797715277e+00,-1.608861506482025527e+00,-1.708888639863393788e+00,-2.829610376884197809e+00,-1.585460676828990834e-01,-1.043293584208766722e+00,-2.679769435546877965e+00,-6.875507892078117078e-02,-7.684466758206331960e-01,-1.572251022678684551e+00
-2.539402946797715277e+00,-1.608861506482025527e+00,-1.708888639863393788e+00,-2.829610376884197809e+00,-1.585460676828990834e-01,-1.043293584208766722e+00,-2.679769435546877965e+00,-6.875507892078117078e-02,-7.684466758206331960e-01,-1.572251022678684551e+00
-2.539402946797715277e+00,-1.608861506482025527e+00,-1.708888639863393788e+00,-2.829610376884197809e+00,-1.585460676828990834e-01,-1.043293584208766722e+00,-2.679769435546877965e+00,-1.924937439528212058e-01,-7.684466758206331960e-01,-1.572251022678684551e+00
-2.539402946797715277e+00,-1.608861506482025527e+00,-1.708888639863393788e+00,-2.829610376884197809e+00,-1.585460676828990834e-01,-1.043293584208766722e+00,-2.679769435546877965e+00,-1.924937439528212058e-01,-7.684466758206331960e-01,-1.572251022678684551e+00
-2.539402946797715277e+00,-1.608861506482025527e+00,-1.708888639863393788e+00,-2.829610376884197809e+00,-1.585460676828990834e-01,-1.043293584208766722e+00,-2.679769435546877965e+00,-1.924937439528212058e-01,-7.684466758206331960e-01,-1.572251022678684551e+00
-2.539402946797715277e+00,-1.608861506482025527e+00,-1.708888639863393788e+00,-2.829610376884197809e+00,-1.585460676828990834e-01,-1.043293584208766722e+00,-2.679769435546877965e+00,-1.924937439528212058e-01,-7.684466758206331960e-01,-1.572251022678684551e+00
-2.539402946797715277e+00,-1.608861506482025527e+00,-1.708888639863393788e+00,-2.829610376884197809e+00,-1.585460676828990834e-01,-1.043293584208766722e+00,-2.679769435546877965e+00,-1.924937439528212058e-01,-7.684466758206331960e-01,-1.572251022678684551e+00
-2.539402946797715277e+00,-1.608861506482025527e+00,-1.708888639863393788e+00,-2.829610376884197809e+00,-1.585460676828990834e-01,-1.043293584208766722e+00,-2.679769435546877965e+00,-1.924937439528212058e-01,-7.684466758206331960e-01,-1.868938311509096728e+00
-2.539402946797715277e+00,-1.608861506482025527e+00,-1.708888639863393788e+00,-2.829610376884197809e+00,-1.585460676828990834e-01,-1.043293584208766722e+00,-2.679769435546877965e+00,-1.924937439528212058e-01,-7.684466758206331960e-01,-1.868938311509096728e+00
-2.539402946797715277e+00,-1.608861506482025527e+00,-1.708888639863393788e+00,-2.829610376884197809e+00,-1.585460676828990834e-01,-1.043293584208766722e+00,-2.679769435546877965e+00,-1.924937439528212058e-01,-7.684466758206331960e-01,-1.868938311509096728e+00
-2.539402946797715277e+00,-1.608861506482025527e+00,-1.869363332180911552e+00,-2.829610376884197809e+00,-1.585460676828990834e-01,-1.043293584208766722e+00,-2.679769435546877965e+00,-1.924937439528212058e-01,-7.684466758206331960e-01,-1.868938311509096728e+00
-2.539402946797715277e+00,-1.608861506482025527e+00,-1.869363332180911552e+00,-2.829610376884197809e+00,-1.585460676828990834e-01,-1.043293584208766722e+00,-2.679769435546877965e+00,-1.924937439528212058e-01,-7.684466758206331960e-01,-1.868938311509096728e+00
-2.539402946797715277e+00,-1.608861506482025527e+00,-1.869363332180911552e+00,-2.829610376884197809e+00,-1.585460676828990834e-01,-1.043293584208766722e+00,-2.679769435546877965e+00,-1.924937439528212058e-01,-7.684466758206331960e-01,-1.868938311509096728e+00
-2.539402946797715277e+00,-1.608861506482025527e+00,-1.869363332180911552e+00,-2.829610376884197809e+00,-1.585460676828990834e-01,-1.043293584208766722e+00,-2.679769435546877965e+00,-1.924937439528212058e-01,-7.684466758206331960e-01,-1.868938311509096728e+00
-2.539402946797715277e+00,-1.608861506482025527e+00,-1.869363332180911552e+00,-2.829610376884197809e+00,-1.585460676828990834e-01,-1.043293584208766722e+00,-2.679769435546877965e+00,-1.924937439528212058e-01,-7.684466758206331960e-01,-1.868938311509096728e+00
-2.539402946797715277e+00,-1.608861506482025527e+00,-1.869363332180911552e+00,-2.829610376884197809e+00,-1.585460676828990834e-01,-1.043293584208766722e+00,-2.679769435546877965e+00,-1.924937439528212058e-01,-7.684466758206331960e-01,-1.868938311509096728e+00
-2.539402946797715277e+00,-1.608861506482025527e+00,-1.869363332180911552e+00,-2.829610376884197809e+00,-1.585460676828990834e-01,-1.043293584208766722e+00,-2.679769435546877965e+00,-1.924937439528212058e-01,-7.684466758206331960e-01,-1.868938311509096728e+00
-2.539402946797715277e+00,-1.608861506482025527e+00,-1.869363332180911552e+00,-2.829610376884197809e+00,-1.585460676828990834e-01,-1.043293584208766722e+00,-2.679769435546877965e+00,-1.924937439528212058e-01,-7.684466758206331960e-01,-1.868938311509096728e+00
-2.539402946797715277e+00,-1.608861506482025527e+00,-1.869363332180911552e+00,-2.829610376884197809e+00,-1.585460676828990834e-01,-1.043293584208766722e+00,-2.679769435546877965e+00,-1.924937439528212058e-01,-7.684466758206331960e-01,-1.868938311509096728e+00
-2.539402946797715277e+00,-1.608861506482025527e+00,-1.869363332180911552e+00,-2.829610376884197809e+00,-1.585460676828990834e-01,-1.043293584208766722e+00,-2.679769435546877965e+00,-1.924937439528212058e-01,-7.684466758206331960e-01,-1.868938311509096728e+00
-2.539402946797715277e+00,-1.608861506482025527e+00,-1.869363332180911552e+00,-2.829610376884197809e+00,-1.585460676828990834e-01,-1.043293584208766722e+00,-2.679769435546877965e+00,-2.556850162901777024e-01,-7.684466758206331960e-01,-1.868938311509096728e+00
-2.539402946797715277e+00,-1.608861506482025527e+00,-1.869363332180911552e+00,-2.829610376884197809e+00,-1.585460676828990834e-01,-1.110863104050172412e+00,-2.679769435546877965e+00,-2.556850162901777024e-01,-7.684466758206331960e-01,-1.868938311509096728e+00
-2.539402946797715277e+00,-1.608861506482025527e+00,-1.869363332180911552e+00,-2.829610376884197809e+00,-1.585460676828990834e-01,-1.904743971986006423e+00,-2.679769435546877965e+00,-2.556850162901777024e-01,-7.684466758206331960e-01,-1.868938311509096728e+00
-2.539402946797715277e+00,-1.608861506482025527e+00,-1.869363332180911552e+00,-2.829610376884197809e+00,-1.585460676828990834e-01,-1.904743971986006423e+00,-2.679769435546877965e+00,-2.556850162901777024e-01,-7.684466758206331960e-01,-1.868938311509096728e+00
-2.539402946797715277e+00,-1.608861506482025527e+00,-1.869363332180911552e+00,-2.829610376884197809e+00,-1.585460676828990834e-01,-1.967831462967951639e+00,-2.679769435546877965e+00,-2.556850162901777024e-01,-7.684466758206331960e-01,-1.868938311509096728e+00
-2.539402946797715277e+00,-1.608861506482025527e+00,-1.869363332180911552e+00,-2.829610376884197809e+00,-1.585460676828990834e-01,-1.967831462967951639e+00,-2.679769435546877965e+00,-2.556850162901777024e-01,-1.228684028188741229e+00,-1.868938311509096728e+00
-2.539402946797715277e+00,-1.608861506482025527e+00,-1.869363332180911552e+00,-2.829610376884197809e+00,-1.585460676828990834e-01,-1.967831462967951639e+00,-2.679769435546877965e+00,-2.556850162901777024e-01,-1.228684028188741229e+00,-1.868938311509096728e+00
-2.539402946797715277e+00,-1.608861506482025527e+00,-1.869363332180911552e+00,-2.829610376884197809e+00,-1.585460676828990834e-01,-2.356087889282176828e+00,-2.679769435546877965e+00,-2.556850162901777024e-01,-1.228684028188741229e+00,-1.868938311509096728e+00
-2.539402946797715277e+00,-1.608861506482025527e+00,-1.869363332180911552e+00,-2.829610376884197809e+00,-1.585460676828990834e-01,-2.356087889282176828e+00,-2.679769435546877965e+00,-2.556850162901777024e-01,-1.228684028188741229e+00,-1.868938311509096728e+00
-2.539402946797715277e+00,-1.608861506482025527e+00,-1.869363332180911552e+00,-2.829610376884197809e+00,-1.585460676828990834e-01,-2.356087889282176828e+00,-2.679769435546877965e+00,-2.556850162901777024e-01,-1.228684028188741229e+00,-1.868938311509096728e+00
-2.539402946797715277e+00,-1.608861506482025527e+00,-1.869363332180911552e+00,-2.829610376884197809e+00,-1.585460676828990834e-01,-2.356087889282176828e+00,-2.679769435546877965e+00,-2.556850162901777024e-01,-1.228684028188741229e+00,-1.868938311509096728e+00
-2.539402946797715277e+00,-1.608861506482025527e+00,-1.869363332180911552e+00,-2.829610376884197809e+00,-1.585460676828990834e-01,-2.356087889282176828e+00,-2.679769435546877965e+00,-2.556850162901777024e-01,-1.228684028188741229e+00,-1.868938311509096728e+00
-2.539402946797715277e+00,-1.608861506482025527e+00,-1.869363332180911552e+00,-2.829610376884197809e+00,-1.585460676828990834e-01,-2.356087889282176828e+00,-2.679769435546877965e+00,-2.556850162901777024e-01,-1.228684028188741229e+00,-1.868938311509096728e+00
-2.539402946797715277e+00,-1.608861506482025527e+00,-1.869363332180911552e+00,-2.829610376884197809e+00,-7.714376737992756361e-01,-2.769497554216818536e+00,-2.679769435546877965e+00,-2.556850162901777024e-01,-1.228684028188741229e+00,-1.868938311509096728e+00
-2.539402946797715277e+00,-1.608861506482025527e+00,-1.869363332180911552e+00,-2.829610376884197809e+00,-7.755433337947011951e-01,-2.769497554216818536e+00,-3.290238973268047928e+00,-2.556850162901777024e-01,-1.228684028188741229e+00,-1.868938311509096728e+00
-2.539402946797715277e+00,-1.608861506482025527e+00,-1.869363332180911552e+00,-2.922515321200599647e+00,-7.755433337947011951e-01,-2.769497554216818536e+00,-3.290238973268047928e+00,-2.556850162901777024e-01,-1.228684028188741229e+00,-1.868938311509096728e+00
-2.539402946797715277e+00,-1.608861506482025527e+00,-1.869363332180911552e+00,-2.922515321200599647e+00,-7.755433337947011951e-01,-2.769497554216818536e+00,-3.290238973268047928e+00,-7.143181327332810415e-01,-1.228684028188741229e+00,-1.868938311509096728e+00
-2.636818703665225971e+00,-1.608861506482025527e+00,-1.869363332180911552e+00,-2.922515321200599647e+00,-7.755433337947011951e-01,-2.769497554216818536e+00,-3.290238973268047928e+00,-7.143181327332810415e-01,-1.228684028188741229e+00,-1.868938311509096728e+00
-2.636818703665225971e+00,-1.608861506482025527e+00,-1.869363332180911552e+00,-2.922515321200599647e+00,-7.755433337947011951e-01,-2.769497554216818536e+00,-3.290238973268047928e+00,-7.143181327332810415e-01,-1.228684028188741229e+00,-1.868938311509096728e+00
-2.636818703665225971e+00,-1.608861506482025527e+00,-1.869363332180911552e+00,-2.922515321200599647e+00,-7.755433337947011951e-01,-2.769497554216818536e+00,-3.290238973268047928e+00,-7.143181327332810415e-01,-1.228684028188741229e+00,-1.868938311509096728e+00
-2.636818703665225971e+00,-1.608861506482025527e+00,-1.869363332180911552e+00,-2.922515321200599647e+00,-1.580492280282494777e+00,-2.769497554216818536e+00,-3.290238973268047928e+00,-7.143181327332810415e-01,-1.228684028188741229e+00,-1.868938311509096728e+00
-2.636818703665225971e+00,-1.608861506482025527e+00,-1.869363332180911552e+00,-2.922515321200599647e+00,-1.580492280282494777e+00,-2.769497554216818536e+00,-3.290238973268047928e+00,-7.143181327332810415e-01,-1.228684028188741229e+00,-1.868938311509096728e+00
-2.636818703665225971e+00,-1.608861506482025527e+00,-1.869363332180911552e+00,-2.922515321200599647e+00,-1.580492280282494777e+00,-2.769497554216818536e+00,-3.290238973268047928e+00,-7.143181327332810415e-01,-1.228684028188741229e+00,-1.868938311509096728e+00
-2.636818703665225971e+00,-1.608861506482025527e+00,-1.869363332180911552e+00,-2.922515321200599647e+00,-1.580492280282494777e+00,-2.769497554216818536e+00,-3.290238973268047928e+00,-7.143181327332810415e-01,-1.228684028188741229e+00,-1.868938311509096728e+00
-2.636818703665225971e+00,-1.608861506482025527e+00,-1.869363332180911552e+00,-2.922515321200599647e+00,-1.580492280282494777e+00,-2.769497554216818536e+00,-3.290238973268047928e+00,-7.143181327332810415e-01,-1.228684028188741229e+00,-1.868938311509096728e+00
-2.636818703665225971e+00,-1.608861506482025527e+00,-1.869363332180911552e+00,-2.922515321200599647e+00,-1.580492280282494777e+00,-2.769497554216818536e+00,-3.290238973268047928e+00,-7.143181327332810415e-01,-1.228684028188741229e+00,-1.868938311509096728e+00
-2.636818703665225971e+00,-1.608861506482025527e+00,-1.869363332180911552e+00,-2.922515321200599647e+00,-1.580492280282494777e+00,-2.769497554216818536e+00,-3.290238973268047928e+00,-7.143181327332810415e-01,-1.228684028188741229e+00,-1.868938311509096728e+00
-2.636818703665225971e+00,-1.608861506482025527e+00,-1.869363332180911552e+00,-2.922515321200599647e+00,-1.580492280282494777e+00,-2.769497554216818536e+00,-3.290238973268047928e+00,-7.143181327332810415e-01,-1.228684028188741229e+00,-1.868938311509096728e+00
-2.636818703665225971e+00,-1.608861506482025527e+00,-1.869363332180911552e+00,-2.922515321200599647e+00,-1.580492280282494777e+00,-2.769497554216818536e+00,-3.290238973268047928e+00,-7.143181327332810415e-01,-1.228684028188741229e+00,-1.868938311509096728e+00
-2.636818703665225971e+00,-1.608861506482025527e+00,-1.869363332180911552e+00,-2.922515321200599647e+00,-1.580492280282494777e+00,-2.769497554216818536e+00,-3.290238973268047928e+00,-7.143181327332810415e-01,-1.228684028188741229e+00,-1.912698836722028117e+00
-2.636818703665225971e+00,-1.608861506482025527e+00,-1.869363332180911552e+00,-2.922515321200599647e+00,-1.580492280282494777e+00,-2.769497554216818536e+00,-3.290238973268047928e+00,-7.143181327332810415e-01,-1.228684028188741229e+00,-1.912698836722028117e+00
-2.701096360007132713e+00,-1.895468269920621118e+00,-1.869363332180911552e+00,-2.922515321200599647e+00,-1.580492280282494777e+00,-2.769497554216818536e+00,-3.290238973268047928e+00,-7.143181327332810415e-01,-1.228684028188741229e+00,-1.912698836722028117e+00
-2.701096360007132713e+00,-1.895468269920621118e+00,-1.869363332180911552e+00,-2.922515321200599647e+00,-1.580492280282494777e+00,-2.769497554216818536e+00,-3.290238973268047928e+00,-7.143181327332810415e-01,-1.228684028188741229e+00,-1.912698836722028117e+00
-2.837691549699680404e+00,-1.895468269920621118e+00,-1.869363332180911552e+00,-2.922515321200599647e+00,-1.580492280282494777e+00,-2.769497554216818536e+00,-3.290238973268047928e+00,-7.143181327332810415e-01,-1.228684028188741229e+00,-1.912698836722028117e+00
-2.837691549699680404e+00,-1.895468269920621118e+00,-1.869363332180911552e+00,-2.922515321200599647e+00,-1.580492280282494777e+00,-2.769497554216818536e+00,-3.290238973268047928e+00,-7.143181327332810415e-01,-1.228684028188741229e+00,-1.912698836722028117e+00
-2.837691549699680404e+00,-1.895468269920621118e+00,-1.869363332180911552e+00,-2.922515321200599647e+00,-1.580492280282494777e+00,-2.769497554216818536e+00,-3.290238973268047928e+00,-7.143181327332810415e-01,-1.228684028188741229e+00,-1.912698836722028117e+00
-2.837691549699680404e+00,-1.895468269920621118e+00,-1.869363332180911552e+00,-2.922515321200599647e+00,-1.580492280282494777e+00,-2.769497554216818536e+00,-3.290238973268047928e+00,-7.143181327332810415e-01,-1.228684028188741229e+00,-1.912698836722028117e+00
-3.452166914286406207e+00,-1.895468269920621118e+00,-1.869363332180911552e+00,-2.922515321200599647e+00,-1.580492280282494777e+00,-2.769497554216818536e+00,-3.290238973268047928e+00,-7.143181327332810415e-01,-1.228684028188741229e+00,-1.912698836722028117e+00
-3.452166914286406207e+00,-1.895468269920621118e+00,-1.869363332180911552e+00,-2.922515321200599647e+00,-1.580492280282494777e+00,-2.937575387586082609e+00,-3.290238973268047928e+00,-7.143181327332810415e-01,-1.228684028188741229e+00,-1.946805862456784109e+00
-3.452166914286406207e+00,-1.895468269920621118e+00,-1.869363332180911552e+00,-2.922515321200599647e+00,-1.580492280282494777e+00,-2.937575387586082609e+00,-3.290238973268047928e+00,-7.143181327332810415e-01,-1.228684028188741229e+00,-1.946805862456784109e+00
-3.452166914286406207e+00,-1.895468269920621118e+00,-1.869363332180911552e+00,-2.922515321200599647e+00,-1.580492280282494777e+00,-2.937575387586082609e+00,-3.290238973268047928e+00,-7.143181327332810415e-01,-1.228684028188741229e+00,-1.946805862456784109e+00
-3.452166914286406207e+00,-1.895468269920621118e+00,-1.869363332180911552e+00,-2.922515321200599647e+00,-1.580492280282494777e+00,-2.937575387586082609e+00,-3.290238973268047928e+00,-7.143181327332810415e-01,-1.228684028188741229e+00,-1.946805862456784109e+00
-3.452166914286406207e+00,-1.895468269920621118e+00,-1.869363332180911552e+00,-2.922515321200599647e+00,-1.580492280282494777e+00,-2.937575387586082609e+00,-3.290238973268047928e+00,-7.143181327332810415e-01,-1.228684028188741229e+00,-1.946805862456784109e+00
-3.452166914286406207e+00,-1.895468269920621118e+00,-1.869363332180911552e+00,-2.922515321200599647e+00,-1.580492280282494777e+00,-2.937575387586082609e+00,-3.290238973268047928e+00,-7.143181327332810415e-01,-1.228684028188741229e+00,-1.946805862456784109e+00
-3.452166914286406207e+00,-1.895468269920621118e+00,-1.869363332180911552e+00,-2.922515321200599647e+00,-1.580492280282494777e+00,-2.937575387586082609e+00,-3.290238973268047928e+00,-7.143181327332810415e-01,-1.228684028188741229e+00,-1.946805862456784109e+00
-3.452166914286406207e+00,-1.895468269920621118e+00,-1.869363332180911552e+00,-2.922515321200599647e+00,-1.580492280282494777e+00,-2.937575387586082609e+00,-3.290238973268047928e+00,-7.143181327332810415e-01,-1.228684028188741229e+00,-1.946805862456784109e+00
-3.452166914286406207e+00,-1.895468269920621118e+00,-1.869363332180911552e+00,-2.922515321200599647e+00,-1.580492280282494777e+00,-2.937575387586082609e+00,-3.290238973268047928e+00,-7.143181327332810415e-01,-1.228684028188741229e+00,-1.946805862456784109e+00
-3.452166914286406207e+00,-1.895468269920621118e+00,-1.869363332180911552e+00,-2.922515321200599647e+00,-1.580492280282494777e+00,-2.937575387586082609e+00,-3.290238973268047928e+00,-7.143181327332810415e-01,-1.228684028188741229e+00,-1.946805862456784109e+00
-3.452166914286406207e+00,-1.895468269920621118e+00,-1.869363332180911552e+00,-2.922515321200599647e+00,-1.580492280282494777e+00,-2.937575387586082609e+00,-3.290238973268047928e+00,-7.143181327332810415e-01,-1.228684028188741229e+00,-1.946805862456784109e+00
-3.452166914286406207e+00,-1.895468269920621118e+00,-1.869363332180911552e+00,-2.922515321200599647e+00,-1.580492280282494777e+00,-2.937575387586082609e+00,-3.290238973268047928e+00,-7.143181327332810415e-01,-1.228684028188741229e+00,-1.946805862456784109e+00
-3.452166914286406207e+00,-1.895468269920621118e+00,-1.869363332180911552e+00,-2.922515321200599647e+00,-1.580492280282494777e+00,-2.937575387586082609e+00,-3.290238973268047928e+00,-7.143181327332810415e-01,-1.228684028188741229e+00,-1.946805862456784109e+00
-3.452166914286406207e+00,-1.895468269920621118e+00,-1.869363332180911552e+00,-2.922515321200599647e+00,-1.580492280282494777e+00,-2.937575387586082609e+00,-3.290238973268047928e+00,-7.143181327332810415e-01,-1.228684028188741229e+00,-1.946805862456784109e+00
-3.452166914286406207e+00,-1.895468269920621118e+00,-1.869363332180911552e+00,-2.922515321200599647e+00,-1.580492280282494777e+00,-2.937575387586082609e+00,-3.290238973268047928e+00,-7.143181327332810415e-01,-1.228684028188741229e+00,-1.946805862456784109e+00
-3.452166914286406207e+00,-1.895468269920621118e+00,-1.869363332180911552e+00,-2.922515321200599647e+00,-1.580492280282494777e+00,-2.937575387586082609e+00,-3.290238973268047928e+00,-7.143181327332810415e-01,-1.228684028188741229e+00,-1.946805862456784109e+00
-3.452166914286406207e+00,-1.895468269920621118e+00,-1.998490750418272066e+00,-2.922515321200599647e+00,-1.580492280282494777e+00,-3.248511936791911303e+00,-3.290238973268047928e+00,-7.143181327332810415e-01,-1.228684028188741229e+00,-1.946805862456784109e+00
-3.452166914286406207e+00,-1.895468269920621118e+00,-1.998490750418272066e+00,-2.922515321200599647e+00,-1.580492280282494777e+00,-3.248511936791911303e+00,-3.290238973268047928e+00,-7.143181327332810415e-01,-1.228684028188741229e+00,-1.946805862456784109e+00
-3.452166914286406207e+00,-1.895468269920621118e+00,-1.998490750418272066e+00,-2.922515321200599647e+00,-1.580492280282494777e+00,-3.248511936791911303e+00,-3.290238973268047928e+00,-7.143181327332810415e-01,-1.228684028188741229e+00,-1.946805862456784109e+00
-3.452166914286406207e+00,-1.895468269920621118e+00,-1.998490750418272066e+00,-2.922515321200599647e+00,-1.580492280282494777e+00,-3.248511936791911303e+00,-3.290238973268047928e+00,-7.143181327332810415e-01,-1.228684028188741229e+00,-1.946805862456784109e+00
-3.452166914286406207e+00,-1.895468269920621118e+00,-1.998490750418272066e+00,-2.922515321200599647e+00,-1.580492280282494777e+00,-3.248511936791911303e+00,-3.290238973268047928e+00,-7.143181327332810415e-01,-1.228684028188741229e+00,-1.946805862456784109e+00
-3.452166914286406207e+00,-1.895468269920621118e+00,-1.998490750418272066e+00,-3.041258620484397657e+00,-1.805182819553923013e+00,-3.248511936791911303e+00,-3.290238973268047928e+00,-7.143181327332810415e-01,-1.228684028188741229e+00,-1.946805862456784109e+00
-3.452166914286406207e+00,-1.895468269920621118e+00,-1.998490750418272066e+00,-3.041258620484397657e+00,-1.805182819553923013e+00,-3.248511936791911303e+00,-3.290238973268047928e+00,-7.143181327332810415e-01,-1.228684028188741229e+00,-1.946805862456784109e+00
-3.452166914286406207e+00,-1.895468269920621118e+00,-2.057833716717432537e+00,-3.041258620484397657e+00,-1.805182819553923013e+00,-3.248511936791911303e+00,-3.290238973268047928e+00,-7.143181327332810415e-01,-1.228684028188741229e+00,-1.946805862456784109e+00
-3.452166914286406207e+00,-1.895468269920621118e+00,-2.057833716717432537e+00,-3.041258620484397657e+00,-1.805182819553923013e+00,-3.248511936791911303e+00,-3.290238973268047928e+00,-7.143181327332810415e-01,-1.228684028188741229e+00,-1.946805862456784109e+00
-3.452166914286406207e+00,-1.895468269920621118e+00,-2.057833716717432537e+00,-3.041258620484397657e+00,-1.805182819553923013e+00,-3.248511936791911303e+00,-3.290238973268047928e+00,-7.143181327332810415e-01,-1.228684028188741229e+00,-1.946805862456784109e+00
-3.452166914286406207e+00,-1.895468269920621118e+00,-2.057833716717432537e+00,-3.041258620484397657e+00,-1.805182819553923013e+00,-3.248511936791911303e+00,-3.290238973268047928e+00,-7.143181327332810415e-01,-1.228684028188741229e+00,-1.946805862456784109e+00
-3.452166914286406207e+00,-1.895468269920621118e+00,-2.057833716717432537e+00,-3.041258620484397657e+00,-1.805182819553923013e+00,-3.248511936791911303e+00,-3.290238973268047928e+00,-7.143181327332810415e-01,-1.228684028188741229e+00,-1.946805862456784109e+00
-3.452166914286406207e+00,-1.895468269920621118e+00,-2.057833716717432537e+00,-3.041258620484397657e+00,-1.805182819553923013e+00,-3.248511936791911303e+00,-3.290238973268047928e+00,-7.143181327332810415e-01,-1.228684028188741229e+00,-1.946805862456784109e+00
-3.452166914286406207e+00,-1.895468269920621118e+00,-2.057833716717432537e+00,-3.041258620484397657e+00,-1.805182819553923013e+00,-3.248511936791911303e+00,-3.290238973268047928e+00,-8.584162572998746965e-01,-1.228684028188741229e+00,-1.946805862456784109e+00
-3.452166914286406207e+00,-1.895468269920621118e+00,-2.057833716717432537e+00,-3.041258620484397657e+00,-2.447030321545122344e+00,-3.248511936791911303e+00,-3.290238973268047928e+00,-8.584162572998746965e-01,-1.228684028188741229e+00,-1.946805862456784109e+00
-3.452166914286406207e+00,-1.895468269920621118e+00,-2.057833716717432537e+00,-3.041258620484397657e+00,-2.447030321545122344e+00,-3.248511936791911303e+00,-3.290238973268047928e+00,-8.584162572998746965e-01,-1.228684028188741229e+00,-1.946805862456784109e+00
-3.452166914286406207e+00,-1.895468269920621118e+00,-2.057833716717432537e+00,-3.041258620484397657e+00,-2.447030321545122344e+00,-3.248511936791911303e+00,-3.290238973268047928e+00,-8.584162572998746965e-01,-1.228684028188741229e+00,-1.946805862456784109e+00
-3.452166914286406207e+00,-1.895468269920621118e+00,-2.057833716717432537e+00,-3.041258620484397657e+00,-2.447030321545122344e+00,-3.248511936791911303e+00,-3.290238973268047928e+00,-8.584162572998746965e-01,-1.228684028188741229e+00,-1.946805862456784109e+00
-3.452166914286406207e+00,-1.895468269920621118e+00,-2.057833716717432537e+00,-3.041258620484397657e+00,-2.447030321545122344e+00,-3.248511936791911303e+00,-3.290238973268047928e+00,-8.584162572998746965e-01,-1.228684028188741229e+00,-1.946805862456784109e+00
-3.452166914286406207e+00,-1.895468269920621118e+00,-2.057833716717432537e+00,-3.041258620484397657e+00,-2.447030321545122344e+00,-3.248511936791911303e+00,-3.290238973268047928e+00,-8.584162572998746965e-01,-1.228684028188741229e+00,-1.946805862456784109e+00
-3.452166914286406207e+00,-1.895468269920621118e+00,-2.057833716717432537e+00,-3.041258620484397657e+00,-2.447030321545122344e+00,-3.248511936791911303e+00,-3.290238973268047928e+00,-8.584162572998746965e-01,-1.228684028188741229e+00,-1.946805862456784109e+00
-3.452166914286406207e+00,-1.895468269920621118e+00,-2.057833716717432537e+00,-3.041258620484397657e+00,-2.447030321545122344e+00,-3.248511936791911303e+00,-3.290238973268047928e+00,-8.584162572998746965e-01,-1.228684028188741229e+00,-1.946805862456784109e+00
-3.452166914286406207e+00,-1.895468269920621118e+00,-2.057833716717432537e+00,-3.041258620484397657e+00,-2.447030321545122344e+00,-3.248511936791911303e+00,-3.290238973268047928e+00,-8.584162572998746965e-01,-1.228684028188741229e+00,-1.946805862456784109e+00
-3.452166914286406207e+00,-1.895468269920621118e+00,-2.057833716717432537e+00,-3.041258620484397657e+00,-2.447030321545122344e+00,-3.248511936791911303e+00,-3.290238973268047928e+00,-8.584162572998746965e-01,-1.228684028188741229e+00,-1.946805862456784109e+00
-3.452166914286406207e+00,-1.895468269920621118e+00,-2.057833716717432537e+00,-3.041258620484397657e+00,-2.447030321545122344e+00,-3.248511936791911303e+00,-3.290238973268047928e+00,-8.584162572998746965e-01,-1.228684028188741229e+00,-1.946805862456784109e+00
-3.452166914286406207e+00,-1.895468269920621118e+00,-2.057833716717432537e+00,-3.041258620484397657e+00,-2.447030321545122344e+00,-3.248511936791911303e+00,-3.290238973268047928e+00,-9.452651783085008752e-01,-2.170181473028804930e+00,-1.946805862456784109e+00
-3.452166914286406207e+00,-1.895468269920621118e+00,-2.057833716717432537e+00,-3.041258620484397657e+00,-2.522604200345932579e+00,-3.248511936791911303e+00,-3.290238973268047928e+00,-9.452651783085008752e-01,-2.170181473028804930e+00,-1.946805862456784109e+00
-3.452166914286406207e+00,-1.895468269920621118e+00,-2.057833716717432537e+00,-3.041258620484397657e+00,-2.522604200345932579e+00,-3.248511936791911303e+00,-3.290238973268047928e+00,-9.452651783085008752e-01,-2.170181473028804930e+00,-1.946805862456784109e+00
-3.452166914286406207e+00,-1.895468269920621118e+00,-2.057833716717432537e+00,-3.041258620484397657e+00,-2.522604200345932579e+00,-3.248511936791911303e+00,-3.290238973268047928e+00,-9.452651783085008752e-01,-2.170181473028804930e+00,-1.946805862456784109e+00
-3.452166914286406207e+00,-1.895468269920621118e+00,-2.057833716717432537e+00,-3.041258620484397657e+00,-2.522604200345932579e+00,-3.248511936791911303e+00,-3.290238973268047928e+00,-9.452651783085008752e-01,-2.170181473028804930e+00,-1.946805862456784109e+00
-3.452166914286406207e+00,-1.895468269920621118e+00,-2.057833716717432537e+00,-3.041258620484397657e+00,-2.522604200345932579e+00,-3.248511936791911303e+00,-3.290238973268047928e+00,-9.452651783085008752e-01,-2.170181473028804930e+00,-1.946805862456784109e+00
-3.452166914286406207e+00,-1.895468269920621118e+00,-2.057833716717432537e+00,-3.041258620484397657e+00,-2.522604200345932579e+00,-3.248511936791911303e+00,-3.290238973268047928e+00,-9.452651783085008752e-01,-2.170181473028804930e+00,-1.946805862456784109e+00
-3.452166914286406207e+00,-1.895468269920621118e+00,-2.057833716717432537e+00,-3.041258620484397657e+00,-2.522604200345932579e+00,-3.248511936791911303e+00,-3.290238973268047928e+00,-9.452651783085008752e-01,-2.170181473028804930e+00,-1.946805862456784109e+00
-3.452166914286406207e+00,-1.895468269920621118e+00,-2.057833716717432537e+00,-3.041258620484397657e+00,-2.522604200345932579e+00,-3.248511936791911303e+00,-3.290238973268047928e+00,-9.452651783085008752e-01,-2.170181473028804930e+00,-1.946805862456784109e+00
-3.452166914286406207e+00,-1.895468269920621118e+00,-2.057833716717432537e+00,-3.041258620484397657e+00,-2.522604200345932579e+00,-3.248511936791911303e+00,-3.290238973268047928e+00,-9.452651783085008752e-01,-2.170181473028804930e+00,-1.946805862456784109e+00
-3.527404031180841226e+00,-1.895468269920621118e+00,-2.057833716717432537e+00,-3.041258620484397657e+00,-2.522604200345932579e+00,-3.248511936791911303e+00,-3.290238973268047928e+00,-9.452651783085008752e-01,-2.170181473028804930e+00,-1.946805862456784109e+00
-3.527404031180841226e+00,-1.895468269920621118e+00,-2.684162029809145533e+00,-3.041258620484397657e+00,-2.522604200345932579e+00,-3.248511936791911303e+00,-3.290238973268047928e+00,-9.452651783085008752e-01,-2.170181473028804930e+00,-1.946805862456784109e+00
-3.527404031180841226e+00,-1.895468269920621118e+00,-2.684162029809145533e+00,-3.041258620484397657e+00,-2.728030195496928378e+00,-3.248511936791911303e+00,-3.290238973268047928e+00,-9.452651783085008752e-01,-2.170181473028804930e+00,-1.946805862456784109e+00
-3.527404031180841226e+00,-1.895468269920621118e+00,-2.684162029809145533e+00,-3.041258620484397657e+00,-2.728030195496928378e+00,-3.248511936791911303e+00,-3.290238973268047928e+00,-9.452651783085008752e-01,-2.170181473028804930e+00,-1.946805862456784109e+00
-3.527404031180841226e+00,-1.895468269920621118e+00,-2.684162029809145533e+00,-3.041258620484397657e+00,-2.728030195496928378e+00,-3.248511936791911303e+00,-3.290238973268047928e+00,-9.452651783085008752e-01,-2.170181473028804930e+00,-1.946805862456784109e+00
