7.005934969190050765e-01,2.526521109916386454e-01,2.579950537897005791e+00,1.406896190605384289e+00,-8.874320876887638321e-02,2.475765046370688172e+00,7.088913526382930597e-01,3.161207755480138992e+00,2.069644120687325284e+00,6.695478773143722639e-01
3.073326751054880068e-01,-3.260241396994568719e-01,-5.767337227736044625e-01,1.266034862852776000e+00,-2.784724032112444458e-01,1.720036747103280472e+00,2.691067708193622260e-02,1.583563069374245513e+00,2.069644120687325284e+00,2.691635427686385196e-01
-8.060819251841095934e-01,-3.260241396994568719e-01,-5.767337227736044625e-01,7.227542462689338088e-01,-2.784724032112444458e-01,1.720036747103280472e+00,-8.524918472425326854e-01,1.583563069374245513e+00,2.069644120687325284e+00,2.691635427686385196e-01
-8.060819251841095934e-01,-1.378105905198934389e+00,-6.839874357366276802e-01,7.227542462689338088e-01,-2.784724032112444458e-01,1.720036747103280472e+00,-8.524918472425326854e-01,-5.569663857165075421e-02,2.069644120687325284e+00,2.691635427686385196e-01
-1.063334518636016135e+00,-1.378105905198934389e+00,-8.131833063478445256e-01,7.227542462689338088e-01,-2.784724032112444458e-01,1.720036747103280472e+00,-8.524918472425326854e-01,-5.569663857165075421e-02,2.069644120687325284e+00,2.691635427686385196e-01
-1.063334518636016135e+00,-1.378105905198934389e+00,-8.131833063478445256e-01,7.227542462689338088e-01,-2.784724032112444458e-01,1.720036747103280472e+00,-8.524918472425326854e-01,-5.569663857165075421e-02,1.114384581040761324e+00,2.691635427686385196e-01
-1.063334518636016135e+00,-1.378105905198934389e+00,-8.131833063478445256e-01,7.227542462689338088e-01,-2.784724032112444458e-01,1.360950545442429327e+00,-8.524918472425326854e-01,-5.569663857165075421e-02,1.114384581040761324e+00,-4.768460479110641637e-01
-1.063334518636016135e+00,-1.378105905198934389e+00,-8.131833063478445256e-01,7.227542462689338088e-01,-2.784724032112444458e-01,1.360950545442429327e+00,-8.524918472425326854e-01,-5.569663857165075421e-02,1.114384581040761324e+00,-4.768460479110641637e-01
-1.265366610774208311e+00,-1.378105905198934389e+00,-8.131833063478445256e-01,6.887616429615542879e-01,-8.772747945984475937e-01,-2.829804139516288730e-01,-8.524918472425326854e-01,-5.569663857165075421e-02,1.114384581040761324e+00,-4.768460479110641637e-01
-1.265366610774208311e+00,-1.477531676182985754e+00,-8.131833063478445256e-01,6.887616429615542879e-01,-8.772747945984475937e-01,-2.829804139516288730e-01,-8.524918472425326854e-01,-5.569663857165075421e-02,1.114384581040761324e+00,-4.768460479110641637e-01
-1.265366610774208311e+00,-1.477531676182985754e+00,-8.131833063478445256e-01,6.887616429615542879e-01,-8.772747945984475937e-01,-3.611871995157283632e-01,-8.524918472425326854e-01,-5.569663857165075421e-02,4.472668511534791391e-01,-4.768460479110641637e-01
-1.265366610774208311e+00,-1.959025042511313819e+00,-9.487044911538056180e-01,6.887616429615542879e-01,-8.772747945984475937e-01,-5.117916067425944959e-01,-8.524918472425326854e-01,-5.569663857165075421e-02,4.472668511534791391e-01,-4.768460479110641637e-01
-1.265366610774208311e+00,-1.959025042511313819e+00,-9.487044911538056180e-01,6.887616429615542879e-01,-8.772747945984475937e-01,-5.117916067425944959e-01,-8.524918472425326854e-01,-5.569663857165075421e-02,4.472668511534791391e-01,-4.768460479110641637e-01
-1.265366610774208311e+00,-1.959025042511313819e+00,-9.487044911538056180e-01,6.887616429615542879e-01,-8.772747945984475937e-01,-1.136085585837830036e+00,-8.524918472425326854e-01,-5.569663857165075421e-02,4.472668511534791391e-01,-4.768460479110641637e-01
-1.265366610774208311e+00,-2.063277974264368986e+00,-9.487044911538056180e-01,6.887616429615542879e-01,-8.772747945984475937e-01,-1.136085585837830036e+00,-8.524918472425326854e-01,-5.569663857165075421e-02,-2.403225668082749622e-01,-4.768460479110641637e-01
-1.265366610774208311e+00,-2.597745447254115714e+00,-2.072113299053037316e+00,6.887616429615542879e-01,-8.772747945984475937e-01,-1.136085585837830036e+00,-8.524918472425326854e-01,-5.569663857165075421e-02,-7.561687585382176335e-01,-4.768460479110641637e-01
-1.265366610774208311e+00,-2.597745447254115714e+00,-2.072113299053037316e+00,6.887616429615542879e-01,-8.772747945984475937e-01,-1.136085585837830036e+00,-9.973248002289680780e-01,-5.569663857165075421e-02,-1.352123637861299965e+00,-4.768460479110641637e-01
-1.265366610774208311e+00,-2.598211432602328674e+00,-2.072113299053037316e+00,-9.987771385337855801e-01,-8.772747945984475937e-01,-1.136085585837830036e+00,-9.973248002289680780e-01,-5.569663857165075421e-02,-1.352123637861299965e+00,-4.768460479110641637e-01
-1.265366610774208311e+00,-2.598211432602328674e+00,-2.072113299053037316e+00,-9.987771385337855801e-01,-8.772747945984475937e-01,-1.136085585837830036e+00,-9.973248002289680780e-01,-5.569663857165075421e-02,-1.352123637861299965e+00,-4.768460479110641637e-01
-1.265366610774208311e+00,-2.598211432602328674e+00,-2.952650236856832588e+00,-9.987771385337855801e-01,-8.772747945984475937e-01,-1.427123348429679472e+00,-9.973248002289680780e-01,-5.569663857165075421e-02,-1.352123637861299965e+00,-4.768460479110641637e-01
-1.265366610774208311e+00,-2.598211432602328674e+00,-2.952650236856832588e+00,-9.987771385337855801e-01,-8.772747945984475937e-01,-1.427123348429679472e+00,-9.973248002289680780e-01,-5.569663857165075421e-02,-1.352123637861299965e+00,-4.768460479110641637e-01
-1.265366610774208311e+00,-2.598211432602328674e+00,-2.952650236856832588e+00,-9.987771385337855801e-01,-8.772747945984475937e-01,-1.427123348429679472e+00,-9.973248002289680780e-01,-5.569663857165075421e-02,-1.352123637861299965e+00,-4.768460479110641637e-01
-1.265366610774208311e+00,-2.598211432602328674e+00,-2.952650236856832588e+00,-9.987771385337855801e-01,-8.772747945984475937e-01,-1.427123348429679472e+00,-9.973248002289680780e-01,-5.569663857165075421e-02,-1.352123637861299965e+00,-4.768460479110641637e-01
-1.265366610774208311e+00,-2.598211432602328674e+00,-2.952650236856832588e+00,-9.987771385337855801e-01,-8.772747945984475937e-01,-1.427123348429679472e+00,-9.973248002289680780e-01,-5.569663857165075421e-02,-1.352123637861299965e+00,-4.768460479110641637e-01
-1.265366610774208311e+00,-2.598211432602328674e+00,-2.952650236856832588e+00,-9.987771385337855801e-01,-1.173078312244897337e+00,-1.427123348429679472e+00,-9.973248002289680780e-01,-5.569663857165075421e-02,-1.352123637861299965e+00,-4.768460479110641637e-01
-1.265366610774208311e+00,-2.598211432602328674e+00,-2.952650236856832588e+00,-9.987771385337855801e-01,-1.549959257131160451e+00,-1.427123348429679472e+00,-9.973248002289680780e-01,-5.569663857165075421e-02,-1.352123637861299965e+00,-4.768460479110641637e-01
-1.265366610774208311e+00,-2.598211432602328674e+00,-2.952650236856832588e+00,-9.987771385337855801e-01,-1.549959257131160451e+00,-2.820131305213334105e+00,-9.973248002289680780e-01,-5.569663857165075421e-02,-1.352123637861299965e+00,-4.768460479110641637e-01
-1.265366610774208311e+00,-2.598211432602328674e+00,-2.952650236856832588e+00,-9.987771385337855801e-01,-1.549959257131160451e+00,-2.820131305213334105e+00,-9.973248002289680780e-01,-5.569663857165075421e-02,-1.352123637861299965e+00,-4.768460479110641637e-01
-1.265366610774208311e+00,-2.598211432602328674e+00,-2.952650236856832588e+00,-9.987771385337855801e-01,-2.467398058340643185e+00,-2.820131305213334105e+00,-9.973248002289680780e-01,-5.569663857165075421e-02,-1.352123637861299965e+00,-4.768460479110641637e-01
-1.265366610774208311e+00,-2.598211432602328674e+00,-2.952650236856832588e+00,-9.987771385337855801e-01,-2.467398058340643185e+00,-2.820131305213334105e+00,-9.973248002289680780e-01,-5.569663857165075421e-02,-1.352123637861299965e+00,-4.768460479110641637e-01
-1.265366610774208311e+00,-2.598211432602328674e+00,-2.952650236856832588e+00,-9.987771385337855801e-01,-2.467398058340643185e+00,-2.820131305213334105e+00,-9.973248002289680780e-01,-5.569663857165075421e-02,-1.352123637861299965e+00,-4.768460479110641637e-01
-1.265366610774208311e+00,-2.598211432602328674e+00,-2.952650236856832588e+00,-9.987771385337855801e-01,-2.467398058340643185e+00,-2.820131305213334105e+00,-9.973248002289680780e-01,-5.569663857165075421e-02,-1.352123637861299965e+00,-4.768460479110641637e-01
-1.265366610774208311e+00,-2.708960831421743265e+00,-2.952650236856832588e+00,-9.987771385337855801e-01,-2.467398058340643185e+00,-2.820131305213334105e+00,-9.973248002289680780e-01,-5.569663857165075421e-02,-1.352123637861299965e+00,-4.768460479110641637e-01
-1.265366610774208311e+00,-2.708960831421743265e+00,-2.952650236856832588e+00,-9.987771385337855801e-01,-2.467398058340643185e+00,-2.820131305213334105e+00,-9.973248002289680780e-01,-5.569663857165075421e-02,-1.352123637861299965e+00,-4.768460479110641637e-01
-1.265366610774208311e+00,-2.708960831421743265e+00,-2.952650236856832588e+00,-9.987771385337855801e-01,-2.467398058340643185e+00,-2.820131305213334105e+00,-9.973248002289680780e-01,-5.569663857165075421e-02,-1.352123637861299965e+00,-4.768460479110641637e-01
-1.265366610774208311e+00,-2.708960831421743265e+00,-2.952650236856832588e+00,-9.987771385337855801e-01,-2.467398058340643185e+00,-2.820131305213334105e+00,-9.973248002289680780e-01,-5.569663857165075421e-02,-1.352123637861299965e+00,-4.768460479110641637e-01
-1.265366610774208311e+00,-2.708960831421743265e+00,-2.952650236856832588e+00,-9.987771385337855801e-01,-2.467398058340643185e+00,-2.820131305213334105e+00,-9.991295501573561610e-01,-5.569663857165075421e-02,-1.352123637861299965e+00,-4.768460479110641637e-01
-1.265366610774208311e+00,-2.708960831421743265e+00,-2.952650236856832588e+00,-9.987771385337855801e-01,-2.467398058340643185e+00,-2.820131305213334105e+00,-9.991295501573561610e-01,-5.569663857165075421e-02,-1.352123637861299965e+00,-4.768460479110641637e-01
-1.265366610774208311e+00,-2.708960831421743265e+00,-2.952650236856832588e+00,-9.987771385337855801e-01,-2.467398058340643185e+00,-2.820131305213334105e+00,-9.991295501573561610e-01,-5.569663857165075421e-02,-1.352123637861299965e+00,-4.768460479110641637e-01
-1.265366610774208311e+00,-2.708960831421743265e+00,-2.952650236856832588e+00,-9.987771385337855801e-01,-2.467398058340643185e+00,-2.820131305213334105e+00,-9.991295501573561610e-01,-5.569663857165075421e-02,-1.352123637861299965e+00,-4.768460479110641637e-01
-1.265366610774208311e+00,-2.708960831421743265e+00,-2.952650236856832588e+00,-9.987771385337855801e-01,-2.467398058340643185e+00,-2.820131305213334105e+00,-9.991295501573561610e-01,-5.569663857165075421e-02,-1.352123637861299965e+00,-4.768460479110641637e-01
-1.265366610774208311e+00,-2.708960831421743265e+00,-2.952650236856832588e+00,-9.987771385337855801e-01,-2.467398058340643185e+00,-2.820131305213334105e+00,-9.991295501573561610e-01,-5.569663857165075421e-02,-1.352123637861299965e+00,-4.768460479110641637e-01
-1.265366610774208311e+00,-2.708960831421743265e+00,-2.952650236856832588e+00,-9.987771385337855801e-01,-2.467398058340643185e+00,-2.820131305213334105e+00,-9.991295501573561610e-01,-5.569663857165075421e-02,-1.352123637861299965e+00,-7.271342224675129140e-01
-1.265366610774208311e+00,-2.708960831421743265e+00,-2.952650236856832588e+00,-9.987771385337855801e-01,-2.467398058340643185e+00,-2.820131305213334105e+00,-9.991295501573561610e-01,-5.569663857165075421e-02,-1.352123637861299965e+00,-7.271342224675129140e-01
-1.265366610774208311e+00,-2.708960831421743265e+00,-2.952650236856832588e+00,-9.987771385337855801e-01,-2.467398058340643185e+00,-2.820131305213334105e+00,-9.991295501573561610e-01,-5.569663857165075421e-02,-1.352123637861299965e+00,-7.271342224675129140e-01
-1.265366610774208311e+00,-2.708960831421743265e+00,-2.952650236856832588e+00,-9.987771385337855801e-01,-2.467398058340643185e+00,-2.820131305213334105e+00,-9.991295501573561610e-01,-5.569663857165075421e-02,-1.352123637861299965e+00,-7.271342224675129140e-01
-1.265366610774208311e+00,-2.708960831421743265e+00,-2.952650236856832588e+00,-9.987771385337855801e-01,-2.467398058340643185e+00,-2.820131305213334105e+00,-9.991295501573561610e-01,-5.569663857165075421e-02,-1.352123637861299965e+00,-7.271342224675129140e-01
-1.265366610774208311e+00,-2.708960831421743265e+00,-2.952650236856832588e+00,-9.987771385337855801e-01,-2.467398058340643185e+00,-4.032675263498102680e+00,-9.991295501573561610e-01,-5.569663857165075421e-02,-1.352123637861299965e+00,-7.271342224675129140e-01
-1.265366610774208311e+00,-2.708960831421743265e+00,-2.952650236856832588e+00,-9.987771385337855801e-01,-2.467398058340643185e+00,-4.032675263498102680e+00,-9.991295501573561610e-01,-5.569663857165075421e-02,-1.352123637861299965e+00,-7.271342224675129140e-01
-1.265366610774208311e+00,-2.708960831421743265e+00,-2.952650236856832588e+00,-9.987771385337855801e-01,-2.467398058340643185e+00,-4.032675263498102680e+00,-9.991295501573561610e-01,-5.569663857165075421e-02,-1.352123637861299965e+00,-7.271342224675129140e-01
-1.265366610774208311e+00,-2.708960831421743265e+00,-2.952650236856832588e+00,-9.987771385337855801e-01,-2.467398058340643185e+00,-4.032675263498102680e+00,-9.991295501573561610e-01,-5.569663857165075421e-02,-1.352123637861299965e+00,-7.271342224675129140e-01
-1.265366610774208311e+00,-2.708960831421743265e+00,-3.574076536855602892e+00,-9.987771385337855801e-01,-2.467398058340643185e+00,-4.032675263498102680e+00,-9.991295501573561610e-01,-5.569663857165075421e-02,-1.352123637861299965e+00,-7.271342224675129140e-01
-1.265366610774208311e+00,-2.708960831421743265e+00,-3.574076536855602892e+00,-9.987771385337855801e-01,-2.467398058340643185e+00,-4.697109203401655719e+00,-9.991295501573561610e-01,-5.569663857165075421e-02,-1.352123637861299965e+00,-7.271342224675129140e-01
-1.265366610774208311e+00,-2.708960831421743265e+00,-3.574076536855602892e+00,-9.987771385337855801e-01,-2.467398058340643185e+00,-4.697109203401655719e+00,-9.991295501573561610e-01,-5.569663857165075421e-02,-1.352123637861299965e+00,-7.271342224675129140e-01
-1.434011311671195443e+00,-2.708960831421743265e+00,-3.574076536855602892e+00,-9.987771385337855801e-01,-2.467398058340643185e+00,-4.697109203401655719e+00,-9.991295501573561610e-01,-5.569663857165075421e-02,-2.084081838954508825e+00,-7.271342224675129140e-01
-1.434011311671195443e+00,-2.708960831421743265e+00,-3.574076536855602892e+00,-9.987771385337855801e-01,-2.467398058340643185e+00,-4.697109203401655719e+00,-9.991295501573561610e-01,-5.569663857165075421e-02,-2.084081838954508825e+00,-7.271342224675129140e-01
-1.434011311671195443e+00,-2.708960831421743265e+00,-3.574076536855602892e+00,-9.987771385337855801e-01,-2.467398058340643185e+00,-4.697109203401655719e+00,-9.991295501573561610e-01,-5.569663857165075421e-02,-2.084081838954508825e+00,-1.019517237158696688e+00
-1.434011311671195443e+00,-2.708960831421743265e+00,-3.574076536855602892e+00,-9.987771385337855801e-01,-2.467398058340643185e+00,-4.697109203401655719e+00,-9.991295501573561610e-01,-5.569663857165075421e-02,-2.084081838954508825e+00,-1.904335494344991719e+00
-1.434011311671195443e+00,-2.708960831421743265e+00,-3.574076536855602892e+00,-9.987771385337855801e-01,-2.467398058340643185e+00,-4.697109203401655719e+00,-9.991295501573561610e-01,-5.569663857165075421e-02,-2.084081838954508825e+00,-1.904335494344991719e+00
-1.434011311671195443e+00,-2.708960831421743265e+00,-3.574076536855602892e+00,-9.987771385337855801e-01,-2.467398058340643185e+00,-4.697109203401655719e+00,-9.991295501573561610e-01,-5.569663857165075421e-02,-2.084081838954508825e+00,-1.904335494344991719e+00
-1.434011311671195443e+00,-2.721443211193606437e+00,-3.574076536855602892e+00,-1.056435852468542658e+00,-2.467398058340643185e+00,-4.697109203401655719e+00,-9.991295501573561610e-01,-6.976026369163861318e-01,-2.084081838954508825e+00,-1.904335494344991719e+00
-1.434011311671195443e+00,-2.721443211193606437e+00,-3.574076536855602892e+00,-1.056435852468542658e+00,-2.467398058340643185e+00,-4.697109203401655719e+00,-9.991295501573561610e-01,-6.976026369163861318e-01,-2.084081838954508825e+00,-1.904335494344991719e+00
-1.434011311671195443e+00,-2.721443211193606437e+00,-3.574076536855602892e+00,-1.056435852468542658e+00,-2.467398058340643185e+00,-4.697109203401655719e+00,-9.991295501573561610e-01,-6.976026369163861318e-01,-2.084081838954508825e+00,-1.904335494344991719e+00
-1.434011311671195443e+00,-2.721443211193606437e+00,-3.574076536855602892e+00,-1.056435852468542658e+00,-2.467398058340643185e+00,-4.697109203401655719e+00,-9.991295501573561610e-01,-6.976026369163861318e-01,-2.084081838954508825e+00,-1.904335494344991719e+00
-1.434011311671195443e+00,-2.721443211193606437e+00,-3.574076536855602892e+00,-1.056435852468542658e+00,-2.467398058340643185e+00,-4.697109203401655719e+00,-9.991295501573561610e-01,-6.976026369163861318e-01,-2.084081838954508825e+00,-1.904335494344991719e+00
-1.434011311671195443e+00,-2.721443211193606437e+00,-3.574076536855602892e+00,-1.056435852468542658e+00,-2.467398058340643185e+00,-4.697109203401655719e+00,-9.991295501573561610e-01,-6.976026369163861318e-01,-2.084081838954508825e+00,-1.904335494344991719e+00
-1.434011311671195443e+00,-2.721443211193606437e+00,-3.574076536855602892e+00,-1.056435852468542658e+00,-2.467398058340643185e+00,-4.697109203401655719e+00,-9.991295501573561610e-01,-6.976026369163861318e-01,-2.084081838954508825e+00,-1.904335494344991719e+00
-1.434011311671195443e+00,-2.721443211193606437e+00,-3.574076536855602892e+00,-1.056435852468542658e+00,-2.467398058340643185e+00,-4.697109203401655719e+00,-9.991295501573561610e-01,-6.976026369163861318e-01,-2.084081838954508825e+00,-1.904335494344991719e+00
-1.434011311671195443e+00,-2.721443211193606437e+00,-3.574076536855602892e+00,-1.056435852468542658e+00,-2.467398058340643185e+00,-4.697109203401655719e+00,-9.991295501573561610e-01,-6.976026369163861318e-01,-2.084081838954508825e+00,-1.904335494344991719e+00
-1.434011311671195443e+00,-2.721443211193606437e+00,-3.574076536855602892e+00,-1.056435852468542658e+00,-2.467398058340643185e+00,-4.697109203401655719e+00,-9.991295501573561610e-01,-6.976026369163861318e-01,-2.084081838954508825e+00,-1.904335494344991719e+00
-1.434011311671195443e+00,-2.721443211193606437e+00,-3.574076536855602892e+00,-1.056435852468542658e+00,-2.467398058340643185e+00,-4.697109203401655719e+00,-9.991295501573561610e-01,-6.976026369163861318e-01,-2.084081838954508825e+00,-1.904335494344991719e+00
-1.434011311671195443e+00,-2.721443211193606437e+00,-3.574076536855602892e+00,-1.056435852468542658e+00,-2.467398058340643185e+00,-4.697109203401655719e+00,-9.991295501573561610e-01,-6.976026369163861318e-01,-2.084081838954508825e+00,-1.904335494344991719e+00
-1.434011311671195443e+00,-2.721443211193606437e+00,-3.574076536855602892e+00,-1.056435852468542658e+00,-2.467398058340643185e+00,-4.697109203401655719e+00,-9.991295501573561610e-01,-6.976026369163861318e-01,-2.084081838954508825e+00,-1.904335494344991719e+00
-1.560886874015326553e+00,-2.721443211193606437e+00,-3.574076536855602892e+00,-1.056435852468542658e+00,-2.467398058340643185e+00,-4.697109203401655719e+00,-9.991295501573561610e-01,-6.976026369163861318e-01,-2.084081838954508825e+00,-1.904335494344991719e+00
-1.560886874015326553e+00,-2.721443211193606437e+00,-3.574076536855602892e+00,-1.056435852468542658e+00,-2.467398058340643185e+00,-4.697109203401655719e+00,-9.991295501573561610e-01,-6.976026369163861318e-01,-2.084081838954508825e+00,-1.904335494344991719e+00
-1.560886874015326553e+00,-3.018633942848877094e+00,-3.574076536855602892e+00,-1.056435852468542658e+00,-2.467398058340643185e+00,-4.697109203401655719e+00,-9.991295501573561610e-01,-6.976026369163861318e-01,-2.084081838954508825e+00,-1.904335494344991719e+00
-1.560886874015326553e+00,-3.018633942848877094e+00,-3.574076536855602892e+00,-1.056435852468542658e+00,-2.467398058340643185e+00,-4.697109203401655719e+00,-9.991295501573561610e-01,-6.976026369163861318e-01,-2.084081838954508825e+00,-1.904335494344991719e+00
-1.560886874015326553e+00,-3.018633942848877094e+00,-3.574076536855602892e+00,-1.056435852468542658e+00,-2.467398058340643185e+00,-4.697109203401655719e+00,-9.991295501573561610e-01,-6.976026369163861318e-01,-2.084081838954508825e+00,-1.904335494344991719e+00
-1.560886874015326553e+00,-3.018633942848877094e+00,-3.946771849158926759e+00,-1.056435852468542658e+00,-2.467398058340643185e+00,-4.697109203401655719e+00,-9.991295501573561610e-01,-1.503428630076142802e+00,-2.084081838954508825e+00,-1.904335494344991719e+00
-1.560886874015326553e+00,-3.018633942848877094e+00,-3.946771849158926759e+00,-1.056435852468542658e+00,-2.467398058340643185e+00,-4.697109203401655719e+00,-9.991295501573561610e-01,-1.503428630076142802e+00,-2.084081838954508825e+00,-1.904335494344991719e+00
-1.560886874015326553e+00,-3.018633942848877094e+00,-3.946771849158926759e+00,-1.056435852468542658e+00,-2.467398058340643185e+00,-4.697109203401655719e+00,-9.991295501573561610e-01,-1.503428630076142802e+00,-2.084081838954508825e+00,-1.904335494344991719e+00
-1.560886874015326553e+00,-3.018633942848877094e+00,-3.946771849158926759e+00,-1.056435852468542658e+00,-2.467398058340643185e+00,-4.697109203401655719e+00,-1.128614915702942145e+00,-1.503428630076142802e+00,-2.084081838954508825e+00,-1.904335494344991719e+00
-1.560886874015326553e+00,-3.018633942848877094e+00,-3.946771849158926759e+00,-1.056435852468542658e+00,-2.497825275144678336e+00,-4.697109203401655719e+00,-1.373855641001182404e+00,-1.503428630076142802e+00,-2.084081838954508825e+00,-1.904335494344991719e+00
-1.560886874015326553e+00,-3.147664460069665271e+00,-3.946771849158926759e+00,-1.056435852468542658e+00,-2.497825275144678336e+00,-4.697109203401655719e+00,-1.373855641001182404e+00,-1.503428630076142802e+00,-2.084081838954508825e+00,-1.904335494344991719e+00
-1.560886874015326553e+00,-3.147664460069665271e+00,-3.946771849158926759e+00,-1.056435852468542658e+00,-2.497825275144678336e+00,-4.697109203401655719e+00,-1.373855641001182404e+00,-1.503428630076142802e+00,-2.084081838954508825e+00,-1.904335494344991719e+00
-1.560886874015326553e+00,-3.147664460069665271e+00,-3.946771849158926759e+00,-1.056435852468542658e+00,-2.497825275144678336e+00,-4.697109203401655719e+00,-1.373855641001182404e+00,-1.503428630076142802e+00,-2.084081838954508825e+00,-1.904335494344991719e+00
-1.560886874015326553e+00,-3.147664460069665271e+00,-3.946771849158926759e+00,-1.062266783379346657e+00,-2.532502216821312491e+00,-4.697109203401655719e+00,-1.373855641001182404e+00,-1.503428630076142802e+00,-2.084081838954508825e+00,-1.904335494344991719e+00
-1.560886874015326553e+00,-3.147664460069665271e+00,-3.946771849158926759e+00,-1.062266783379346657e+00,-2.532502216821312491e+00,-4.697109203401655719e+00,-1.373855641001182404e+00,-1.503428630076142802e+00,-2.084081838954508825e+00,-1.904335494344991719e+00
-1.560886874015326553e+00,-3.147664460069665271e+00,-3.946771849158926759e+00,-1.062266783379346657e+00,-2.532502216821312491e+00,-4.697109203401655719e+00,-1.373855641001182404e+00,-1.503428630076142802e+00,-2.084081838954508825e+00,-1.904335494344991719e+00
-1.560886874015326553e+00,-3.147664460069665271e+00,-3.946771849158926759e+00,-1.062266783379346657e+00,-2.532502216821312491e+00,-4.697109203401655719e+00,-1.771538546512132495e+00,-1.503428630076142802e+00,-2.143035467882602685e+00,-1.904335494344991719e+00
-1.560886874015326553e+00,-3.147664460069665271e+00,-3.946771849158926759e+00,-2.393837552532251944e+00,-2.532502216821312491e+00,-4.697109203401655719e+00,-1.771538546512132495e+00,-1.503428630076142802e+00,-2.143035467882602685e+00,-1.904335494344991719e+00
-1.560886874015326553e+00,-3.147664460069665271e+00,-3.946771849158926759e+00,-2.393837552532251944e+00,-2.532502216821312491e+00,-4.697109203401655719e+00,-1.771538546512132495e+00,-1.503428630076142802e+00,-2.143035467882602685e+00,-1.904335494344991719e+00
-1.560886874015326553e+00,-3.147664460069665271e+00,-3.946771849158926759e+00,-2.393837552532251944e+00,-2.532502216821312491e+00,-4.697109203401655719e+00,-1.771538546512132495e+00,-1.503428630076142802e+00,-2.143035467882602685e+00,-1.904335494344991719e+00
-1.560886874015326553e+00,-3.147664460069665271e+00,-3.946771849158926759e+00,-2.393837552532251944e+00,-2.532502216821312491e+00,-4.697109203401655719e+00,-2.171002328255438485e+00,-1.503428630076142802e+00,-2.143035467882602685e+00,-1.904335494344991719e+00
-1.560886874015326553e+00,-3.147664460069665271e+00,-3.946771849158926759e+00,-2.393837552532251944e+00,-2.725794897060107136e+00,-4.697109203401655719e+00,-2.171002328255438485e+00,-1.503428630076142802e+00,-2.143035467882602685e+00,-1.904335494344991719e+00
-1.560886874015326553e+00,-3.147664460069665271e+00,-3.946771849158926759e+00,-2.393837552532251944e+00,-2.725794897060107136e+00,-4.697109203401655719e+00,-2.171002328255438485e+00,-1.503428630076142802e+00,-2.143035467882602685e+00,-1.904335494344991719e+00
-1.560886874015326553e+00,-3.147664460069665271e+00,-3.946771849158926759e+00,-2.393837552532251944e+00,-6.967070844720304024e+00,-4.697109203401655719e+00,-2.171002328255438485e+00,-1.503428630076142802e+00,-2.143035467882602685e+00,-1.904335494344991719e+00
-1.560886874015326553e+00,-3.147664460069665271e+00,-3.946771849158926759e+00,-2.393837552532251944e+00,-6.967070844720304024e+00,-4.697109203401655719e+00,-2.171002328255438485e+00,-1.503428630076142802e+00,-2.143035467882602685e+00,-1.904335494344991719e+00
-1.560886874015326553e+00,-3.147664460069665271e+00,-3.946771849158926759e+00,-2.393837552532251944e+00,-6.967070844720304024e+00,-4.697109203401655719e+00,-2.171002328255438485e+00,-1.503428630076142802e+00,-2.143035467882602685e+00,-1.904335494344991719e+00
-1.560886874015326553e+00,-3.147664460069665271e+00,-3.946771849158926759e+00,-2.393837552532251944e+00,-6.967070844720304024e+00,-4.697109203401655719e+00,-2.171002328255438485e+00,-1.503428630076142802e+00,-2.143035467882602685e+00,-1.904335494344991719e+00
-1.560886874015326553e+00,-3.147664460069665271e+00,-3.946771849158926759e+00,-2.393837552532251944e+00,-6.967070844720304024e+00,-4.697109203401655719e+00,-2.171002328255438485e+00,-1.503428630076142802e+00,-2.143035467882602685e+00,-1.904335494344991719e+00
-1.560886874015326553e+00,-3.147664460069665271e+00,-3.946771849158926759e+00,-2.393837552532251944e+00,-6.967070844720304024e+00,-4.697109203401655719e+00,-2.171002328255438485e+00,-1.503428630076142802e+00,-2.143035467882602685e+00,-1.904335494344991719e+00
-1.560886874015326553e+00,-3.702899158583881967e+00,-3.946771849158926759e+00,-2.393837552532251944e+00,-6.967070844720304024e+00,-4.697109203401655719e+00,-2.204178075115419411e+00,-1.503428630076142802e+00,-2.143035467882602685e+00,-1.904335494344991719e+00
-1.560886874015326553e+00,-3.702899158583881967e+00,-3.946771849158926759e+00,-2.393837552532251944e+00,-6.967070844720304024e+00,-4.697109203401655719e+00,-2.204178075115419411e+00,-1.503428630076142802e+00,-2.143035467882602685e+00,-1.904335494344991719e+00
-1.560886874015326553e+00,-3.702899158583881967e+00,-3.946771849158926759e+00,-2.393837552532251944e+00,-6.967070844720304024e+00,-4.697109203401655719e+00,-2.204178075115419411e+00,-1.503428630076142802e+00,-2.143035467882602685e+00,-1.904335494344991719e+00
-2.280762155999265683e+00,-3.702899158583881967e+00,-3.946771849158926759e+00,-2.393837552532251944e+00,-6.967070844720304024e+00,-4.697109203401655719e+00,-2.204178075115419411e+00,-1.503428630076142802e+00,-2.143035467882602685e+00,-1.904335494344991719e+00
-2.280762155999265683e+00,-3.702899158583881967e+00,-3.946771849158926759e+00,-2.393837552532251944e+00,-6.967070844720304024e+00,-4.697109203401655719e+00,-2.204178075115419411e+00,-1.503428630076142802e+00,-2.143035467882602685e+00,-1.904335494344991719e+00
-2.280762155999265683e+00,-3.702899158583881967e+00,-3.946771849158926759e+00,-2.393837552532251944e+00,-6.967070844720304024e+00,-4.697109203401655719e+00,-2.204178075115419411e+00,-1.503428630076142802e+00,-2.143035467882602685e+00,-1.904335494344991719e+00
-2.280762155999265683e+00,-3.702899158583881967e+00,-3.946771849158926759e+00,-2.393837552532251944e+00,-6.967070844720304024e+00,-4.697109203401655719e+00,-2.204178075115419411e+00,-1.503428630076142802e+00,-2.143035467882602685e+00,-1.904335494344991719e+00
-2.280762155999265683e+00,-3.702899158583881967e+00,-3.946771849158926759e+00,-2.393837552532251944e+00,-6.967070844720304024e+00,-4.697109203401655719e+00,-2.204178075115419411e+00,-1.503428630076142802e+00,-2.143035467882602685e+00,-1.904335494344991719e+00
-2.280762155999265683e+00,-3.702899158583881967e+00,-3.946771849158926759e+00,-2.393837552532251944e+00,-6.967070844720304024e+00,-4.697109203401655719e+00,-2.204178075115419411e+00,-1.503428630076142802e+00,-2.143035467882602685e+00,-1.904335494344991719e+00
-2.280762155999265683e+00,-3.702899158583881967e+00,-3.946771849158926759e+00,-2.393837552532251944e+00,-6.967070844720304024e+00,-4.697109203401655719e+00,-2.204178075115419411e+00,-1.503428630076142802e+00,-2.143035467882602685e+00,-1.904335494344991719e+00
-2.280762155999265683e+00,-3.702899158583881967e+00,-3.946771849158926759e+00,-2.393837552532251944e+00,-6.967070844720304024e+00,-5.819939276616972634e+00,-2.204178075115419411e+00,-1.503428630076142802e+00,-2.143035467882602685e+00,-1.904335494344991719e+00
-2.280762155999265683e+00,-3.702899158583881967e+00,-3.946771849158926759e+00,-2.393837552532251944e+00,-6.967070844720304024e+00,-5.819939276616972634e+00,-2.204178075115419411e+00,-1.503428630076142802e+00,-2.143035467882602685e+00,-1.904335494344991719e+00
-2.280762155999265683e+00,-3.702899158583881967e+00,-3.946771849158926759e+00,-2.393837552532251944e+00,-6.967070844720304024e+00,-5.819939276616972634e+00,-2.204178075115419411e+00,-1.503428630076142802e+00,-2.143035467882602685e+00,-1.904335494344991719e+00
-2.280762155999265683e+00,-3.702899158583881967e+00,-3.946771849158926759e+00,-2.393837552532251944e+00,-6.967070844720304024e+00,-5.819939276616972634e+00,-2.204178075115419411e+00,-1.503428630076142802e+00,-2.143035467882602685e+00,-1.904335494344991719e+00
-2.280762155999265683e+00,-3.702899158583881967e+00,-3.946771849158926759e+00,-2.393837552532251944e+00,-6.967070844720304024e+00,-5.819939276616972634e+00,-2.204178075115419411e+00,-1.503428630076142802e+00,-2.143035467882602685e+00,-1.904335494344991719e+00
-2.280762155999265683e+00,-3.702899158583881967e+00,-3.946771849158926759e+00,-2.393837552532251944e+00,-6.967070844720304024e+00,-5.819939276616972634e+00,-2.204178075115419411e+00,-1.503428630076142802e+00,-2.143035467882602685e+00,-1.904335494344991719e+00
-2.280762155999265683e+00,-3.702899158583881967e+00,-3.946771849158926759e+00,-2.393837552532251944e+00,-6.967070844720304024e+00,-5.819939276616972634e+00,-2.204178075115419411e+00,-1.503428630076142802e+00,-2.143035467882602685e+00,-1.904335494344991719e+00
-2.280762155999265683e+00,-3.702899158583881967e+00,-3.946771849158926759e+00,-2.393837552532251944e+00,-6.967070844720304024e+00,-5.819939276616972634e+00,-2.204178075115419411e+00,-1.503428630076142802e+00,-2.143035467882602685e+00,-1.904335494344991719e+00
-2.280762155999265683e+00,-3.702899158583881967e+00,-3.946771849158926759e+00,-2.393837552532251944e+00,-6.967070844720304024e+00,-5.819939276616972634e+00,-2.204178075115419411e+00,-1.503428630076142802e+00,-2.143035467882602685e+00,-1.904335494344991719e+00
-2.280762155999265683e+00,-3.702899158583881967e+00,-3.946771849158926759e+00,-2.393837552532251944e+00,-6.967070844720304024e+00,-5.819939276616972634e+00,-2.204178075115419411e+00,-1.503428630076142802e+00,-2.143035467882602685e+00,-1.904335494344991719e+00
-2.280762155999265683e+00,-3.702899158583881967e+00,-3.946771849158926759e+00,-2.393837552532251944e+00,-6.967070844720304024e+00,-5.819939276616972634e+00,-2.204178075115419411e+00,-1.503428630076142802e+00,-2.143035467882602685e+00,-1.904335494344991719e+00
-2.280762155999265683e+00,-3.702899158583881967e+00,-3.946771849158926759e+00,-2.393837552532251944e+00,-6.967070844720304024e+00,-5.819939276616972634e+00,-2.204178075115419411e+00,-1.503428630076142802e+00,-2.143035467882602685e+00,-1.904335494344991719e+00
-2.280762155999265683e+00,-3.702899158583881967e+00,-3.946771849158926759e+00,-2.393837552532251944e+00,-6.967070844720304024e+00,-5.819939276616972634e+00,-2.204178075115419411e+00,-1.503428630076142802e+00,-2.143035467882602685e+00,-1.904335494344991719e+00
-2.280762155999265683e+00,-3.702899158583881967e+00,-3.946771849158926759e+00,-2.393837552532251944e+00,-6.967070844720304024e+00,-5.819939276616972634e+00,-2.204178075115419411e+00,-1.503428630076142802e+00,-2.143035467882602685e+00,-1.904335494344991719e+00
-2.280762155999265683e+00,-3.702899158583881967e+00,-3.946771849158926759e+00,-2.393837552532251944e+00,-6.967070844720304024e+00,-5.819939276616972634e+00,-2.204178075115419411e+00,-1.503428630076142802e+00,-2.143035467882602685e+00,-1.949771741249495483e+00
-2.280762155999265683e+00,-3.702899158583881967e+00,-3.946771849158926759e+00,-2.393837552532251944e+00,-6.967070844720304024e+00,-5.819939276616972634e+00,-2.204178075115419411e+00,-1.503428630076142802e+00,-2.143035467882602685e+00,-1.949771741249495483e+00
-2.280762155999265683e+00,-3.702899158583881967e+00,-3.946771849158926759e+00,-2.393837552532251944e+00,-6.967070844720304024e+00,-5.819939276616972634e+00,-2.204178075115419411e+00,-1.503428630076142802e+00,-2.143035467882602685e+00,-1.949771741249495483e+00
-2.280762155999265683e+00,-3.702899158583881967e+00,-3.946771849158926759e+00,-2.393837552532251944e+00,-6.967070844720304024e+00,-5.819939276616972634e+00,-2.204178075115419411e+00,-1.503428630076142802e+00,-2.143035467882602685e+00,-1.949771741249495483e+00
-2.280762155999265683e+00,-3.702899158583881967e+00,-3.946771849158926759e+00,-2.393837552532251944e+00,-6.967070844720304024e+00,-5.819939276616972634e+00,-2.204178075115419411e+00,-1.503428630076142802e+00,-2.143035467882602685e+00,-1.949771741249495483e+00
-2.280762155999265683e+00,-3.702899158583881967e+00,-3.946771849158926759e+00,-2.393837552532251944e+00,-6.967070844720304024e+00,-5.819939276616972634e+00,-2.204178075115419411e+00,-1.503428630076142802e+00,-2.143035467882602685e+00,-1.949771741249495483e+00
-2.280762155999265683e+00,-3.702899158583881967e+00,-3.946771849158926759e+00,-2.393837552532251944e+00,-6.967070844720304024e+00,-5.819939276616972634e+00,-2.204178075115419411e+00,-1.503428630076142802e+00,-2.143035467882602685e+00,-1.949771741249495483e+00
-2.280762155999265683e+00,-3.702899158583881967e+00,-3.946771849158926759e+00,-2.393837552532251944e+00,-6.967070844720304024e+00,-5.819939276616972634e+00,-2.204178075115419411e+00,-1.503428630076142802e+00,-2.143035467882602685e+00,-1.949771741249495483e+00
-2.280762155999265683e+00,-3.702899158583881967e+00,-3.946771849158926759e+00,-2.393837552532251944e+00,-6.967070844720304024e+00,-5.819939276616972634e+00,-2.204178075115419411e+00,-1.503428630076142802e+00,-2.143035467882602685e+00,-1.949771741249495483e+00
-2.280762155999265683e+00,-3.702899158583881967e+00,-3.946771849158926759e+00,-2.393837552532251944e+00,-6.967070844720304024e+00,-5.819939276616972634e+00,-2.204178075115419411e+00,-1.503428630076142802e+00,-2.143035467882602685e+00,-1.949771741249495483e+00
-2.280762155999265683e+00,-3.702899158583881967e+00,-3.946771849158926759e+00,-2.393837552532251944e+00,-6.967070844720304024e+00,-5.819939276616972634e+00,-2.204178075115419411e+00,-1.503428630076142802e+00,-2.143035467882602685e+00,-1.949771741249495483e+00
-2.280762155999265683e+00,-3.702899158583881967e+00,-3.946771849158926759e+00,-2.393837552532251944e+00,-6.967070844720304024e+00,-5.819939276616972634e+00,-2.204178075115419411e+00,-1.503428630076142802e+00,-2.143035467882602685e+00,-1.949771741249495483e+00
-2.280762155999265683e+00,-3.702899158583881967e+00,-3.946771849158926759e+00,-2.393837552532251944e+00,-6.967070844720304024e+00,-5.819939276616972634e+00,-2.204178075115419411e+00,-1.503428630076142802e+00,-2.143035467882602685e+00,-1.949771741249495483e+00
-2.280762155999265683e+00,-3.702899158583881967e+00,-3.946771849158926759e+00,-2.393837552532251944e+00,-6.967070844720304024e+00,-5.819939276616972634e+00,-2.204178075115419411e+00,-1.503428630076142802e+00,-2.143035467882602685e+00,-1.949771741249495483e+00
-2.280762155999265683e+00,-3.702899158583881967e+00,-3.946771849158926759e+00,-2.393837552532251944e+00,-6.967070844720304024e+00,-5.819939276616972634e+00,-2.204178075115419411e+00,-1.503428630076142802e+00,-2.143035467882602685e+00,-1.949771741249495483e+00
-2.280762155999265683e+00,-3.702899158583881967e+00,-3.946771849158926759e+00,-2.393837552532251944e+00,-6.967070844720304024e+00,-5.819939276616972634e+00,-2.204178075115419411e+00,-1.503428630076142802e+00,-2.143035467882602685e+00,-1.949771741249495483e+00
-2.280762155999265683e+00,-3.702899158583881967e+00,-3.946771849158926759e+00,-2.393837552532251944e+00,-6.967070844720304024e+00,-5.819939276616972634e+00,-2.327356873723951836e+00,-1.503428630076142802e+00,-2.143035467882602685e+00,-1.949771741249495483e+00
-2.280762155999265683e+00,-3.702899158583881967e+00,-3.946771849158926759e+00,-2.393837552532251944e+00,-6.967070844720304024e+00,-5.819939276616972634e+00,-2.327356873723951836e+00,-1.503428630076142802e+00,-2.143035467882602685e+00,-1.949771741249495483e+00
-2.280762155999265683e+00,-3.702899158583881967e+00,-3.946771849158926759e+00,-2.393837552532251944e+00,-6.967070844720304024e+00,-5.819939276616972634e+00,-2.327356873723951836e+00,-1.503428630076142802e+00,-2.143035467882602685e+00,-1.949771741249495483e+00
-2.280762155999265683e+00,-3.702899158583881967e+00,-3.946771849158926759e+00,-2.393837552532251944e+00,-6.967070844720304024e+00,-5.819939276616972634e+00,-2.327356873723951836e+00,-1.503428630076142802e+00,-2.143035467882602685e+00,-1.949771741249495483e+00
-2.280762155999265683e+00,-3.702899158583881967e+00,-3.946771849158926759e+00,-2.509015441382693279e+00,-6.967070844720304024e+00,-5.819939276616972634e+00,-2.327356873723951836e+00,-1.503428630076142802e+00,-2.143035467882602685e+00,-1.949771741249495483e+00
-2.280762155999265683e+00,-3.702899158583881967e+00,-3.946771849158926759e+00,-2.509015441382693279e+00,-6.967070844720304024e+00,-5.819939276616972634e+00,-2.327356873723951836e+00,-1.503428630076142802e+00,-2.143035467882602685e+00,-1.949771741249495483e+00
-2.280762155999265683e+00,-3.702899158583881967e+00,-3.946771849158926759e+00,-2.509015441382693279e+00,-6.967070844720304024e+00,-5.819939276616972634e+00,-2.327356873723951836e+00,-1.503428630076142802e+00,-2.143035467882602685e+00,-1.949771741249495483e+00
-2.280762155999265683e+00,-3.702899158583881967e+00,-3.946771849158926759e+00,-2.509015441382693279e+00,-6.967070844720304024e+00,-5.819939276616972634e+00,-2.327356873723951836e+00,-1.503428630076142802e+00,-2.143035467882602685e+00,-1.949771741249495483e+00
-2.280762155999265683e+00,-3.702899158583881967e+00,-3.946771849158926759e+00,-2.509015441382693279e+00,-6.967070844720304024e+00,-5.819939276616972634e+00,-2.327356873723951836e+00,-1.503428630076142802e+00,-2.143035467882602685e+00,-1.949771741249495483e+00
