1.571598662905705268e+00,-2.383087354962016402e+00,4.483619484260892740e+00,7.271932465394236322e-01,-9.807878141660674176e-01,1.843385136938714197e+00,8.261518675109040810e-01,2.250835064914397388e-01,2.591990315530199762e+00,7.734611674683101734e-01
5.866083551388218131e-01,-2.383087354962016402e+00,4.022126225872316496e+00,7.271932465394236322e-01,-9.807878141660674176e-01,1.796050976137683275e+00,6.872587333011592747e-01,1.612451876810405416e-01,1.844578991356355724e+00,5.654005908008139514e-01
5.866083551388218131e-01,-2.383087354962016402e+00,-1.100592243550408827e-01,3.088496079042710729e-01,-9.807878141660674176e-01,1.406553151374283495e+00,6.872587333011592747e-01,6.231769150833314785e-02,1.844578991356355724e+00,5.654005908008139514e-01
5.866083551388218131e-01,-2.383087354962016402e+00,-1.100592243550408827e-01,9.028358430080381247e-02,-9.807878141660674176e-01,1.406553151374283495e+00,6.872587333011592747e-01,6.231769150833314785e-02,1.844578991356355724e+00,-3.568851955394135023e-01
5.866083551388218131e-01,-2.383087354962016402e+00,-1.100592243550408827e-01,9.028358430080381247e-02,-1.632779359021478749e+00,1.338773261986335728e+00,6.872587333011592747e-01,-2.046644899451021127e-01,1.844578991356355724e+00,-3.568851955394135023e-01
5.866083551388218131e-01,-2.383087354962016402e+00,-1.966059037008303978e+00,9.028358430080381247e-02,-1.682480672290453061e+00,1.338773261986335728e+00,4.150958621164231865e-01,-2.046644899451021127e-01,1.844578991356355724e+00,-3.568851955394135023e-01
5.866083551388218131e-01,-2.383087354962016402e+00,-1.966059037008303978e+00,9.028358430080381247e-02,-1.845434411629843119e+00,1.338773261986335728e+00,4.150958621164231865e-01,-6.130122860112842131e-01,1.844578991356355724e+00,-3.568851955394135023e-01
5.866083551388218131e-01,-2.383087354962016402e+00,-1.966059037008303978e+00,9.028358430080381247e-02,-1.845434411629843119e+00,1.338773261986335728e+00,4.150958621164231865e-01,-6.130122860112842131e-01,1.844578991356355724e+00,-3.568851955394135023e-01
3.142716710150016413e-01,-2.383087354962016402e+00,-1.966059037008303978e+00,9.028358430080381247e-02,-1.845434411629843119e+00,1.338773261986335728e+00,4.150958621164231865e-01,-6.899310392553930082e-01,1.844578991356355724e+00,-3.684181926483341418e-01
-4.244717496620605823e-01,-2.383087354962016402e+00,-1.966059037008303978e+00,9.028358430080381247e-02,-1.845434411629843119e+00,4.098388067726088657e-01,4.150958621164231865e-01,-6.899310392553930082e-01,1.844578991356355724e+00,-3.684181926483341418e-01
-4.244717496620605823e-01,-2.383087354962016402e+00,-1.966059037008303978e+00,9.028358430080381247e-02,-2.423372442526621651e+00,4.098388067726088657e-01,4.150958621164231865e-01,-6.899310392553930082e-01,1.844578991356355724e+00,-3.684181926483341418e-01
-4.244717496620605823e-01,-2.383087354962016402e+00,-1.966059037008303978e+00,9.028358430080381247e-02,-2.423372442526621651e+00,4.098388067726088657e-01,4.150958621164231865e-01,-6.899310392553930082e-01,1.492659227173966485e+00,-3.684181926483341418e-01
-4.244717496620605823e-01,-3.039267593743913753e+00,-1.966059037008303978e+00,9.028358430080381247e-02,-2.423372442526621651e+00,4.098388067726088657e-01,4.150958621164231865e-01,-6.899310392553930082e-01,1.492659227173966485e+00,-3.684181926483341418e-01
-4.244717496620605823e-01,-3.039267593743913753e+00,-1.966059037008303978e+00,9.028358430080381247e-02,-2.423372442526621651e+00,4.098388067726088657e-01,4.150958621164231865e-01,-6.899310392553930082e-01,1.492659227173966485e+00,-3.684181926483341418e-01
-4.244717496620605823e-01,-3.039267593743913753e+00,-1.966059037008303978e+00,-5.988030184245610732e-01,-2.423372442526621651e+00,4.098388067726088657e-01,4.150958621164231865e-01,-6.899310392553930082e-01,1.492659227173966485e+00,-3.684181926483341418e-01
-4.244717496620605823e-01,-3.075347290505581643e+00,-1.966059037008303978e+00,-6.150992569551710920e-01,-2.423372442526621651e+00,-1.338116818207420788e+00,4.150958621164231865e-01,-6.899310392553930082e-01,1.492659227173966485e+00,-3.684181926483341418e-01
-4.514905715500211469e-01,-3.075347290505581643e+00,-1.966059037008303978e+00,-6.150992569551710920e-01,-2.423372442526621651e+00,-1.338116818207420788e+00,-2.152806135940770194e+00,-6.899310392553930082e-01,1.492659227173966485e+00,-3.684181926483341418e-01
-4.514905715500211469e-01,-3.075347290505581643e+00,-1.966059037008303978e+00,-6.150992569551710920e-01,-2.423372442526621651e+00,-1.338116818207420788e+00,-2.152806135940770194e+00,-6.899310392553930082e-01,1.492659227173966485e+00,-3.684181926483341418e-01
-4.514905715500211469e-01,-3.075347290505581643e+00,-1.966059037008303978e+00,-6.150992569551710920e-01,-2.423372442526621651e+00,-1.338116818207420788e+00,-2.152806135940770194e+00,-6.899310392553930082e-01,1.492659227173966485e+00,-3.684181926483341418e-01
-4.514905715500211469e-01,-3.075347290505581643e+00,-1.966059037008303978e+00,-6.150992569551710920e-01,-2.423372442526621651e+00,-1.338116818207420788e+00,-2.152806135940770194e+00,-6.899310392553930082e-01,1.492659227173966485e+00,-5.854360435525211015e-01
-6.399468697832975117e-01,-3.075347290505581643e+00,-1.966059037008303978e+00,-6.150992569551710920e-01,-2.423372442526621651e+00,-1.338116818207420788e+00,-2.152806135940770194e+00,-9.344897861351687540e-01,1.492659227173966485e+00,-5.854360435525211015e-01
-1.183238595212313671e+00,-3.075347290505581643e+00,-1.966059037008303978e+00,-6.150992569551710920e-01,-2.838861176251708862e+00,-1.338116818207420788e+00,-2.152806135940770194e+00,-9.344897861351687540e-01,1.492659227173966485e+00,-5.854360435525211015e-01
-1.183238595212313671e+00,-3.075347290505581643e+00,-1.966059037008303978e+00,-6.150992569551710920e-01,-2.838861176251708862e+00,-1.338116818207420788e+00,-2.152806135940770194e+00,-1.037863967445666225e+00,1.492659227173966485e+00,-5.854360435525211015e-01
-1.183238595212313671e+00,-3.075347290505581643e+00,-1.966059037008303978e+00,-6.150992569551710920e-01,-2.838861176251708862e+00,-1.338116818207420788e+00,-2.152806135940770194e+00,-1.037863967445666225e+00,1.224482886156285533e+00,-5.854360435525211015e-01
-1.183238595212313671e+00,-3.075347290505581643e+00,-1.966059037008303978e+00,-6.150992569551710920e-01,-2.838861176251708862e+00,-1.338116818207420788e+00,-2.152806135940770194e+00,-1.037863967445666225e+00,1.224482886156285533e+00,-5.854360435525211015e-01
-1.183238595212313671e+00,-3.075347290505581643e+00,-1.966059037008303978e+00,-6.150992569551710920e-01,-2.838861176251708862e+00,-1.338116818207420788e+00,-2.152806135940770194e+00,-1.037863967445666225e+00,1.224482886156285533e+00,-5.854360435525211015e-01
-1.345348857830310108e+00,-3.075347290505581643e+00,-1.966059037008303978e+00,-1.101862540607979390e+00,-2.838861176251708862e+00,-1.338116818207420788e+00,-2.152806135940770194e+00,-1.037863967445666225e+00,1.224482886156285533e+00,-5.854360435525211015e-01
-1.345348857830310108e+00,-3.075347290505581643e+00,-1.966059037008303978e+00,-1.389040780993711754e+00,-2.838861176251708862e+00,-1.338116818207420788e+00,-2.152806135940770194e+00,-1.037863967445666225e+00,1.224482886156285533e+00,-5.854360435525211015e-01
-1.345348857830310108e+00,-3.075347290505581643e+00,-1.966059037008303978e+00,-1.389040780993711754e+00,-2.838861176251708862e+00,-1.338116818207420788e+00,-2.152806135940770194e+00,-1.037863967445666225e+00,1.224482886156285533e+00,-7.051500620657761287e-01
-1.345348857830310108e+00,-3.075347290505581643e+00,-1.966059037008303978e+00,-1.658125354307634636e+00,-2.838861176251708862e+00,-1.338116818207420788e+00,-2.152806135940770194e+00,-1.037863967445666225e+00,1.224482886156285533e+00,-7.051500620657761287e-01
-1.345348857830310108e+00,-3.075347290505581643e+00,-1.966059037008303978e+00,-1.658125354307634636e+00,-2.838861176251708862e+00,-1.338116818207420788e+00,-2.152806135940770194e+00,-1.037863967445666225e+00,1.224482886156285533e+00,-7.051500620657761287e-01
-1.345348857830310108e+00,-3.075347290505581643e+00,-1.966059037008303978e+00,-1.916162825429295502e+00,-2.838861176251708862e+00,-1.338116818207420788e+00,-2.152806135940770194e+00,-1.037863967445666225e+00,1.224482886156285533e+00,-7.787007190559237513e-01
-1.345348857830310108e+00,-3.075347290505581643e+00,-1.966059037008303978e+00,-1.916162825429295502e+00,-2.838861176251708862e+00,-1.338116818207420788e+00,-2.152806135940770194e+00,-1.037863967445666225e+00,1.224482886156285533e+00,-7.787007190559237513e-01
-1.345348857830310108e+00,-3.075347290505581643e+00,-1.966059037008303978e+00,-1.916162825429295502e+00,-2.838861176251708862e+00,-1.338116818207420788e+00,-2.152806135940770194e+00,-1.037863967445666225e+00,1.224482886156285533e+00,-7.787007190559237513e-01
-1.345348857830310108e+00,-3.075347290505581643e+00,-1.966059037008303978e+00,-1.916162825429295502e+00,-2.838861176251708862e+00,-1.338116818207420788e+00,-2.152806135940770194e+00,-1.037863967445666225e+00,1.224482886156285533e+00,-1.073946042875550955e+00
-1.345348857830310108e+00,-3.075347290505581643e+00,-1.966059037008303978e+00,-1.916162825429295502e+00,-2.838861176251708862e+00,-1.338116818207420788e+00,-2.152806135940770194e+00,-1.037863967445666225e+00,1.224482886156285533e+00,-1.073946042875550955e+00
-1.345348857830310108e+00,-3.075347290505581643e+00,-1.966059037008303978e+00,-1.916162825429295502e+00,-2.838861176251708862e+00,-1.338116818207420788e+00,-2.152806135940770194e+00,-1.037863967445666225e+00,1.224482886156285533e+00,-1.073946042875550955e+00
-1.345348857830310108e+00,-3.075347290505581643e+00,-1.966059037008303978e+00,-1.916162825429295502e+00,-2.838861176251708862e+00,-1.338116818207420788e+00,-2.152806135940770194e+00,-1.042457744840494804e+00,1.224482886156285533e+00,-1.073946042875550955e+00
-1.345348857830310108e+00,-3.075347290505581643e+00,-1.966059037008303978e+00,-1.916162825429295502e+00,-2.838861176251708862e+00,-1.338116818207420788e+00,-2.152806135940770194e+00,-1.042457744840494804e+00,1.224482886156285533e+00,-1.073946042875550955e+00
-1.345348857830310108e+00,-3.075347290505581643e+00,-1.966059037008303978e+00,-1.916162825429295502e+00,-2.838861176251708862e+00,-1.338116818207420788e+00,-2.152806135940770194e+00,-1.042457744840494804e+00,1.224482886156285533e+00,-1.073946042875550955e+00
-1.345348857830310108e+00,-3.075347290505581643e+00,-1.966059037008303978e+00,-1.916162825429295502e+00,-2.838861176251708862e+00,-1.338116818207420788e+00,-2.152806135940770194e+00,-1.042457744840494804e+00,1.224482886156285533e+00,-1.073946042875550955e+00
-1.345348857830310108e+00,-3.075347290505581643e+00,-1.966059037008303978e+00,-1.916162825429295502e+00,-3.183058700738347735e+00,-1.338116818207420788e+00,-2.152806135940770194e+00,-1.042457744840494804e+00,1.224482886156285533e+00,-1.073946042875550955e+00
-1.345348857830310108e+00,-3.075347290505581643e+00,-1.966059037008303978e+00,-2.369697410433927676e+00,-3.183058700738347735e+00,-1.338116818207420788e+00,-2.152806135940770194e+00,-1.042457744840494804e+00,1.224482886156285533e+00,-1.073946042875550955e+00
-1.345348857830310108e+00,-3.075347290505581643e+00,-1.966059037008303978e+00,-2.369697410433927676e+00,-3.183058700738347735e+00,-1.338116818207420788e+00,-2.152806135940770194e+00,-1.137440012260406696e+00,1.224482886156285533e+00,-1.073946042875550955e+00
-1.345348857830310108e+00,-3.075347290505581643e+00,-1.966059037008303978e+00,-2.369697410433927676e+00,-3.183058700738347735e+00,-1.338116818207420788e+00,-2.152806135940770194e+00,-1.137440012260406696e+00,1.224482886156285533e+00,-1.073946042875550955e+00
-1.345348857830310108e+00,-3.075347290505581643e+00,-1.966059037008303978e+00,-2.369697410433927676e+00,-3.183058700738347735e+00,-1.338116818207420788e+00,-2.152806135940770194e+00,-1.137440012260406696e+00,1.224482886156285533e+00,-1.073946042875550955e+00
-1.345348857830310108e+00,-3.075347290505581643e+00,-1.966059037008303978e+00,-2.470543640231487093e+00,-3.183058700738347735e+00,-1.338116818207420788e+00,-2.152806135940770194e+00,-1.137440012260406696e+00,1.224482886156285533e+00,-1.073946042875550955e+00
-1.345348857830310108e+00,-3.075347290505581643e+00,-1.966059037008303978e+00,-2.470543640231487093e+00,-3.183058700738347735e+00,-2.751655878151511025e+00,-2.152806135940770194e+00,-1.137440012260406696e+00,1.224482886156285533e+00,-1.073946042875550955e+00
-1.345348857830310108e+00,-3.075347290505581643e+00,-1.966059037008303978e+00,-2.470543640231487093e+00,-3.183058700738347735e+00,-2.751655878151511025e+00,-2.152806135940770194e+00,-1.410155252789833780e+00,1.224482886156285533e+00,-1.073946042875550955e+00
-1.345348857830310108e+00,-3.075347290505581643e+00,-1.966059037008303978e+00,-2.470543640231487093e+00,-3.183058700738347735e+00,-2.751655878151511025e+00,-2.152806135940770194e+00,-1.410155252789833780e+00,1.224482886156285533e+00,-1.073946042875550955e+00
-1.345348857830310108e+00,-3.075347290505581643e+00,-1.966059037008303978e+00,-2.470543640231487093e+00,-3.183058700738347735e+00,-2.751655878151511025e+00,-2.152806135940770194e+00,-1.452701398974781677e+00,1.224482886156285533e+00,-1.073946042875550955e+00
-1.345348857830310108e+00,-3.075347290505581643e+00,-1.966059037008303978e+00,-2.470543640231487093e+00,-3.183058700738347735e+00,-2.751655878151511025e+00,-2.152806135940770194e+00,-1.452701398974781677e+00,1.224482886156285533e+00,-1.073946042875550955e+00
-1.345348857830310108e+00,-3.075347290505581643e+00,-1.966059037008303978e+00,-2.470543640231487093e+00,-3.183058700738347735e+00,-2.751655878151511025e+00,-2.152806135940770194e+00,-1.564866179336948493e+00,1.224482886156285533e+00,-1.073946042875550955e+00
-1.345348857830310108e+00,-3.075347290505581643e+00,-2.082739828372908164e+00,-2.470543640231487093e+00,-3.183058700738347735e+00,-2.751655878151511025e+00,-2.152806135940770194e+00,-1.591970453956626841e+00,1.224482886156285533e+00,-1.073946042875550955e+00
-1.345348857830310108e+00,-3.075347290505581643e+00,-2.082739828372908164e+00,-2.470543640231487093e+00,-3.183058700738347735e+00,-2.885565250111118640e+00,-2.152806135940770194e+00,-1.591970453956626841e+00,1.224482886156285533e+00,-1.073946042875550955e+00
-1.345348857830310108e+00,-3.075347290505581643e+00,-2.082739828372908164e+00,-2.470543640231487093e+00,-3.183058700738347735e+00,-2.885565250111118640e+00,-2.152806135940770194e+00,-1.591970453956626841e+00,1.028556561060397279e+00,-1.330498173934889561e+00
-1.345348857830310108e+00,-3.075347290505581643e+00,-2.082739828372908164e+00,-2.470543640231487093e+00,-3.183058700738347735e+00,-2.885565250111118640e+00,-2.152806135940770194e+00,-1.591970453956626841e+00,1.028556561060397279e+00,-1.330498173934889561e+00
-1.345348857830310108e+00,-3.075347290505581643e+00,-2.515858330576632440e+00,-2.470543640231487093e+00,-3.183058700738347735e+00,-2.885565250111118640e+00,-2.152806135940770194e+00,-1.591970453956626841e+00,1.028556561060397279e+00,-1.330498173934889561e+00
-1.345348857830310108e+00,-3.075347290505581643e+00,-2.515858330576632440e+00,-2.470543640231487093e+00,-3.183058700738347735e+00,-2.885565250111118640e+00,-2.152806135940770194e+00,-1.591970453956626841e+00,5.977408056452551133e-01,-1.330498173934889561e+00
-1.345348857830310108e+00,-3.075347290505581643e+00,-2.515858330576632440e+00,-2.470543640231487093e+00,-3.183058700738347735e+00,-2.885565250111118640e+00,-2.152806135940770194e+00,-2.070405548294782960e+00,5.977408056452551133e-01,-1.330498173934889561e+00
-1.345348857830310108e+00,-3.075347290505581643e+00,-2.515858330576632440e+00,-2.470543640231487093e+00,-3.183058700738347735e+00,-2.885565250111118640e+00,-2.152806135940770194e+00,-2.070405548294782960e+00,5.977408056452551133e-01,-1.330498173934889561e+00
-1.345348857830310108e+00,-3.075347290505581643e+00,-2.515858330576632440e+00,-3.166092090153574290e+00,-3.183058700738347735e+00,-2.885565250111118640e+00,-2.152806135940770194e+00,-2.070405548294782960e+00,5.977408056452551133e-01,-1.330498173934889561e+00
-1.345348857830310108e+00,-3.075347290505581643e+00,-2.515858330576632440e+00,-3.166092090153574290e+00,-3.183058700738347735e+00,-2.885565250111118640e+00,-2.152806135940770194e+00,-2.070405548294782960e+00,5.977408056452551133e-01,-1.330498173934889561e+00
-1.345348857830310108e+00,-3.075347290505581643e+00,-2.515858330576632440e+00,-3.166092090153574290e+00,-3.183058700738347735e+00,-2.885565250111118640e+00,-2.152806135940770194e+00,-2.086233459852448568e+00,5.977408056452551133e-01,-1.330498173934889561e+00
-1.398346101626834814e+00,-3.075347290505581643e+00,-2.515858330576632440e+00,-3.166092090153574290e+00,-3.183058700738347735e+00,-2.885565250111118640e+00,-2.152806135940770194e+00,-2.086233459852448568e+00,-5.617433027329559424e-03,-1.330498173934889561e+00
-1.398346101626834814e+00,-3.075347290505581643e+00,-2.515858330576632440e+00,-3.166092090153574290e+00,-3.183058700738347735e+00,-2.885565250111118640e+00,-2.360887997387679071e+00,-2.086233459852448568e+00,-5.617433027329559424e-03,-1.366730304683895447e+00
-1.398346101626834814e+00,-3.075347290505581643e+00,-2.515858330576632440e+00,-3.166092090153574290e+00,-3.183058700738347735e+00,-2.885565250111118640e+00,-2.360887997387679071e+00,-2.086233459852448568e+00,-5.617433027329559424e-03,-1.366730304683895447e+00
-1.398346101626834814e+00,-3.075347290505581643e+00,-2.515858330576632440e+00,-3.166092090153574290e+00,-3.183058700738347735e+00,-2.885565250111118640e+00,-2.458381263085485990e+00,-3.074768698601590078e+00,-5.617433027329559424e-03,-1.366730304683895447e+00
-1.398346101626834814e+00,-3.075347290505581643e+00,-3.853416759670839742e+00,-3.166092090153574290e+00,-3.183058700738347735e+00,-2.885565250111118640e+00,-2.458381263085485990e+00,-3.074768698601590078e+00,-5.617433027329559424e-03,-1.366730304683895447e+00
-1.398346101626834814e+00,-3.075347290505581643e+00,-3.853416759670839742e+00,-3.166092090153574290e+00,-3.183058700738347735e+00,-2.885565250111118640e+00,-2.458381263085485990e+00,-3.074768698601590078e+00,-5.617433027329559424e-03,-1.366730304683895447e+00
-1.398346101626834814e+00,-3.075347290505581643e+00,-3.853416759670839742e+00,-3.166092090153574290e+00,-3.183058700738347735e+00,-2.885565250111118640e+00,-2.458381263085485990e+00,-3.074768698601590078e+00,-5.617433027329559424e-03,-1.366730304683895447e+00
-1.398346101626834814e+00,-3.075347290505581643e+00,-3.853416759670839742e+00,-3.166092090153574290e+00,-3.183058700738347735e+00,-2.885565250111118640e+00,-2.458381263085485990e+00,-3.074768698601590078e+00,-5.617433027329559424e-03,-1.366730304683895447e+00
-1.398346101626834814e+00,-3.075347290505581643e+00,-3.853416759670839742e+00,-3.166092090153574290e+00,-3.183058700738347735e+00,-2.885565250111118640e+00,-2.458381263085485990e+00,-3.074768698601590078e+00,-5.617433027329559424e-03,-1.366730304683895447e+00
-1.398346101626834814e+00,-3.075347290505581643e+00,-3.853416759670839742e+00,-3.166092090153574290e+00,-3.183058700738347735e+00,-2.885565250111118640e+00,-2.458381263085485990e+00,-3.074768698601590078e+00,-5.617433027329559424e-03,-1.366730304683895447e+00
-1.398346101626834814e+00,-3.075347290505581643e+00,-3.853416759670839742e+00,-3.166092090153574290e+00,-3.183058700738347735e+00,-2.885565250111118640e+00,-2.458381263085485990e+00,-3.074768698601590078e+00,-5.617433027329559424e-03,-1.366730304683895447e+00
-1.398346101626834814e+00,-3.075347290505581643e+00,-3.853416759670839742e+00,-3.166092090153574290e+00,-3.183058700738347735e+00,-2.885565250111118640e+00,-2.458381263085485990e+00,-3.074768698601590078e+00,-5.617433027329559424e-03,-1.366730304683895447e+00
-1.398346101626834814e+00,-3.075347290505581643e+00,-3.853416759670839742e+00,-3.166092090153574290e+00,-3.183058700738347735e+00,-2.885565250111118640e+00,-2.458381263085485990e+00,-3.074768698601590078e+00,-4.981907628207412481e-02,-1.366730304683895447e+00
-1.398346101626834814e+00,-3.075347290505581643e+00,-3.853416759670839742e+00,-3.166092090153574290e+00,-3.183058700738347735e+00,-2.885565250111118640e+00,-2.458381263085485990e+00,-3.074768698601590078e+00,-4.981907628207412481e-02,-1.366730304683895447e+00
-1.398346101626834814e+00,-3.075347290505581643e+00,-3.853416759670839742e+00,-3.166092090153574290e+00,-3.183058700738347735e+00,-2.885565250111118640e+00,-2.458381263085485990e+00,-3.074768698601590078e+00,-4.981907628207412481e-02,-1.366730304683895447e+00
-1.398346101626834814e+00,-3.536253537929873403e+00,-3.853416759670839742e+00,-3.166092090153574290e+00,-3.183058700738347735e+00,-2.885565250111118640e+00,-2.458381263085485990e+00,-3.074768698601590078e+00,-4.981907628207412481e-02,-1.366730304683895447e+00
-1.398346101626834814e+00,-3.536253537929873403e+00,-3.853416759670839742e+00,-3.166092090153574290e+00,-4.359151595288036418e+00,-2.885565250111118640e+00,-2.458381263085485990e+00,-3.074768698601590078e+00,-4.981907628207412481e-02,-1.366730304683895447e+00
-1.398346101626834814e+00,-3.536253537929873403e+00,-3.853416759670839742e+00,-3.166092090153574290e+00,-4.359151595288036418e+00,-2.885565250111118640e+00,-2.458381263085485990e+00,-3.074768698601590078e+00,-4.981907628207412481e-02,-1.366730304683895447e+00
-1.398346101626834814e+00,-3.536253537929873403e+00,-3.853416759670839742e+00,-3.166092090153574290e+00,-4.359151595288036418e+00,-2.885565250111118640e+00,-2.458381263085485990e+00,-3.074768698601590078e+00,-4.981907628207412481e-02,-1.366730304683895447e+00
-1.398346101626834814e+00,-3.536253537929873403e+00,-3.853416759670839742e+00,-3.166092090153574290e+00,-4.359151595288036418e+00,-2.890935818301933580e+00,-2.458381263085485990e+00,-3.074768698601590078e+00,-1.709049157675516517e-01,-1.366730304683895447e+00
-1.398346101626834814e+00,-3.536253537929873403e+00,-3.853416759670839742e+00,-3.166092090153574290e+00,-4.359151595288036418e+00,-2.890935818301933580e+00,-2.458381263085485990e+00,-3.074768698601590078e+00,-1.709049157675516517e-01,-1.366730304683895447e+00
-1.398346101626834814e+00,-3.536253537929873403e+00,-3.853416759670839742e+00,-3.166092090153574290e+00,-4.359151595288036418e+00,-2.890935818301933580e+00,-2.458381263085485990e+00,-3.074768698601590078e+00,-1.709049157675516517e-01,-1.366730304683895447e+00
-1.398346101626834814e+00,-3.536253537929873403e+00,-3.853416759670839742e+00,-3.166092090153574290e+00,-4.359151595288036418e+00,-2.890935818301933580e+00,-2.458381263085485990e+00,-3.074768698601590078e+00,-1.709049157675516517e-01,-1.366730304683895447e+00
-1.398346101626834814e+00,-3.536253537929873403e+00,-3.853416759670839742e+00,-3.227546940045724622e+00,-4.359151595288036418e+00,-2.890935818301933580e+00,-2.458381263085485990e+00,-3.074768698601590078e+00,-1.709049157675516517e-01,-1.366730304683895447e+00
-1.398346101626834814e+00,-3.536253537929873403e+00,-3.853416759670839742e+00,-3.227546940045724622e+00,-4.359151595288036418e+00,-2.890935818301933580e+00,-2.458381263085485990e+00,-3.074768698601590078e+00,-1.709049157675516517e-01,-1.366730304683895447e+00
-2.123501348613545225e+00,-3.536253537929873403e+00,-3.853416759670839742e+00,-3.227546940045724622e+00,-4.359151595288036418e+00,-2.890935818301933580e+00,-2.458381263085485990e+00,-3.074768698601590078e+00,-1.709049157675516517e-01,-1.366730304683895447e+00
-2.123501348613545225e+00,-3.536253537929873403e+00,-3.853416759670839742e+00,-3.227546940045724622e+00,-4.359151595288036418e+00,-2.890935818301933580e+00,-2.458381263085485990e+00,-3.074768698601590078e+00,-1.709049157675516517e-01,-1.643453187896469769e+00
-2.123501348613545225e+00,-3.536253537929873403e+00,-3.853416759670839742e+00,-3.227546940045724622e+00,-4.359151595288036418e+00,-2.890935818301933580e+00,-2.458381263085485990e+00,-3.773977145828318225e+00,-1.709049157675516517e-01,-1.643453187896469769e+00
-2.123501348613545225e+00,-3.536253537929873403e+00,-3.853416759670839742e+00,-3.227546940045724622e+00,-4.359151595288036418e+00,-2.890935818301933580e+00,-2.458381263085485990e+00,-3.773977145828318225e+00,-1.709049157675516517e-01,-1.643453187896469769e+00
-2.123501348613545225e+00,-3.536253537929873403e+00,-3.853416759670839742e+00,-3.227546940045724622e+00,-4.359151595288036418e+00,-2.890935818301933580e+00,-2.458381263085485990e+00,-3.773977145828318225e+00,-1.709049157675516517e-01,-1.643453187896469769e+00
-2.123501348613545225e+00,-3.536253537929873403e+00,-3.853416759670839742e+00,-3.227546940045724622e+00,-4.359151595288036418e+00,-2.890935818301933580e+00,-2.458381263085485990e+00,-3.773977145828318225e+00,-1.709049157675516517e-01,-1.643453187896469769e+00
-2.123501348613545225e+00,-3.536253537929873403e+00,-3.853416759670839742e+00,-3.227546940045724622e+00,-4.359151595288036418e+00,-2.890935818301933580e+00,-2.458381263085485990e+00,-3.773977145828318225e+00,-1.709049157675516517e-01,-1.643453187896469769e+00
-2.123501348613545225e+00,-3.536253537929873403e+00,-3.853416759670839742e+00,-3.227546940045724622e+00,-4.359151595288036418e+00,-2.890935818301933580e+00,-2.458381263085485990e+00,-3.773977145828318225e+00,-1.709049157675516517e-01,-1.643453187896469769e+00
-2.123501348613545225e+00,-3.536253537929873403e+00,-3.853416759670839742e+00,-3.227546940045724622e+00,-4.359151595288036418e+00,-2.890935818301933580e+00,-2.458381263085485990e+00,-3.773977145828318225e+00,-1.709049157675516517e-01,-1.643453187896469769e+00
-2.123501348613545225e+00,-3.536253537929873403e+00,-3.853416759670839742e+00,-3.227546940045724622e+00,-4.359151595288036418e+00,-2.890935818301933580e+00,-2.458381263085485990e+00,-3.773977145828318225e+00,-1.709049157675516517e-01,-1.643453187896469769e+00
-2.123501348613545225e+00,-3.536253537929873403e+00,-3.853416759670839742e+00,-3.227546940045724622e+00,-4.359151595288036418e+00,-2.890935818301933580e+00,-2.458381263085485990e+00,-4.076687793507861812e+00,-1.709049157675516517e-01,-1.643453187896469769e+00
-2.123501348613545225e+00,-3.536253537929873403e+00,-3.853416759670839742e+00,-3.227546940045724622e+00,-4.359151595288036418e+00,-2.890935818301933580e+00,-2.458381263085485990e+00,-4.539416099115082481e+00,-1.709049157675516517e-01,-1.643453187896469769e+00
-2.123501348613545225e+00,-3.536253537929873403e+00,-3.853416759670839742e+00,-3.227546940045724622e+00,-4.359151595288036418e+00,-2.890935818301933580e+00,-2.458381263085485990e+00,-4.539416099115082481e+00,-1.709049157675516517e-01,-1.643453187896469769e+00
-2.123501348613545225e+00,-3.536253537929873403e+00,-3.853416759670839742e+00,-3.227546940045724622e+00,-4.359151595288036418e+00,-2.890935818301933580e+00,-2.458381263085485990e+00,-4.539416099115082481e+00,-1.709049157675516517e-01,-1.643453187896469769e+00
-2.123501348613545225e+00,-3.536253537929873403e+00,-3.853416759670839742e+00,-3.227546940045724622e+00,-4.359151595288036418e+00,-2.890935818301933580e+00,-2.458381263085485990e+00,-4.539416099115082481e+00,-1.709049157675516517e-01,-1.643453187896469769e+00
-2.123501348613545225e+00,-3.536253537929873403e+00,-3.853416759670839742e+00,-3.227546940045724622e+00,-4.359151595288036418e+00,-2.890935818301933580e+00,-2.458381263085485990e+00,-5.104857556700381771e+00,-1.709049157675516517e-01,-1.643453187896469769e+00
-2.123501348613545225e+00,-3.536253537929873403e+00,-3.853416759670839742e+00,-3.227546940045724622e+00,-4.359151595288036418e+00,-2.890935818301933580e+00,-2.458381263085485990e+00,-5.104857556700381771e+00,-1.709049157675516517e-01,-1.643453187896469769e+00
-2.123501348613545225e+00,-3.536253537929873403e+00,-3.853416759670839742e+00,-3.227546940045724622e+00,-4.359151595288036418e+00,-2.890935818301933580e+00,-2.458381263085485990e+00,-5.104857556700381771e+00,-1.709049157675516517e-01,-1.643453187896469769e+00
-2.123501348613545225e+00,-3.536253537929873403e+00,-3.853416759670839742e+00,-3.227546940045724622e+00,-4.359151595288036418e+00,-2.890935818301933580e+00,-2.458381263085485990e+00,-5.104857556700381771e+00,-1.709049157675516517e-01,-1.643453187896469769e+00
-2.123501348613545225e+00,-3.536253537929873403e+00,-3.853416759670839742e+00,-3.227546940045724622e+00,-4.359151595288036418e+00,-2.890935818301933580e+00,-2.458381263085485990e+00,-5.104857556700381771e+00,-1.709049157675516517e-01,-1.643453187896469769e+00
-2.123501348613545225e+00,-3.536253537929873403e+00,-3.853416759670839742e+00,-3.227546940045724622e+00,-4.359151595288036418e+00,-2.890935818301933580e+00,-2.458381263085485990e+00,-5.104857556700381771e+00,-1.709049157675516517e-01,-1.643453187896469769e+00
-2.123501348613545225e+00,-3.536253537929873403e+00,-3.853416759670839742e+00,-3.227546940045724622e+00,-4.359151595288036418e+00,-2.890935818301933580e+00,-2.458381263085485990e+00,-5.104857556700381771e+00,-1.709049157675516517e-01,-1.643453187896469769e+00
-2.123501348613545225e+00,-3.536253537929873403e+00,-3.853416759670839742e+00,-3.227546940045724622e+00,-4.359151595288036418e+00,-2.890935818301933580e+00,-2.458381263085485990e+00,-5.104857556700381771e+00,-1.709049157675516517e-01,-1.643453187896469769e+00
-2.123501348613545225e+00,-3.536253537929873403e+00,-3.853416759670839742e+00,-3.227546940045724622e+00,-4.359151595288036418e+00,-2.890935818301933580e+00,-2.458381263085485990e+00,-5.104857556700381771e+00,-1.709049157675516517e-01,-1.643453187896469769e+00
-2.123501348613545225e+00,-3.536253537929873403e+00,-3.853416759670839742e+00,-3.227546940045724622e+00,-4.359151595288036418e+00,-2.890935818301933580e+00,-2.458381263085485990e+00,-5.104857556700381771e+00,-1.709049157675516517e-01,-1.643453187896469769e+00
-2.123501348613545225e+00,-3.536253537929873403e+00,-3.853416759670839742e+00,-3.227546940045724622e+00,-4.359151595288036418e+00,-2.890935818301933580e+00,-2.458381263085485990e+00,-5.104857556700381771e+00,-1.709049157675516517e-01,-1.643453187896469769e+00
-2.123501348613545225e+00,-3.536253537929873403e+00,-3.853416759670839742e+00,-3.227546940045724622e+00,-4.359151595288036418e+00,-2.890935818301933580e+00,-2.458381263085485990e+00,-5.104857556700381771e+00,-1.709049157675516517e-01,-1.643453187896469769e+00
-2.123501348613545225e+00,-3.536253537929873403e+00,-3.853416759670839742e+00,-3.227546940045724622e+00,-4.359151595288036418e+00,-2.890935818301933580e+00,-2.458381263085485990e+00,-5.104857556700381771e+00,-1.709049157675516517e-01,-1.643453187896469769e+00
-2.123501348613545225e+00,-3.536253537929873403e+00,-3.853416759670839742e+00,-3.227546940045724622e+00,-4.359151595288036418e+00,-2.890935818301933580e+00,-2.458381263085485990e+00,-5.104857556700381771e+00,-1.709049157675516517e-01,-1.643453187896469769e+00
-2.123501348613545225e+00,-3.536253537929873403e+00,-3.853416759670839742e+00,-3.227546940045724622e+00,-4.359151595288036418e+00,-2.890935818301933580e+00,-2.458381263085485990e+00,-5.104857556700381771e+00,-1.709049157675516517e-01,-1.643453187896469769e+00
-2.123501348613545225e+00,-3.536253537929873403e+00,-3.853416759670839742e+00,-3.227546940045724622e+00,-4.359151595288036418e+00,-2.890935818301933580e+00,-3.272660420337215825e+00,-5.104857556700381771e+00,-1.709049157675516517e-01,-1.643453187896469769e+00
-2.123501348613545225e+00,-3.536253537929873403e+00,-3.853416759670839742e+00,-3.227546940045724622e+00,-4.359151595288036418e+00,-2.890935818301933580e+00,-3.272660420337215825e+00,-5.104857556700381771e+00,-1.709049157675516517e-01,-1.643453187896469769e+00
-2.123501348613545225e+00,-3.536253537929873403e+00,-3.853416759670839742e+00,-3.227546940045724622e+00,-4.359151595288036418e+00,-2.890935818301933580e+00,-3.272660420337215825e+00,-5.104857556700381771e+00,-1.709049157675516517e-01,-1.643453187896469769e+00
-2.123501348613545225e+00,-3.536253537929873403e+00,-3.853416759670839742e+00,-3.227546940045724622e+00,-4.359151595288036418e+00,-2.890935818301933580e+00,-3.272660420337215825e+00,-5.104857556700381771e+00,-1.709049157675516517e-01,-1.643453187896469769e+00
-2.123501348613545225e+00,-3.536253537929873403e+00,-3.853416759670839742e+00,-3.227546940045724622e+00,-4.359151595288036418e+00,-2.890935818301933580e+00,-3.272660420337215825e+00,-5.104857556700381771e+00,-1.709049157675516517e-01,-1.643453187896469769e+00
-2.123501348613545225e+00,-3.536253537929873403e+00,-3.853416759670839742e+00,-3.227546940045724622e+00,-4.359151595288036418e+00,-2.890935818301933580e+00,-3.272660420337215825e+00,-5.104857556700381771e+00,-1.709049157675516517e-01,-1.643453187896469769e+00
-2.123501348613545225e+00,-3.536253537929873403e+00,-3.853416759670839742e+00,-3.227546940045724622e+00,-4.359151595288036418e+00,-2.890935818301933580e+00,-3.272660420337215825e+00,-5.104857556700381771e+00,-1.709049157675516517e-01,-1.643453187896469769e+00
-2.123501348613545225e+00,-3.536253537929873403e+00,-3.853416759670839742e+00,-3.227546940045724622e+00,-4.359151595288036418e+00,-2.890935818301933580e+00,-3.272660420337215825e+00,-5.104857556700381771e+00,-1.709049157675516517e-01,-2.749258090343547067e+00
-2.123501348613545225e+00,-3.536253537929873403e+00,-3.853416759670839742e+00,-3.227546940045724622e+00,-4.359151595288036418e+00,-2.890935818301933580e+00,-3.272660420337215825e+00,-5.104857556700381771e+00,-1.709049157675516517e-01,-2.854144186133896532e+00
-2.123501348613545225e+00,-3.536253537929873403e+00,-3.853416759670839742e+00,-3.227546940045724622e+00,-4.359151595288036418e+00,-2.890935818301933580e+00,-3.272660420337215825e+00,-5.104857556700381771e+00,-1.709049157675516517e-01,-2.854144186133896532e+00
-2.123501348613545225e+00,-3.536253537929873403e+00,-3.853416759670839742e+00,-3.227546940045724622e+00,-4.359151595288036418e+00,-2.890935818301933580e+00,-3.272660420337215825e+00,-5.104857556700381771e+00,-1.709049157675516517e-01,-2.854144186133896532e+00
-2.123501348613545225e+00,-3.536253537929873403e+00,-3.853416759670839742e+00,-3.227546940045724622e+00,-4.359151595288036418e+00,-2.890935818301933580e+00,-3.272660420337215825e+00,-5.104857556700381771e+00,-1.709049157675516517e-01,-2.854144186133896532e+00
-2.123501348613545225e+00,-3.536253537929873403e+00,-3.853416759670839742e+00,-3.227546940045724622e+00,-4.359151595288036418e+00,-2.890935818301933580e+00,-3.272660420337215825e+00,-5.104857556700381771e+00,-1.709049157675516517e-01,-2.854144186133896532e+00
-2.123501348613545225e+00,-3.536253537929873403e+00,-3.853416759670839742e+00,-3.227546940045724622e+00,-4.359151595288036418e+00,-2.890935818301933580e+00,-3.272660420337215825e+00,-5.104857556700381771e+00,-1.709049157675516517e-01,-2.854144186133896532e+00
-2.123501348613545225e+00,-3.536253537929873403e+00,-3.853416759670839742e+00,-3.227546940045724622e+00,-4.359151595288036418e+00,-2.890935818301933580e+00,-3.272660420337215825e+00,-5.104857556700381771e+00,-1.709049157675516517e-01,-2.854144186133896532e+00
-2.123501348613545225e+00,-3.536253537929873403e+00,-3.853416759670839742e+00,-3.227546940045724622e+00,-4.359151595288036418e+00,-2.890935818301933580e+00,-3.272660420337215825e+00,-5.104857556700381771e+00,-4.064437674452764382e-01,-2.854144186133896532e+00
-2.123501348613545225e+00,-3.536253537929873403e+00,-3.853416759670839742e+00,-3.227546940045724622e+00,-4.359151595288036418e+00,-2.890935818301933580e+00,-3.272660420337215825e+00,-5.104857556700381771e+00,-9.104814049716939417e-01,-2.854144186133896532e+00
-2.123501348613545225e+00,-3.536253537929873403e+00,-3.853416759670839742e+00,-3.227546940045724622e+00,-4.359151595288036418e+00,-2.890935818301933580e+00,-3.272660420337215825e+00,-5.104857556700381771e+00,-9.104814049716939417e-01,-3.305255418442685666e+00
-2.123501348613545225e+00,-3.536253537929873403e+00,-3.853416759670839742e+00,-3.227546940045724622e+00,-4.359151595288036418e+00,-2.890935818301933580e+00,-3.272660420337215825e+00,-5.104857556700381771e+00,-9.104814049716939417e-01,-3.305255418442685666e+00
-2.123501348613545225e+00,-3.536253537929873403e+00,-4.151469722927823902e+00,-3.227546940045724622e+00,-4.359151595288036418e+00,-2.890935818301933580e+00,-3.272660420337215825e+00,-5.104857556700381771e+00,-9.998778037709517008e-01,-3.305255418442685666e+00
-2.123501348613545225e+00,-3.536253537929873403e+00,-4.151469722927823902e+00,-3.227546940045724622e+00,-4.359151595288036418e+00,-2.890935818301933580e+00,-3.272660420337215825e+00,-5.104857556700381771e+00,-9.998778037709517008e-01,-3.305255418442685666e+00
-2.123501348613545225e+00,-3.536253537929873403e+00,-4.151469722927823902e+00,-3.227546940045724622e+00,-4.359151595288036418e+00,-2.890935818301933580e+00,-3.272660420337215825e+00,-5.104857556700381771e+00,-9.998778037709517008e-01,-3.305255418442685666e+00
-2.123501348613545225e+00,-3.536253537929873403e+00,-4.151469722927823902e+00,-3.227546940045724622e+00,-4.359151595288036418e+00,-2.890935818301933580e+00,-3.272660420337215825e+00,-5.104857556700381771e+00,-9.998778037709517008e-01,-3.305255418442685666e+00
-2.123501348613545225e+00,-3.536253537929873403e+00,-4.151469722927823902e+00,-3.227546940045724622e+00,-4.359151595288036418e+00,-2.890935818301933580e+00,-3.272660420337215825e+00,-5.104857556700381771e+00,-9.998778037709517008e-01,-3.305255418442685666e+00
-2.123501348613545225e+00,-3.536253537929873403e+00,-4.151469722927823902e+00,-3.227546940045724622e+00,-4.359151595288036418e+00,-2.890935818301933580e+00,-3.272660420337215825e+00,-5.104857556700381771e+00,-9.998778037709517008e-01,-3.383666109201593386e+00
-2.123501348613545225e+00,-3.536253537929873403e+00,-4.151469722927823902e+00,-3.227546940045724622e+00,-4.359151595288036418e+00,-2.890935818301933580e+00,-3.272660420337215825e+00,-5.104857556700381771e+00,-1.007886492462114703e+00,-3.383666109201593386e+00
-2.123501348613545225e+00,-3.536253537929873403e+00,-4.151469722927823902e+00,-3.227546940045724622e+00,-4.359151595288036418e+00,-2.890935818301933580e+00,-3.272660420337215825e+00,-5.821012831525496090e+00,-1.113516289950315707e+00,-3.383666109201593386e+00
-2.123501348613545225e+00,-3.536253537929873403e+00,-4.151469722927823902e+00,-3.227546940045724622e+00,-4.359151595288036418e+00,-2.890935818301933580e+00,-3.272660420337215825e+00,-6.253715433282540204e+00,-1.113516289950315707e+00,-3.383666109201593386e+00
-2.123501348613545225e+00,-3.536253537929873403e+00,-4.151469722927823902e+00,-3.227546940045724622e+00,-4.359151595288036418e+00,-2.890935818301933580e+00,-3.272660420337215825e+00,-6.253715433282540204e+00,-1.113516289950315707e+00,-3.383666109201593386e+00
-2.123501348613545225e+00,-3.536253537929873403e+00,-4.151469722927823902e+00,-3.227546940045724622e+00,-4.359151595288036418e+00,-2.890935818301933580e+00,-3.272660420337215825e+00,-6.253715433282540204e+00,-1.113516289950315707e+00,-3.383666109201593386e+00
-2.123501348613545225e+00,-3.536253537929873403e+00,-4.151469722927823902e+00,-3.227546940045724622e+00,-4.359151595288036418e+00,-2.890935818301933580e+00,-3.272660420337215825e+00,-6.253715433282540204e+00,-1.113516289950315707e+00,-3.383666109201593386e+00
-2.123501348613545225e+00,-3.536253537929873403e+00,-4.151469722927823902e+00,-3.227546940045724622e+00,-4.359151595288036418e+00,-2.890935818301933580e+00,-3.272660420337215825e+00,-6.253715433282540204e+00,-1.113516289950315707e+00,-3.383666109201593386e+00
