-2.478813373504972883e+00,1.430369992228575082e+00,4.106867357743828606e+00,-7.851660922370596651e+00,2.650165594430703209e+00,-1.496567530296059712e+00,-1.341583818682518636e+00,1.220725893592316424e+00,-6.245891951933922215e+00,-9.366669171155496798e+00
-2.478813373504972883e+00,1.389872503048571240e+00,1.143638880679786585e+00,-1.033662397930116228e+01,1.073749649124139172e+00,-1.496567530296059712e+00,-1.341583818682518636e+00,4.162231144932202476e-01,-6.245891951933922215e+00,-9.366669171155496798e+00
-2.667289244460787412e+00,2.493826689985155776e-01,1.143638880679786585e+00,-1.033662397930116228e+01,1.073749649124139172e+00,-1.496567530296059712e+00,-1.402335248018732994e+00,-6.868010269338457041e-01,-9.843592932476404656e+00,-9.921982823857829814e+00
-2.667289244460787412e+00,-9.771635368546689460e-01,1.143638880679786585e+00,-1.033662397930116228e+01,1.073749649124139172e+00,-1.496567530296059712e+00,-1.402335248018732994e+00,-1.017580932247383663e+00,-9.843592932476404656e+00,-9.921982823857829814e+00
-2.667289244460787412e+00,-9.771635368546689460e-01,-2.861337923107916126e+00,-1.033662397930116228e+01,1.073749649124139172e+00,-2.737699954215596421e+00,-2.351194240429079318e+00,-1.264104799858894568e+00,-9.843592932476404656e+00,-9.921982823857829814e+00
-2.667289244460787412e+00,-9.771635368546689460e-01,-2.861337923107916126e+00,-1.033662397930116228e+01,1.543759523388718302e-01,-2.737699954215596421e+00,-2.351194240429079318e+00,-1.264104799858894568e+00,-9.843592932476404656e+00,-9.921982823857829814e+00
-2.667289244460787412e+00,-1.618217952567990281e+00,-2.861337923107916126e+00,-1.033662397930116228e+01,1.543759523388718302e-01,-4.452761918434681832e+00,-2.351194240429079318e+00,-1.264104799858894568e+00,-9.843592932476404656e+00,-9.921982823857829814e+00
-2.667289244460787412e+00,-1.618217952567990281e+00,-2.861337923107916126e+00,-1.033662397930116228e+01,1.543759523388718302e-01,-4.553296462883141160e+00,-2.355492317321538742e+00,-1.264104799858894568e+00,-9.843592932476404656e+00,-9.921982823857829814e+00
-2.667289244460787412e+00,-1.618217952567990281e+00,-2.861337923107916126e+00,-1.033662397930116228e+01,1.543759523388718302e-01,-4.553296462883141160e+00,-2.355492317321538742e+00,-1.325727142564758099e+00,-9.843592932476404656e+00,-9.921982823857829814e+00
-2.771188846534208050e+00,-2.237201121429997386e+00,-2.861337923107916126e+00,-1.033662397930116228e+01,1.543759523388718302e-01,-4.553296462883141160e+00,-2.355492317321538742e+00,-1.325727142564758099e+00,-9.843592932476404656e+00,-9.921982823857829814e+00
-2.771188846534208050e+00,-2.623307117496698648e+00,-2.861337923107916126e+00,-1.033662397930116228e+01,1.543759523388718302e-01,-4.553296462883141160e+00,-2.355492317321538742e+00,-1.325727142564758099e+00,-9.843592932476404656e+00,-9.921982823857829814e+00
-2.771188846534208050e+00,-2.623307117496698648e+00,-3.242008729465802652e+00,-1.033662397930116228e+01,1.543759523388718302e-01,-4.553296462883141160e+00,-2.355492317321538742e+00,-1.325727142564758099e+00,-9.843592932476404656e+00,-9.921982823857829814e+00
-2.771188846534208050e+00,-2.623307117496698648e+00,-3.242008729465802652e+00,-1.033662397930116228e+01,1.543759523388718302e-01,-4.553296462883141160e+00,-5.663438811586776644e+00,-1.325727142564758099e+00,-9.843592932476404656e+00,-1.021767240986007153e+01
-2.771188846534208050e+00,-2.882423377647150620e+00,-3.242008729465802652e+00,-1.033662397930116228e+01,1.543759523388718302e-01,-5.561478904651780297e+00,-5.663438811586776644e+00,-1.371831327618848517e+00,-9.843592932476404656e+00,-1.021767240986007153e+01
-2.771188846534208050e+00,-2.882423377647150620e+00,-3.242008729465802652e+00,-1.033662397930116228e+01,-1.152694170760961700e+00,-6.942723754135808001e+00,-5.663438811586776644e+00,-1.371831327618848517e+00,-9.843592932476404656e+00,-1.021767240986007153e+01
-2.771188846534208050e+00,-2.882423377647150620e+00,-3.242008729465802652e+00,-1.033662397930116228e+01,-1.152694170760961700e+00,-7.397598558789226786e+00,-6.523344189054022912e+00,-1.371831327618848517e+00,-9.843592932476404656e+00,-1.055670557721926173e+01
-2.771188846534208050e+00,-2.882423377647150620e+00,-3.242008729465802652e+00,-1.033662397930116228e+01,-1.152694170760961700e+00,-7.397598558789226786e+00,-6.523344189054022912e+00,-1.857357135650163027e+00,-9.843592932476404656e+00,-1.055670557721926173e+01
-2.771188846534208050e+00,-2.882423377647150620e+00,-3.242008729465802652e+00,-1.033662397930116228e+01,-1.152694170760961700e+00,-7.397598558789226786e+00,-6.523344189054022912e+00,-1.857357135650163027e+00,-9.843592932476404656e+00,-1.055670557721926173e+01
-2.771188846534208050e+00,-2.882423377647150620e+00,-3.242008729465802652e+00,-1.033662397930116228e+01,-1.152694170760961700e+00,-7.982430125964539158e+00,-6.523344189054022912e+00,-1.857357135650163027e+00,-9.843592932476404656e+00,-1.055670557721926173e+01
-7.991606206868813622e+00,-2.882423377647150620e+00,-3.242008729465802652e+00,-1.033662397930116228e+01,-3.981711244012131612e+00,-7.982430125964539158e+00,-6.523344189054022912e+00,-1.857357135650163027e+00,-9.843592932476404656e+00,-1.055670557721926173e+01
-7.991606206868813622e+00,-2.882423377647150620e+00,-4.227344476579069088e+00,-1.033662397930116228e+01,-3.981711244012131612e+00,-7.982430125964539158e+00,-9.931793851572125575e+00,-1.935878243674931332e+00,-9.843592932476404656e+00,-1.055670557721926173e+01
-7.991606206868813622e+00,-2.882423377647150620e+00,-4.227344476579069088e+00,-1.033662397930116228e+01,-3.981711244012131612e+00,-7.982430125964539158e+00,-1.328623449853124860e+01,-1.935878243674931332e+00,-9.843592932476404656e+00,-1.055670557721926173e+01
-7.991606206868813622e+00,-1.009951098633090361e+01,-4.227344476579069088e+00,-1.033662397930116228e+01,-3.981711244012131612e+00,-7.982430125964539158e+00,-1.328623449853124860e+01,-3.468338334420370650e+00,-1.329448017908539192e+01,-1.055670557721926173e+01
-7.991606206868813622e+00,-1.055228645700306167e+01,-4.227344476579069088e+00,-1.033662397930116228e+01,-4.478314050260950197e+00,-7.982430125964539158e+00,-1.328623449853124860e+01,-4.072291033714555475e+00,-1.329448017908539192e+01,-1.055670557721926173e+01
-7.991606206868813622e+00,-1.055228645700306167e+01,-4.227344476579069088e+00,-1.033662397930116228e+01,-4.478314050260950197e+00,-7.982430125964539158e+00,-1.328623449853124860e+01,-4.072291033714555475e+00,-1.329448017908539192e+01,-1.055670557721926173e+01
-7.991606206868813622e+00,-1.055228645700306167e+01,-4.227344476579069088e+00,-1.033662397930116228e+01,-4.478314050260950197e+00,-7.982430125964539158e+00,-1.328623449853124860e+01,-4.072291033714555475e+00,-1.329448017908539192e+01,-1.055670557721926173e+01
-7.991606206868813622e+00,-1.055228645700306167e+01,-4.227344476579069088e+00,-1.033662397930116228e+01,-4.478314050260950197e+00,-8.556836489162316539e+00,-1.328623449853124860e+01,-4.072291033714555475e+00,-1.329448017908539192e+01,-1.055670557721926173e+01
-7.991606206868813622e+00,-1.055228645700306167e+01,-4.227344476579069088e+00,-1.033662397930116228e+01,-4.478314050260950197e+00,-8.556836489162316539e+00,-1.328623449853124860e+01,-4.072291033714555475e+00,-1.329448017908539192e+01,-1.055670557721926173e+01
-7.991606206868813622e+00,-1.055228645700306167e+01,-4.227344476579069088e+00,-1.201184588886211912e+01,-4.478314050260950197e+00,-8.556836489162316539e+00,-1.328623449853124860e+01,-4.072291033714555475e+00,-1.329448017908539192e+01,-1.055670557721926173e+01
-7.991606206868813622e+00,-1.055228645700306167e+01,-4.227344476579069088e+00,-1.201184588886211912e+01,-6.354511927214576694e+00,-8.556836489162316539e+00,-1.328623449853124860e+01,-4.072291033714555475e+00,-1.329448017908539192e+01,-1.055670557721926173e+01
-7.991606206868813622e+00,-1.055228645700306167e+01,-4.227344476579069088e+00,-1.201184588886211912e+01,-6.654156963849846562e+00,-9.004544976245542287e+00,-1.328623449853124860e+01,-4.072291033714555475e+00,-1.329448017908539192e+01,-1.055670557721926173e+01
-7.991606206868813622e+00,-1.055228645700306167e+01,-4.227344476579069088e+00,-1.201184588886211912e+01,-6.654156963849846562e+00,-9.004544976245542287e+00,-1.328623449853124860e+01,-4.072291033714555475e+00,-1.329448017908539192e+01,-1.055670557721926173e+01
-7.991606206868813622e+00,-1.055228645700306167e+01,-4.227344476579069088e+00,-1.201184588886211912e+01,-6.654156963849846562e+00,-9.004544976245542287e+00,-1.328623449853124860e+01,-4.072291033714555475e+00,-1.329448017908539192e+01,-1.055670557721926173e+01
-7.991606206868813622e+00,-1.055228645700306167e+01,-5.085996114080263197e+00,-1.201184588886211912e+01,-6.654156963849846562e+00,-9.004544976245542287e+00,-1.328623449853124860e+01,-4.151292702204175455e+00,-1.329448017908539192e+01,-1.055670557721926173e+01
-7.991606206868813622e+00,-1.055228645700306167e+01,-5.085996114080263197e+00,-1.201184588886211912e+01,-6.654156963849846562e+00,-9.004544976245542287e+00,-1.328623449853124860e+01,-4.151292702204175455e+00,-1.329448017908539192e+01,-1.055670557721926173e+01
-7.991606206868813622e+00,-1.055228645700306167e+01,-5.085996114080263197e+00,-1.201184588886211912e+01,-6.654156963849846562e+00,-9.004544976245542287e+00,-1.328623449853124860e+01,-4.151292702204175455e+00,-1.329448017908539192e+01,-1.055670557721926173e+01
-7.991606206868813622e+00,-1.055228645700306167e+01,-5.085996114080263197e+00,-1.201184588886211912e+01,-1.083651535286898060e+01,-9.614914433082534018e+00,-1.328623449853124860e+01,-4.151292702204175455e+00,-1.329448017908539192e+01,-1.055670557721926173e+01
-7.991606206868813622e+00,-1.055228645700306167e+01,-5.085996114080263197e+00,-1.282918411497525923e+01,-1.083651535286898060e+01,-9.614914433082534018e+00,-1.328623449853124860e+01,-4.151292702204175455e+00,-1.329448017908539192e+01,-1.055670557721926173e+01
-7.991606206868813622e+00,-1.055228645700306167e+01,-5.085996114080263197e+00,-1.282918411497525923e+01,-1.083651535286898060e+01,-9.614914433082534018e+00,-1.328623449853124860e+01,-4.151292702204175455e+00,-1.329448017908539192e+01,-1.055670557721926173e+01
-8.999335203246207726e+00,-1.055228645700306167e+01,-5.085996114080263197e+00,-1.282918411497525923e+01,-1.083651535286898060e+01,-9.614914433082534018e+00,-1.328623449853124860e+01,-4.151292702204175455e+00,-1.329448017908539192e+01,-1.055670557721926173e+01
-8.999335203246207726e+00,-1.055228645700306167e+01,-5.085996114080263197e+00,-1.282918411497525923e+01,-1.232275863113679826e+01,-9.614914433082534018e+00,-1.328623449853124860e+01,-4.151292702204175455e+00,-1.329448017908539192e+01,-1.055670557721926173e+01
-8.999335203246207726e+00,-1.055228645700306167e+01,-5.085996114080263197e+00,-1.370791035903963540e+01,-1.232275863113679826e+01,-9.614914433082534018e+00,-1.328623449853124860e+01,-4.151292702204175455e+00,-1.329448017908539192e+01,-1.055670557721926173e+01
-8.999335203246207726e+00,-1.055228645700306167e+01,-5.085996114080263197e+00,-1.370791035903963540e+01,-1.232275863113679826e+01,-9.614914433082534018e+00,-1.328623449853124860e+01,-4.227656710116256988e+00,-1.329448017908539192e+01,-1.055670557721926173e+01
-8.999335203246207726e+00,-1.055228645700306167e+01,-5.085996114080263197e+00,-1.370791035903963540e+01,-1.460562098443829804e+01,-9.614914433082534018e+00,-1.328623449853124860e+01,-4.227656710116256988e+00,-1.329448017908539192e+01,-1.055670557721926173e+01
-8.999335203246207726e+00,-1.055228645700306167e+01,-5.085996114080263197e+00,-1.370791035903963540e+01,-1.549251868747689898e+01,-9.614914433082534018e+00,-1.328623449853124860e+01,-4.227656710116256988e+00,-1.329448017908539192e+01,-1.055670557721926173e+01
-8.999335203246207726e+00,-1.055228645700306167e+01,-5.085996114080263197e+00,-1.370791035903963540e+01,-1.549251868747689898e+01,-9.614914433082534018e+00,-1.328623449853124860e+01,-4.314012030311789481e+00,-1.329448017908539192e+01,-1.129075459451454577e+01
-8.999335203246207726e+00,-1.055228645700306167e+01,-5.085996114080263197e+00,-1.370791035903963540e+01,-1.549251868747689898e+01,-9.614914433082534018e+00,-1.328623449853124860e+01,-4.314012030311789481e+00,-1.329448017908539192e+01,-1.142211053178696289e+01
-8.999335203246207726e+00,-1.055228645700306167e+01,-5.085996114080263197e+00,-1.370791035903963540e+01,-1.549251868747689898e+01,-9.614914433082534018e+00,-1.328623449853124860e+01,-4.314012030311789481e+00,-1.329448017908539192e+01,-1.142211053178696289e+01
-1.162393548598353199e+01,-1.055228645700306167e+01,-5.085996114080263197e+00,-1.419245708915337367e+01,-1.549251868747689898e+01,-9.614914433082534018e+00,-1.328623449853124860e+01,-4.314012030311789481e+00,-1.329448017908539192e+01,-1.142211053178696289e+01
-1.162393548598353199e+01,-1.055228645700306167e+01,-5.085996114080263197e+00,-1.419245708915337367e+01,-1.549251868747689898e+01,-9.614914433082534018e+00,-1.328623449853124860e+01,-4.314012030311789481e+00,-1.329448017908539192e+01,-1.142211053178696289e+01
-1.162393548598353199e+01,-1.055228645700306167e+01,-5.085996114080263197e+00,-1.486972908685019767e+01,-1.549251868747689898e+01,-9.614914433082534018e+00,-1.328623449853124860e+01,-4.314012030311789481e+00,-1.329448017908539192e+01,-1.142211053178696289e+01
-1.162393548598353199e+01,-1.055228645700306167e+01,-5.085996114080263197e+00,-1.486972908685019767e+01,-1.549251868747689898e+01,-9.614914433082534018e+00,-1.328623449853124860e+01,-4.314012030311789481e+00,-1.329448017908539192e+01,-1.142211053178696289e+01
-1.162393548598353199e+01,-1.055228645700306167e+01,-5.085996114080263197e+00,-1.486972908685019767e+01,-1.549251868747689898e+01,-9.614914433082534018e+00,-1.328623449853124860e+01,-4.314012030311789481e+00,-1.329448017908539192e+01,-1.255389018451738359e+01
-1.339728412355770537e+01,-1.055228645700306167e+01,-5.085996114080263197e+00,-1.594192767234878438e+01,-1.549251868747689898e+01,-1.157157004332807482e+01,-1.328623449853124860e+01,-4.314012030311789481e+00,-1.329448017908539192e+01,-1.255389018451738359e+01
-1.339728412355770537e+01,-1.055228645700306167e+01,-5.085996114080263197e+00,-1.594192767234878438e+01,-1.549251868747689898e+01,-1.157157004332807482e+01,-1.328623449853124860e+01,-4.314012030311789481e+00,-1.329448017908539192e+01,-1.255389018451738359e+01
-1.339728412355770537e+01,-1.055228645700306167e+01,-5.085996114080263197e+00,-1.594192767234878438e+01,-1.549251868747689898e+01,-1.157157004332807482e+01,-1.328623449853124860e+01,-4.314012030311789481e+00,-1.329448017908539192e+01,-1.255389018451738359e+01
-1.339728412355770537e+01,-1.055228645700306167e+01,-5.085996114080263197e+00,-1.594192767234878438e+01,-1.549251868747689898e+01,-1.157157004332807482e+01,-1.328623449853124860e+01,-4.314012030311789481e+00,-1.329448017908539192e+01,-1.255389018451738359e+01
-1.339728412355770537e+01,-1.055228645700306167e+01,-5.085996114080263197e+00,-1.594192767234878438e+01,-1.549251868747689898e+01,-1.157157004332807482e+01,-1.328623449853124860e+01,-4.314012030311789481e+00,-1.329448017908539192e+01,-1.255389018451738359e+01
-1.360422530322065349e+01,-1.055228645700306167e+01,-5.085996114080263197e+00,-1.594192767234878438e+01,-1.549251868747689898e+01,-1.157157004332807482e+01,-1.328623449853124860e+01,-4.314012030311789481e+00,-1.329448017908539192e+01,-1.323597595898885260e+01
-1.360422530322065349e+01,-1.055228645700306167e+01,-5.085996114080263197e+00,-1.594192767234878438e+01,-1.549251868747689898e+01,-1.157157004332807482e+01,-1.328623449853124860e+01,-4.314012030311789481e+00,-1.329448017908539192e+01,-1.323597595898885260e+01
-1.360422530322065349e+01,-1.055228645700306167e+01,-5.251115929945931349e+00,-1.594192767234878438e+01,-1.549251868747689898e+01,-1.157157004332807482e+01,-1.328623449853124860e+01,-4.314012030311789481e+00,-1.329448017908539192e+01,-1.323597595898885260e+01
-1.360422530322065349e+01,-1.055228645700306167e+01,-5.251115929945931349e+00,-1.599534960589203614e+01,-1.549251868747689898e+01,-1.157157004332807482e+01,-1.328623449853124860e+01,-4.314012030311789481e+00,-1.329448017908539192e+01,-1.323597595898885260e+01
-1.360422530322065349e+01,-1.055228645700306167e+01,-5.251115929945931349e+00,-1.599534960589203614e+01,-1.549251868747689898e+01,-1.157157004332807482e+01,-1.328623449853124860e+01,-4.314012030311789481e+00,-1.329448017908539192e+01,-1.323597595898885260e+01
-1.360422530322065349e+01,-1.055228645700306167e+01,-5.251115929945931349e+00,-1.599534960589203614e+01,-1.549251868747689898e+01,-1.157157004332807482e+01,-1.328623449853124860e+01,-4.314012030311789481e+00,-1.329448017908539192e+01,-1.323597595898885260e+01
-1.422086788124010681e+01,-1.055228645700306167e+01,-5.251115929945931349e+00,-1.599534960589203614e+01,-1.549251868747689898e+01,-1.157157004332807482e+01,-1.328623449853124860e+01,-4.314012030311789481e+00,-1.329448017908539192e+01,-1.323597595898885260e+01
-1.422086788124010681e+01,-1.055228645700306167e+01,-5.251115929945931349e+00,-1.599534960589203614e+01,-1.549251868747689898e+01,-1.157157004332807482e+01,-1.328623449853124860e+01,-4.314012030311789481e+00,-1.329448017908539192e+01,-1.323597595898885260e+01
-1.422086788124010681e+01,-1.055228645700306167e+01,-5.251115929945931349e+00,-1.599534960589203614e+01,-1.549251868747689898e+01,-1.157157004332807482e+01,-1.328623449853124860e+01,-4.314012030311789481e+00,-1.329448017908539192e+01,-1.323597595898885260e+01
-1.422086788124010681e+01,-1.055228645700306167e+01,-7.272670320013165934e+00,-1.599534960589203614e+01,-1.549251868747689898e+01,-1.157157004332807482e+01,-1.328623449853124860e+01,-4.314012030311789481e+00,-1.329448017908539192e+01,-1.339762240866964405e+01
-1.422086788124010681e+01,-1.055228645700306167e+01,-7.272670320013165934e+00,-1.599534960589203614e+01,-1.549251868747689898e+01,-1.157157004332807482e+01,-1.328623449853124860e+01,-4.314012030311789481e+00,-1.329448017908539192e+01,-1.339762240866964405e+01
-1.422086788124010681e+01,-1.055228645700306167e+01,-7.272670320013165934e+00,-1.599534960589203614e+01,-1.549251868747689898e+01,-1.157157004332807482e+01,-1.328623449853124860e+01,-4.314012030311789481e+00,-1.329448017908539192e+01,-1.339762240866964405e+01
-1.422086788124010681e+01,-1.055228645700306167e+01,-7.272670320013165934e+00,-1.599534960589203614e+01,-1.549251868747689898e+01,-1.157157004332807482e+01,-1.328623449853124860e+01,-4.314012030311789481e+00,-1.329448017908539192e+01,-1.373553498574034215e+01
-1.422086788124010681e+01,-1.055228645700306167e+01,-7.272670320013165934e+00,-1.599534960589203614e+01,-1.549251868747689898e+01,-1.157157004332807482e+01,-1.328623449853124860e+01,-4.314012030311789481e+00,-1.329448017908539192e+01,-1.393742284913984975e+01
-1.422086788124010681e+01,-1.055228645700306167e+01,-7.272670320013165934e+00,-1.599534960589203614e+01,-1.549251868747689898e+01,-1.157157004332807482e+01,-1.328623449853124860e+01,-4.314012030311789481e+00,-1.329448017908539192e+01,-1.393742284913984975e+01
-1.422086788124010681e+01,-1.055228645700306167e+01,-7.272670320013165934e+00,-1.599534960589203614e+01,-1.549251868747689898e+01,-1.157157004332807482e+01,-1.328623449853124860e+01,-4.314012030311789481e+00,-1.329448017908539192e+01,-1.527808092223652636e+01
-1.422086788124010681e+01,-1.055228645700306167e+01,-7.272670320013165934e+00,-1.599534960589203614e+01,-1.549251868747689898e+01,-1.157157004332807482e+01,-1.328623449853124860e+01,-4.314012030311789481e+00,-1.329448017908539192e+01,-1.527808092223652636e+01
-1.422086788124010681e+01,-1.055228645700306167e+01,-7.272670320013165934e+00,-1.599534960589203614e+01,-1.549251868747689898e+01,-1.157157004332807482e+01,-1.328623449853124860e+01,-4.314012030311789481e+00,-1.329448017908539192e+01,-1.527808092223652636e+01
-1.422086788124010681e+01,-1.055228645700306167e+01,-7.272670320013165934e+00,-1.599534960589203614e+01,-1.549251868747689898e+01,-1.157157004332807482e+01,-1.328623449853124860e+01,-4.314012030311789481e+00,-1.329448017908539192e+01,-1.527808092223652636e+01
-1.422086788124010681e+01,-1.055228645700306167e+01,-7.272670320013165934e+00,-1.599534960589203614e+01,-1.549251868747689898e+01,-1.157157004332807482e+01,-1.328623449853124860e+01,-4.314012030311789481e+00,-1.329448017908539192e+01,-1.527808092223652636e+01
-1.422086788124010681e+01,-1.055228645700306167e+01,-7.272670320013165934e+00,-1.599534960589203614e+01,-1.549251868747689898e+01,-1.157157004332807482e+01,-1.328623449853124860e+01,-4.314012030311789481e+00,-1.329448017908539192e+01,-1.527808092223652636e+01
-1.422086788124010681e+01,-1.055228645700306167e+01,-7.272670320013165934e+00,-1.599534960589203614e+01,-1.680133215704608673e+01,-1.157157004332807482e+01,-1.328623449853124860e+01,-4.314012030311789481e+00,-1.329448017908539192e+01,-1.527808092223652636e+01
-1.422086788124010681e+01,-1.055228645700306167e+01,-7.719066072886797691e+00,-1.599534960589203614e+01,-1.680133215704608673e+01,-1.157157004332807482e+01,-1.438003894811343741e+01,-4.314012030311789481e+00,-1.329448017908539192e+01,-1.527808092223652636e+01
-1.422086788124010681e+01,-1.055228645700306167e+01,-7.719066072886797691e+00,-1.599534960589203614e+01,-1.680133215704608673e+01,-1.157157004332807482e+01,-1.438003894811343741e+01,-4.314012030311789481e+00,-1.329448017908539192e+01,-1.527808092223652636e+01
-1.422086788124010681e+01,-1.055228645700306167e+01,-7.719066072886797691e+00,-1.599534960589203614e+01,-1.680133215704608673e+01,-1.157157004332807482e+01,-1.438003894811343741e+01,-4.314012030311789481e+00,-1.329448017908539192e+01,-1.527808092223652636e+01
-1.422086788124010681e+01,-1.055228645700306167e+01,-7.719066072886797691e+00,-1.599534960589203614e+01,-1.680133215704608673e+01,-1.157157004332807482e+01,-1.438003894811343741e+01,-4.314012030311789481e+00,-1.329448017908539192e+01,-1.527808092223652636e+01
-1.422086788124010681e+01,-1.055228645700306167e+01,-7.719066072886797691e+00,-1.599534960589203614e+01,-1.680133215704608673e+01,-1.157157004332807482e+01,-1.438003894811343741e+01,-4.314012030311789481e+00,-1.329448017908539192e+01,-1.527808092223652636e+01
-1.422086788124010681e+01,-1.055228645700306167e+01,-7.719066072886797691e+00,-1.599534960589203614e+01,-1.680133215704608673e+01,-1.157157004332807482e+01,-1.438003894811343741e+01,-4.314012030311789481e+00,-1.329448017908539192e+01,-1.527808092223652636e+01
-1.422086788124010681e+01,-1.055228645700306167e+01,-7.719066072886797691e+00,-1.599534960589203614e+01,-1.680133215704608673e+01,-1.157157004332807482e+01,-1.438003894811343741e+01,-4.314012030311789481e+00,-1.329448017908539192e+01,-1.527808092223652636e+01
-1.422086788124010681e+01,-1.055228645700306167e+01,-7.719066072886797691e+00,-1.599534960589203614e+01,-1.680133215704608673e+01,-1.157157004332807482e+01,-1.438003894811343741e+01,-4.614652386517018812e+00,-1.329448017908539192e+01,-1.531187062266310761e+01
-1.619506969402809915e+01,-1.055228645700306167e+01,-7.719066072886797691e+00,-1.599534960589203614e+01,-1.680133215704608673e+01,-1.157157004332807482e+01,-1.438003894811343741e+01,-4.614652386517018812e+00,-1.329448017908539192e+01,-1.531187062266310761e+01
-1.619506969402809915e+01,-1.166137161009490164e+01,-7.719066072886797691e+00,-1.599534960589203614e+01,-1.893696740095214182e+01,-1.157157004332807482e+01,-1.438003894811343741e+01,-4.614652386517018812e+00,-1.329448017908539192e+01,-1.531187062266310761e+01
-1.619506969402809915e+01,-1.166137161009490164e+01,-7.719066072886797691e+00,-1.599534960589203614e+01,-1.893696740095214182e+01,-1.157157004332807482e+01,-1.438003894811343741e+01,-4.614652386517018812e+00,-1.329448017908539192e+01,-1.531187062266310761e+01
-1.619506969402809915e+01,-1.173514111689016381e+01,-7.719066072886797691e+00,-1.599534960589203614e+01,-1.893696740095214182e+01,-1.157157004332807482e+01,-1.438003894811343741e+01,-4.614652386517018812e+00,-1.329448017908539192e+01,-1.586689493018085173e+01
-1.619506969402809915e+01,-1.173514111689016381e+01,-7.719066072886797691e+00,-1.599534960589203614e+01,-1.893696740095214182e+01,-1.157157004332807482e+01,-1.438003894811343741e+01,-4.614652386517018812e+00,-1.329448017908539192e+01,-1.586689493018085173e+01
-1.619506969402809915e+01,-1.173514111689016381e+01,-7.719066072886797691e+00,-1.599534960589203614e+01,-1.893696740095214182e+01,-1.157157004332807482e+01,-1.438003894811343741e+01,-4.614652386517018812e+00,-1.329448017908539192e+01,-1.586689493018085173e+01
-1.619506969402809915e+01,-1.173514111689016381e+01,-7.719066072886797691e+00,-1.641117701360397518e+01,-1.893696740095214182e+01,-1.157157004332807482e+01,-1.438003894811343741e+01,-4.614652386517018812e+00,-1.329448017908539192e+01,-1.586689493018085173e+01
-1.619506969402809915e+01,-1.173514111689016381e+01,-7.719066072886797691e+00,-1.641117701360397518e+01,-1.893696740095214182e+01,-1.157157004332807482e+01,-1.438003894811343741e+01,-4.614652386517018812e+00,-1.329448017908539192e+01,-1.614673887329097823e+01
-1.619506969402809915e+01,-1.173514111689016381e+01,-7.719066072886797691e+00,-1.641117701360397518e+01,-1.893696740095214182e+01,-1.157157004332807482e+01,-1.568844315507270260e+01,-4.614652386517018812e+00,-1.329448017908539192e+01,-1.614673887329097823e+01
-1.619506969402809915e+01,-1.173514111689016381e+01,-7.719066072886797691e+00,-1.641117701360397518e+01,-1.893696740095214182e+01,-1.157157004332807482e+01,-1.568844315507270260e+01,-4.614652386517018812e+00,-1.329448017908539192e+01,-1.614673887329097823e+01
-1.619506969402809915e+01,-1.173514111689016381e+01,-7.719066072886797691e+00,-1.641117701360397518e+01,-1.893696740095214182e+01,-1.157157004332807482e+01,-1.568844315507270260e+01,-4.614652386517018812e+00,-1.329448017908539192e+01,-1.614673887329097823e+01
-1.619506969402809915e+01,-1.173514111689016381e+01,-7.719066072886797691e+00,-1.641117701360397518e+01,-1.893696740095214182e+01,-1.157157004332807482e+01,-1.568844315507270260e+01,-4.614652386517018812e+00,-1.329448017908539192e+01,-1.614673887329097823e+01
-1.619506969402809915e+01,-1.173514111689016381e+01,-7.719066072886797691e+00,-1.641117701360397518e+01,-1.893696740095214182e+01,-1.157157004332807482e+01,-1.568844315507270260e+01,-4.614652386517018812e+00,-1.329448017908539192e+01,-1.614673887329097823e+01
-1.619506969402809915e+01,-1.173514111689016381e+01,-7.719066072886797691e+00,-1.641117701360397518e+01,-1.893696740095214182e+01,-1.157157004332807482e+01,-1.568844315507270260e+01,-4.614652386517018812e+00,-1.329448017908539192e+01,-1.614673887329097823e+01
-1.619506969402809915e+01,-1.173514111689016381e+01,-7.719066072886797691e+00,-1.641117701360397518e+01,-1.893696740095214182e+01,-1.157157004332807482e+01,-1.568844315507270260e+01,-4.614652386517018812e+00,-1.329448017908539192e+01,-1.614673887329097823e+01
-1.619506969402809915e+01,-1.173514111689016381e+01,-7.719066072886797691e+00,-1.670039402236115222e+01,-1.893696740095214182e+01,-1.157157004332807482e+01,-1.568844315507270260e+01,-4.614652386517018812e+00,-1.329448017908539192e+01,-1.614673887329097823e+01
-1.619506969402809915e+01,-1.173514111689016381e+01,-7.719066072886797691e+00,-1.670039402236115222e+01,-1.893696740095214182e+01,-1.157157004332807482e+01,-1.568844315507270260e+01,-4.614652386517018812e+00,-1.329448017908539192e+01,-1.614673887329097823e+01
-1.619506969402809915e+01,-1.191802010387079491e+01,-7.719066072886797691e+00,-1.670039402236115222e+01,-1.893696740095214182e+01,-1.157157004332807482e+01,-1.568844315507270260e+01,-4.614652386517018812e+00,-1.329448017908539192e+01,-1.614673887329097823e+01
-1.619506969402809915e+01,-1.191802010387079491e+01,-7.719066072886797691e+00,-1.670039402236115222e+01,-1.893696740095214182e+01,-1.157157004332807482e+01,-1.817608299335697808e+01,-4.614652386517018812e+00,-1.329448017908539192e+01,-1.704900569264767540e+01
-1.619506969402809915e+01,-1.191802010387079491e+01,-7.719066072886797691e+00,-1.670039402236115222e+01,-1.893696740095214182e+01,-1.157157004332807482e+01,-2.112899160089019901e+01,-4.698468186111505851e+00,-1.329448017908539192e+01,-1.704900569264767540e+01
-1.619506969402809915e+01,-1.191802010387079491e+01,-7.719066072886797691e+00,-1.670039402236115222e+01,-1.893696740095214182e+01,-1.157157004332807482e+01,-2.112899160089019901e+01,-4.698468186111505851e+00,-1.329448017908539192e+01,-1.704900569264767540e+01
-1.619506969402809915e+01,-1.191802010387079491e+01,-7.719066072886797691e+00,-1.797024481757508241e+01,-1.893696740095214182e+01,-1.157157004332807482e+01,-2.112899160089019901e+01,-4.698468186111505851e+00,-1.329448017908539192e+01,-1.704900569264767540e+01
-1.619506969402809915e+01,-1.191802010387079491e+01,-7.719066072886797691e+00,-1.797024481757508241e+01,-1.893696740095214182e+01,-1.157157004332807482e+01,-2.112899160089019901e+01,-4.698468186111505851e+00,-1.329448017908539192e+01,-1.744236309209901847e+01
-1.619506969402809915e+01,-1.191802010387079491e+01,-7.719066072886797691e+00,-1.797024481757508241e+01,-1.893696740095214182e+01,-1.157157004332807482e+01,-2.112899160089019901e+01,-4.698468186111505851e+00,-1.329448017908539192e+01,-1.744236309209901847e+01
-1.619506969402809915e+01,-1.191802010387079491e+01,-7.719066072886797691e+00,-1.797024481757508241e+01,-1.893696740095214182e+01,-1.157157004332807482e+01,-2.112899160089019901e+01,-4.698468186111505851e+00,-1.329448017908539192e+01,-1.744236309209901847e+01
-1.619506969402809915e+01,-1.191802010387079491e+01,-7.719066072886797691e+00,-1.797024481757508241e+01,-1.893696740095214182e+01,-1.157157004332807482e+01,-2.112899160089019901e+01,-4.698468186111505851e+00,-1.329448017908539192e+01,-1.744236309209901847e+01
-1.619506969402809915e+01,-1.191802010387079491e+01,-7.719066072886797691e+00,-1.797024481757508241e+01,-1.893696740095214182e+01,-1.157157004332807482e+01,-2.112899160089019901e+01,-4.698468186111505851e+00,-1.329448017908539192e+01,-1.744236309209901847e+01
-1.619506969402809915e+01,-1.191802010387079491e+01,-8.583881639343784897e+00,-1.797024481757508241e+01,-1.893696740095214182e+01,-1.157157004332807482e+01,-2.112899160089019901e+01,-4.698468186111505851e+00,-1.368456959766119851e+01,-1.744236309209901847e+01
-1.619506969402809915e+01,-1.191802010387079491e+01,-8.583881639343784897e+00,-1.797024481757508241e+01,-1.893696740095214182e+01,-1.157157004332807482e+01,-2.112899160089019901e+01,-4.698468186111505851e+00,-1.496660914318966284e+01,-1.744236309209901847e+01
-1.619506969402809915e+01,-1.191802010387079491e+01,-8.583881639343784897e+00,-1.797024481757508241e+01,-1.893696740095214182e+01,-1.157157004332807482e+01,-2.112899160089019901e+01,-4.698468186111505851e+00,-1.496660914318966284e+01,-1.744236309209901847e+01
-1.619506969402809915e+01,-1.191802010387079491e+01,-8.583881639343784897e+00,-1.797024481757508241e+01,-1.893696740095214182e+01,-1.157157004332807482e+01,-2.155085066735653143e+01,-4.698468186111505851e+00,-1.496660914318966284e+01,-1.830414997945575095e+01
-1.619506969402809915e+01,-1.191802010387079491e+01,-8.583881639343784897e+00,-1.797024481757508241e+01,-1.893696740095214182e+01,-1.157157004332807482e+01,-2.155085066735653143e+01,-4.698468186111505851e+00,-1.496660914318966284e+01,-1.830414997945575095e+01
-1.619506969402809915e+01,-1.191802010387079491e+01,-8.583881639343784897e+00,-1.797024481757508241e+01,-1.893696740095214182e+01,-1.157157004332807482e+01,-2.155085066735653143e+01,-4.698468186111505851e+00,-1.496660914318966284e+01,-1.830414997945575095e+01
-1.619506969402809915e+01,-1.191802010387079491e+01,-8.583881639343784897e+00,-1.797024481757508241e+01,-1.893696740095214182e+01,-1.157157004332807482e+01,-2.155085066735653143e+01,-4.698468186111505851e+00,-1.496660914318966284e+01,-1.830414997945575095e+01
-1.619506969402809915e+01,-1.191802010387079491e+01,-8.583881639343784897e+00,-1.797024481757508241e+01,-1.893696740095214182e+01,-1.157157004332807482e+01,-2.155085066735653143e+01,-4.698468186111505851e+00,-1.496660914318966284e+01,-1.830414997945575095e+01
-1.619506969402809915e+01,-1.191802010387079491e+01,-8.583881639343784897e+00,-1.797024481757508241e+01,-1.893696740095214182e+01,-1.157157004332807482e+01,-2.155085066735653143e+01,-4.698468186111505851e+00,-1.496660914318966284e+01,-1.830414997945575095e+01
-1.619506969402809915e+01,-1.191802010387079491e+01,-8.583881639343784897e+00,-1.797024481757508241e+01,-1.893696740095214182e+01,-1.157157004332807482e+01,-2.155085066735653143e+01,-4.698468186111505851e+00,-1.496660914318966284e+01,-1.830414997945575095e+01
-1.619506969402809915e+01,-1.225435348985434381e+01,-8.583881639343784897e+00,-1.797024481757508241e+01,-1.893696740095214182e+01,-1.157157004332807482e+01,-2.155085066735653143e+01,-4.698468186111505851e+00,-1.507526914068777302e+01,-1.830414997945575095e+01
-1.619506969402809915e+01,-1.225435348985434381e+01,-8.583881639343784897e+00,-1.801019171042250733e+01,-1.893696740095214182e+01,-1.157157004332807482e+01,-2.155085066735653143e+01,-4.698468186111505851e+00,-1.507526914068777302e+01,-1.830414997945575095e+01
-1.619506969402809915e+01,-1.225435348985434381e+01,-8.583881639343784897e+00,-1.801019171042250733e+01,-1.893696740095214182e+01,-1.157157004332807482e+01,-2.155085066735653143e+01,-4.698468186111505851e+00,-1.507526914068777302e+01,-1.830414997945575095e+01
-1.619506969402809915e+01,-1.225435348985434381e+01,-8.583881639343784897e+00,-1.801019171042250733e+01,-1.893696740095214182e+01,-1.157157004332807482e+01,-2.155085066735653143e+01,-4.698468186111505851e+00,-1.507526914068777302e+01,-1.830414997945575095e+01
-1.619506969402809915e+01,-1.225435348985434381e+01,-8.583881639343784897e+00,-1.801019171042250733e+01,-1.893696740095214182e+01,-1.157157004332807482e+01,-2.155085066735653143e+01,-4.698468186111505851e+00,-1.507526914068777302e+01,-1.830414997945575095e+01
-1.619506969402809915e+01,-1.225435348985434381e+01,-8.583881639343784897e+00,-1.801019171042250733e+01,-1.893696740095214182e+01,-1.157157004332807482e+01,-2.155085066735653143e+01,-4.698468186111505851e+00,-1.980420250181172648e+01,-1.830414997945575095e+01
-1.619506969402809915e+01,-1.225435348985434381e+01,-8.583881639343784897e+00,-1.801019171042250733e+01,-1.893696740095214182e+01,-1.157157004332807482e+01,-2.155085066735653143e+01,-4.698468186111505851e+00,-1.980420250181172648e+01,-1.830414997945575095e+01
-1.619506969402809915e+01,-1.225435348985434381e+01,-8.583881639343784897e+00,-1.801019171042250733e+01,-1.893696740095214182e+01,-1.157157004332807482e+01,-2.155085066735653143e+01,-4.698468186111505851e+00,-1.980420250181172648e+01,-1.830414997945575095e+01
-1.619506969402809915e+01,-1.225435348985434381e+01,-8.583881639343784897e+00,-1.801019171042250733e+01,-1.893696740095214182e+01,-1.157157004332807482e+01,-2.155085066735653143e+01,-4.698468186111505851e+00,-2.067352364021725819e+01,-1.830414997945575095e+01
-1.619506969402809915e+01,-1.225435348985434381e+01,-8.583881639343784897e+00,-1.801019171042250733e+01,-1.893696740095214182e+01,-1.157157004332807482e+01,-2.155085066735653143e+01,-4.698468186111505851e+00,-2.067352364021725819e+01,-1.830414997945575095e+01
-1.619506969402809915e+01,-1.225435348985434381e+01,-8.583881639343784897e+00,-1.801019171042250733e+01,-1.893696740095214182e+01,-1.157157004332807482e+01,-2.155085066735653143e+01,-4.698468186111505851e+00,-2.067352364021725819e+01,-1.830414997945575095e+01
-1.619506969402809915e+01,-1.225435348985434381e+01,-8.583881639343784897e+00,-1.801019171042250733e+01,-1.893696740095214182e+01,-1.157157004332807482e+01,-2.155085066735653143e+01,-4.698468186111505851e+00,-2.067352364021725819e+01,-1.830414997945575095e+01
-1.619506969402809915e+01,-1.225435348985434381e+01,-8.583881639343784897e+00,-1.801019171042250733e+01,-1.893696740095214182e+01,-1.157157004332807482e+01,-2.155085066735653143e+01,-4.698468186111505851e+00,-2.067352364021725819e+01,-1.846671601573930488e+01
-1.619506969402809915e+01,-1.225435348985434381e+01,-8.583881639343784897e+00,-1.801019171042250733e+01,-1.893696740095214182e+01,-1.157157004332807482e+01,-2.155085066735653143e+01,-4.698468186111505851e+00,-2.067352364021725819e+01,-1.846671601573930488e+01
-1.619506969402809915e+01,-1.225435348985434381e+01,-8.583881639343784897e+00,-1.801019171042250733e+01,-1.893696740095214182e+01,-1.157157004332807482e+01,-2.155085066735653143e+01,-4.698468186111505851e+00,-2.149244172742868031e+01,-1.846671601573930488e+01
-1.619506969402809915e+01,-1.225435348985434381e+01,-8.583881639343784897e+00,-1.801019171042250733e+01,-1.893696740095214182e+01,-1.323170559318790396e+01,-2.155085066735653143e+01,-4.698468186111505851e+00,-2.149244172742868031e+01,-1.846671601573930488e+01
-1.619506969402809915e+01,-1.225435348985434381e+01,-8.583881639343784897e+00,-1.801019171042250733e+01,-1.893696740095214182e+01,-1.323170559318790396e+01,-2.155085066735653143e+01,-4.698468186111505851e+00,-2.149244172742868031e+01,-1.854504321647992882e+01
-1.619506969402809915e+01,-1.225435348985434381e+01,-8.583881639343784897e+00,-1.801019171042250733e+01,-1.893696740095214182e+01,-1.323170559318790396e+01,-2.155085066735653143e+01,-4.698468186111505851e+00,-2.149244172742868031e+01,-1.854504321647992882e+01
-1.619506969402809915e+01,-1.225435348985434381e+01,-8.583881639343784897e+00,-1.801019171042250733e+01,-1.893696740095214182e+01,-1.323170559318790396e+01,-2.155085066735653143e+01,-4.698468186111505851e+00,-2.149244172742868031e+01,-1.854504321647992882e+01
-1.619506969402809915e+01,-1.225435348985434381e+01,-8.583881639343784897e+00,-1.801019171042250733e+01,-1.893696740095214182e+01,-1.323170559318790396e+01,-2.155085066735653143e+01,-4.698468186111505851e+00,-2.192021964910844645e+01,-1.854504321647992882e+01
-1.619506969402809915e+01,-1.225435348985434381e+01,-8.583881639343784897e+00,-1.801019171042250733e+01,-1.893696740095214182e+01,-1.323170559318790396e+01,-2.155085066735653143e+01,-4.698468186111505851e+00,-2.192021964910844645e+01,-1.854504321647992882e+01
-1.619506969402809915e+01,-1.225435348985434381e+01,-8.583881639343784897e+00,-1.801019171042250733e+01,-1.893696740095214182e+01,-1.323170559318790396e+01,-2.155085066735653143e+01,-4.698468186111505851e+00,-2.192021964910844645e+01,-1.854504321647992882e+01
-1.619506969402809915e+01,-1.225435348985434381e+01,-8.583881639343784897e+00,-1.801019171042250733e+01,-1.893696740095214182e+01,-1.323170559318790396e+01,-2.155085066735653143e+01,-4.698468186111505851e+00,-2.192021964910844645e+01,-1.854504321647992882e+01
-1.619506969402809915e+01,-1.225435348985434381e+01,-8.583881639343784897e+00,-1.801019171042250733e+01,-1.893696740095214182e+01,-1.323170559318790396e+01,-2.155085066735653143e+01,-4.698468186111505851e+00,-2.192021964910844645e+01,-1.854504321647992882e+01
-1.619506969402809915e+01,-1.225435348985434381e+01,-8.583881639343784897e+00,-1.801019171042250733e+01,-1.893696740095214182e+01,-1.323170559318790396e+01,-2.155085066735653143e+01,-4.698468186111505851e+00,-2.192021964910844645e+01,-1.854504321647992882e+01
-1.619506969402809915e+01,-1.225435348985434381e+01,-8.583881639343784897e+00,-1.801019171042250733e+01,-1.893696740095214182e+01,-1.323170559318790396e+01,-2.155085066735653143e+01,-4.698468186111505851e+00,-2.192021964910844645e+01,-1.854504321647992882e+01
