2.352974938615250977e+00,6.264405013068865991e+00,1.561790646454732423e+00,-3.184400908644537953e+00,1.436190843757816360e-01
1.854986215560050500e+00,4.021191246052313595e+00,1.561790646454732423e+00,-3.184400908644537953e+00,1.436190843757816360e-01
2.079210239426747542e-01,4.021191246052313595e+00,1.561790646454732423e+00,-3.184400908644537953e+00,1.436190843757816360e-01
2.079210239426747542e-01,4.021191246052313595e+00,1.561790646454732423e+00,-4.522232714155828504e+00,1.436190843757816360e-01
2.079210239426747542e-01,4.021191246052313595e+00,-1.428168696657648340e+00,-4.522232714155828504e+00,1.436190843757816360e-01
2.079210239426747542e-01,2.764921996290930384e+00,-2.188546526698175398e+00,-4.522232714155828504e+00,1.436190843757816360e-01
-3.523467849761311221e+00,2.764921996290930384e+00,-3.109343830849469192e+00,-4.522232714155828504e+00,1.436190843757816360e-01
-3.523467849761311221e+00,2.764921996290930384e+00,-3.109343830849469192e+00,-4.522232714155828504e+00,1.436190843757816360e-01
-3.523467849761311221e+00,2.764921996290930384e+00,-3.109343830849469192e+00,-5.020509317202851207e+00,1.436190843757816360e-01
-3.523467849761311221e+00,-6.416850835043732104e+00,-3.109343830849469192e+00,-5.020509317202851207e+00,1.436190843757816360e-01
-3.523467849761311221e+00,-6.416850835043732104e+00,-3.109343830849469192e+00,-5.020509317202851207e+00,-3.768950248099413591e-01
-3.523467849761311221e+00,-6.416850835043732104e+00,-3.109343830849469192e+00,-5.020509317202851207e+00,-3.768950248099413591e-01
-3.523467849761311221e+00,-6.416850835043732104e+00,-3.109343830849469192e+00,-5.020509317202851207e+00,-3.768950248099413591e-01
-3.523467849761311221e+00,-6.416850835043732104e+00,-3.109343830849469192e+00,-5.347956079716457367e+00,-2.444219075869460411e+00
-3.523467849761311221e+00,-1.446623488707297334e+01,-3.109343830849469192e+00,-5.347956079716457367e+00,-2.444219075869460411e+00
-3.523467849761311221e+00,-1.446623488707297334e+01,-3.109343830849469192e+00,-5.347956079716457367e+00,-2.444219075869460411e+00
-3.523467849761311221e+00,-1.446623488707297334e+01,-3.109343830849469192e+00,-5.347956079716457367e+00,-2.444219075869460411e+00
-3.935923238188452356e+00,-1.446623488707297334e+01,-3.109343830849469192e+00,-5.347956079716457367e+00,-2.444219075869460411e+00
-3.935923238188452356e+00,-1.446623488707297334e+01,-3.109343830849469192e+00,-5.347956079716457367e+00,-2.444219075869460411e+00
-3.935923238188452356e+00,-1.446623488707297334e+01,-3.109343830849469192e+00,-5.347956079716457367e+00,-2.444219075869460411e+00
-3.935923238188452356e+00,-1.446623488707297334e+01,-3.109343830849469192e+00,-5.347956079716457367e+00,-5.148133694124769733e+00
-5.929727934627817554e+00,-1.446623488707297334e+01,-3.109343830849469192e+00,-5.347956079716457367e+00,-9.036581010693858218e+00
-5.929727934627817554e+00,-1.446623488707297334e+01,-3.109343830849469192e+00,-5.347956079716457367e+00,-9.036581010693858218e+00
-5.929727934627817554e+00,-1.446623488707297334e+01,-3.109343830849469192e+00,-5.347956079716457367e+00,-9.036581010693858218e+00
-5.929727934627817554e+00,-1.446623488707297334e+01,-4.108456844344818393e+00,-5.347956079716457367e+00,-9.036581010693858218e+00
-5.929727934627817554e+00,-1.446623488707297334e+01,-4.108456844344818393e+00,-5.347956079716457367e+00,-9.036581010693858218e+00
-5.929727934627817554e+00,-1.446623488707297334e+01,-6.590707891945376318e+00,-6.262286106187072932e+00,-9.304966927268045751e+00
-5.929727934627817554e+00,-1.446623488707297334e+01,-6.590707891945376318e+00,-6.262286106187072932e+00,-9.304966927268045751e+00
-6.204999154340885781e+00,-1.446623488707297334e+01,-6.590707891945376318e+00,-6.262286106187072932e+00,-1.244843219871520645e+01
-6.204999154340885781e+00,-1.446623488707297334e+01,-6.590707891945376318e+00,-6.262286106187072932e+00,-1.244843219871520645e+01
-6.204999154340885781e+00,-1.446623488707297334e+01,-6.590707891945376318e+00,-6.262286106187072932e+00,-1.244843219871520645e+01
-6.204999154340885781e+00,-1.446623488707297334e+01,-6.590707891945376318e+00,-1.076770886364001889e+01,-1.244843219871520645e+01
-6.204999154340885781e+00,-1.446623488707297334e+01,-8.206329994952305640e+00,-1.076770886364001889e+01,-1.244843219871520645e+01
-6.204999154340885781e+00,-1.446623488707297334e+01,-8.687783439298700117e+00,-1.276518551831571813e+01,-1.244843219871520645e+01
-6.204999154340885781e+00,-1.446623488707297334e+01,-8.743338919472760651e+00,-1.276518551831571813e+01,-1.698359561550389429e+01
-7.178109322270294967e+00,-1.446623488707297334e+01,-8.743338919472760651e+00,-1.276518551831571813e+01,-1.698359561550389429e+01
-7.178109322270294967e+00,-1.446623488707297334e+01,-8.743338919472760651e+00,-1.276518551831571813e+01,-1.698359561550389429e+01
-7.178109322270294967e+00,-1.446623488707297334e+01,-8.743338919472760651e+00,-1.276518551831571813e+01,-1.698359561550389429e+01
-7.178109322270294967e+00,-1.446623488707297334e+01,-1.058502077395395347e+01,-1.276518551831571813e+01,-1.698359561550389429e+01
-1.010833894624460783e+01,-1.446623488707297334e+01,-1.058502077395395347e+01,-1.276518551831571813e+01,-1.698359561550389429e+01
-1.010833894624460783e+01,-1.446623488707297334e+01,-1.058502077395395347e+01,-1.276518551831571813e+01,-1.861187968733829834e+01
-1.010833894624460783e+01,-1.446623488707297334e+01,-1.058502077395395347e+01,-1.276518551831571813e+01,-1.861187968733829834e+01
-1.010833894624460783e+01,-1.446623488707297334e+01,-1.058502077395395347e+01,-1.276518551831571813e+01,-1.861187968733829834e+01
-1.010833894624460783e+01,-1.446623488707297334e+01,-1.058502077395395347e+01,-1.276518551831571813e+01,-1.861187968733829834e+01
-1.010833894624460783e+01,-1.446623488707297334e+01,-1.058502077395395347e+01,-1.276518551831571813e+01,-1.861187968733829834e+01
-1.156102714436234358e+01,-1.446623488707297334e+01,-1.058502077395395347e+01,-1.276518551831571813e+01,-1.876423736375057416e+01
-1.156102714436234358e+01,-1.537905642766865810e+01,-1.058502077395395347e+01,-1.276518551831571813e+01,-1.876423736375057416e+01
-1.156102714436234358e+01,-1.537905642766865810e+01,-1.058502077395395347e+01,-1.276518551831571813e+01,-1.876423736375057416e+01
-1.156102714436234358e+01,-1.537905642766865810e+01,-1.058502077395395347e+01,-1.276518551831571813e+01,-1.876423736375057416e+01
-1.156102714436234358e+01,-1.537905642766865810e+01,-1.058502077395395347e+01,-1.389860819404376002e+01,-1.876423736375057416e+01
-1.204315884124606129e+01,-1.537905642766865810e+01,-1.058502077395395347e+01,-1.456163599361338790e+01,-1.876423736375057416e+01
-1.399117686571958075e+01,-1.594985184837710968e+01,-1.058502077395395347e+01,-1.456163599361338790e+01,-1.876423736375057416e+01
-1.399117686571958075e+01,-1.594985184837710968e+01,-1.058502077395395347e+01,-1.456163599361338790e+01,-1.876423736375057416e+01
-1.399117686571958075e+01,-1.759403862796169449e+01,-1.347175357337434143e+01,-1.694317656311671882e+01,-2.144586686942496101e+01
-1.399117686571958075e+01,-1.759403862796169449e+01,-1.347175357337434143e+01,-1.694317656311671882e+01,-2.144586686942496101e+01
-1.399117686571958075e+01,-1.759403862796169449e+01,-1.347175357337434143e+01,-1.694317656311671882e+01,-2.144586686942496101e+01
-1.399117686571958075e+01,-1.759403862796169449e+01,-1.347175357337434143e+01,-1.694317656311671882e+01,-2.144586686942496101e+01
-1.399117686571958075e+01,-1.759403862796169449e+01,-1.347175357337434143e+01,-1.694317656311671882e+01,-2.144586686942496101e+01
-1.399117686571958075e+01,-1.759403862796169449e+01,-1.347175357337434143e+01,-1.694317656311671882e+01,-2.144586686942496101e+01
-1.399117686571958075e+01,-1.759403862796169449e+01,-1.347175357337434143e+01,-1.694317656311671882e+01,-2.285834256170418399e+01
-1.399117686571958075e+01,-1.759403862796169449e+01,-1.347175357337434143e+01,-1.694317656311671882e+01,-2.285834256170418399e+01
-1.399117686571958075e+01,-1.759403862796169449e+01,-1.347175357337434143e+01,-1.694317656311671882e+01,-2.285834256170418399e+01
-1.399117686571958075e+01,-1.759403862796169449e+01,-1.347175357337434143e+01,-1.694317656311671882e+01,-2.285834256170418399e+01
-1.453973091267705264e+01,-1.759403862796169449e+01,-1.347175357337434143e+01,-1.694317656311671882e+01,-2.285834256170418399e+01
-1.453973091267705264e+01,-1.759403862796169449e+01,-1.347175357337434143e+01,-1.694317656311671882e+01,-2.285834256170418399e+01
-1.453973091267705264e+01,-1.759403862796169449e+01,-1.347175357337434143e+01,-1.694317656311671882e+01,-2.285834256170418399e+01
-1.453973091267705264e+01,-1.759403862796169449e+01,-1.347175357337434143e+01,-1.694317656311671882e+01,-2.285834256170418399e+01
-1.453973091267705264e+01,-1.759403862796169449e+01,-1.347175357337434143e+01,-1.694317656311671882e+01,-2.285834256170418399e+01
-1.453973091267705264e+01,-1.759403862796169449e+01,-1.347175357337434143e+01,-1.694317656311671882e+01,-2.285834256170418399e+01
-1.612271468689332110e+01,-1.759403862796169449e+01,-1.347175357337434143e+01,-1.694317656311671882e+01,-2.285834256170418399e+01
-1.612271468689332110e+01,-1.822088869115918541e+01,-1.347175357337434143e+01,-1.694317656311671882e+01,-2.285834256170418399e+01
-1.612271468689332110e+01,-1.822088869115918541e+01,-1.347175357337434143e+01,-1.694317656311671882e+01,-2.285834256170418399e+01
-1.612271468689332110e+01,-1.822088869115918541e+01,-1.347175357337434143e+01,-1.694317656311671882e+01,-2.424140512387758051e+01
-1.612271468689332110e+01,-1.822088869115918541e+01,-1.347175357337434143e+01,-1.694317656311671882e+01,-2.424140512387758051e+01
-1.612271468689332110e+01,-1.822088869115918541e+01,-1.347175357337434143e+01,-1.694317656311671882e+01,-2.424140512387758051e+01
-1.612271468689332110e+01,-1.822088869115918541e+01,-1.347175357337434143e+01,-1.694317656311671882e+01,-2.424140512387758051e+01
-1.612271468689332110e+01,-1.822088869115918541e+01,-1.347175357337434143e+01,-1.694317656311671882e+01,-2.424140512387758051e+01
-1.612271468689332110e+01,-1.822088869115918541e+01,-1.347175357337434143e+01,-1.694317656311671882e+01,-2.424140512387758051e+01
-1.618858234930503670e+01,-1.822088869115918541e+01,-1.347175357337434143e+01,-1.694317656311671882e+01,-2.424140512387758051e+01
-1.618858234930503670e+01,-1.822088869115918541e+01,-1.347175357337434143e+01,-1.694317656311671882e+01,-2.424140512387758051e+01
-1.618858234930503670e+01,-1.822088869115918541e+01,-1.347175357337434143e+01,-1.694317656311671882e+01,-2.424140512387758051e+01
-1.618858234930503670e+01,-1.822088869115918541e+01,-1.347175357337434143e+01,-1.694317656311671882e+01,-2.424140512387758051e+01
-1.618858234930503670e+01,-1.822088869115918541e+01,-1.347175357337434143e+01,-1.694317656311671882e+01,-2.424140512387758051e+01
-1.618858234930503670e+01,-1.822088869115918541e+01,-1.347175357337434143e+01,-1.694317656311671882e+01,-2.792199893616765749e+01
-1.618858234930503670e+01,-1.962425467656307987e+01,-1.347175357337434143e+01,-1.694317656311671882e+01,-2.792199893616765749e+01
-1.618858234930503670e+01,-1.962425467656307987e+01,-1.347175357337434143e+01,-1.694317656311671882e+01,-2.792199893616765749e+01
-1.618858234930503670e+01,-2.117596755265923036e+01,-1.347175357337434143e+01,-1.694317656311671882e+01,-2.792199893616765749e+01
-1.618858234930503670e+01,-2.117596755265923036e+01,-1.347175357337434143e+01,-1.694317656311671882e+01,-2.792199893616765749e+01
-1.618858234930503670e+01,-2.117596755265923036e+01,-1.347175357337434143e+01,-1.694317656311671882e+01,-2.792199893616765749e+01
-1.618858234930503670e+01,-2.117596755265923036e+01,-1.347175357337434143e+01,-1.694317656311671882e+01,-2.792199893616765749e+01
-1.618858234930503670e+01,-2.117596755265923036e+01,-1.347175357337434143e+01,-1.694317656311671882e+01,-2.904108792778659520e+01
-1.618858234930503670e+01,-2.635293695130204483e+01,-1.347175357337434143e+01,-1.694317656311671882e+01,-3.212775003730855161e+01
-1.618858234930503670e+01,-2.635293695130204483e+01,-1.347175357337434143e+01,-1.694317656311671882e+01,-3.212775003730855161e+01
-1.618858234930503670e+01,-2.635293695130204483e+01,-1.347175357337434143e+01,-1.694317656311671882e+01,-3.212775003730855161e+01
-1.618858234930503670e+01,-2.635293695130204483e+01,-1.347175357337434143e+01,-1.694317656311671882e+01,-3.212775003730855161e+01
-1.618858234930503670e+01,-2.635293695130204483e+01,-1.347175357337434143e+01,-1.694317656311671882e+01,-3.212775003730855161e+01
-1.618858234930503670e+01,-2.635293695130204483e+01,-1.347175357337434143e+01,-1.694317656311671882e+01,-3.212775003730855161e+01
-1.618858234930503670e+01,-2.635293695130204483e+01,-1.347175357337434143e+01,-1.694317656311671882e+01,-3.212775003730855161e+01
-1.618858234930503670e+01,-2.635293695130204483e+01,-1.347175357337434143e+01,-1.694317656311671882e+01,-3.212775003730855161e+01
-1.618858234930503670e+01,-2.635293695130204483e+01,-1.347175357337434143e+01,-1.694317656311671882e+01,-3.212775003730855161e+01
-1.618858234930503670e+01,-2.635293695130204483e+01,-1.347175357337434143e+01,-1.694317656311671882e+01,-3.212775003730855161e+01
