4.327097075048119912e+00,-1.560093258018805940e-01,-1.418201139382560871e+00,-7.135064957212045478e+00,-3.880630473477651776e+00
3.744749983959075657e+00,-1.560093258018805940e-01,-1.418201139382560871e+00,-7.135064957212045478e+00,-3.880630473477651776e+00
2.610038406522398713e+00,-1.560093258018805940e-01,-1.418201139382560871e+00,-7.135064957212045478e+00,-4.926304517583855791e+00
2.610038406522398713e+00,-1.560093258018805940e-01,-1.418201139382560871e+00,-7.155654267274162095e+00,-4.926304517583855791e+00
2.610038406522398713e+00,-1.560093258018805940e-01,-1.418201139382560871e+00,-7.333119834665732917e+00,-4.926304517583855791e+00
5.148057058815720399e-01,-1.560093258018805940e-01,-1.418201139382560871e+00,-7.333119834665732917e+00,-6.212276340823017939e+00
5.148057058815720399e-01,-1.560093258018805940e-01,-1.418201139382560871e+00,-7.333119834665732917e+00,-6.212276340823017939e+00
-1.413817625063266803e+00,-1.560093258018805940e-01,-1.418201139382560871e+00,-7.333119834665732917e+00,-6.212276340823017939e+00
-1.413817625063266803e+00,-1.560093258018805940e-01,-1.418201139382560871e+00,-7.333119834665732917e+00,-8.447300238146704388e+00
-1.413817625063266803e+00,-4.319320253168473123e+00,-1.785582753326774741e+00,-7.333119834665732917e+00,-8.447300238146704388e+00
-1.413817625063266803e+00,-4.319320253168473123e+00,-1.785582753326774741e+00,-7.333119834665732917e+00,-8.447300238146704388e+00
-1.413817625063266803e+00,-4.319320253168473123e+00,-1.785582753326774741e+00,-7.612168725805352310e+00,-8.447300238146704388e+00
-1.635453375836520173e+00,-4.319320253168473123e+00,-1.785582753326774741e+00,-7.984833236376016607e+00,-9.568453877526561513e+00
-2.345670735893190528e+00,-4.319320253168473123e+00,-1.785582753326774741e+00,-7.984833236376016607e+00,-9.568453877526561513e+00
-2.345670735893190528e+00,-4.319320253168473123e+00,-1.785582753326774741e+00,-8.601736684733864990e+00,-1.046065168883134433e+01
-2.345670735893190528e+00,-4.319320253168473123e+00,-1.785582753326774741e+00,-1.080487811866448489e+01,-1.046065168883134433e+01
-2.345670735893190528e+00,-4.319320253168473123e+00,-1.785582753326774741e+00,-1.080487811866448489e+01,-1.091104106666209184e+01
-2.345670735893190528e+00,-4.319320253168473123e+00,-2.550490503301492851e+00,-1.080487811866448489e+01,-1.091104106666209184e+01
-2.496006456374434634e+00,-4.319320253168473123e+00,-2.550490503301492851e+00,-1.080487811866448489e+01,-1.091104106666209184e+01
-2.496006456374434634e+00,-4.319320253168473123e+00,-2.550490503301492851e+00,-1.080487811866448489e+01,-1.091104106666209184e+01
-2.496006456374434634e+00,-4.319320253168473123e+00,-2.550490503301492851e+00,-1.080487811866448489e+01,-1.091104106666209184e+01
-2.496006456374434634e+00,-4.319320253168473123e+00,-2.550490503301492851e+00,-1.080487811866448489e+01,-1.577177334090650618e+01
-2.496006456374434634e+00,-4.319320253168473123e+00,-2.550490503301492851e+00,-1.080487811866448489e+01,-1.577177334090650618e+01
-2.496006456374434634e+00,-4.319320253168473123e+00,-2.550490503301492851e+00,-1.080487811866448489e+01,-1.577177334090650618e+01
-2.496006456374434634e+00,-4.319320253168473123e+00,-2.550490503301492851e+00,-1.080487811866448489e+01,-1.577177334090650618e+01
-2.527586347844725800e+00,-4.319320253168473123e+00,-2.550490503301492851e+00,-1.080487811866448489e+01,-1.577177334090650618e+01
-2.527586347844725800e+00,-4.319320253168473123e+00,-2.550490503301492851e+00,-1.080487811866448489e+01,-1.577177334090650618e+01
-2.937266679962094784e+00,-4.319320253168473123e+00,-8.129332701507181014e+00,-1.080487811866448489e+01,-1.577177334090650618e+01
-3.428774644689961626e+00,-4.319320253168473123e+00,-8.129332701507181014e+00,-1.080487811866448489e+01,-1.577177334090650618e+01
-3.676377406325556763e+00,-4.319320253168473123e+00,-8.129332701507181014e+00,-1.080487811866448489e+01,-1.577177334090650618e+01
-5.611145991519101095e+00,-4.319320253168473123e+00,-8.129332701507181014e+00,-1.080487811866448489e+01,-1.577177334090650618e+01
-5.611145991519101095e+00,-4.319320253168473123e+00,-8.129332701507181014e+00,-1.080487811866448489e+01,-1.741978097310724749e+01
-5.611145991519101095e+00,-4.319320253168473123e+00,-8.129332701507181014e+00,-1.080487811866448489e+01,-1.741978097310724749e+01
-5.611145991519101095e+00,-4.319320253168473123e+00,-8.129332701507181014e+00,-1.080487811866448489e+01,-1.741978097310724749e+01
-5.611145991519101095e+00,-4.319320253168473123e+00,-8.129332701507181014e+00,-1.080487811866448489e+01,-1.741978097310724749e+01
-7.798385440528936563e+00,-4.319320253168473123e+00,-8.129332701507181014e+00,-1.080487811866448489e+01,-1.741978097310724749e+01
-7.798385440528936563e+00,-4.319320253168473123e+00,-8.129332701507181014e+00,-1.080487811866448489e+01,-1.909638063048743462e+01
-7.798385440528936563e+00,-4.319320253168473123e+00,-8.129332701507181014e+00,-1.080487811866448489e+01,-1.909638063048743462e+01
-7.798385440528936563e+00,-4.319320253168473123e+00,-8.129332701507181014e+00,-1.080487811866448489e+01,-1.909638063048743462e+01
-7.798385440528936563e+00,-4.319320253168473123e+00,-8.129332701507181014e+00,-1.080487811866448489e+01,-1.909638063048743462e+01
