-4.194121234896326378e+00,8.455491570415970548e-01,-6.019952795836025494e-01,5.396870440612410391e+00,-2.142065654399166519e+00
-4.194121234896326378e+00,2.909325297694267398e-01,-1.712301570822252650e+00,1.240561324785816877e-01,-4.133030277254293061e+00
-4.194121234896326378e+00,2.909325297694267398e-01,-1.712301570822252650e+00,1.240561324785816877e-01,-4.133030277254293061e+00
-4.646151338898071081e+00,-2.408670782290981638e+00,-3.123367376712703258e+00,1.240561324785816877e-01,-4.133030277254293061e+00
-4.646151338898071081e+00,-2.408670782290981638e+00,-4.699258192410999513e+00,1.240561324785816877e-01,-5.017608846440682946e+00
-5.083486387645002935e+00,-2.408670782290981638e+00,-4.699258192410999513e+00,1.240561324785816877e-01,-5.017608846440682946e+00
-5.083486387645002935e+00,-2.408670782290981638e+00,-4.699258192410999513e+00,1.240561324785816877e-01,-5.017608846440682946e+00
-5.083486387645002935e+00,-2.408670782290981638e+00,-4.699258192410999513e+00,1.240561324785816877e-01,-5.017608846440682946e+00
-5.083486387645002935e+00,-2.408670782290981638e+00,-6.103233353555190810e+00,1.240561324785816877e-01,-5.017608846440682946e+00
-5.083486387645002935e+00,-2.408670782290981638e+00,-6.103233353555190810e+00,1.240561324785816877e-01,-5.017608846440682946e+00
-5.200329854061990886e+00,-2.408670782290981638e+00,-6.103233353555190810e+00,1.240561324785816877e-01,-5.017608846440682946e+00
-5.200329854061990886e+00,-2.408670782290981638e+00,-6.103233353555190810e+00,1.240561324785816877e-01,-5.017608846440682946e+00
-5.200329854061990886e+00,-2.408670782290981638e+00,-6.103233353555190810e+00,1.240561324785816877e-01,-5.017608846440682946e+00
-5.200329854061990886e+00,-2.408670782290981638e+00,-6.103233353555190810e+00,1.240561324785816877e-01,-5.017608846440682946e+00
-5.200329854061990886e+00,-2.408670782290981638e+00,-6.103233353555190810e+00,1.240561324785816877e-01,-5.017608846440682946e+00
-5.200329854061990886e+00,-2.408670782290981638e+00,-6.103233353555190810e+00,1.240561324785816877e-01,-5.017608846440682946e+00
-5.200329854061990886e+00,-2.408670782290981638e+00,-6.103233353555190810e+00,1.240561324785816877e-01,-5.017608846440682946e+00
-5.200329854061990886e+00,-2.408670782290981638e+00,-6.103233353555190810e+00,-5.240190577120495963e-02,-5.017608846440682946e+00
-5.200329854061990886e+00,-2.408670782290981638e+00,-6.103233353555190810e+00,-5.240190577120495963e-02,-5.017608846440682946e+00
-5.200329854061990886e+00,-2.408670782290981638e+00,-6.103233353555190810e+00,-5.240190577120495963e-02,-5.017608846440682946e+00
-5.200329854061990886e+00,-2.408670782290981638e+00,-6.103233353555190810e+00,-5.240190577120495963e-02,-5.017608846440682946e+00
-5.200329854061990886e+00,-2.408670782290981638e+00,-6.103233353555190810e+00,-2.079796496105980053e-01,-5.017608846440682946e+00
-5.200329854061990886e+00,-2.408670782290981638e+00,-6.103233353555190810e+00,-2.079796496105980053e-01,-5.017608846440682946e+00
-5.200329854061990886e+00,-2.408670782290981638e+00,-6.103233353555190810e+00,-2.079796496105980053e-01,-6.921499455211233887e+00
-5.200329854061990886e+00,-2.408670782290981638e+00,-6.103233353555190810e+00,-2.079796496105980053e-01,-6.921499455211233887e+00
-5.200329854061990886e+00,-2.408670782290981638e+00,-6.103233353555190810e+00,-2.079796496105980053e-01,-6.921499455211233887e+00
-5.200329854061990886e+00,-2.408670782290981638e+00,-6.103233353555190810e+00,-2.079796496105980053e-01,-6.921499455211233887e+00
-5.200329854061990886e+00,-2.408670782290981638e+00,-6.103233353555190810e+00,-2.079796496105980053e-01,-6.921499455211233887e+00
-5.200329854061990886e+00,-2.408670782290981638e+00,-6.103233353555190810e+00,-2.079796496105980053e-01,-6.921499455211233887e+00
-5.200329854061990886e+00,-2.408670782290981638e+00,-6.103233353555190810e+00,-2.079796496105980053e-01,-6.921499455211233887e+00
-5.200329854061990886e+00,-2.927189287596327905e+00,-6.124844532177358580e+00,-2.079796496105980053e-01,-7.371597809745637164e+00
-5.200329854061990886e+00,-3.616017231286009714e+00,-6.479978734511275817e+00,-2.079796496105980053e-01,-7.371597809745637164e+00
-5.200329854061990886e+00,-3.616017231286009714e+00,-6.479978734511275817e+00,-2.079796496105980053e-01,-7.371597809745637164e+00
-5.200329854061990886e+00,-3.616017231286009714e+00,-6.479978734511275817e+00,-2.079796496105980053e-01,-7.371597809745637164e+00
-5.200329854061990886e+00,-3.616017231286009714e+00,-6.479978734511275817e+00,-2.079796496105980053e-01,-7.371597809745637164e+00
-5.200329854061990886e+00,-3.616017231286009714e+00,-6.479978734511275817e+00,-2.079796496105980053e-01,-7.371597809745637164e+00
-5.200329854061990886e+00,-3.616017231286009714e+00,-6.479978734511275817e+00,-2.079796496105980053e-01,-7.371597809745637164e+00
-5.200329854061990886e+00,-3.616017231286009714e+00,-6.479978734511275817e+00,-2.079796496105980053e-01,-7.371597809745637164e+00
-5.200329854061990886e+00,-3.616017231286009714e+00,-6.479978734511275817e+00,-2.079796496105980053e-01,-7.371597809745637164e+00
-5.200329854061990886e+00,-3.616017231286009714e+00,-6.479978734511275817e+00,-2.079796496105980053e-01,-7.371597809745637164e+00
-5.200329854061990886e+00,-3.616017231286009714e+00,-6.479978734511275817e+00,-2.079796496105980053e-01,-7.371597809745637164e+00
-5.200329854061990886e+00,-3.616017231286009714e+00,-6.479978734511275817e+00,-2.079796496105980053e-01,-7.371597809745637164e+00
-5.200329854061990886e+00,-3.616017231286009714e+00,-6.479978734511275817e+00,-7.764492268309444167e-01,-7.371597809745637164e+00
-5.200329854061990886e+00,-3.616017231286009714e+00,-6.479978734511275817e+00,-7.764492268309444167e-01,-7.371597809745637164e+00
-5.200329854061990886e+00,-3.616017231286009714e+00,-6.479978734511275817e+00,-7.764492268309444167e-01,-7.371597809745637164e+00
-5.200329854061990886e+00,-3.616017231286009714e+00,-6.479978734511275817e+00,-7.764492268309444167e-01,-8.378531555838963030e+00
-5.200329854061990886e+00,-3.616017231286009714e+00,-6.479978734511275817e+00,-7.764492268309444167e-01,-8.378531555838963030e+00
-5.200329854061990886e+00,-3.616017231286009714e+00,-6.479978734511275817e+00,-7.764492268309444167e-01,-8.378531555838963030e+00
-5.200329854061990886e+00,-3.616017231286009714e+00,-6.479978734511275817e+00,-7.764492268309444167e-01,-8.378531555838963030e+00
-5.200329854061990886e+00,-3.616017231286009714e+00,-6.479978734511275817e+00,-7.764492268309444167e-01,-8.378531555838963030e+00
-5.200329854061990886e+00,-3.616017231286009714e+00,-6.479978734511275817e+00,-7.764492268309444167e-01,-8.378531555838963030e+00
-5.200329854061990886e+00,-3.616017231286009714e+00,-6.479978734511275817e+00,-7.764492268309444167e-01,-8.378531555838963030e+00
-5.200329854061990886e+00,-3.616017231286009714e+00,-6.479978734511275817e+00,-7.764492268309444167e-01,-8.378531555838963030e+00
-5.200329854061990886e+00,-3.616017231286009714e+00,-6.479978734511275817e+00,-6.085591003819727618e+00,-8.378531555838963030e+00
-5.200329854061990886e+00,-3.616017231286009714e+00,-6.479978734511275817e+00,-6.085591003819727618e+00,-8.378531555838963030e+00
-5.200329854061990886e+00,-3.616017231286009714e+00,-6.479978734511275817e+00,-6.085591003819727618e+00,-8.378531555838963030e+00
-5.200329854061990886e+00,-3.616017231286009714e+00,-6.479978734511275817e+00,-6.085591003819727618e+00,-8.378531555838963030e+00
-5.200329854061990886e+00,-3.616017231286009714e+00,-6.479978734511275817e+00,-6.085591003819727618e+00,-8.378531555838963030e+00
-5.200329854061990886e+00,-3.616017231286009714e+00,-6.479978734511275817e+00,-6.085591003819727618e+00,-8.378531555838963030e+00
-5.200329854061990886e+00,-3.616017231286009714e+00,-6.479978734511275817e+00,-6.085591003819727618e+00,-8.378531555838963030e+00
-5.200329854061990886e+00,-3.616017231286009714e+00,-6.630085281794235286e+00,-6.085591003819727618e+00,-8.378531555838963030e+00
-5.200329854061990886e+00,-3.616017231286009714e+00,-6.630085281794235286e+00,-6.085591003819727618e+00,-8.378531555838963030e+00
-5.200329854061990886e+00,-3.616017231286009714e+00,-8.715928068383417937e+00,-6.085591003819727618e+00,-8.819116266188535391e+00
-5.200329854061990886e+00,-3.616017231286009714e+00,-8.715928068383417937e+00,-6.085591003819727618e+00,-8.819116266188535391e+00
-5.200329854061990886e+00,-3.616017231286009714e+00,-9.568594133570353932e+00,-6.085591003819727618e+00,-8.819116266188535391e+00
-5.200329854061990886e+00,-3.616017231286009714e+00,-9.568594133570353932e+00,-6.085591003819727618e+00,-8.819116266188535391e+00
-5.200329854061990886e+00,-3.616017231286009714e+00,-9.568594133570353932e+00,-6.085591003819727618e+00,-8.819116266188535391e+00
-5.200329854061990886e+00,-3.616017231286009714e+00,-9.568594133570353932e+00,-6.085591003819727618e+00,-8.819116266188535391e+00
-5.200329854061990886e+00,-3.616017231286009714e+00,-9.568594133570353932e+00,-6.085591003819727618e+00,-8.819116266188535391e+00
-5.200329854061990886e+00,-3.616017231286009714e+00,-9.568594133570353932e+00,-6.085591003819727618e+00,-8.819116266188535391e+00
-5.200329854061990886e+00,-3.616017231286009714e+00,-9.568594133570353932e+00,-6.085591003819727618e+00,-8.819116266188535391e+00
-5.200329854061990886e+00,-3.616017231286009714e+00,-9.568594133570353932e+00,-6.085591003819727618e+00,-8.819116266188535391e+00
-5.200329854061990886e+00,-3.616017231286009714e+00,-9.568594133570353932e+00,-6.085591003819727618e+00,-8.884796533088564985e+00
-5.200329854061990886e+00,-3.616017231286009714e+00,-9.568594133570353932e+00,-6.085591003819727618e+00,-8.884796533088564985e+00
-5.200329854061990886e+00,-3.616017231286009714e+00,-9.568594133570353932e+00,-6.085591003819727618e+00,-8.884796533088564985e+00
-5.200329854061990886e+00,-3.616017231286009714e+00,-9.568594133570353932e+00,-6.085591003819727618e+00,-8.884796533088564985e+00
-5.200329854061990886e+00,-3.616017231286009714e+00,-9.568594133570353932e+00,-6.085591003819727618e+00,-8.884796533088564985e+00
-5.200329854061990886e+00,-3.616017231286009714e+00,-9.568594133570353932e+00,-6.085591003819727618e+00,-8.884796533088564985e+00
-5.200329854061990886e+00,-3.616017231286009714e+00,-9.568594133570353932e+00,-6.085591003819727618e+00,-8.884796533088564985e+00
-5.226366153164321737e+00,-3.616017231286009714e+00,-9.568594133570353932e+00,-6.085591003819727618e+00,-8.884796533088564985e+00
-5.226366153164321737e+00,-3.616017231286009714e+00,-9.568594133570353932e+00,-6.085591003819727618e+00,-8.884796533088564985e+00
-5.226366153164321737e+00,-3.616017231286009714e+00,-9.568594133570353932e+00,-6.085591003819727618e+00,-8.884796533088564985e+00
-5.226366153164321737e+00,-3.616017231286009714e+00,-9.568594133570353932e+00,-6.085591003819727618e+00,-8.884796533088564985e+00
-5.226366153164321737e+00,-3.616017231286009714e+00,-9.568594133570353932e+00,-6.085591003819727618e+00,-8.884796533088564985e+00
-5.226366153164321737e+00,-3.616017231286009714e+00,-9.568594133570353932e+00,-6.085591003819727618e+00,-8.884796533088564985e+00
-5.226366153164321737e+00,-3.616017231286009714e+00,-9.568594133570353932e+00,-6.085591003819727618e+00,-8.884796533088564985e+00
-5.226366153164321737e+00,-3.616017231286009714e+00,-9.568594133570353932e+00,-6.085591003819727618e+00,-8.884796533088564985e+00
-5.226366153164321737e+00,-3.616017231286009714e+00,-9.568594133570353932e+00,-6.085591003819727618e+00,-8.884796533088564985e+00
-5.226366153164321737e+00,-3.616017231286009714e+00,-9.568594133570353932e+00,-6.085591003819727618e+00,-8.884796533088564985e+00
-5.226366153164321737e+00,-3.616017231286009714e+00,-9.568594133570353932e+00,-6.085591003819727618e+00,-8.884796533088564985e+00
-5.226366153164321737e+00,-3.616017231286009714e+00,-9.568594133570353932e+00,-6.085591003819727618e+00,-8.884796533088564985e+00
-5.226366153164321737e+00,-3.616017231286009714e+00,-9.568594133570353932e+00,-6.085591003819727618e+00,-8.884796533088564985e+00
-5.226366153164321737e+00,-3.616017231286009714e+00,-9.568594133570353932e+00,-6.085591003819727618e+00,-8.884796533088564985e+00
-5.226366153164321737e+00,-3.616017231286009714e+00,-9.568594133570353932e+00,-6.085591003819727618e+00,-8.884796533088564985e+00
-5.226366153164321737e+00,-3.616017231286009714e+00,-9.568594133570353932e+00,-6.085591003819727618e+00,-9.887223896626316844e+00
-5.226366153164321737e+00,-3.616017231286009714e+00,-9.568594133570353932e+00,-6.085591003819727618e+00,-9.887223896626316844e+00
-5.226366153164321737e+00,-3.616017231286009714e+00,-9.568594133570353932e+00,-6.085591003819727618e+00,-9.887223896626316844e+00
-5.226366153164321737e+00,-3.616017231286009714e+00,-9.568594133570353932e+00,-6.085591003819727618e+00,-9.887223896626316844e+00
-5.226366153164321737e+00,-3.616017231286009714e+00,-9.568594133570353932e+00,-6.085591003819727618e+00,-9.887223896626316844e+00
-6.000428682308579731e+00,-3.616017231286009714e+00,-9.568594133570353932e+00,-6.085591003819727618e+00,-9.887223896626316844e+00
-6.000428682308579731e+00,-3.616017231286009714e+00,-9.568594133570353932e+00,-6.085591003819727618e+00,-9.887223896626316844e+00
