-9.763980271592025417e+00,-9.765872192478597391e-01,-3.792537274307689721e+00,6.086229617032922201e-01,-2.641390407375048710e+00
-9.763980271592025417e+00,-9.765872192478597391e-01,-4.771855264748291248e+00,-3.501137011086485340e-01,-2.641390407375048710e+00
-9.763980271592025417e+00,-9.765872192478597391e-01,-4.771855264748291248e+00,-5.819601415827089230e-01,-4.386886694027126943e+00
-9.763980271592025417e+00,-1.070466633381117916e+00,-4.771855264748291248e+00,-1.941416434729527296e+00,-5.979759661351016220e+00
-9.763980271592025417e+00,-1.070466633381117916e+00,-4.771855264748291248e+00,-1.941416434729527296e+00,-6.557082482374830157e+00
-9.763980271592025417e+00,-1.070466633381117916e+00,-4.771855264748291248e+00,-3.504947238712659896e+00,-6.557082482374830157e+00
-9.763980271592025417e+00,-1.070466633381117916e+00,-4.771855264748291248e+00,-3.504947238712659896e+00,-6.557082482374830157e+00
-9.763980271592025417e+00,-1.070466633381117916e+00,-4.771855264748291248e+00,-3.504947238712659896e+00,-6.557082482374830157e+00
-9.763980271592025417e+00,-1.837424301642290647e+00,-4.771855264748291248e+00,-3.504947238712659896e+00,-9.253293526714882589e+00
-9.763980271592025417e+00,-1.837424301642290647e+00,-4.771855264748291248e+00,-3.504947238712659896e+00,-2.236435563852452901e+01
-9.763980271592025417e+00,-1.837424301642290647e+00,-4.771855264748291248e+00,-3.602636111872256741e+00,-2.236435563852452901e+01
-9.763980271592025417e+00,-2.277119870640769150e+00,-4.771855264748291248e+00,-3.602636111872256741e+00,-2.236435563852452901e+01
-9.763980271592025417e+00,-4.267051731188834296e+00,-4.771855264748291248e+00,-3.602636111872256741e+00,-2.236435563852452901e+01
-9.763980271592025417e+00,-4.267051731188834296e+00,-4.771855264748291248e+00,-3.602636111872256741e+00,-2.236435563852452901e+01
-9.763980271592025417e+00,-6.004306288463625130e+00,-4.771855264748291248e+00,-4.967188441558656464e+00,-2.236435563852452901e+01
-9.763980271592025417e+00,-6.004306288463625130e+00,-4.771855264748291248e+00,-4.967188441558656464e+00,-2.236435563852452901e+01
-9.763980271592025417e+00,-6.004306288463625130e+00,-4.771855264748291248e+00,-4.967188441558656464e+00,-2.236435563852452901e+01
-9.763980271592025417e+00,-6.004306288463625130e+00,-4.771855264748291248e+00,-4.967188441558656464e+00,-2.454150494089993373e+01
-9.763980271592025417e+00,-6.004306288463625130e+00,-4.771855264748291248e+00,-4.967188441558656464e+00,-2.487671293270252804e+01
-9.763980271592025417e+00,-6.004306288463625130e+00,-4.771855264748291248e+00,-4.967188441558656464e+00,-2.641049669525497023e+01
-9.763980271592025417e+00,-1.071388023849600124e+01,-4.771855264748291248e+00,-4.967188441558656464e+00,-2.721411538750816206e+01
-9.763980271592025417e+00,-1.071388023849600124e+01,-6.584070582964665519e+00,-4.967188441558656464e+00,-2.721411538750816206e+01
-9.763980271592025417e+00,-1.071388023849600124e+01,-6.584070582964665519e+00,-4.967188441558656464e+00,-2.721411538750816206e+01
-9.763980271592025417e+00,-1.071388023849600124e+01,-6.584070582964665519e+00,-4.967188441558656464e+00,-2.721411538750816206e+01
-9.763980271592025417e+00,-1.071388023849600124e+01,-6.584070582964665519e+00,-4.967188441558656464e+00,-2.721411538750816206e+01
-9.763980271592025417e+00,-1.071388023849600124e+01,-6.584070582964665519e+00,-4.967188441558656464e+00,-2.721411538750816206e+01
-9.763980271592025417e+00,-1.071388023849600124e+01,-6.584070582964665519e+00,-4.967188441558656464e+00,-2.721411538750816206e+01
-9.763980271592025417e+00,-1.071388023849600124e+01,-6.584070582964665519e+00,-6.784626138013590158e+00,-2.721411538750816206e+01
-9.763980271592025417e+00,-1.071388023849600124e+01,-6.584070582964665519e+00,-6.784626138013590158e+00,-2.721411538750816206e+01
-9.763980271592025417e+00,-1.071388023849600124e+01,-6.584070582964665519e+00,-6.784626138013590158e+00,-2.721411538750816206e+01
-9.763980271592025417e+00,-1.071388023849600124e+01,-6.584070582964665519e+00,-7.175354593568266104e+00,-2.721411538750816206e+01
-9.763980271592025417e+00,-1.071388023849600124e+01,-6.584070582964665519e+00,-7.175354593568266104e+00,-2.721411538750816206e+01
-9.763980271592025417e+00,-1.071388023849600124e+01,-6.584070582964665519e+00,-7.175354593568266104e+00,-2.721411538750816206e+01
-9.763980271592025417e+00,-1.071388023849600124e+01,-6.584070582964665519e+00,-7.175354593568266104e+00,-2.721411538750816206e+01
-9.763980271592025417e+00,-1.071388023849600124e+01,-6.584070582964665519e+00,-7.175354593568266104e+00,-2.721411538750816206e+01
-9.763980271592025417e+00,-1.071388023849600124e+01,-6.584070582964665519e+00,-7.175354593568266104e+00,-2.734874765311304046e+01
-9.763980271592025417e+00,-1.071388023849600124e+01,-6.584070582964665519e+00,-7.175354593568266104e+00,-2.984142537193579869e+01
-9.763980271592025417e+00,-1.071388023849600124e+01,-6.584070582964665519e+00,-7.175354593568266104e+00,-2.984142537193579869e+01
-9.763980271592025417e+00,-1.071388023849600124e+01,-6.584070582964665519e+00,-7.175354593568266104e+00,-2.984142537193579869e+01
-9.763980271592025417e+00,-1.071388023849600124e+01,-6.584070582964665519e+00,-7.175354593568266104e+00,-2.984142537193579869e+01
