8.095361592574519705e+00,-4.434698543635340329e-01,-1.117606839063008550e+01,1.246398492231384436e+00,-5.656797454019748095e+00
5.399780290531605687e+00,-1.651234490038004932e+00,-1.117606839063008550e+01,-1.933457144640634784e+00,-5.656797454019748095e+00
-2.349431184114774140e+00,-1.651234490038004932e+00,-1.117606839063008550e+01,-3.496777627067012340e+00,-5.656797454019748095e+00
-2.349431184114774140e+00,-1.651234490038004932e+00,-1.117606839063008550e+01,-1.155754002752614795e+01,-5.656797454019748095e+00
-2.349431184114774140e+00,-1.651234490038004932e+00,-1.117606839063008550e+01,-1.155754002752614795e+01,-5.656797454019748095e+00
-2.349431184114774140e+00,-1.959473252060322190e+00,-1.117606839063008550e+01,-1.155754002752614795e+01,-6.925892593133939457e+00
-2.349431184114774140e+00,-1.959473252060322190e+00,-1.117606839063008550e+01,-1.512872634168078356e+01,-6.925892593133939457e+00
-3.944438756613350083e+00,-1.959473252060322190e+00,-1.117606839063008550e+01,-1.512872634168078356e+01,-6.925892593133939457e+00
-3.944438756613350083e+00,-2.010356095624574291e+00,-1.156410338527260251e+01,-1.512872634168078356e+01,-6.925892593133939457e+00
-5.458493147057573047e+00,-2.010356095624574291e+00,-1.156410338527260251e+01,-1.512872634168078356e+01,-6.925892593133939457e+00
-5.458493147057573047e+00,-2.570662434991001444e+00,-1.175372046286236660e+01,-1.512872634168078356e+01,-6.925892593133939457e+00
-9.271865837186748394e+00,-2.570662434991001444e+00,-1.175372046286236660e+01,-1.512872634168078356e+01,-6.925892593133939457e+00
-9.271865837186748394e+00,-2.570662434991001444e+00,-1.175372046286236660e+01,-1.512872634168078356e+01,-6.925892593133939457e+00
-9.271865837186748394e+00,-2.570662434991001444e+00,-1.175372046286236660e+01,-1.512872634168078356e+01,-6.925892593133939457e+00
-9.271865837186748394e+00,-2.570662434991001444e+00,-1.175372046286236660e+01,-1.512872634168078356e+01,-6.925892593133939457e+00
-9.271865837186748394e+00,-2.570662434991001444e+00,-1.218004211601903819e+01,-1.512872634168078356e+01,-6.925892593133939457e+00
-1.022232186421722666e+01,-2.807319606168970694e+00,-1.218004211601903819e+01,-1.512872634168078356e+01,-6.925892593133939457e+00
-1.022232186421722666e+01,-2.807319606168970694e+00,-1.218004211601903819e+01,-1.512872634168078356e+01,-6.925892593133939457e+00
-1.022232186421722666e+01,-2.807319606168970694e+00,-1.218004211601903819e+01,-1.792283742495910559e+01,-6.925892593133939457e+00
-1.022232186421722666e+01,-2.807319606168970694e+00,-1.218004211601903819e+01,-1.792283742495910559e+01,-6.925892593133939457e+00
-1.022232186421722666e+01,-8.099855340458361752e+00,-1.218004211601903819e+01,-1.792283742495910559e+01,-6.925892593133939457e+00
-1.022232186421722666e+01,-8.099855340458361752e+00,-1.218004211601903819e+01,-1.792283742495910559e+01,-6.925892593133939457e+00
-1.022232186421722666e+01,-8.099855340458361752e+00,-1.218004211601903819e+01,-1.792283742495910559e+01,-6.925892593133939457e+00
-1.022232186421722666e+01,-1.372798659564209345e+01,-1.218004211601903819e+01,-1.792283742495910559e+01,-6.925892593133939457e+00
-1.022232186421722666e+01,-1.372798659564209345e+01,-1.218004211601903819e+01,-1.792283742495910559e+01,-6.925892593133939457e+00
-1.022232186421722666e+01,-1.372798659564209345e+01,-1.218004211601903819e+01,-1.792283742495910559e+01,-6.925892593133939457e+00
-1.022232186421722666e+01,-1.372798659564209345e+01,-1.218004211601903819e+01,-1.792283742495910559e+01,-6.925892593133939457e+00
-1.022232186421722666e+01,-1.372798659564209345e+01,-1.218004211601903819e+01,-1.792283742495910559e+01,-6.925892593133939457e+00
-1.022232186421722666e+01,-1.372798659564209345e+01,-1.298053678196061433e+01,-1.792283742495910559e+01,-6.925892593133939457e+00
-1.022232186421722666e+01,-1.372798659564209345e+01,-1.298053678196061433e+01,-1.792283742495910559e+01,-6.925892593133939457e+00
-1.022232186421722666e+01,-1.372798659564209345e+01,-1.298053678196061433e+01,-1.792283742495910559e+01,-6.925892593133939457e+00
-1.022232186421722666e+01,-1.372798659564209345e+01,-1.298053678196061433e+01,-1.792283742495910559e+01,-6.925892593133939457e+00
-1.022232186421722666e+01,-1.372798659564209345e+01,-1.313006361105253106e+01,-1.792283742495910559e+01,-6.925892593133939457e+00
-1.022232186421722666e+01,-1.372798659564209345e+01,-1.313006361105253106e+01,-1.792283742495910559e+01,-6.925892593133939457e+00
-1.022232186421722666e+01,-1.372798659564209345e+01,-1.319279560586352495e+01,-1.792283742495910559e+01,-6.925892593133939457e+00
-1.022232186421722666e+01,-1.372798659564209345e+01,-1.455219505752633857e+01,-1.885396735386093781e+01,-6.925892593133939457e+00
-1.022232186421722666e+01,-1.372798659564209345e+01,-1.455219505752633857e+01,-1.885396735386093781e+01,-6.925892593133939457e+00
-1.022232186421722666e+01,-1.372798659564209345e+01,-1.455219505752633857e+01,-1.885396735386093781e+01,-6.925892593133939457e+00
-1.022232186421722666e+01,-1.554566404689682102e+01,-1.455219505752633857e+01,-1.885396735386093781e+01,-6.925892593133939457e+00
-1.022232186421722666e+01,-1.554566404689682102e+01,-1.455219505752633857e+01,-1.885396735386093781e+01,-6.925892593133939457e+00
-1.022232186421722666e+01,-1.554566404689682102e+01,-1.455219505752633857e+01,-1.885396735386093781e+01,-6.925892593133939457e+00
-1.022232186421722666e+01,-1.644540286477925406e+01,-1.455219505752633857e+01,-1.885396735386093781e+01,-6.925892593133939457e+00
-1.022232186421722666e+01,-1.644540286477925406e+01,-1.455219505752633857e+01,-1.885396735386093781e+01,-6.925892593133939457e+00
-1.022232186421722666e+01,-1.644540286477925406e+01,-1.455219505752633857e+01,-1.885396735386093781e+01,-6.925892593133939457e+00
-1.022232186421722666e+01,-1.644540286477925406e+01,-1.455219505752633857e+01,-1.885396735386093781e+01,-6.925892593133939457e+00
-1.022232186421722666e+01,-1.644540286477925406e+01,-1.455219505752633857e+01,-1.885396735386093781e+01,-6.925892593133939457e+00
-1.022232186421722666e+01,-1.644540286477925406e+01,-1.455219505752633857e+01,-1.885396735386093781e+01,-6.925892593133939457e+00
-1.022232186421722666e+01,-1.644540286477925406e+01,-1.455219505752633857e+01,-1.885396735386093781e+01,-6.925892593133939457e+00
-1.022232186421722666e+01,-1.644540286477925406e+01,-1.455219505752633857e+01,-1.885396735386093781e+01,-6.925892593133939457e+00
-1.022232186421722666e+01,-1.644540286477925406e+01,-1.455219505752633857e+01,-1.885396735386093781e+01,-6.925892593133939457e+00
-1.022232186421722666e+01,-1.644540286477925406e+01,-1.498131120663192206e+01,-1.885396735386093781e+01,-6.925892593133939457e+00
-1.022232186421722666e+01,-1.644540286477925406e+01,-1.498131120663192206e+01,-1.885396735386093781e+01,-6.925892593133939457e+00
-1.022232186421722666e+01,-1.644540286477925406e+01,-1.498131120663192206e+01,-1.885396735386093781e+01,-6.925892593133939457e+00
-1.022232186421722666e+01,-1.644540286477925406e+01,-1.498131120663192206e+01,-1.885396735386093781e+01,-6.925892593133939457e+00
-1.022232186421722666e+01,-2.017316705684741152e+01,-1.498131120663192206e+01,-1.885396735386093781e+01,-6.925892593133939457e+00
-1.022232186421722666e+01,-2.017316705684741152e+01,-1.498131120663192206e+01,-1.885396735386093781e+01,-6.925892593133939457e+00
-1.022232186421722666e+01,-2.017316705684741152e+01,-1.498131120663192206e+01,-1.885396735386093781e+01,-6.925892593133939457e+00
-1.022232186421722666e+01,-2.017316705684741152e+01,-1.498131120663192206e+01,-1.885396735386093781e+01,-6.925892593133939457e+00
-1.022232186421722666e+01,-2.017316705684741152e+01,-1.498131120663192206e+01,-1.885396735386093781e+01,-6.925892593133939457e+00
-1.022232186421722666e+01,-2.017316705684741152e+01,-1.498131120663192206e+01,-1.885396735386093781e+01,-6.925892593133939457e+00
-1.022232186421722666e+01,-2.017316705684741152e+01,-1.498131120663192206e+01,-1.885396735386093781e+01,-6.925892593133939457e+00
-1.022232186421722666e+01,-2.017316705684741152e+01,-1.498131120663192206e+01,-1.885396735386093781e+01,-6.925892593133939457e+00
-1.022232186421722666e+01,-2.017316705684741152e+01,-1.498131120663192206e+01,-1.885396735386093781e+01,-6.925892593133939457e+00
-1.022232186421722666e+01,-2.017316705684741152e+01,-1.498131120663192206e+01,-1.885396735386093781e+01,-6.925892593133939457e+00
-1.047515274910228023e+01,-2.017316705684741152e+01,-1.498131120663192206e+01,-1.885396735386093781e+01,-6.925892593133939457e+00
-1.047515274910228023e+01,-2.017316705684741152e+01,-1.498131120663192206e+01,-1.885396735386093781e+01,-6.925892593133939457e+00
-1.170643630039049476e+01,-2.017316705684741152e+01,-1.498131120663192206e+01,-1.885396735386093781e+01,-6.925892593133939457e+00
-1.225813700434560971e+01,-2.017316705684741152e+01,-1.498131120663192206e+01,-1.885396735386093781e+01,-6.925892593133939457e+00
-1.225813700434560971e+01,-2.017316705684741152e+01,-1.498131120663192206e+01,-1.885396735386093781e+01,-6.925892593133939457e+00
-1.225813700434560971e+01,-2.017316705684741152e+01,-1.498131120663192206e+01,-1.885396735386093781e+01,-6.925892593133939457e+00
-1.225813700434560971e+01,-2.017316705684741152e+01,-1.498131120663192206e+01,-1.885396735386093781e+01,-6.925892593133939457e+00
-1.225813700434560971e+01,-2.017316705684741152e+01,-1.498131120663192206e+01,-1.885396735386093781e+01,-6.925892593133939457e+00
-1.225813700434560971e+01,-2.017316705684741152e+01,-1.498131120663192206e+01,-1.885396735386093781e+01,-6.925892593133939457e+00
-1.225813700434560971e+01,-2.017316705684741152e+01,-1.498131120663192206e+01,-2.091639341249896589e+01,-6.925892593133939457e+00
-1.225813700434560971e+01,-2.017316705684741152e+01,-1.498131120663192206e+01,-2.091639341249896589e+01,-6.925892593133939457e+00
-1.225813700434560971e+01,-2.017316705684741152e+01,-1.498131120663192206e+01,-2.091639341249896589e+01,-6.925892593133939457e+00
-1.225813700434560971e+01,-2.017316705684741152e+01,-1.498131120663192206e+01,-2.091639341249896589e+01,-6.925892593133939457e+00
-1.225813700434560971e+01,-2.017316705684741152e+01,-1.498131120663192206e+01,-2.091639341249896589e+01,-6.925892593133939457e+00
-1.225813700434560971e+01,-2.017316705684741152e+01,-1.498131120663192206e+01,-2.091639341249896589e+01,-6.925892593133939457e+00
-1.225813700434560971e+01,-2.017316705684741152e+01,-1.498131120663192206e+01,-2.091639341249896589e+01,-6.925892593133939457e+00
-1.225813700434560971e+01,-2.017316705684741152e+01,-1.498131120663192206e+01,-2.091639341249896589e+01,-6.925892593133939457e+00
-1.225813700434560971e+01,-2.017316705684741152e+01,-1.498131120663192206e+01,-2.091639341249896589e+01,-6.925892593133939457e+00
-1.225813700434560971e+01,-2.017316705684741152e+01,-1.498131120663192206e+01,-2.091639341249896589e+01,-6.925892593133939457e+00
-1.225813700434560971e+01,-2.017316705684741152e+01,-1.498131120663192206e+01,-2.091639341249896589e+01,-6.925892593133939457e+00
-1.225813700434560971e+01,-2.017316705684741152e+01,-1.498131120663192206e+01,-2.091639341249896589e+01,-6.925892593133939457e+00
-1.225813700434560971e+01,-2.017316705684741152e+01,-1.498131120663192206e+01,-2.091639341249896589e+01,-6.925892593133939457e+00
-1.225813700434560971e+01,-2.017316705684741152e+01,-1.498131120663192206e+01,-2.091639341249896589e+01,-6.925892593133939457e+00
-1.225813700434560971e+01,-2.017316705684741152e+01,-1.498131120663192206e+01,-2.091639341249896589e+01,-6.925892593133939457e+00
-1.225813700434560971e+01,-2.017316705684741152e+01,-1.498131120663192206e+01,-2.091639341249896589e+01,-6.925892593133939457e+00
-1.225813700434560971e+01,-2.017316705684741152e+01,-1.498131120663192206e+01,-2.091639341249896589e+01,-6.925892593133939457e+00
-1.225813700434560971e+01,-2.017316705684741152e+01,-1.498131120663192206e+01,-2.091639341249896589e+01,-6.925892593133939457e+00
-1.249003633725528140e+01,-2.017316705684741152e+01,-1.498131120663192206e+01,-2.091639341249896589e+01,-6.925892593133939457e+00
-1.249003633725528140e+01,-2.017316705684741152e+01,-1.498131120663192206e+01,-2.091639341249896589e+01,-6.925892593133939457e+00
-1.249003633725528140e+01,-2.017316705684741152e+01,-1.498131120663192206e+01,-2.091639341249896589e+01,-6.925892593133939457e+00
-1.249003633725528140e+01,-2.017316705684741152e+01,-1.498131120663192206e+01,-2.091639341249896589e+01,-6.925892593133939457e+00
-1.249003633725528140e+01,-2.017316705684741152e+01,-1.498131120663192206e+01,-2.091639341249896589e+01,-6.925892593133939457e+00
-1.249003633725528140e+01,-2.017316705684741152e+01,-1.498131120663192206e+01,-2.091639341249896589e+01,-6.925892593133939457e+00
-1.249003633725528140e+01,-2.017316705684741152e+01,-1.498131120663192206e+01,-2.091639341249896589e+01,-6.925892593133939457e+00
-1.249003633725528140e+01,-2.017316705684741152e+01,-1.498131120663192206e+01,-2.091639341249896589e+01,-6.925892593133939457e+00
-1.249003633725528140e+01,-2.017316705684741152e+01,-1.498131120663192206e+01,-2.091639341249896589e+01,-6.925892593133939457e+00
-1.249003633725528140e+01,-2.017316705684741152e+01,-1.498131120663192206e+01,-2.091639341249896589e+01,-6.925892593133939457e+00
