1.734998991105261901e+00,-2.409431073455921890e+00,1.129070395775985336e+00,-8.338808459566154241e+00,-2.366458544448969414e-01,1.129355945988709564e+01,1.561504352474646584e+00,2.035029686118380532e+00,-5.801672967158819638e-01,-8.861480550019242841e+00
1.734998991105261901e+00,-2.409431073455921890e+00,-1.064610122353490773e+01,-8.338808459566154241e+00,-2.366458544448969414e-01,7.477793155732575414e+00,-1.960765536897991268e+00,2.035029686118380532e+00,-5.801672967158819638e-01,-8.861480550019242841e+00
1.734998991105261901e+00,-3.789736492459078843e+00,-1.064610122353490773e+01,-8.338808459566154241e+00,-2.366458544448969414e-01,5.073799204123833562e+00,-1.960765536897991268e+00,2.035029686118380532e+00,-6.799423053084772128e-01,-8.861480550019242841e+00
2.643021443731011222e-01,-3.789736492459078843e+00,-1.064610122353490773e+01,-8.338808459566154241e+00,-2.366458544448969414e-01,8.152831010757477515e-02,-1.960765536897991268e+00,1.762467984041381497e-01,-9.438742816262905677e+00,-8.861480550019242841e+00
-7.925951112917242192e-01,-3.789736492459078843e+00,-1.064610122353490773e+01,-8.338808459566154241e+00,-2.366458544448969414e-01,8.152831010757477515e-02,-1.960765536897991268e+00,1.762467984041381497e-01,-9.438742816262905677e+00,-8.861480550019242841e+00
-9.438913521686957964e-01,-3.789736492459078843e+00,-1.064610122353490773e+01,-8.338808459566154241e+00,-2.893249109084147230e-01,8.152831010757477515e-02,-1.960765536897991268e+00,-8.857219363999892181e+00,-9.438742816262905677e+00,-8.861480550019242841e+00
-9.438913521686957964e-01,-3.789736492459078843e+00,-1.064610122353490773e+01,-8.338808459566154241e+00,-2.893249109084147230e-01,8.152831010757477515e-02,-1.960765536897991268e+00,-8.857219363999892181e+00,-9.438742816262905677e+00,-8.861480550019242841e+00
-9.438913521686957964e-01,-5.475083073842331061e+00,-1.064610122353490773e+01,-8.338808459566154241e+00,-2.755654012957527321e+00,-1.021635261653843152e+01,-1.960765536897991268e+00,-8.857219363999892181e+00,-9.438742816262905677e+00,-1.374383105176208986e+01
-9.950433344187094020e-01,-5.475083073842331061e+00,-1.064610122353490773e+01,-8.338808459566154241e+00,-5.558484175488157319e+00,-1.021635261653843152e+01,-1.960765536897991268e+00,-8.857219363999892181e+00,-9.438742816262905677e+00,-1.374383105176208986e+01
-9.950433344187094020e-01,-5.475083073842331061e+00,-1.064610122353490773e+01,-8.338808459566154241e+00,-9.135705910520238504e+00,-1.021635261653843152e+01,-1.960765536897991268e+00,-1.051930685228303908e+01,-9.438742816262905677e+00,-1.374383105176208986e+01
-9.950433344187094020e-01,-6.102098637198718478e+00,-1.065625991016736762e+01,-8.338808459566154241e+00,-9.135705910520238504e+00,-1.021635261653843152e+01,-1.960765536897991268e+00,-1.051930685228303908e+01,-9.438742816262905677e+00,-1.374383105176208986e+01
-9.950433344187094020e-01,-6.102098637198718478e+00,-1.065625991016736762e+01,-8.338808459566154241e+00,-9.499114660180369540e+00,-1.021635261653843152e+01,-1.960765536897991268e+00,-1.051930685228303908e+01,-9.438742816262905677e+00,-1.374383105176208986e+01
-9.950433344187094020e-01,-6.102098637198718478e+00,-1.065625991016736762e+01,-8.338808459566154241e+00,-9.499114660180369540e+00,-1.021635261653843152e+01,-1.960765536897991268e+00,-1.051930685228303908e+01,-9.438742816262905677e+00,-1.374383105176208986e+01
-9.950433344187094020e-01,-6.102098637198718478e+00,-1.065625991016736762e+01,-8.338808459566154241e+00,-9.499114660180369540e+00,-1.021635261653843152e+01,-1.960765536897991268e+00,-1.051930685228303908e+01,-1.170760201764646702e+01,-1.374383105176208986e+01
-9.950433344187094020e-01,-6.102098637198718478e+00,-1.065625991016736762e+01,-8.338808459566154241e+00,-9.499114660180369540e+00,-1.021635261653843152e+01,-1.960765536897991268e+00,-1.051930685228303908e+01,-1.170760201764646702e+01,-1.374383105176208986e+01
-9.950433344187094020e-01,-6.102098637198718478e+00,-1.065625991016736762e+01,-8.576026538852358883e+00,-9.499114660180369540e+00,-1.021635261653843152e+01,-1.960765536897991268e+00,-1.051930685228303908e+01,-1.170760201764646702e+01,-1.374383105176208986e+01
-9.950433344187094020e-01,-6.102098637198718478e+00,-1.065625991016736762e+01,-9.457775214998068947e+00,-9.499114660180369540e+00,-1.021635261653843152e+01,-1.960765536897991268e+00,-1.051930685228303908e+01,-1.170760201764646702e+01,-1.374383105176208986e+01
-1.177590969810220711e+00,-6.709878654988937541e+00,-1.065625991016736762e+01,-9.457775214998068947e+00,-9.499114660180369540e+00,-1.021635261653843152e+01,-1.960765536897991268e+00,-1.051930685228303908e+01,-1.170760201764646702e+01,-1.374383105176208986e+01
-1.177590969810220711e+00,-6.709878654988937541e+00,-1.065625991016736762e+01,-1.364747663228469143e+01,-9.499114660180369540e+00,-1.021635261653843152e+01,-1.999953126226063471e+00,-1.051930685228303908e+01,-1.170760201764646702e+01,-1.374383105176208986e+01
-1.177590969810220711e+00,-6.709878654988937541e+00,-1.210613410774389109e+01,-1.364747663228469143e+01,-9.499114660180369540e+00,-1.021635261653843152e+01,-1.999953126226063471e+00,-1.051930685228303908e+01,-1.170760201764646702e+01,-1.374383105176208986e+01
-1.177590969810220711e+00,-6.709878654988937541e+00,-1.210613410774389109e+01,-1.364747663228469143e+01,-9.499114660180369540e+00,-1.021635261653843152e+01,-2.925278767971557059e+00,-1.247000778450903979e+01,-1.170760201764646702e+01,-1.374383105176208986e+01
-1.177590969810220711e+00,-6.709878654988937541e+00,-1.640435225589167700e+01,-1.364747663228469143e+01,-9.499114660180369540e+00,-1.021635261653843152e+01,-2.925278767971557059e+00,-1.352776598190222579e+01,-1.170760201764646702e+01,-1.374383105176208986e+01
-1.534028802072995301e+00,-6.709878654988937541e+00,-1.640435225589167700e+01,-1.364747663228469143e+01,-9.499114660180369540e+00,-1.021635261653843152e+01,-2.925278767971557059e+00,-1.352776598190222579e+01,-1.170760201764646702e+01,-1.374383105176208986e+01
-1.534028802072995301e+00,-6.709878654988937541e+00,-1.640435225589167700e+01,-1.364747663228469143e+01,-9.499114660180369540e+00,-1.021635261653843152e+01,-2.925278767971557059e+00,-1.352776598190222579e+01,-1.170760201764646702e+01,-1.374383105176208986e+01
-1.534028802072995301e+00,-6.709878654988937541e+00,-1.640435225589167700e+01,-1.364747663228469143e+01,-9.499114660180369540e+00,-1.021635261653843152e+01,-2.925278767971557059e+00,-1.503569572556792977e+01,-1.170760201764646702e+01,-1.374383105176208986e+01
-1.534028802072995301e+00,-6.709878654988937541e+00,-1.868807855243791138e+01,-1.364747663228469143e+01,-9.499114660180369540e+00,-1.021635261653843152e+01,-2.925278767971557059e+00,-1.503569572556792977e+01,-1.170760201764646702e+01,-1.374383105176208986e+01
-1.534028802072995301e+00,-6.709878654988937541e+00,-2.260773575634706845e+01,-1.364747663228469143e+01,-9.499114660180369540e+00,-1.021635261653843152e+01,-2.925278767971557059e+00,-1.503569572556792977e+01,-1.170760201764646702e+01,-1.374383105176208986e+01
-1.534028802072995301e+00,-6.709878654988937541e+00,-2.785315301581357872e+01,-1.364747663228469143e+01,-9.499114660180369540e+00,-1.021635261653843152e+01,-2.925278767971557059e+00,-1.910590862286473879e+01,-1.170760201764646702e+01,-1.374383105176208986e+01
-1.534028802072995301e+00,-6.709878654988937541e+00,-2.785315301581357872e+01,-1.364747663228469143e+01,-9.499114660180369540e+00,-1.021635261653843152e+01,-2.925278767971557059e+00,-1.910590862286473879e+01,-1.170760201764646702e+01,-1.374383105176208986e+01
-1.534028802072995301e+00,-6.709878654988937541e+00,-2.785315301581357872e+01,-1.364747663228469143e+01,-9.878271900020690666e+00,-1.021635261653843152e+01,-2.925278767971557059e+00,-1.910590862286473879e+01,-1.170760201764646702e+01,-1.374383105176208986e+01
-2.173587967920696862e+00,-7.142123059495430581e+00,-2.785315301581357872e+01,-1.364747663228469143e+01,-9.878271900020690666e+00,-1.021635261653843152e+01,-2.925278767971557059e+00,-1.910590862286473879e+01,-1.170760201764646702e+01,-1.374383105176208986e+01
-2.221801108964600591e+00,-7.142123059495430581e+00,-2.785315301581357872e+01,-1.364747663228469143e+01,-9.878271900020690666e+00,-1.021635261653843152e+01,-2.977126889980981073e+00,-1.910590862286473879e+01,-1.170760201764646702e+01,-1.374383105176208986e+01
-3.499571350370223932e+00,-7.142123059495430581e+00,-2.785315301581357872e+01,-1.364747663228469143e+01,-9.878271900020690666e+00,-1.021635261653843152e+01,-5.578954778779711354e+00,-1.910590862286473879e+01,-1.170760201764646702e+01,-1.374383105176208986e+01
-3.499571350370223932e+00,-7.142123059495430581e+00,-2.785315301581357872e+01,-1.364747663228469143e+01,-9.878271900020690666e+00,-1.021635261653843152e+01,-5.578954778779711354e+00,-1.910590862286473879e+01,-1.170760201764646702e+01,-1.484920686242737986e+01
-3.499571350370223932e+00,-7.142123059495430581e+00,-2.785315301581357872e+01,-1.364747663228469143e+01,-9.878271900020690666e+00,-1.021635261653843152e+01,-5.578954778779711354e+00,-1.910590862286473879e+01,-1.170760201764646702e+01,-1.484920686242737986e+01
-3.499571350370223932e+00,-7.142123059495430581e+00,-2.785315301581357872e+01,-1.364747663228469143e+01,-9.878271900020690666e+00,-1.021635261653843152e+01,-5.578954778779711354e+00,-1.910590862286473879e+01,-1.170760201764646702e+01,-1.484920686242737986e+01
-3.949000889290207539e+00,-7.142123059495430581e+00,-2.785315301581357872e+01,-1.658209221699435787e+01,-9.878271900020690666e+00,-1.021635261653843152e+01,-5.578954778779711354e+00,-1.910590862286473879e+01,-1.170760201764646702e+01,-1.484920686242737986e+01
-5.371046208581689463e+00,-7.142123059495430581e+00,-2.785315301581357872e+01,-1.658209221699435787e+01,-9.878271900020690666e+00,-1.021635261653843152e+01,-5.578954778779711354e+00,-1.910590862286473879e+01,-1.170760201764646702e+01,-1.484920686242737986e+01
-5.371046208581689463e+00,-7.142123059495430581e+00,-2.785315301581357872e+01,-1.658209221699435787e+01,-9.878271900020690666e+00,-1.021635261653843152e+01,-5.578954778779711354e+00,-1.910590862286473879e+01,-1.170760201764646702e+01,-1.484920686242737986e+01
-5.371046208581689463e+00,-7.142123059495430581e+00,-2.785315301581357872e+01,-1.658209221699435787e+01,-9.878271900020690666e+00,-1.021635261653843152e+01,-5.578954778779711354e+00,-1.910590862286473879e+01,-1.170760201764646702e+01,-1.484920686242737986e+01
-6.133307147626400280e+00,-7.142123059495430581e+00,-2.785315301581357872e+01,-1.658209221699435787e+01,-9.878271900020690666e+00,-1.021635261653843152e+01,-5.578954778779711354e+00,-1.910590862286473879e+01,-1.170760201764646702e+01,-1.484920686242737986e+01
-6.133307147626400280e+00,-7.142123059495430581e+00,-2.785315301581357872e+01,-1.658209221699435787e+01,-9.878271900020690666e+00,-1.021635261653843152e+01,-5.578954778779711354e+00,-1.910590862286473879e+01,-1.170760201764646702e+01,-1.484920686242737986e+01
-1.149161787774261256e+01,-7.142123059495430581e+00,-2.785315301581357872e+01,-1.658209221699435787e+01,-9.878271900020690666e+00,-1.021635261653843152e+01,-5.578954778779711354e+00,-1.910590862286473879e+01,-1.170760201764646702e+01,-1.484920686242737986e+01
-1.149161787774261256e+01,-7.142123059495430581e+00,-2.785315301581357872e+01,-1.658209221699435787e+01,-9.878271900020690666e+00,-1.021635261653843152e+01,-5.578954778779711354e+00,-1.910590862286473879e+01,-1.237180441076041326e+01,-1.484920686242737986e+01
-1.149161787774261256e+01,-7.142123059495430581e+00,-2.785315301581357872e+01,-1.658209221699435787e+01,-9.878271900020690666e+00,-1.021635261653843152e+01,-5.578954778779711354e+00,-1.910590862286473879e+01,-1.237180441076041326e+01,-1.484920686242737986e+01
-1.149161787774261256e+01,-7.142123059495430581e+00,-2.785315301581357872e+01,-1.658209221699435787e+01,-9.878271900020690666e+00,-1.021635261653843152e+01,-5.578954778779711354e+00,-1.910590862286473879e+01,-1.237180441076041326e+01,-1.484920686242737986e+01
-1.149161787774261256e+01,-7.142123059495430581e+00,-2.785315301581357872e+01,-1.658209221699435787e+01,-9.878271900020690666e+00,-1.021635261653843152e+01,-5.578954778779711354e+00,-1.910590862286473879e+01,-1.237180441076041326e+01,-1.484920686242737986e+01
-1.149161787774261256e+01,-7.142123059495430581e+00,-2.785315301581357872e+01,-1.658209221699435787e+01,-9.878271900020690666e+00,-1.021635261653843152e+01,-5.578954778779711354e+00,-1.910590862286473879e+01,-1.237180441076041326e+01,-1.484920686242737986e+01
-1.149161787774261256e+01,-7.142123059495430581e+00,-2.785315301581357872e+01,-1.658209221699435787e+01,-9.878271900020690666e+00,-1.021635261653843152e+01,-5.578954778779711354e+00,-1.910590862286473879e+01,-1.237180441076041326e+01,-1.484920686242737986e+01
-1.149161787774261256e+01,-7.142123059495430581e+00,-2.785315301581357872e+01,-1.658209221699435787e+01,-9.878271900020690666e+00,-1.021635261653843152e+01,-5.578954778779711354e+00,-1.910590862286473879e+01,-1.237180441076041326e+01,-1.484920686242737986e+01
-1.149161787774261256e+01,-7.142123059495430581e+00,-2.785315301581357872e+01,-1.658209221699435787e+01,-9.878271900020690666e+00,-1.021635261653843152e+01,-5.578954778779711354e+00,-1.910590862286473879e+01,-1.237180441076041326e+01,-1.484920686242737986e+01
-1.149161787774261256e+01,-7.142123059495430581e+00,-2.785315301581357872e+01,-1.658209221699435787e+01,-9.878271900020690666e+00,-1.021635261653843152e+01,-5.578954778779711354e+00,-1.910590862286473879e+01,-1.237180441076041326e+01,-1.484920686242737986e+01
-1.149161787774261256e+01,-7.142123059495430581e+00,-2.785315301581357872e+01,-1.658209221699435787e+01,-9.878271900020690666e+00,-1.021635261653843152e+01,-5.578954778779711354e+00,-1.910590862286473879e+01,-1.237180441076041326e+01,-1.484920686242737986e+01
-1.149161787774261256e+01,-7.518699064598504123e+00,-3.266197468591771980e+01,-1.658209221699435787e+01,-9.878271900020690666e+00,-1.021635261653843152e+01,-5.578954778779711354e+00,-1.910590862286473879e+01,-1.237180441076041326e+01,-1.484920686242737986e+01
-1.195193231590142879e+01,-7.518699064598504123e+00,-3.266197468591771980e+01,-1.658209221699435787e+01,-9.878271900020690666e+00,-1.021635261653843152e+01,-5.578954778779711354e+00,-1.910590862286473879e+01,-1.237180441076041326e+01,-1.484920686242737986e+01
-1.195193231590142879e+01,-7.518699064598504123e+00,-3.266197468591771980e+01,-1.658209221699435787e+01,-9.878271900020690666e+00,-1.021635261653843152e+01,-5.578954778779711354e+00,-1.910590862286473879e+01,-1.237180441076041326e+01,-1.484920686242737986e+01
-1.195193231590142879e+01,-7.518699064598504123e+00,-3.266197468591771980e+01,-1.658209221699435787e+01,-9.878271900020690666e+00,-1.021635261653843152e+01,-5.578954778779711354e+00,-1.910590862286473879e+01,-1.237180441076041326e+01,-1.484920686242737986e+01
-1.195193231590142879e+01,-7.518699064598504123e+00,-3.266197468591771980e+01,-1.658209221699435787e+01,-9.878271900020690666e+00,-1.021635261653843152e+01,-5.578954778779711354e+00,-1.910590862286473879e+01,-1.237180441076041326e+01,-1.484920686242737986e+01
-1.195193231590142879e+01,-7.518699064598504123e+00,-3.266197468591771980e+01,-1.658209221699435787e+01,-9.878271900020690666e+00,-1.021635261653843152e+01,-5.578954778779711354e+00,-1.910590862286473879e+01,-1.237180441076041326e+01,-1.484920686242737986e+01
-1.195193231590142879e+01,-7.518699064598504123e+00,-3.266197468591771980e+01,-1.658209221699435787e+01,-9.878271900020690666e+00,-1.021635261653843152e+01,-5.578954778779711354e+00,-1.910590862286473879e+01,-1.237180441076041326e+01,-1.484920686242737986e+01
-1.195193231590142879e+01,-7.518699064598504123e+00,-3.266197468591771980e+01,-1.661928566792412454e+01,-9.878271900020690666e+00,-1.021635261653843152e+01,-5.578954778779711354e+00,-1.910590862286473879e+01,-1.237180441076041326e+01,-1.484920686242737986e+01
-1.195193231590142879e+01,-7.518699064598504123e+00,-3.266197468591771980e+01,-1.661928566792412454e+01,-9.878271900020690666e+00,-1.021635261653843152e+01,-5.578954778779711354e+00,-1.910590862286473879e+01,-1.237180441076041326e+01,-1.484920686242737986e+01
-1.195193231590142879e+01,-7.518699064598504123e+00,-3.346222400186568535e+01,-1.661928566792412454e+01,-9.878271900020690666e+00,-1.021635261653843152e+01,-5.578954778779711354e+00,-1.910590862286473879e+01,-1.237180441076041326e+01,-1.484920686242737986e+01
-1.195193231590142879e+01,-7.518699064598504123e+00,-3.517614770833610294e+01,-1.661928566792412454e+01,-9.878271900020690666e+00,-1.021635261653843152e+01,-5.578954778779711354e+00,-1.910590862286473879e+01,-1.237180441076041326e+01,-1.484920686242737986e+01
-1.195193231590142879e+01,-7.518699064598504123e+00,-3.517614770833610294e+01,-1.661928566792412454e+01,-9.878271900020690666e+00,-1.021635261653843152e+01,-5.578954778779711354e+00,-1.910590862286473879e+01,-1.328931849208460214e+01,-1.484920686242737986e+01
-1.195193231590142879e+01,-9.318311296948461830e+00,-3.517614770833610294e+01,-1.661928566792412454e+01,-9.878271900020690666e+00,-1.021635261653843152e+01,-5.578954778779711354e+00,-1.910590862286473879e+01,-1.328931849208460214e+01,-1.484920686242737986e+01
-1.195193231590142879e+01,-9.318311296948461830e+00,-3.517614770833610294e+01,-1.661928566792412454e+01,-9.878271900020690666e+00,-1.021635261653843152e+01,-5.578954778779711354e+00,-1.910590862286473879e+01,-1.328931849208460214e+01,-1.484920686242737986e+01
-1.195193231590142879e+01,-9.318311296948461830e+00,-3.517614770833610294e+01,-1.661928566792412454e+01,-9.878271900020690666e+00,-1.021635261653843152e+01,-5.578954778779711354e+00,-1.910590862286473879e+01,-1.564067412626990539e+01,-1.484920686242737986e+01
-1.195193231590142879e+01,-9.318311296948461830e+00,-3.517614770833610294e+01,-1.661928566792412454e+01,-9.878271900020690666e+00,-1.021635261653843152e+01,-5.578954778779711354e+00,-1.910590862286473879e+01,-1.564067412626990539e+01,-1.484920686242737986e+01
-1.195193231590142879e+01,-9.318311296948461830e+00,-3.517614770833610294e+01,-1.661928566792412454e+01,-9.878271900020690666e+00,-1.021635261653843152e+01,-5.578954778779711354e+00,-1.910590862286473879e+01,-1.564067412626990539e+01,-1.484920686242737986e+01
-1.195193231590142879e+01,-9.318311296948461830e+00,-3.517614770833610294e+01,-1.661928566792412454e+01,-9.878271900020690666e+00,-1.021635261653843152e+01,-5.578954778779711354e+00,-1.910590862286473879e+01,-1.564067412626990539e+01,-1.484920686242737986e+01
-1.195193231590142879e+01,-9.318311296948461830e+00,-3.517614770833610294e+01,-1.693734255065401939e+01,-9.878271900020690666e+00,-1.021635261653843152e+01,-5.578954778779711354e+00,-1.910590862286473879e+01,-1.899844599739922657e+01,-1.484920686242737986e+01
-1.195193231590142879e+01,-9.318311296948461830e+00,-3.517614770833610294e+01,-1.693734255065401939e+01,-9.878271900020690666e+00,-1.021635261653843152e+01,-5.578954778779711354e+00,-1.930821779948808370e+01,-1.899844599739922657e+01,-1.484920686242737986e+01
-1.195193231590142879e+01,-9.318311296948461830e+00,-3.517614770833610294e+01,-1.693734255065401939e+01,-9.878271900020690666e+00,-1.021635261653843152e+01,-6.744453449605826378e+00,-1.930821779948808370e+01,-1.899844599739922657e+01,-1.484920686242737986e+01
-1.195193231590142879e+01,-9.318311296948461830e+00,-3.517614770833610294e+01,-1.693734255065401939e+01,-9.878271900020690666e+00,-1.021635261653843152e+01,-6.744453449605826378e+00,-1.930821779948808370e+01,-1.899844599739922657e+01,-1.484920686242737986e+01
-1.195193231590142879e+01,-9.318311296948461830e+00,-3.517614770833610294e+01,-1.693734255065401939e+01,-9.878271900020690666e+00,-1.021635261653843152e+01,-6.744453449605826378e+00,-1.930821779948808370e+01,-1.899844599739922657e+01,-1.484920686242737986e+01
-1.195193231590142879e+01,-9.318311296948461830e+00,-3.517614770833610294e+01,-1.693734255065401939e+01,-9.878271900020690666e+00,-1.021635261653843152e+01,-6.744453449605826378e+00,-1.930821779948808370e+01,-1.899844599739922657e+01,-1.484920686242737986e+01
-1.195193231590142879e+01,-9.318311296948461830e+00,-3.517614770833610294e+01,-1.693734255065401939e+01,-9.878271900020690666e+00,-1.021635261653843152e+01,-6.744453449605826378e+00,-1.930821779948808370e+01,-1.899844599739922657e+01,-1.484920686242737986e+01
-1.343045378082982211e+01,-9.318311296948461830e+00,-3.517614770833610294e+01,-1.693734255065401939e+01,-9.878271900020690666e+00,-1.021635261653843152e+01,-6.761507464899103148e+00,-1.930821779948808370e+01,-1.899844599739922657e+01,-1.484920686242737986e+01
-1.343045378082982211e+01,-9.318311296948461830e+00,-3.517614770833610294e+01,-1.693734255065401939e+01,-9.878271900020690666e+00,-1.021635261653843152e+01,-6.761507464899103148e+00,-1.930821779948808370e+01,-1.899844599739922657e+01,-1.484920686242737986e+01
-1.371014295369760205e+01,-9.318311296948461830e+00,-3.517614770833610294e+01,-1.693734255065401939e+01,-9.878271900020690666e+00,-1.021635261653843152e+01,-7.088941623758408639e+00,-1.930821779948808370e+01,-1.899844599739922657e+01,-1.484920686242737986e+01
-1.432865044050893211e+01,-9.318311296948461830e+00,-3.517614770833610294e+01,-1.693734255065401939e+01,-9.878271900020690666e+00,-1.021635261653843152e+01,-7.129160798043142400e+00,-1.930821779948808370e+01,-1.899844599739922657e+01,-1.484920686242737986e+01
-1.645266114218649989e+01,-9.318311296948461830e+00,-3.517614770833610294e+01,-1.693734255065401939e+01,-9.878271900020690666e+00,-1.021635261653843152e+01,-8.816068034220720051e+00,-1.930821779948808370e+01,-1.899844599739922657e+01,-1.484920686242737986e+01
-1.645266114218649989e+01,-9.318311296948461830e+00,-3.517614770833610294e+01,-1.693734255065401939e+01,-9.878271900020690666e+00,-1.021635261653843152e+01,-8.816068034220720051e+00,-1.930821779948808370e+01,-1.899844599739922657e+01,-1.484920686242737986e+01
-1.645266114218649989e+01,-9.318311296948461830e+00,-3.517614770833610294e+01,-1.693734255065401939e+01,-9.878271900020690666e+00,-1.021635261653843152e+01,-8.816068034220720051e+00,-1.930821779948808370e+01,-1.899844599739922657e+01,-1.484920686242737986e+01
-1.645266114218649989e+01,-9.318311296948461830e+00,-3.517614770833610294e+01,-1.693734255065401939e+01,-9.878271900020690666e+00,-1.021635261653843152e+01,-8.816068034220720051e+00,-1.930821779948808370e+01,-1.899844599739922657e+01,-1.484920686242737986e+01
-1.645266114218649989e+01,-9.318311296948461830e+00,-3.517614770833610294e+01,-1.693734255065401939e+01,-9.878271900020690666e+00,-1.021635261653843152e+01,-8.816068034220720051e+00,-1.930821779948808370e+01,-1.899844599739922657e+01,-1.484920686242737986e+01
-1.645266114218649989e+01,-9.318311296948461830e+00,-3.517614770833610294e+01,-1.722619811729969541e+01,-9.878271900020690666e+00,-1.021635261653843152e+01,-8.816068034220720051e+00,-1.930821779948808370e+01,-1.899844599739922657e+01,-1.484920686242737986e+01
-1.645266114218649989e+01,-9.318311296948461830e+00,-3.517614770833610294e+01,-1.722619811729969541e+01,-9.878271900020690666e+00,-1.021635261653843152e+01,-8.816068034220720051e+00,-1.930821779948808370e+01,-1.899844599739922657e+01,-1.484920686242737986e+01
-1.645266114218649989e+01,-9.318311296948461830e+00,-3.517614770833610294e+01,-1.722619811729969541e+01,-9.878271900020690666e+00,-1.021635261653843152e+01,-8.816068034220720051e+00,-1.930821779948808370e+01,-1.899844599739922657e+01,-1.484920686242737986e+01
-1.645266114218649989e+01,-9.318311296948461830e+00,-3.517614770833610294e+01,-1.722619811729969541e+01,-9.878271900020690666e+00,-1.021635261653843152e+01,-8.816068034220720051e+00,-1.930821779948808370e+01,-1.899844599739922657e+01,-1.484920686242737986e+01
-1.645266114218649989e+01,-9.318311296948461830e+00,-3.517614770833610294e+01,-1.722619811729969541e+01,-9.878271900020690666e+00,-1.021635261653843152e+01,-8.816068034220720051e+00,-1.930821779948808370e+01,-1.899844599739922657e+01,-1.484920686242737986e+01
-1.645266114218649989e+01,-9.318311296948461830e+00,-3.517614770833610294e+01,-1.722619811729969541e+01,-9.878271900020690666e+00,-1.021635261653843152e+01,-8.816068034220720051e+00,-1.930821779948808370e+01,-1.899844599739922657e+01,-1.484920686242737986e+01
-1.645266114218649989e+01,-9.318311296948461830e+00,-3.517614770833610294e+01,-1.722619811729969541e+01,-9.878271900020690666e+00,-1.021635261653843152e+01,-8.816068034220720051e+00,-1.930821779948808370e+01,-1.899844599739922657e+01,-1.484920686242737986e+01
-1.645266114218649989e+01,-9.318311296948461830e+00,-3.517614770833610294e+01,-1.722619811729969541e+01,-9.878271900020690666e+00,-1.021635261653843152e+01,-8.816068034220720051e+00,-1.930821779948808370e+01,-1.899844599739922657e+01,-1.484920686242737986e+01
-1.645266114218649989e+01,-9.318311296948461830e+00,-3.517614770833610294e+01,-1.722619811729969541e+01,-9.878271900020690666e+00,-1.021635261653843152e+01,-8.816068034220720051e+00,-1.930821779948808370e+01,-1.899844599739922657e+01,-1.484920686242737986e+01
-1.645266114218649989e+01,-9.318311296948461830e+00,-3.517614770833610294e+01,-1.722619811729969541e+01,-9.878271900020690666e+00,-1.021635261653843152e+01,-8.816068034220720051e+00,-1.930821779948808370e+01,-1.899844599739922657e+01,-1.484920686242737986e+01
-1.645266114218649989e+01,-9.318311296948461830e+00,-3.517614770833610294e+01,-1.722619811729969541e+01,-9.878271900020690666e+00,-1.021635261653843152e+01,-8.816068034220720051e+00,-1.930821779948808370e+01,-1.899844599739922657e+01,-1.484920686242737986e+01
-1.645266114218649989e+01,-9.318311296948461830e+00,-3.517614770833610294e+01,-1.722619811729969541e+01,-9.878271900020690666e+00,-1.021635261653843152e+01,-8.816068034220720051e+00,-1.930821779948808370e+01,-1.899844599739922657e+01,-1.484920686242737986e+01
-1.645266114218649989e+01,-9.318311296948461830e+00,-3.517614770833610294e+01,-1.722619811729969541e+01,-9.878271900020690666e+00,-1.021635261653843152e+01,-8.816068034220720051e+00,-1.930821779948808370e+01,-1.947501395040520578e+01,-1.484920686242737986e+01
-1.645266114218649989e+01,-9.318311296948461830e+00,-3.517614770833610294e+01,-1.722619811729969541e+01,-9.878271900020690666e+00,-1.021635261653843152e+01,-9.322636952644872466e+00,-1.930821779948808370e+01,-1.947501395040520578e+01,-1.484920686242737986e+01
-1.645266114218649989e+01,-9.318311296948461830e+00,-3.517614770833610294e+01,-1.722619811729969541e+01,-9.878271900020690666e+00,-1.021635261653843152e+01,-9.322636952644872466e+00,-1.930821779948808370e+01,-1.947501395040520578e+01,-1.484920686242737986e+01
-1.645266114218649989e+01,-9.318311296948461830e+00,-3.517614770833610294e+01,-1.722619811729969541e+01,-9.878271900020690666e+00,-1.021635261653843152e+01,-9.322636952644872466e+00,-1.930821779948808370e+01,-1.947501395040520578e+01,-1.484920686242737986e+01
-1.645266114218649989e+01,-9.318311296948461830e+00,-3.517614770833610294e+01,-1.722619811729969541e+01,-9.878271900020690666e+00,-1.021635261653843152e+01,-9.322636952644872466e+00,-1.930821779948808370e+01,-1.947501395040520578e+01,-1.484920686242737986e+01
-1.719118175653562020e+01,-9.318311296948461830e+00,-3.517614770833610294e+01,-1.722619811729969541e+01,-9.878271900020690666e+00,-1.021635261653843152e+01,-9.322636952644872466e+00,-1.930821779948808370e+01,-1.947501395040520578e+01,-1.484920686242737986e+01
-1.735560790421806487e+01,-9.318311296948461830e+00,-3.517614770833610294e+01,-1.839596773639232552e+01,-9.878271900020690666e+00,-1.021635261653843152e+01,-9.322636952644872466e+00,-1.930821779948808370e+01,-1.947501395040520578e+01,-1.484920686242737986e+01
-1.735560790421806487e+01,-9.318311296948461830e+00,-3.517614770833610294e+01,-1.839596773639232552e+01,-9.878271900020690666e+00,-1.021635261653843152e+01,-9.322636952644872466e+00,-1.930821779948808370e+01,-1.947501395040520578e+01,-1.484920686242737986e+01
-1.735560790421806487e+01,-9.318311296948461830e+00,-3.517614770833610294e+01,-1.839596773639232552e+01,-9.878271900020690666e+00,-1.021635261653843152e+01,-9.322636952644872466e+00,-1.930821779948808370e+01,-1.947501395040520578e+01,-1.484920686242737986e+01
-1.735560790421806487e+01,-9.318311296948461830e+00,-3.517614770833610294e+01,-1.839596773639232552e+01,-9.878271900020690666e+00,-1.021635261653843152e+01,-9.322636952644872466e+00,-1.930821779948808370e+01,-1.947501395040520578e+01,-1.484920686242737986e+01
-1.735560790421806487e+01,-9.318311296948461830e+00,-3.517614770833610294e+01,-1.839596773639232552e+01,-9.878271900020690666e+00,-1.021635261653843152e+01,-9.322636952644872466e+00,-1.930821779948808370e+01,-1.947501395040520578e+01,-1.484920686242737986e+01
-1.735560790421806487e+01,-9.318311296948461830e+00,-3.517614770833610294e+01,-1.869127379566164038e+01,-9.878271900020690666e+00,-1.021635261653843152e+01,-9.322636952644872466e+00,-1.930821779948808370e+01,-1.947501395040520578e+01,-1.484920686242737986e+01
-1.735560790421806487e+01,-9.318311296948461830e+00,-3.517614770833610294e+01,-1.869127379566164038e+01,-9.878271900020690666e+00,-1.021635261653843152e+01,-9.322636952644872466e+00,-1.930821779948808370e+01,-1.947501395040520578e+01,-1.484920686242737986e+01
-1.735560790421806487e+01,-9.318311296948461830e+00,-3.517614770833610294e+01,-1.869127379566164038e+01,-9.878271900020690666e+00,-1.021635261653843152e+01,-9.322636952644872466e+00,-1.930821779948808370e+01,-1.947501395040520578e+01,-1.484920686242737986e+01
-1.827176735626973780e+01,-9.318311296948461830e+00,-3.517614770833610294e+01,-1.869127379566164038e+01,-9.878271900020690666e+00,-1.021635261653843152e+01,-9.322636952644872466e+00,-1.930821779948808370e+01,-2.254523148150808964e+01,-1.484920686242737986e+01
-1.827176735626973780e+01,-9.318311296948461830e+00,-3.517614770833610294e+01,-1.869127379566164038e+01,-9.878271900020690666e+00,-1.021635261653843152e+01,-1.003955668329479600e+01,-1.930821779948808370e+01,-2.254523148150808964e+01,-1.484920686242737986e+01
-1.827176735626973780e+01,-9.318311296948461830e+00,-3.517614770833610294e+01,-1.992207943871455811e+01,-9.878271900020690666e+00,-1.021635261653843152e+01,-1.003955668329479600e+01,-1.930821779948808370e+01,-2.254523148150808964e+01,-1.484920686242737986e+01
-1.827176735626973780e+01,-9.318311296948461830e+00,-3.517614770833610294e+01,-1.992207943871455811e+01,-9.878271900020690666e+00,-1.021635261653843152e+01,-1.003955668329479600e+01,-1.930821779948808370e+01,-2.254523148150808964e+01,-1.484920686242737986e+01
-1.827176735626973780e+01,-9.318311296948461830e+00,-3.517614770833610294e+01,-1.992207943871455811e+01,-9.878271900020690666e+00,-1.021635261653843152e+01,-1.003955668329479600e+01,-1.930821779948808370e+01,-2.254523148150808964e+01,-1.484920686242737986e+01
-1.827176735626973780e+01,-9.318311296948461830e+00,-3.517614770833610294e+01,-1.992207943871455811e+01,-9.878271900020690666e+00,-1.021635261653843152e+01,-1.003955668329479600e+01,-1.930821779948808370e+01,-2.254523148150808964e+01,-1.484920686242737986e+01
-2.037639326922286998e+01,-9.318311296948461830e+00,-3.517614770833610294e+01,-1.992207943871455811e+01,-9.878271900020690666e+00,-1.021635261653843152e+01,-1.003955668329479600e+01,-1.930821779948808370e+01,-2.254523148150808964e+01,-1.484920686242737986e+01
-2.037639326922286998e+01,-9.318311296948461830e+00,-3.517614770833610294e+01,-1.992207943871455811e+01,-9.878271900020690666e+00,-1.021635261653843152e+01,-1.003955668329479600e+01,-1.930821779948808370e+01,-2.254523148150808964e+01,-1.484920686242737986e+01
-2.037639326922286998e+01,-9.318311296948461830e+00,-3.517614770833610294e+01,-1.992207943871455811e+01,-9.878271900020690666e+00,-1.021635261653843152e+01,-1.003955668329479600e+01,-1.930821779948808370e+01,-2.254523148150808964e+01,-1.484920686242737986e+01
-2.037639326922286998e+01,-9.318311296948461830e+00,-3.517614770833610294e+01,-1.992207943871455811e+01,-9.878271900020690666e+00,-1.021635261653843152e+01,-1.003955668329479600e+01,-1.930821779948808370e+01,-2.254523148150808964e+01,-1.484920686242737986e+01
-2.037639326922286998e+01,-9.318311296948461830e+00,-3.517614770833610294e+01,-1.992207943871455811e+01,-9.878271900020690666e+00,-1.021635261653843152e+01,-1.415073468467760165e+01,-1.930821779948808370e+01,-2.254523148150808964e+01,-1.484920686242737986e+01
-2.037639326922286998e+01,-9.318311296948461830e+00,-3.517614770833610294e+01,-1.992207943871455811e+01,-9.878271900020690666e+00,-1.021635261653843152e+01,-1.415073468467760165e+01,-1.930821779948808370e+01,-2.254523148150808964e+01,-1.484920686242737986e+01
-2.037639326922286998e+01,-1.244540663940581560e+01,-3.517614770833610294e+01,-1.992207943871455811e+01,-9.878271900020690666e+00,-1.021635261653843152e+01,-1.415073468467760165e+01,-1.930821779948808370e+01,-2.254523148150808964e+01,-1.484920686242737986e+01
-2.037639326922286998e+01,-1.244540663940581560e+01,-3.517614770833610294e+01,-1.992207943871455811e+01,-9.878271900020690666e+00,-1.021635261653843152e+01,-1.415073468467760165e+01,-1.930821779948808370e+01,-2.254523148150808964e+01,-1.484920686242737986e+01
-2.037639326922286998e+01,-1.244540663940581560e+01,-3.517614770833610294e+01,-2.081860098224709077e+01,-9.878271900020690666e+00,-1.021635261653843152e+01,-1.415073468467760165e+01,-1.930821779948808370e+01,-2.254523148150808964e+01,-1.484920686242737986e+01
-2.037639326922286998e+01,-1.244540663940581560e+01,-3.517614770833610294e+01,-2.081860098224709077e+01,-9.878271900020690666e+00,-1.021635261653843152e+01,-1.415073468467760165e+01,-1.930821779948808370e+01,-2.254523148150808964e+01,-1.484920686242737986e+01
-2.037639326922286998e+01,-1.244540663940581560e+01,-3.517614770833610294e+01,-2.081860098224709077e+01,-9.878271900020690666e+00,-1.021635261653843152e+01,-1.415073468467760165e+01,-1.930821779948808370e+01,-2.254523148150808964e+01,-1.484920686242737986e+01
-2.037639326922286998e+01,-1.244540663940581560e+01,-3.517614770833610294e+01,-2.081860098224709077e+01,-9.878271900020690666e+00,-1.021635261653843152e+01,-1.415073468467760165e+01,-1.930821779948808370e+01,-2.254523148150808964e+01,-1.484920686242737986e+01
-2.037639326922286998e+01,-1.244540663940581560e+01,-3.517614770833610294e+01,-2.081860098224709077e+01,-9.878271900020690666e+00,-1.021635261653843152e+01,-1.415073468467760165e+01,-1.930821779948808370e+01,-2.254523148150808964e+01,-1.484920686242737986e+01
-2.037639326922286998e+01,-1.244540663940581560e+01,-3.517614770833610294e+01,-2.081860098224709077e+01,-9.878271900020690666e+00,-1.021635261653843152e+01,-1.415073468467760165e+01,-1.930821779948808370e+01,-2.254523148150808964e+01,-1.484920686242737986e+01
-2.037639326922286998e+01,-1.244540663940581560e+01,-3.517614770833610294e+01,-2.081860098224709077e+01,-9.878271900020690666e+00,-1.021635261653843152e+01,-1.415073468467760165e+01,-1.930821779948808370e+01,-2.254523148150808964e+01,-1.484920686242737986e+01
-2.065558935889830039e+01,-1.244540663940581560e+01,-3.517614770833610294e+01,-2.081860098224709077e+01,-9.878271900020690666e+00,-1.021635261653843152e+01,-1.415073468467760165e+01,-1.930821779948808370e+01,-2.254523148150808964e+01,-1.484920686242737986e+01
-2.065558935889830039e+01,-1.244540663940581560e+01,-3.517614770833610294e+01,-2.081860098224709077e+01,-9.878271900020690666e+00,-1.021635261653843152e+01,-1.415073468467760165e+01,-1.930821779948808370e+01,-2.254523148150808964e+01,-1.484920686242737986e+01
-2.065558935889830039e+01,-1.244540663940581560e+01,-3.517614770833610294e+01,-2.081860098224709077e+01,-9.878271900020690666e+00,-1.021635261653843152e+01,-1.415073468467760165e+01,-1.930821779948808370e+01,-2.254523148150808964e+01,-1.484920686242737986e+01
-2.065558935889830039e+01,-1.244540663940581560e+01,-3.517614770833610294e+01,-2.081860098224709077e+01,-9.878271900020690666e+00,-1.021635261653843152e+01,-1.415073468467760165e+01,-1.930821779948808370e+01,-2.254523148150808964e+01,-1.484920686242737986e+01
-2.065558935889830039e+01,-1.244540663940581560e+01,-3.517614770833610294e+01,-2.081860098224709077e+01,-9.878271900020690666e+00,-1.021635261653843152e+01,-1.415073468467760165e+01,-1.930821779948808370e+01,-2.254523148150808964e+01,-1.484920686242737986e+01
-2.065558935889830039e+01,-1.244540663940581560e+01,-3.517614770833610294e+01,-2.081860098224709077e+01,-9.878271900020690666e+00,-1.021635261653843152e+01,-1.415073468467760165e+01,-1.930821779948808370e+01,-2.254523148150808964e+01,-1.484920686242737986e+01
-2.065558935889830039e+01,-1.244540663940581560e+01,-3.517614770833610294e+01,-2.081860098224709077e+01,-9.878271900020690666e+00,-1.021635261653843152e+01,-1.415073468467760165e+01,-1.930821779948808370e+01,-2.254523148150808964e+01,-1.484920686242737986e+01
-2.065558935889830039e+01,-1.244540663940581560e+01,-3.517614770833610294e+01,-2.081860098224709077e+01,-9.878271900020690666e+00,-1.021635261653843152e+01,-1.415073468467760165e+01,-1.930821779948808370e+01,-2.254523148150808964e+01,-1.484920686242737986e+01
-2.065558935889830039e+01,-1.244540663940581560e+01,-3.517614770833610294e+01,-2.095935360340364539e+01,-9.878271900020690666e+00,-1.021635261653843152e+01,-1.415073468467760165e+01,-1.930821779948808370e+01,-2.254523148150808964e+01,-1.484920686242737986e+01
-2.065558935889830039e+01,-1.244540663940581560e+01,-3.517614770833610294e+01,-2.095935360340364539e+01,-9.878271900020690666e+00,-1.021635261653843152e+01,-1.415073468467760165e+01,-1.930821779948808370e+01,-2.254523148150808964e+01,-1.484920686242737986e+01
-2.065558935889830039e+01,-1.244540663940581560e+01,-3.517614770833610294e+01,-2.095935360340364539e+01,-9.878271900020690666e+00,-1.021635261653843152e+01,-1.457910158489199404e+01,-1.930821779948808370e+01,-2.254523148150808964e+01,-1.484920686242737986e+01
-2.065558935889830039e+01,-1.244540663940581560e+01,-3.517614770833610294e+01,-2.095935360340364539e+01,-9.878271900020690666e+00,-1.021635261653843152e+01,-1.457910158489199404e+01,-1.930821779948808370e+01,-2.254523148150808964e+01,-1.484920686242737986e+01
-2.065558935889830039e+01,-1.244540663940581560e+01,-3.517614770833610294e+01,-2.095935360340364539e+01,-9.878271900020690666e+00,-1.021635261653843152e+01,-1.457910158489199404e+01,-1.930821779948808370e+01,-2.254523148150808964e+01,-1.484920686242737986e+01
-2.065558935889830039e+01,-1.244540663940581560e+01,-3.517614770833610294e+01,-2.095935360340364539e+01,-9.878271900020690666e+00,-1.021635261653843152e+01,-1.457910158489199404e+01,-1.930821779948808370e+01,-2.254523148150808964e+01,-1.484920686242737986e+01
-2.065558935889830039e+01,-1.244540663940581560e+01,-3.517614770833610294e+01,-2.095935360340364539e+01,-9.878271900020690666e+00,-1.021635261653843152e+01,-1.457910158489199404e+01,-1.930821779948808370e+01,-2.254523148150808964e+01,-1.484920686242737986e+01
-2.065558935889830039e+01,-1.244540663940581560e+01,-3.517614770833610294e+01,-2.095935360340364539e+01,-9.878271900020690666e+00,-1.021635261653843152e+01,-1.457910158489199404e+01,-1.930821779948808370e+01,-2.254523148150808964e+01,-1.484920686242737986e+01
-2.065558935889830039e+01,-1.244540663940581560e+01,-3.517614770833610294e+01,-2.095935360340364539e+01,-9.878271900020690666e+00,-1.021635261653843152e+01,-1.457910158489199404e+01,-1.930821779948808370e+01,-2.254523148150808964e+01,-1.484920686242737986e+01
