-1.585115082275217191e-01,1.559690907928321657e-01,4.691049944680154571e-01,-1.322318294610274059e-01,-1.515636661268127960e-01
-1.585115082275217191e-01,1.559690907928321657e-01,4.691049944680154571e-01,-1.322842959802689733e-01,-2.034870586441117901e-01
-1.585115082275217191e-01,1.559690907928321657e-01,4.458080390775819302e-01,-1.322842959802689733e-01,-2.170116523212845538e-01
-2.427691470713422839e-01,1.559690907928321657e-01,4.458080390775819302e-01,-1.322842959802689733e-01,-2.170116523212845538e-01
-2.427691470713422839e-01,1.556435877529768197e-01,5.269750637298293433e-02,-1.322842959802689733e-01,-2.170116523212845538e-01
-2.427691470713422839e-01,1.556435877529768197e-01,-1.485784718071019028e-02,-1.409461219665225640e-01,-2.170116523212845538e-01
-2.427691470713422839e-01,1.238489211403026174e-01,-1.485784718071019028e-02,-1.419776334653360672e-01,-2.170116523212845538e-01
-1.229628736622298879e+00,1.238489211403026174e-01,-1.485784718071019028e-02,-1.419776334653360672e-01,-2.170116523212845538e-01
-1.859350943109903564e+00,6.766999393083798775e-02,-1.485784718071019028e-02,-1.419776334653360672e-01,-2.170116523212845538e-01
-1.859350943109903564e+00,5.517569819457629476e-02,-1.485784718071019028e-02,-1.419776334653360672e-01,-2.170116523212845538e-01
-1.859350943109903564e+00,5.517569819457629476e-02,-1.485784718071019028e-02,-1.419776334653360672e-01,-2.170116523212845538e-01
-1.859350943109903564e+00,5.135315927591592444e-02,-1.485784718071019028e-02,-1.419776334653360672e-01,-2.170116523212845538e-01
-2.045498666142365973e+00,5.135315927591592444e-02,-1.485784718071019028e-02,-1.419776334653360672e-01,-2.170116523212845538e-01
-2.045498666142365973e+00,5.135315927591592444e-02,-6.360162326547136313e-02,-1.419776334653360672e-01,-2.350648670308447541e-01
-2.110252710069245641e+00,4.406304317175738922e-02,-6.360162326547136313e-02,-1.419776334653360672e-01,-2.350648670308447541e-01
-2.110252710069245641e+00,4.406304317175738922e-02,-6.360162326547136313e-02,-1.419776334653360672e-01,-2.350648670308447541e-01
-2.733759516479244311e+00,2.650920147707490349e-02,-3.076861377876240478e-01,-1.419776334653360672e-01,-2.350648670308447541e-01
-2.733759516479244311e+00,2.650920147707490349e-02,-3.076861377876240478e-01,-1.419776334653360672e-01,-2.350648670308447541e-01
-2.733759516479244311e+00,2.650920147707490349e-02,-3.076861377876240478e-01,-1.419776334653360672e-01,-2.350648670308447541e-01
-2.733759516479244311e+00,2.004254268170421044e-02,-3.076861377876240478e-01,-1.419776334653360672e-01,-2.350648670308447541e-01
-2.733759516479244311e+00,2.004254268170421044e-02,-8.403204719806570688e-01,-1.419776334653360672e-01,-2.350648670308447541e-01
-2.733759516479244311e+00,2.004254268170421044e-02,-8.403204719806570688e-01,-1.419776334653360672e-01,-2.999417020524051680e-01
-2.733759516479244311e+00,2.004254268170421044e-02,-8.403204719806570688e-01,-1.419776334653360672e-01,-2.999417020524051680e-01
-2.733759516479244311e+00,2.004254268170421044e-02,-8.403204719806570688e-01,-1.419776334653360672e-01,-2.999417020524051680e-01
-2.824587475791070723e+00,2.004254268170421044e-02,-8.403204719806570688e-01,-1.911153827528243310e-01,-2.999417020524051680e-01
-2.824587475791070723e+00,2.004254268170421044e-02,-8.403204719806570688e-01,-1.975457238328431897e-01,-2.999417020524051680e-01
-3.457037706830670132e+00,2.004254268170421044e-02,-8.403204719806570688e-01,-2.107370643529423715e-01,-2.999417020524051680e-01
-3.457037706830670132e+00,2.004254268170421044e-02,-8.403204719806570688e-01,-2.107370643529423715e-01,-3.326201669231950708e-01
-3.457037706830670132e+00,2.004254268170421044e-02,-8.403204719806570688e-01,-2.107370643529423715e-01,-3.372832956857241271e-01
-3.598222664815749372e+00,-1.185924639414709207e-02,-8.403204719806570688e-01,-2.107370643529423715e-01,-3.372832956857241271e-01
-3.693151539302981679e+00,-1.185924639414709207e-02,-8.403204719806570688e-01,-2.330112099741736276e-01,-3.372832956857241271e-01
-3.693151539302981679e+00,-1.185924639414709207e-02,-8.403204719806570688e-01,-2.330112099741736276e-01,-3.372832956857241271e-01
-3.693151539302981679e+00,-1.603147606626469795e-02,-9.200013537472262470e-01,-2.330112099741736276e-01,-3.372832956857241271e-01
-3.693151539302981679e+00,-1.320394438434122630e-01,-9.200013537472262470e-01,-2.330112099741736276e-01,-3.372832956857241271e-01
-3.693151539302981679e+00,-1.320394438434122630e-01,-9.276915577909149446e-01,-2.330112099741736276e-01,-3.372832956857241271e-01
-3.693151539302981679e+00,-1.320394438434122630e-01,-9.276915577909149446e-01,-2.330112099741736276e-01,-3.372832956857241271e-01
-3.693151539302981679e+00,-1.320394438434122630e-01,-9.276915577909149446e-01,-2.446221216915822616e-01,-3.372832956857241271e-01
-3.694204388143209616e+00,-7.712790845005123019e-01,-9.276915577909149446e-01,-2.446221216915822616e-01,-3.372832956857241271e-01
-3.694204388143209616e+00,-8.135292094009752839e-01,-9.276915577909149446e-01,-2.446221216915822616e-01,-3.372832956857241271e-01
-3.694204388143209616e+00,-8.135292094009752839e-01,-9.276915577909149446e-01,-2.544342830719299453e-01,-3.372832956857241271e-01
