2.466984852944444917e+00,-3.678952627962283284e+00,8.103430561811402200e+00,5.087345285096618319e+00,-1.252691235296258032e+00
1.320922820417215426e+00,-3.678952627962283284e+00,8.103430561811402200e+00,5.087345285096618319e+00,-1.258557972894176258e+00
1.025659552898536608e+00,-3.678952627962283284e+00,6.067859238553459988e+00,5.087345285096618319e+00,-1.258557972894176258e+00
6.196090418224224905e-01,-3.678952627962283284e+00,3.418836727831555233e+00,5.087345285096618319e+00,-1.258557972894176258e+00
-3.930369980022351495e+00,-3.678952627962283284e+00,-7.961777124283941909e-02,3.854634250603033330e+00,-5.731293134364318753e+00
-3.930369980022351495e+00,-3.678952627962283284e+00,-7.961777124283941909e-02,-6.311562482155301801e-01,-5.731293134364318753e+00
-3.930369980022351495e+00,-3.678952627962283284e+00,-6.495330090041752769e+00,-6.311562482155301801e-01,-9.713506629826218486e+00
-3.930369980022351495e+00,-3.678952627962283284e+00,-6.495330090041752769e+00,-7.675797855279942183e-01,-9.713506629826218486e+00
-3.930369980022351495e+00,-3.678952627962283284e+00,-6.495330090041752769e+00,-7.675797855279942183e-01,-9.713506629826218486e+00
-3.930369980022351495e+00,-3.678952627962283284e+00,-6.495330090041752769e+00,-7.675797855279942183e-01,-9.713506629826218486e+00
-3.930369980022351495e+00,-3.678952627962283284e+00,-6.495330090041752769e+00,-7.675797855279942183e-01,-1.036241900176303155e+01
-3.930369980022351495e+00,-4.609435730678196563e+00,-6.495330090041752769e+00,-7.675797855279942183e-01,-1.036241900176303155e+01
-3.930369980022351495e+00,-4.609435730678196563e+00,-6.495330090041752769e+00,-2.065540920673809566e+00,-1.036241900176303155e+01
-3.930369980022351495e+00,-4.609435730678196563e+00,-6.495330090041752769e+00,-2.065540920673809566e+00,-1.036241900176303155e+01
-3.930369980022351495e+00,-4.609435730678196563e+00,-7.464835899689074239e+00,-5.069403228325334076e+00,-1.036241900176303155e+01
-3.930369980022351495e+00,-4.609435730678196563e+00,-7.464835899689074239e+00,-5.069403228325334076e+00,-1.036241900176303155e+01
-3.930369980022351495e+00,-4.609435730678196563e+00,-7.464835899689074239e+00,-5.069403228325334076e+00,-1.256830833048158169e+01
-3.930369980022351495e+00,-4.609435730678196563e+00,-9.464741798585574628e+00,-5.069403228325334076e+00,-1.256830833048158169e+01
-3.930369980022351495e+00,-4.609435730678196563e+00,-9.464741798585574628e+00,-5.069403228325334076e+00,-1.295333407575318319e+01
-3.930369980022351495e+00,-4.609435730678196563e+00,-9.464741798585574628e+00,-5.069403228325334076e+00,-1.295333407575318319e+01
-3.930369980022351495e+00,-4.609435730678196563e+00,-9.464741798585574628e+00,-5.069403228325334076e+00,-1.325346341164465969e+01
-3.930369980022351495e+00,-4.609435730678196563e+00,-9.464741798585574628e+00,-5.069403228325334076e+00,-1.325346341164465969e+01
-3.930369980022351495e+00,-4.609435730678196563e+00,-1.345790008061668175e+01,-5.069403228325334076e+00,-1.325346341164465969e+01
-3.930369980022351495e+00,-4.609435730678196563e+00,-1.345790008061668175e+01,-5.069403228325334076e+00,-1.325346341164465969e+01
-3.930369980022351495e+00,-4.609435730678196563e+00,-1.345790008061668175e+01,-5.069403228325334076e+00,-1.325346341164465969e+01
-3.930369980022351495e+00,-4.609435730678196563e+00,-1.345790008061668175e+01,-5.069403228325334076e+00,-1.325346341164465969e+01
-3.930369980022351495e+00,-4.609435730678196563e+00,-1.345790008061668175e+01,-5.069403228325334076e+00,-1.325346341164465969e+01
-3.930369980022351495e+00,-4.609435730678196563e+00,-1.345790008061668175e+01,-5.069403228325334076e+00,-1.325346341164465969e+01
-3.930369980022351495e+00,-4.609435730678196563e+00,-1.345790008061668175e+01,-5.069403228325334076e+00,-1.325346341164465969e+01
-3.930369980022351495e+00,-4.609435730678196563e+00,-1.345790008061668175e+01,-5.069403228325334076e+00,-1.325346341164465969e+01
-3.930369980022351495e+00,-4.609435730678196563e+00,-1.345790008061668175e+01,-5.069403228325334076e+00,-1.325346341164465969e+01
-3.930369980022351495e+00,-4.609435730678196563e+00,-1.345790008061668175e+01,-5.069403228325334076e+00,-1.325346341164465969e+01
-3.930369980022351495e+00,-4.609435730678196563e+00,-1.345790008061668175e+01,-5.069403228325334076e+00,-1.325346341164465969e+01
-3.930369980022351495e+00,-4.609435730678196563e+00,-1.345790008061668175e+01,-5.069403228325334076e+00,-1.325346341164465969e+01
-3.930369980022351495e+00,-4.609435730678196563e+00,-1.345790008061668175e+01,-5.069403228325334076e+00,-1.325346341164465969e+01
-3.930369980022351495e+00,-4.698016689211666375e+00,-1.345790008061668175e+01,-5.069403228325334076e+00,-1.325346341164465969e+01
-3.930369980022351495e+00,-5.679368823537367383e+00,-1.345790008061668175e+01,-5.069403228325334076e+00,-1.325346341164465969e+01
-3.930369980022351495e+00,-6.479060941899626336e+00,-1.345790008061668175e+01,-5.069403228325334076e+00,-1.325346341164465969e+01
-3.930369980022351495e+00,-6.479060941899626336e+00,-1.345790008061668175e+01,-5.069403228325334076e+00,-1.325346341164465969e+01
-3.930369980022351495e+00,-6.479060941899626336e+00,-1.400098598044944787e+01,-5.069403228325334076e+00,-1.325346341164465969e+01
-3.930369980022351495e+00,-6.479060941899626336e+00,-1.400098598044944787e+01,-5.069403228325334076e+00,-1.325346341164465969e+01
-3.930369980022351495e+00,-6.479060941899626336e+00,-1.400098598044944787e+01,-5.069403228325334076e+00,-1.325346341164465969e+01
-3.930369980022351495e+00,-6.479060941899626336e+00,-1.400098598044944787e+01,-5.069403228325334076e+00,-1.325346341164465969e+01
-3.930369980022351495e+00,-6.479060941899626336e+00,-1.400098598044944787e+01,-5.069403228325334076e+00,-1.325346341164465969e+01
-3.930369980022351495e+00,-6.479060941899626336e+00,-1.400098598044944787e+01,-5.069403228325334076e+00,-1.325346341164465969e+01
-3.930369980022351495e+00,-6.479060941899626336e+00,-1.400098598044944787e+01,-5.069403228325334076e+00,-1.325346341164465969e+01
-3.930369980022351495e+00,-6.479060941899626336e+00,-1.400098598044944787e+01,-5.069403228325334076e+00,-1.325346341164465969e+01
-3.930369980022351495e+00,-6.479060941899626336e+00,-1.400098598044944787e+01,-5.069403228325334076e+00,-1.325346341164465969e+01
-3.930369980022351495e+00,-6.479060941899626336e+00,-1.400098598044944787e+01,-5.069403228325334076e+00,-1.325346341164465969e+01
-3.930369980022351495e+00,-6.479060941899626336e+00,-1.400098598044944787e+01,-5.069403228325334076e+00,-1.325346341164465969e+01
-3.930369980022351495e+00,-7.139683121559271761e+00,-1.400098598044944787e+01,-9.254210522681921347e+00,-1.325346341164465969e+01
-3.930369980022351495e+00,-7.139683121559271761e+00,-1.400098598044944787e+01,-9.254210522681921347e+00,-1.383890140396276003e+01
-3.930369980022351495e+00,-7.139683121559271761e+00,-1.400098598044944787e+01,-9.254210522681921347e+00,-1.383890140396276003e+01
-3.930369980022351495e+00,-7.139683121559271761e+00,-1.400098598044944787e+01,-9.254210522681921347e+00,-1.383890140396276003e+01
-3.930369980022351495e+00,-7.139683121559271761e+00,-1.400098598044944787e+01,-9.254210522681921347e+00,-1.383890140396276003e+01
-3.930369980022351495e+00,-7.139683121559271761e+00,-1.400098598044944787e+01,-9.296731804866711357e+00,-1.383890140396276003e+01
-3.930369980022351495e+00,-7.139683121559271761e+00,-1.400098598044944787e+01,-9.296731804866711357e+00,-1.383890140396276003e+01
-3.930369980022351495e+00,-7.139683121559271761e+00,-1.400098598044944787e+01,-9.296731804866711357e+00,-1.383890140396276003e+01
-3.930369980022351495e+00,-7.139683121559271761e+00,-1.400098598044944787e+01,-9.296731804866711357e+00,-1.383890140396276003e+01
-3.930369980022351495e+00,-7.139683121559271761e+00,-1.400098598044944787e+01,-1.134993899248043370e+01,-1.383890140396276003e+01
-3.930369980022351495e+00,-7.139683121559271761e+00,-1.400098598044944787e+01,-1.134993899248043370e+01,-1.383890140396276003e+01
-3.930369980022351495e+00,-7.139683121559271761e+00,-1.400098598044944787e+01,-1.134993899248043370e+01,-1.383890140396276003e+01
-3.930369980022351495e+00,-7.139683121559271761e+00,-1.400098598044944787e+01,-1.134993899248043370e+01,-1.383890140396276003e+01
-3.930369980022351495e+00,-7.139683121559271761e+00,-1.400098598044944787e+01,-1.134993899248043370e+01,-1.383890140396276003e+01
-3.930369980022351495e+00,-7.139683121559271761e+00,-1.400098598044944787e+01,-1.134993899248043370e+01,-1.383890140396276003e+01
-3.930369980022351495e+00,-7.139683121559271761e+00,-1.400098598044944787e+01,-1.134993899248043370e+01,-1.383890140396276003e+01
-3.930369980022351495e+00,-7.139683121559271761e+00,-1.400098598044944787e+01,-1.134993899248043370e+01,-1.383890140396276003e+01
-3.930369980022351495e+00,-7.139683121559271761e+00,-1.400098598044944787e+01,-1.134993899248043370e+01,-1.383890140396276003e+01
-3.930369980022351495e+00,-7.139683121559271761e+00,-1.400098598044944787e+01,-1.134993899248043370e+01,-1.383890140396276003e+01
-3.930369980022351495e+00,-7.139683121559271761e+00,-1.400098598044944787e+01,-1.134993899248043370e+01,-1.383890140396276003e+01
-3.930369980022351495e+00,-7.209045635364077498e+00,-1.400098598044944787e+01,-1.246633684947880027e+01,-1.383890140396276003e+01
-3.930369980022351495e+00,-7.209045635364077498e+00,-1.400098598044944787e+01,-1.246633684947880027e+01,-1.383890140396276003e+01
-3.930369980022351495e+00,-7.209045635364077498e+00,-1.400098598044944787e+01,-1.246633684947880027e+01,-1.383890140396276003e+01
-3.930369980022351495e+00,-7.209045635364077498e+00,-1.400098598044944787e+01,-1.246633684947880027e+01,-1.383890140396276003e+01
-3.930369980022351495e+00,-7.209045635364077498e+00,-1.400098598044944787e+01,-1.246633684947880027e+01,-1.383890140396276003e+01
-3.930369980022351495e+00,-7.209045635364077498e+00,-1.400098598044944787e+01,-1.485725785710615554e+01,-1.383890140396276003e+01
-3.930369980022351495e+00,-7.209045635364077498e+00,-1.400098598044944787e+01,-1.610560373253526123e+01,-1.383890140396276003e+01
-3.930369980022351495e+00,-7.209045635364077498e+00,-1.400098598044944787e+01,-1.610560373253526123e+01,-1.383890140396276003e+01
-3.930369980022351495e+00,-7.209045635364077498e+00,-1.400098598044944787e+01,-1.610560373253526123e+01,-1.383890140396276003e+01
-3.930369980022351495e+00,-7.209045635364077498e+00,-1.400098598044944787e+01,-1.610560373253526123e+01,-1.383890140396276003e+01
-3.930369980022351495e+00,-7.209045635364077498e+00,-1.400098598044944787e+01,-1.610560373253526123e+01,-1.383890140396276003e+01
-3.930369980022351495e+00,-7.209045635364077498e+00,-1.400098598044944787e+01,-1.610560373253526123e+01,-1.383890140396276003e+01
-3.930369980022351495e+00,-7.209045635364077498e+00,-1.400098598044944787e+01,-1.610560373253526123e+01,-1.383890140396276003e+01
-3.930369980022351495e+00,-7.209045635364077498e+00,-1.400098598044944787e+01,-1.610560373253526123e+01,-1.383890140396276003e+01
-3.930369980022351495e+00,-7.209045635364077498e+00,-1.400098598044944787e+01,-1.610560373253526123e+01,-1.383890140396276003e+01
-3.930369980022351495e+00,-7.209045635364077498e+00,-1.400098598044944787e+01,-1.610560373253526123e+01,-1.383890140396276003e+01
-3.930369980022351495e+00,-7.209045635364077498e+00,-1.400098598044944787e+01,-1.610560373253526123e+01,-1.383890140396276003e+01
-3.930369980022351495e+00,-7.209045635364077498e+00,-1.400098598044944787e+01,-1.610560373253526123e+01,-1.383890140396276003e+01
-3.930369980022351495e+00,-7.209045635364077498e+00,-1.400098598044944787e+01,-1.610560373253526123e+01,-1.383890140396276003e+01
-3.930369980022351495e+00,-7.209045635364077498e+00,-1.400098598044944787e+01,-1.610560373253526123e+01,-1.383890140396276003e+01
-3.930369980022351495e+00,-7.209045635364077498e+00,-1.500364981621809157e+01,-1.610560373253526123e+01,-1.383890140396276003e+01
-3.930369980022351495e+00,-7.209045635364077498e+00,-1.500364981621809157e+01,-1.610560373253526123e+01,-1.383890140396276003e+01
-3.930369980022351495e+00,-7.209045635364077498e+00,-1.500364981621809157e+01,-1.610560373253526123e+01,-1.383890140396276003e+01
-3.930369980022351495e+00,-7.209045635364077498e+00,-1.500364981621809157e+01,-1.610560373253526123e+01,-1.383890140396276003e+01
-3.930369980022351495e+00,-7.209045635364077498e+00,-1.682780942773195676e+01,-1.610560373253526123e+01,-1.383890140396276003e+01
-3.930369980022351495e+00,-7.209045635364077498e+00,-1.682780942773195676e+01,-1.610560373253526123e+01,-1.383890140396276003e+01
-3.930369980022351495e+00,-7.209045635364077498e+00,-1.682780942773195676e+01,-1.610560373253526123e+01,-1.383890140396276003e+01
-3.930369980022351495e+00,-7.209045635364077498e+00,-1.682780942773195676e+01,-1.610560373253526123e+01,-1.383890140396276003e+01
-3.930369980022351495e+00,-7.209045635364077498e+00,-1.682780942773195676e+01,-1.610560373253526123e+01,-1.383890140396276003e+01
-3.930369980022351495e+00,-7.209045635364077498e+00,-1.682780942773195676e+01,-1.610560373253526123e+01,-1.383890140396276003e+01
-3.930369980022351495e+00,-7.209045635364077498e+00,-1.682780942773195676e+01,-1.610560373253526123e+01,-1.383890140396276003e+01
