2.528312087423449039e+00,3.680432110541251856e-01,-5.962762974188748011e+00,-1.154700890381962530e+01,1.105127752555403742e+00,4.831589095610492990e+00,1.808935834235573692e+00,9.901333000982740273e+00,-6.148400265690856514e+00,2.196141572766264538e+00
-5.042996069847693441e+00,1.115078836274793206e-01,-5.962762974188748011e+00,-1.154700890381962530e+01,-1.128704557528181995e+00,2.638138868446234575e+00,6.066222196622708118e-01,9.901333000982740273e+00,-7.615231518791220289e+00,-9.476588197526969459e-01
-2.282887895331722206e+01,1.115078836274793206e-01,-5.962762974188748011e+00,-1.154700890381962530e+01,-1.128704557528181995e+00,4.811331530766593811e-01,6.066222196622708118e-01,1.846485094854646292e+00,-7.615231518791220289e+00,-3.057258300047226207e+00
-2.282887895331722206e+01,-2.835668866873597427e-02,-5.962762974188748011e+00,-1.154700890381962530e+01,-1.128704557528181995e+00,4.811331530766593811e-01,3.829664624309636611e-01,1.846485094854646292e+00,-1.381560191375190882e+01,-3.057258300047226207e+00
-2.282887895331722206e+01,-2.880653311113232640e-01,-5.962762974188748011e+00,-1.154700890381962530e+01,-1.128704557528181995e+00,4.541061218755989559e-01,-1.165119481160298287e-01,1.148159890909239422e+00,-1.381560191375190882e+01,-4.680807671008547111e+00
-2.282887895331722206e+01,-9.675721803199059945e-01,-5.962762974188748011e+00,-1.154700890381962530e+01,-1.128704557528181995e+00,4.541061218755989559e-01,-1.165119481160298287e-01,-6.884071620677219006e-01,-1.439418849345467244e+01,-4.680807671008547111e+00
-2.282887895331722206e+01,-1.746119905209753131e+00,-5.962762974188748011e+00,-1.154700890381962530e+01,-1.128704557528181995e+00,4.541061218755989559e-01,-8.647470738751411590e-01,-6.884071620677219006e-01,-1.439418849345467244e+01,-4.680807671008547111e+00
-2.282887895331722206e+01,-2.113968266221816439e+00,-5.962762974188748011e+00,-1.154700890381962530e+01,-4.171654662297573424e+00,-1.316951128215474442e+00,-2.470573199394471953e+00,-6.884071620677219006e-01,-1.439418849345467244e+01,-4.680807671008547111e+00
-2.282887895331722206e+01,-3.149825183693708563e+00,-5.962762974188748011e+00,-1.154700890381962530e+01,-4.171654662297573424e+00,-1.316951128215474442e+00,-2.470573199394471953e+00,-8.327086123027986897e-01,-1.439418849345467244e+01,-4.680807671008547111e+00
-2.282887895331722206e+01,-3.435641327630504449e+00,-8.261172899667258207e+00,-1.154700890381962530e+01,-4.410463372852914787e+00,-1.316951128215474442e+00,-2.732135793995998263e+00,-8.327086123027986897e-01,-1.439418849345467244e+01,-4.680807671008547111e+00
-2.282887895331722206e+01,-3.435641327630504449e+00,-8.261172899667258207e+00,-1.154700890381962530e+01,-4.410463372852914787e+00,-1.316951128215474442e+00,-2.732135793995998263e+00,-8.327086123027986897e-01,-1.439418849345467244e+01,-4.680807671008547111e+00
-2.282887895331722206e+01,-3.435641327630504449e+00,-8.261172899667258207e+00,-1.154700890381962530e+01,-4.410463372852914787e+00,-2.864025092670827277e+00,-2.732135793995998263e+00,-8.327086123027986897e-01,-1.439418849345467244e+01,-4.784777120075809798e+00
-2.282887895331722206e+01,-3.435641327630504449e+00,-8.261172899667258207e+00,-1.154700890381962530e+01,-4.410463372852914787e+00,-3.682065402304751878e+00,-2.732135793995998263e+00,-8.327086123027986897e-01,-1.439418849345467244e+01,-4.784777120075809798e+00
-2.282887895331722206e+01,-3.435641327630504449e+00,-8.261172899667258207e+00,-1.154700890381962530e+01,-5.494498359402793852e+00,-3.682065402304751878e+00,-2.732135793995998263e+00,-8.327086123027986897e-01,-1.439418849345467244e+01,-4.784777120075809798e+00
-2.282887895331722206e+01,-3.435641327630504449e+00,-8.261172899667258207e+00,-1.154700890381962530e+01,-5.494498359402793852e+00,-3.682065402304751878e+00,-2.732135793995998263e+00,-8.327086123027986897e-01,-1.439418849345467244e+01,-4.784777120075809798e+00
-2.318706054071494549e+01,-3.435641327630504449e+00,-8.261172899667258207e+00,-1.154700890381962530e+01,-5.494498359402793852e+00,-3.682065402304751878e+00,-2.732135793995998263e+00,-8.327086123027986897e-01,-1.745042294505210734e+01,-4.784777120075809798e+00
-2.318706054071494549e+01,-3.435641327630504449e+00,-8.261172899667258207e+00,-1.154700890381962530e+01,-5.494498359402793852e+00,-3.682065402304751878e+00,-2.732135793995998263e+00,-8.327086123027986897e-01,-1.745042294505210734e+01,-4.784777120075809798e+00
-2.318706054071494549e+01,-3.435641327630504449e+00,-8.261172899667258207e+00,-1.154700890381962530e+01,-5.494498359402793852e+00,-3.682065402304751878e+00,-2.732135793995998263e+00,-8.327086123027986897e-01,-2.405626069368490860e+01,-4.784777120075809798e+00
-2.318706054071494549e+01,-4.137606133983795509e+00,-8.261172899667258207e+00,-1.154700890381962530e+01,-5.494498359402793852e+00,-3.682065402304751878e+00,-2.732135793995998263e+00,-5.338950737967759430e+00,-2.405626069368490860e+01,-4.784777120075809798e+00
-2.318706054071494549e+01,-4.137606133983795509e+00,-1.080268359272518275e+01,-1.154700890381962530e+01,-5.494498359402793852e+00,-3.682065402304751878e+00,-2.732135793995998263e+00,-5.338950737967759430e+00,-2.405626069368490860e+01,-4.784777120075809798e+00
-2.318706054071494549e+01,-4.137606133983795509e+00,-1.080268359272518275e+01,-1.154700890381962530e+01,-5.494498359402793852e+00,-3.682065402304751878e+00,-2.732135793995998263e+00,-5.338950737967759430e+00,-2.405626069368490860e+01,-4.784777120075809798e+00
-2.318706054071494549e+01,-4.137606133983795509e+00,-1.080268359272518275e+01,-1.154700890381962530e+01,-5.494498359402793852e+00,-3.682065402304751878e+00,-2.732135793995998263e+00,-5.338950737967759430e+00,-2.405626069368490860e+01,-4.784777120075809798e+00
-2.318706054071494549e+01,-4.137606133983795509e+00,-1.080268359272518275e+01,-1.154700890381962530e+01,-5.494498359402793852e+00,-3.682065402304751878e+00,-2.732135793995998263e+00,-9.422438181378609556e+00,-2.405626069368490860e+01,-4.784777120075809798e+00
-2.318706054071494549e+01,-4.137606133983795509e+00,-1.080268359272518275e+01,-1.154700890381962530e+01,-5.494498359402793852e+00,-3.682065402304751878e+00,-2.732135793995998263e+00,-1.143424493968411504e+01,-2.405626069368490860e+01,-4.784777120075809798e+00
-2.318706054071494549e+01,-4.137606133983795509e+00,-1.080268359272518275e+01,-1.154700890381962530e+01,-5.494498359402793852e+00,-3.682065402304751878e+00,-2.732135793995998263e+00,-1.156749392253566278e+01,-2.405626069368490860e+01,-4.784777120075809798e+00
-2.318706054071494549e+01,-4.137606133983795509e+00,-1.080268359272518275e+01,-1.154700890381962530e+01,-5.494498359402793852e+00,-3.682065402304751878e+00,-2.923365466316365069e+00,-1.156749392253566278e+01,-2.405626069368490860e+01,-4.784777120075809798e+00
-2.318706054071494549e+01,-4.137606133983795509e+00,-1.080268359272518275e+01,-1.154700890381962530e+01,-5.494498359402793852e+00,-3.682065402304751878e+00,-2.923365466316365069e+00,-1.156749392253566278e+01,-2.405626069368490860e+01,-4.784777120075809798e+00
-2.318706054071494549e+01,-6.374477907222265927e+00,-1.080268359272518275e+01,-1.154700890381962530e+01,-5.494498359402793852e+00,-3.682065402304751878e+00,-2.923365466316365069e+00,-1.156749392253566278e+01,-2.405626069368490860e+01,-4.784777120075809798e+00
-2.318706054071494549e+01,-6.374477907222265927e+00,-1.080268359272518275e+01,-1.154700890381962530e+01,-5.494498359402793852e+00,-3.682065402304751878e+00,-2.923365466316365069e+00,-1.184982531940782557e+01,-2.405626069368490860e+01,-4.784777120075809798e+00
-2.318706054071494549e+01,-6.374477907222265927e+00,-1.080268359272518275e+01,-1.154700890381962530e+01,-5.494498359402793852e+00,-3.682065402304751878e+00,-2.923365466316365069e+00,-1.706772498453142717e+01,-2.405626069368490860e+01,-5.500702612173961725e+00
-2.318706054071494549e+01,-6.374477907222265927e+00,-1.080268359272518275e+01,-1.154700890381962530e+01,-5.494498359402793852e+00,-3.682065402304751878e+00,-2.923365466316365069e+00,-1.706772498453142717e+01,-2.405626069368490860e+01,-5.500702612173961725e+00
-2.318706054071494549e+01,-6.374477907222265927e+00,-1.080268359272518275e+01,-1.154700890381962530e+01,-5.494498359402793852e+00,-3.682065402304751878e+00,-2.923365466316365069e+00,-1.886175444952597502e+01,-2.405626069368490860e+01,-5.713245057942680560e+00
-2.318706054071494549e+01,-6.374477907222265927e+00,-1.080268359272518275e+01,-1.154700890381962530e+01,-7.265727837405488110e+00,-3.682065402304751878e+00,-2.923365466316365069e+00,-1.886175444952597502e+01,-2.405626069368490860e+01,-5.713245057942680560e+00
-2.318706054071494549e+01,-6.374477907222265927e+00,-1.080268359272518275e+01,-1.154700890381962530e+01,-7.265727837405488110e+00,-3.682065402304751878e+00,-2.923365466316365069e+00,-1.886175444952597502e+01,-2.405626069368490860e+01,-5.713245057942680560e+00
-2.318706054071494549e+01,-6.374477907222265927e+00,-1.080268359272518275e+01,-1.154700890381962530e+01,-7.265727837405488110e+00,-3.682065402304751878e+00,-2.923365466316365069e+00,-1.886175444952597502e+01,-2.405626069368490860e+01,-5.713245057942680560e+00
-2.318706054071494549e+01,-6.374477907222265927e+00,-1.080268359272518275e+01,-1.154700890381962530e+01,-7.265727837405488110e+00,-3.682065402304751878e+00,-2.923365466316365069e+00,-1.886175444952597502e+01,-2.405626069368490860e+01,-5.713245057942680560e+00
-2.318706054071494549e+01,-6.374477907222265927e+00,-1.080268359272518275e+01,-1.154700890381962530e+01,-7.265727837405488110e+00,-3.682065402304751878e+00,-2.923365466316365069e+00,-1.886175444952597502e+01,-2.405626069368490860e+01,-5.713245057942680560e+00
-2.318706054071494549e+01,-6.374477907222265927e+00,-1.080268359272518275e+01,-1.154700890381962530e+01,-7.265727837405488110e+00,-3.682065402304751878e+00,-2.923365466316365069e+00,-1.886175444952597502e+01,-2.625267968548876141e+01,-5.713245057942680560e+00
-2.318706054071494549e+01,-6.374477907222265927e+00,-1.080268359272518275e+01,-1.154700890381962530e+01,-7.265727837405488110e+00,-3.682065402304751878e+00,-2.923365466316365069e+00,-2.455073356740418689e+01,-2.625267968548876141e+01,-5.713245057942680560e+00
-2.318706054071494549e+01,-6.374477907222265927e+00,-1.080268359272518275e+01,-1.154700890381962530e+01,-7.265727837405488110e+00,-3.682065402304751878e+00,-2.923365466316365069e+00,-2.455073356740418689e+01,-2.625267968548876141e+01,-5.713245057942680560e+00
-2.318706054071494549e+01,-6.374477907222265927e+00,-1.080268359272518275e+01,-1.154700890381962530e+01,-7.265727837405488110e+00,-3.682065402304751878e+00,-2.923365466316365069e+00,-2.455073356740418689e+01,-2.625267968548876141e+01,-5.713245057942680560e+00
-2.318706054071494549e+01,-6.374477907222265927e+00,-1.080268359272518275e+01,-1.154700890381962530e+01,-1.034609305363439447e+01,-3.682065402304751878e+00,-2.923365466316365069e+00,-2.455073356740418689e+01,-2.625267968548876141e+01,-5.713245057942680560e+00
-2.318706054071494549e+01,-6.374477907222265927e+00,-1.080268359272518275e+01,-1.154700890381962530e+01,-1.034609305363439447e+01,-3.682065402304751878e+00,-2.923365466316365069e+00,-2.455073356740418689e+01,-2.625267968548876141e+01,-5.713245057942680560e+00
-2.318706054071494549e+01,-6.374477907222265927e+00,-1.080268359272518275e+01,-1.154700890381962530e+01,-1.034609305363439447e+01,-3.682065402304751878e+00,-2.923365466316365069e+00,-2.455073356740418689e+01,-2.625267968548876141e+01,-5.713245057942680560e+00
-2.318706054071494549e+01,-6.374477907222265927e+00,-1.080268359272518275e+01,-1.154700890381962530e+01,-1.034609305363439447e+01,-3.682065402304751878e+00,-2.923365466316365069e+00,-2.455073356740418689e+01,-2.625267968548876141e+01,-5.713245057942680560e+00
-2.318706054071494549e+01,-8.108749153999852410e+00,-1.080268359272518275e+01,-1.154700890381962530e+01,-1.034609305363439447e+01,-3.682065402304751878e+00,-2.923365466316365069e+00,-2.455073356740418689e+01,-2.625267968548876141e+01,-5.713245057942680560e+00
-2.318706054071494549e+01,-1.343260818353735075e+01,-1.080268359272518275e+01,-1.154700890381962530e+01,-1.034609305363439447e+01,-3.682065402304751878e+00,-2.923365466316365069e+00,-2.455073356740418689e+01,-2.625267968548876141e+01,-7.075772090668375647e+00
-2.318706054071494549e+01,-1.343260818353735075e+01,-1.080268359272518275e+01,-1.154700890381962530e+01,-1.034609305363439447e+01,-3.682065402304751878e+00,-2.923365466316365069e+00,-2.455073356740418689e+01,-2.625267968548876141e+01,-7.075772090668375647e+00
-2.318706054071494549e+01,-1.343260818353735075e+01,-1.080268359272518275e+01,-1.154700890381962530e+01,-1.034609305363439447e+01,-3.682065402304751878e+00,-2.923365466316365069e+00,-2.455073356740418689e+01,-2.625267968548876141e+01,-7.075772090668375647e+00
-2.531232170023688610e+01,-1.343260818353735075e+01,-1.080268359272518275e+01,-1.154700890381962530e+01,-1.034609305363439447e+01,-3.682065402304751878e+00,-2.923365466316365069e+00,-2.455073356740418689e+01,-2.625267968548876141e+01,-7.075772090668375647e+00
-2.643949381283279365e+01,-1.554784977255568279e+01,-1.080268359272518275e+01,-1.154700890381962530e+01,-1.034609305363439447e+01,-3.682065402304751878e+00,-2.923365466316365069e+00,-2.455073356740418689e+01,-2.862205096695784334e+01,-7.075772090668375647e+00
-2.645827358001391616e+01,-1.554784977255568279e+01,-1.080268359272518275e+01,-1.154700890381962530e+01,-1.034609305363439447e+01,-3.682065402304751878e+00,-2.923365466316365069e+00,-2.455073356740418689e+01,-2.862205096695784334e+01,-7.075772090668375647e+00
-2.645827358001391616e+01,-1.829801602588726084e+01,-1.080268359272518275e+01,-1.154700890381962530e+01,-1.034609305363439447e+01,-3.682065402304751878e+00,-2.923365466316365069e+00,-2.455073356740418689e+01,-2.862205096695784334e+01,-7.075772090668375647e+00
-2.769036670376351594e+01,-1.829801602588726084e+01,-1.080268359272518275e+01,-1.154700890381962530e+01,-1.034609305363439447e+01,-3.682065402304751878e+00,-2.923365466316365069e+00,-2.455073356740418689e+01,-2.862205096695784334e+01,-7.075772090668375647e+00
-2.769036670376351594e+01,-1.829801602588726084e+01,-1.080268359272518275e+01,-1.154700890381962530e+01,-1.034609305363439447e+01,-3.818860037569279609e+00,-2.923365466316365069e+00,-2.455073356740418689e+01,-2.862205096695784334e+01,-7.075772090668375647e+00
-2.769036670376351594e+01,-1.829801602588726084e+01,-1.080268359272518275e+01,-1.154700890381962530e+01,-1.034609305363439447e+01,-3.818860037569279609e+00,-2.923365466316365069e+00,-2.455073356740418689e+01,-2.862205096695784334e+01,-7.075772090668375647e+00
-2.769036670376351594e+01,-1.829801602588726084e+01,-1.080268359272518275e+01,-1.154700890381962530e+01,-1.034609305363439447e+01,-3.818860037569279609e+00,-2.923365466316365069e+00,-2.455073356740418689e+01,-2.862205096695784334e+01,-7.075772090668375647e+00
-2.769036670376351594e+01,-1.829801602588726084e+01,-1.080268359272518275e+01,-1.154700890381962530e+01,-1.034609305363439447e+01,-3.818860037569279609e+00,-2.923365466316365069e+00,-2.455073356740418689e+01,-2.862205096695784334e+01,-7.075772090668375647e+00
-3.419862859327801630e+01,-1.829801602588726084e+01,-1.080268359272518275e+01,-1.154700890381962530e+01,-1.034609305363439447e+01,-3.818860037569279609e+00,-2.923365466316365069e+00,-2.455073356740418689e+01,-2.862205096695784334e+01,-7.075772090668375647e+00
-3.419862859327801630e+01,-1.829801602588726084e+01,-1.080268359272518275e+01,-1.154700890381962530e+01,-1.034609305363439447e+01,-3.818860037569279609e+00,-2.923365466316365069e+00,-2.455073356740418689e+01,-2.862205096695784334e+01,-7.075772090668375647e+00
-3.419862859327801630e+01,-1.829801602588726084e+01,-1.080268359272518275e+01,-1.154700890381962530e+01,-1.034609305363439447e+01,-3.818860037569279609e+00,-2.923365466316365069e+00,-2.455073356740418689e+01,-2.862205096695784334e+01,-7.075772090668375647e+00
-3.419862859327801630e+01,-1.829801602588726084e+01,-1.080268359272518275e+01,-1.154700890381962530e+01,-1.034609305363439447e+01,-3.818860037569279609e+00,-2.923365466316365069e+00,-2.455073356740418689e+01,-2.862205096695784334e+01,-7.075772090668375647e+00
-3.419862859327801630e+01,-1.829801602588726084e+01,-1.080268359272518275e+01,-1.154700890381962530e+01,-1.034609305363439447e+01,-3.818860037569279609e+00,-2.923365466316365069e+00,-2.455073356740418689e+01,-2.862205096695784334e+01,-7.075772090668375647e+00
-3.419862859327801630e+01,-1.840856045697319132e+01,-1.080268359272518275e+01,-1.154700890381962530e+01,-1.034609305363439447e+01,-3.818860037569279609e+00,-2.923365466316365069e+00,-2.455073356740418689e+01,-2.862205096695784334e+01,-7.075772090668375647e+00
-3.419862859327801630e+01,-1.840856045697319132e+01,-1.080268359272518275e+01,-1.154700890381962530e+01,-1.034609305363439447e+01,-3.818860037569279609e+00,-2.923365466316365069e+00,-2.709019233243200375e+01,-2.862205096695784334e+01,-7.075772090668375647e+00
-3.419862859327801630e+01,-1.840856045697319132e+01,-1.080268359272518275e+01,-1.154700890381962530e+01,-1.034609305363439447e+01,-4.764586922160949811e+00,-2.923365466316365069e+00,-2.709019233243200375e+01,-2.862205096695784334e+01,-7.075772090668375647e+00
-3.419862859327801630e+01,-1.840856045697319132e+01,-1.080268359272518275e+01,-1.154700890381962530e+01,-1.034609305363439447e+01,-4.764586922160949811e+00,-2.923365466316365069e+00,-2.709019233243200375e+01,-2.862205096695784334e+01,-7.075772090668375647e+00
-3.419862859327801630e+01,-1.840856045697319132e+01,-1.080268359272518275e+01,-1.154700890381962530e+01,-1.034609305363439447e+01,-4.764586922160949811e+00,-2.923365466316365069e+00,-2.709019233243200375e+01,-2.862205096695784334e+01,-7.075772090668375647e+00
-3.419862859327801630e+01,-1.840856045697319132e+01,-1.080268359272518275e+01,-1.154700890381962530e+01,-1.034609305363439447e+01,-4.764586922160949811e+00,-2.923365466316365069e+00,-2.709019233243200375e+01,-2.862205096695784334e+01,-7.075772090668375647e+00
-3.419862859327801630e+01,-1.840856045697319132e+01,-1.080268359272518275e+01,-1.154700890381962530e+01,-1.177307477832830429e+01,-4.764586922160949811e+00,-2.923365466316365069e+00,-2.709019233243200375e+01,-2.862205096695784334e+01,-7.075772090668375647e+00
-3.419862859327801630e+01,-1.840856045697319132e+01,-1.080268359272518275e+01,-1.154700890381962530e+01,-1.292128705581042780e+01,-4.764586922160949811e+00,-2.923365466316365069e+00,-2.709019233243200375e+01,-2.862205096695784334e+01,-8.631321086324545533e+00
-3.419862859327801630e+01,-1.840856045697319132e+01,-1.080268359272518275e+01,-1.154700890381962530e+01,-1.292128705581042780e+01,-4.764586922160949811e+00,-2.923365466316365069e+00,-2.709019233243200375e+01,-2.862205096695784334e+01,-9.673915223074352809e+00
-3.419862859327801630e+01,-1.840856045697319132e+01,-1.080268359272518275e+01,-1.154700890381962530e+01,-1.292128705581042780e+01,-4.764586922160949811e+00,-2.923365466316365069e+00,-2.709019233243200375e+01,-2.862205096695784334e+01,-9.673915223074352809e+00
-3.419862859327801630e+01,-1.840856045697319132e+01,-1.080268359272518275e+01,-1.154700890381962530e+01,-1.292128705581042780e+01,-4.764586922160949811e+00,-2.923365466316365069e+00,-2.709019233243200375e+01,-2.862205096695784334e+01,-9.673915223074352809e+00
-3.419862859327801630e+01,-1.840856045697319132e+01,-1.080268359272518275e+01,-1.154700890381962530e+01,-1.292128705581042780e+01,-4.764586922160949811e+00,-2.923365466316365069e+00,-2.709019233243200375e+01,-2.862205096695784334e+01,-9.673915223074352809e+00
-3.419862859327801630e+01,-1.840856045697319132e+01,-1.080268359272518275e+01,-1.154700890381962530e+01,-1.292128705581042780e+01,-4.764586922160949811e+00,-5.014133388532286517e+00,-2.709019233243200375e+01,-2.862205096695784334e+01,-9.673915223074352809e+00
-3.419862859327801630e+01,-1.840856045697319132e+01,-1.080268359272518275e+01,-1.154700890381962530e+01,-1.292128705581042780e+01,-4.764586922160949811e+00,-5.014133388532286517e+00,-2.709019233243200375e+01,-2.862205096695784334e+01,-9.673915223074352809e+00
-3.419862859327801630e+01,-2.078870552989323528e+01,-1.357574155452654274e+01,-1.154700890381962530e+01,-1.292128705581042780e+01,-4.764586922160949811e+00,-5.014133388532286517e+00,-2.709019233243200375e+01,-2.862205096695784334e+01,-9.673915223074352809e+00
-3.419862859327801630e+01,-2.078870552989323528e+01,-1.357574155452654274e+01,-1.154700890381962530e+01,-1.292128705581042780e+01,-4.764586922160949811e+00,-5.014133388532286517e+00,-2.709019233243200375e+01,-2.862205096695784334e+01,-9.673915223074352809e+00
-3.419862859327801630e+01,-2.078870552989323528e+01,-1.357574155452654274e+01,-1.154700890381962530e+01,-1.292128705581042780e+01,-4.764586922160949811e+00,-5.014133388532286517e+00,-2.709019233243200375e+01,-2.862205096695784334e+01,-9.673915223074352809e+00
-3.419862859327801630e+01,-2.078870552989323528e+01,-1.357574155452654274e+01,-1.154700890381962530e+01,-1.292128705581042780e+01,-4.764586922160949811e+00,-5.014133388532286517e+00,-2.709019233243200375e+01,-2.862205096695784334e+01,-9.673915223074352809e+00
-3.419862859327801630e+01,-2.078870552989323528e+01,-1.357574155452654274e+01,-1.154700890381962530e+01,-1.292128705581042780e+01,-4.764586922160949811e+00,-5.014133388532286517e+00,-2.709019233243200375e+01,-2.862205096695784334e+01,-9.673915223074352809e+00
-3.419862859327801630e+01,-2.078870552989323528e+01,-1.357574155452654274e+01,-1.154700890381962530e+01,-1.292128705581042780e+01,-7.593056865243286602e+00,-5.014133388532286517e+00,-2.709019233243200375e+01,-2.862205096695784334e+01,-9.673915223074352809e+00
-3.734908918418113899e+01,-2.078870552989323528e+01,-1.357574155452654274e+01,-1.154700890381962530e+01,-1.292128705581042780e+01,-7.593056865243286602e+00,-5.014133388532286517e+00,-2.709019233243200375e+01,-2.862205096695784334e+01,-9.673915223074352809e+00
-3.734908918418113899e+01,-2.078870552989323528e+01,-1.357574155452654274e+01,-1.154700890381962530e+01,-1.292128705581042780e+01,-7.593056865243286602e+00,-5.014133388532286517e+00,-2.709019233243200375e+01,-2.862205096695784334e+01,-9.673915223074352809e+00
-3.734908918418113899e+01,-2.078870552989323528e+01,-1.357574155452654274e+01,-1.154700890381962530e+01,-1.292128705581042780e+01,-7.593056865243286602e+00,-5.014133388532286517e+00,-2.709019233243200375e+01,-2.862205096695784334e+01,-9.673915223074352809e+00
-3.734908918418113899e+01,-2.078870552989323528e+01,-1.357574155452654274e+01,-1.154700890381962530e+01,-1.292128705581042780e+01,-7.593056865243286602e+00,-5.014133388532286517e+00,-2.709019233243200375e+01,-2.862205096695784334e+01,-9.673915223074352809e+00
-3.734908918418113899e+01,-2.078870552989323528e+01,-1.357574155452654274e+01,-1.154700890381962530e+01,-1.292128705581042780e+01,-7.593056865243286602e+00,-5.014133388532286517e+00,-2.709019233243200375e+01,-2.862205096695784334e+01,-9.673915223074352809e+00
-3.734908918418113899e+01,-2.078870552989323528e+01,-1.357574155452654274e+01,-1.154700890381962530e+01,-1.292128705581042780e+01,-7.733235808249418142e+00,-5.014133388532286517e+00,-2.709019233243200375e+01,-2.862205096695784334e+01,-9.673915223074352809e+00
-3.734908918418113899e+01,-2.078870552989323528e+01,-1.357574155452654274e+01,-1.154700890381962530e+01,-1.292128705581042780e+01,-7.733235808249418142e+00,-5.014133388532286517e+00,-2.709019233243200375e+01,-2.862205096695784334e+01,-9.673915223074352809e+00
-3.734908918418113899e+01,-2.078870552989323528e+01,-1.357574155452654274e+01,-1.154700890381962530e+01,-1.441369156113540839e+01,-7.733235808249418142e+00,-5.014133388532286517e+00,-2.709019233243200375e+01,-2.862205096695784334e+01,-9.673915223074352809e+00
-3.734908918418113899e+01,-2.078870552989323528e+01,-1.357574155452654274e+01,-1.154700890381962530e+01,-1.441369156113540839e+01,-7.733235808249418142e+00,-5.014133388532286517e+00,-2.709019233243200375e+01,-2.862205096695784334e+01,-9.673915223074352809e+00
-3.734908918418113899e+01,-2.078870552989323528e+01,-1.357574155452654274e+01,-1.154700890381962530e+01,-1.441369156113540839e+01,-7.733235808249418142e+00,-5.014133388532286517e+00,-2.709019233243200375e+01,-2.862205096695784334e+01,-9.673915223074352809e+00
-3.734908918418113899e+01,-2.078870552989323528e+01,-1.357574155452654274e+01,-1.154700890381962530e+01,-1.441369156113540839e+01,-7.733235808249418142e+00,-5.014133388532286517e+00,-2.709019233243200375e+01,-2.862205096695784334e+01,-9.673915223074352809e+00
-3.734908918418113899e+01,-2.413622301868518960e+01,-1.357574155452654274e+01,-1.154700890381962530e+01,-1.441369156113540839e+01,-7.733235808249418142e+00,-5.014133388532286517e+00,-2.709019233243200375e+01,-2.862205096695784334e+01,-9.673915223074352809e+00
-3.734908918418113899e+01,-2.413622301868518960e+01,-1.357574155452654274e+01,-1.154700890381962530e+01,-1.441369156113540839e+01,-7.733235808249418142e+00,-5.014133388532286517e+00,-2.709019233243200375e+01,-2.862205096695784334e+01,-9.673915223074352809e+00
-3.734908918418113899e+01,-2.413622301868518960e+01,-1.357574155452654274e+01,-1.154700890381962530e+01,-1.441369156113540839e+01,-7.733235808249418142e+00,-5.014133388532286517e+00,-2.709019233243200375e+01,-2.862205096695784334e+01,-9.673915223074352809e+00
-3.734908918418113899e+01,-2.497006894768736984e+01,-1.357574155452654274e+01,-1.154700890381962530e+01,-1.441369156113540839e+01,-7.733235808249418142e+00,-5.014133388532286517e+00,-2.710440015527028024e+01,-2.862205096695784334e+01,-9.673915223074352809e+00
-3.734908918418113899e+01,-2.497006894768736984e+01,-1.357574155452654274e+01,-1.154700890381962530e+01,-1.441369156113540839e+01,-7.733235808249418142e+00,-5.014133388532286517e+00,-2.710440015527028024e+01,-2.862205096695784334e+01,-9.673915223074352809e+00
-3.734908918418113899e+01,-2.497006894768736984e+01,-1.357574155452654274e+01,-1.154700890381962530e+01,-1.441369156113540839e+01,-7.733235808249418142e+00,-5.014133388532286517e+00,-2.710440015527028024e+01,-2.862205096695784334e+01,-9.673915223074352809e+00
-3.734908918418113899e+01,-2.497006894768736984e+01,-1.357574155452654274e+01,-1.154700890381962530e+01,-1.441369156113540839e+01,-7.733235808249418142e+00,-5.014133388532286517e+00,-2.710440015527028024e+01,-2.862205096695784334e+01,-9.673915223074352809e+00
-3.734908918418113899e+01,-2.497006894768736984e+01,-1.357574155452654274e+01,-1.154700890381962530e+01,-1.441369156113540839e+01,-9.002144446865703031e+00,-5.014133388532286517e+00,-3.021349493860433455e+01,-2.862205096695784334e+01,-9.673915223074352809e+00
-3.734908918418113899e+01,-2.497006894768736984e+01,-1.357574155452654274e+01,-1.154700890381962530e+01,-1.441369156113540839e+01,-9.002144446865703031e+00,-5.014133388532286517e+00,-3.021349493860433455e+01,-2.862205096695784334e+01,-9.673915223074352809e+00
-3.734908918418113899e+01,-2.497006894768736984e+01,-1.357574155452654274e+01,-1.154700890381962530e+01,-1.441369156113540839e+01,-9.002144446865703031e+00,-5.014133388532286517e+00,-3.021349493860433455e+01,-2.862205096695784334e+01,-9.673915223074352809e+00
-3.734908918418113899e+01,-2.497006894768736984e+01,-1.938645164179587255e+01,-1.154700890381962530e+01,-1.441369156113540839e+01,-9.002144446865703031e+00,-5.014133388532286517e+00,-3.021349493860433455e+01,-2.862205096695784334e+01,-9.673915223074352809e+00
-4.163345333094244438e+01,-2.497006894768736984e+01,-1.938645164179587255e+01,-1.154700890381962530e+01,-1.441369156113540839e+01,-9.002144446865703031e+00,-5.014133388532286517e+00,-3.021349493860433455e+01,-2.862205096695784334e+01,-9.673915223074352809e+00
-4.163345333094244438e+01,-2.497006894768736984e+01,-1.938645164179587255e+01,-1.154700890381962530e+01,-1.441369156113540839e+01,-9.002144446865703031e+00,-5.014133388532286517e+00,-3.021349493860433455e+01,-2.862205096695784334e+01,-9.673915223074352809e+00
-4.163345333094244438e+01,-2.497006894768736984e+01,-1.938645164179587255e+01,-1.154700890381962530e+01,-1.441369156113540839e+01,-9.002144446865703031e+00,-5.014133388532286517e+00,-3.021349493860433455e+01,-2.862205096695784334e+01,-9.673915223074352809e+00
-4.163345333094244438e+01,-2.521390571955237192e+01,-1.938645164179587255e+01,-1.154700890381962530e+01,-1.441369156113540839e+01,-9.002144446865703031e+00,-5.014133388532286517e+00,-3.021349493860433455e+01,-2.862205096695784334e+01,-9.673915223074352809e+00
-4.163345333094244438e+01,-2.521390571955237192e+01,-1.938645164179587255e+01,-1.154700890381962530e+01,-1.441369156113540839e+01,-9.002144446865703031e+00,-5.014133388532286517e+00,-3.021349493860433455e+01,-2.862205096695784334e+01,-9.673915223074352809e+00
-4.163345333094244438e+01,-2.708268500329107553e+01,-1.938645164179587255e+01,-1.154700890381962530e+01,-1.441369156113540839e+01,-9.002144446865703031e+00,-5.014133388532286517e+00,-3.021349493860433455e+01,-2.862205096695784334e+01,-9.673915223074352809e+00
-4.163345333094244438e+01,-2.708268500329107553e+01,-1.938645164179587255e+01,-1.154700890381962530e+01,-1.441369156113540839e+01,-9.002144446865703031e+00,-5.014133388532286517e+00,-3.021349493860433455e+01,-2.862205096695784334e+01,-9.673915223074352809e+00
-4.163345333094244438e+01,-2.708268500329107553e+01,-1.938645164179587255e+01,-1.154700890381962530e+01,-1.441369156113540839e+01,-9.002144446865703031e+00,-5.014133388532286517e+00,-3.021349493860433455e+01,-2.862205096695784334e+01,-9.673915223074352809e+00
-4.163345333094244438e+01,-2.708268500329107553e+01,-1.938645164179587255e+01,-1.154700890381962530e+01,-1.441369156113540839e+01,-9.002144446865703031e+00,-5.014133388532286517e+00,-3.021349493860433455e+01,-2.862205096695784334e+01,-9.673915223074352809e+00
-4.163345333094244438e+01,-2.708268500329107553e+01,-1.938645164179587255e+01,-1.154700890381962530e+01,-1.441369156113540839e+01,-1.631742802290235161e+01,-5.014133388532286517e+00,-3.021349493860433455e+01,-2.862205096695784334e+01,-9.673915223074352809e+00
-4.163345333094244438e+01,-2.708268500329107553e+01,-1.938645164179587255e+01,-1.154700890381962530e+01,-1.441369156113540839e+01,-1.668578713589484508e+01,-5.014133388532286517e+00,-3.021349493860433455e+01,-2.862205096695784334e+01,-9.673915223074352809e+00
-4.163345333094244438e+01,-2.708268500329107553e+01,-1.938645164179587255e+01,-1.154700890381962530e+01,-1.441369156113540839e+01,-1.668578713589484508e+01,-5.104757701885068499e+00,-3.021349493860433455e+01,-2.862205096695784334e+01,-9.673915223074352809e+00
-4.163345333094244438e+01,-2.708268500329107553e+01,-1.938645164179587255e+01,-1.154700890381962530e+01,-1.441369156113540839e+01,-1.719729528694725573e+01,-5.104757701885068499e+00,-3.021349493860433455e+01,-2.862205096695784334e+01,-9.673915223074352809e+00
-4.163345333094244438e+01,-2.818229262275834301e+01,-1.938645164179587255e+01,-1.154700890381962530e+01,-1.441369156113540839e+01,-1.719729528694725573e+01,-5.104757701885068499e+00,-3.021349493860433455e+01,-2.862205096695784334e+01,-9.673915223074352809e+00
-4.163345333094244438e+01,-2.818229262275834301e+01,-1.938645164179587255e+01,-1.154700890381962530e+01,-1.441369156113540839e+01,-1.719729528694725573e+01,-5.762673399471675673e+00,-3.021349493860433455e+01,-2.862205096695784334e+01,-9.673915223074352809e+00
-4.163345333094244438e+01,-2.818229262275834301e+01,-1.938645164179587255e+01,-1.154700890381962530e+01,-1.441369156113540839e+01,-1.921117967358276957e+01,-5.762673399471675673e+00,-3.021349493860433455e+01,-2.862205096695784334e+01,-9.673915223074352809e+00
-4.163345333094244438e+01,-2.818229262275834301e+01,-1.938645164179587255e+01,-1.154700890381962530e+01,-1.441369156113540839e+01,-1.921117967358276957e+01,-5.762673399471675673e+00,-3.021349493860433455e+01,-2.862205096695784334e+01,-9.673915223074352809e+00
-4.163345333094244438e+01,-2.872167777584910553e+01,-1.938645164179587255e+01,-1.154700890381962530e+01,-1.441369156113540839e+01,-1.921117967358276957e+01,-7.064238962102077579e+00,-3.021349493860433455e+01,-2.862205096695784334e+01,-9.673915223074352809e+00
-4.163345333094244438e+01,-2.872167777584910553e+01,-1.938645164179587255e+01,-1.154700890381962530e+01,-1.441369156113540839e+01,-1.921117967358276957e+01,-7.064238962102077579e+00,-3.021349493860433455e+01,-2.862205096695784334e+01,-9.673915223074352809e+00
-4.163345333094244438e+01,-2.872167777584910553e+01,-1.938645164179587255e+01,-1.154700890381962530e+01,-1.545981470964960458e+01,-1.921117967358276957e+01,-7.064238962102077579e+00,-3.021349493860433455e+01,-2.862205096695784334e+01,-9.673915223074352809e+00
-4.163345333094244438e+01,-2.872167777584910553e+01,-1.938645164179587255e+01,-1.154700890381962530e+01,-1.545981470964960458e+01,-1.921117967358276957e+01,-7.064238962102077579e+00,-3.021349493860433455e+01,-2.862205096695784334e+01,-9.673915223074352809e+00
-4.163345333094244438e+01,-2.872167777584910553e+01,-1.938645164179587255e+01,-1.154700890381962530e+01,-1.994495102566257927e+01,-1.921117967358276957e+01,-7.064238962102077579e+00,-3.021349493860433455e+01,-2.862205096695784334e+01,-9.673915223074352809e+00
-4.163345333094244438e+01,-2.872167777584910553e+01,-1.938645164179587255e+01,-1.154700890381962530e+01,-1.994495102566257927e+01,-1.921117967358276957e+01,-7.064238962102077579e+00,-3.021349493860433455e+01,-2.862205096695784334e+01,-9.673915223074352809e+00
-4.163345333094244438e+01,-2.872167777584910553e+01,-1.938645164179587255e+01,-1.154700890381962530e+01,-1.994495102566257927e+01,-1.938053944283440799e+01,-7.064238962102077579e+00,-3.021349493860433455e+01,-2.862205096695784334e+01,-9.673915223074352809e+00
-4.163345333094244438e+01,-2.872167777584910553e+01,-1.938645164179587255e+01,-1.154700890381962530e+01,-1.994495102566257927e+01,-1.938053944283440799e+01,-7.064238962102077579e+00,-3.021349493860433455e+01,-2.862205096695784334e+01,-9.673915223074352809e+00
-4.163345333094244438e+01,-2.872167777584910553e+01,-1.938645164179587255e+01,-1.154700890381962530e+01,-1.994495102566257927e+01,-1.938053944283440799e+01,-7.064238962102077579e+00,-3.021349493860433455e+01,-2.862205096695784334e+01,-9.673915223074352809e+00
-4.163345333094244438e+01,-2.872167777584910553e+01,-1.938645164179587255e+01,-1.154700890381962530e+01,-1.994495102566257927e+01,-1.938053944283440799e+01,-7.064238962102077579e+00,-3.021349493860433455e+01,-2.862205096695784334e+01,-9.673915223074352809e+00
-4.163345333094244438e+01,-2.872167777584910553e+01,-1.938645164179587255e+01,-1.154700890381962530e+01,-2.104330072761729298e+01,-1.938053944283440799e+01,-7.064238962102077579e+00,-3.021349493860433455e+01,-2.862205096695784334e+01,-9.673915223074352809e+00
-4.163345333094244438e+01,-2.872167777584910553e+01,-1.938645164179587255e+01,-1.154700890381962530e+01,-2.104330072761729298e+01,-1.938053944283440799e+01,-7.064238962102077579e+00,-3.021349493860433455e+01,-2.862205096695784334e+01,-9.673915223074352809e+00
-4.163345333094244438e+01,-2.872167777584910553e+01,-1.938645164179587255e+01,-1.154700890381962530e+01,-2.104330072761729298e+01,-1.938053944283440799e+01,-7.064238962102077579e+00,-3.021349493860433455e+01,-2.862205096695784334e+01,-9.673915223074352809e+00
-4.163345333094244438e+01,-2.872167777584910553e+01,-1.938645164179587255e+01,-1.154700890381962530e+01,-2.104330072761729298e+01,-1.938053944283440799e+01,-7.064238962102077579e+00,-3.021349493860433455e+01,-2.862205096695784334e+01,-9.673915223074352809e+00
-4.163345333094244438e+01,-2.872167777584910553e+01,-1.938645164179587255e+01,-1.154700890381962530e+01,-2.104330072761729298e+01,-1.938053944283440799e+01,-7.064238962102077579e+00,-3.021349493860433455e+01,-2.862205096695784334e+01,-9.673915223074352809e+00
-4.163345333094244438e+01,-2.872167777584910553e+01,-1.938645164179587255e+01,-1.154700890381962530e+01,-2.104330072761729298e+01,-1.938053944283440799e+01,-7.064238962102077579e+00,-3.021349493860433455e+01,-2.862205096695784334e+01,-9.673915223074352809e+00
-4.163345333094244438e+01,-2.872167777584910553e+01,-1.938645164179587255e+01,-1.154700890381962530e+01,-2.104330072761729298e+01,-1.938053944283440799e+01,-7.064238962102077579e+00,-3.021349493860433455e+01,-2.944552521738382111e+01,-9.673915223074352809e+00
-4.163345333094244438e+01,-2.872167777584910553e+01,-1.938645164179587255e+01,-1.154700890381962530e+01,-2.104330072761729298e+01,-1.938053944283440799e+01,-7.064238962102077579e+00,-3.021349493860433455e+01,-2.944552521738382111e+01,-9.673915223074352809e+00
-4.163345333094244438e+01,-2.872167777584910553e+01,-1.938645164179587255e+01,-1.154700890381962530e+01,-2.104330072761729298e+01,-1.938053944283440799e+01,-7.064238962102077579e+00,-3.021349493860433455e+01,-2.944552521738382111e+01,-9.673915223074352809e+00
-4.163345333094244438e+01,-2.872167777584910553e+01,-1.938645164179587255e+01,-1.154700890381962530e+01,-2.104330072761729298e+01,-1.938053944283440799e+01,-7.064238962102077579e+00,-3.021349493860433455e+01,-2.944552521738382111e+01,-9.673915223074352809e+00
-4.163345333094244438e+01,-2.872167777584910553e+01,-1.938645164179587255e+01,-1.154700890381962530e+01,-2.104330072761729298e+01,-1.938053944283440799e+01,-7.064238962102077579e+00,-3.021349493860433455e+01,-2.944552521738382111e+01,-9.673915223074352809e+00
-4.163345333094244438e+01,-2.872167777584910553e+01,-1.938645164179587255e+01,-1.154700890381962530e+01,-2.104330072761729298e+01,-1.938053944283440799e+01,-7.064238962102077579e+00,-3.021349493860433455e+01,-2.944552521738382111e+01,-9.673915223074352809e+00
-4.163345333094244438e+01,-2.872167777584910553e+01,-1.938645164179587255e+01,-1.154700890381962530e+01,-2.104330072761729298e+01,-1.938053944283440799e+01,-7.064238962102077579e+00,-3.021349493860433455e+01,-2.944552521738382111e+01,-9.673915223074352809e+00
-4.163345333094244438e+01,-2.872167777584910553e+01,-1.938645164179587255e+01,-1.154700890381962530e+01,-2.104330072761729298e+01,-1.938053944283440799e+01,-7.064238962102077579e+00,-3.021349493860433455e+01,-2.944552521738382111e+01,-9.673915223074352809e+00
-4.163345333094244438e+01,-2.872167777584910553e+01,-1.938645164179587255e+01,-1.154700890381962530e+01,-2.104330072761729298e+01,-1.938053944283440799e+01,-7.064238962102077579e+00,-3.021349493860433455e+01,-2.944552521738382111e+01,-9.673915223074352809e+00
-4.163345333094244438e+01,-2.872167777584910553e+01,-1.938645164179587255e+01,-1.154700890381962530e+01,-2.104330072761729298e+01,-1.938053944283440799e+01,-7.064238962102077579e+00,-3.021349493860433455e+01,-2.944552521738382111e+01,-9.673915223074352809e+00
-4.163345333094244438e+01,-2.872167777584910553e+01,-1.938645164179587255e+01,-1.154700890381962530e+01,-2.104330072761729298e+01,-1.938053944283440799e+01,-7.064238962102077579e+00,-3.021349493860433455e+01,-2.944552521738382111e+01,-9.673915223074352809e+00
-4.163345333094244438e+01,-2.872167777584910553e+01,-1.938645164179587255e+01,-1.154700890381962530e+01,-2.104330072761729298e+01,-1.938053944283440799e+01,-7.064238962102077579e+00,-3.021349493860433455e+01,-2.944552521738382111e+01,-9.673915223074352809e+00
-4.163345333094244438e+01,-2.872167777584910553e+01,-1.938645164179587255e+01,-1.154700890381962530e+01,-2.104330072761729298e+01,-1.938053944283440799e+01,-7.064238962102077579e+00,-3.021349493860433455e+01,-2.944552521738382111e+01,-9.673915223074352809e+00
