8.274296882229354999e-01,4.328734018313615262e-02,7.078720980023556208e-02,-7.198806170306068508e-02,1.331703231285366607e-01
2.479213064672280975e-01,4.328734018313615262e-02,4.918479222874647117e-02,-7.208878734445264835e-02,1.331703231285366607e-01
1.533128278642416076e-01,4.328734018313615262e-02,4.918479222874647117e-02,-7.208878734445264835e-02,1.323712170996596549e-01
1.533128278642416076e-01,4.328734018313615262e-02,4.918479222874647117e-02,-8.222068389716265246e-02,1.323712170996596549e-01
1.816553186187941371e-02,4.328734018313615262e-02,4.426477156662058515e-02,-8.222068389716265246e-02,1.323712170996596549e-01
1.816553186187941371e-02,4.328734018313615262e-02,4.066179601529439080e-02,-1.380363593680850709e+00,1.323712170996596549e-01
1.816553186187941371e-02,4.328734018313615262e-02,4.066179601529439080e-02,-1.380363593680850709e+00,1.323712170996596549e-01
1.816553186187941371e-02,4.328734018313615262e-02,4.066179601529439080e-02,-2.833231654206771477e+00,1.323712170996596549e-01
1.816553186187941371e-02,4.328734018313615262e-02,4.066179601529439080e-02,-2.833231654206771477e+00,1.323712170996596549e-01
1.816553186187941371e-02,4.328734018313615262e-02,4.066179601529439080e-02,-2.833231654206771477e+00,5.609600008977268931e-02
-1.010463699324422926e+00,4.328734018313615262e-02,4.066179601529439080e-02,-2.833231654206771477e+00,5.609600008977268931e-02
-1.010463699324422926e+00,4.328734018313615262e-02,4.066179601529439080e-02,-3.611798000011467114e+00,5.609600008977268931e-02
-1.010463699324422926e+00,4.328734018313615262e-02,4.056517081770357608e-02,-3.831291115683353343e+00,2.437840916437428868e-02
-1.010463699324422926e+00,4.328734018313615262e-02,4.056517081770357608e-02,-3.831291115683353343e+00,2.437840916437428868e-02
-1.010463699324422926e+00,4.328734018313615262e-02,4.056517081770357608e-02,-3.831291115683353343e+00,2.437840916437428868e-02
-1.010463699324422926e+00,4.328734018313615262e-02,4.056517081770357608e-02,-3.969094250590305961e+00,2.437840916437428868e-02
-1.322217953104867449e+00,4.167359604602789702e-02,4.056517081770357608e-02,-3.969094250590305961e+00,2.437840916437428868e-02
-1.322217953104867449e+00,4.167359604602789702e-02,-2.470119791842698490e-02,-3.969094250590305961e+00,2.437840916437428868e-02
-1.322217953104867449e+00,4.167359604602789702e-02,-4.169761781384108412e-02,-3.969094250590305961e+00,1.643485716532601393e-02
-1.379352284091999614e+00,4.167359604602789702e-02,-4.169761781384108412e-02,-3.969094250590305961e+00,1.643485716532601393e-02
-1.382058769523679675e+00,4.167359604602789702e-02,-4.169761781384108412e-02,-3.969094250590305961e+00,1.643485716532601393e-02
-1.382058769523679675e+00,4.167359604602789702e-02,-4.169761781384108412e-02,-3.969094250590305961e+00,1.643485716532601393e-02
-1.640901079952662212e+00,4.167359604602789702e-02,-4.169761781384108412e-02,-4.117065812051357021e+00,1.323935805116637637e-02
-1.640901079952662212e+00,4.167359604602789702e-02,-5.200409739058824837e-02,-4.117065812051357021e+00,1.323935805116637637e-02
-1.725075096900972049e+00,4.167359604602789702e-02,-5.200409739058824837e-02,-4.117065812051357021e+00,1.323935805116637637e-02
-1.725075096900972049e+00,4.167359604602789702e-02,-5.200409739058824837e-02,-4.117065812051357021e+00,8.970386574388800743e-03
-1.725075096900972049e+00,4.167359604602789702e-02,-5.200409739058824837e-02,-4.117065812051357021e+00,8.970386574388800743e-03
-1.987392451413656058e+00,4.167359604602789702e-02,-5.200409739058824837e-02,-5.204319452130214962e+00,8.970386574388800743e-03
-1.987392451413656058e+00,4.167359604602789702e-02,-5.200409739058824837e-02,-5.204319452130214962e+00,8.970386574388800743e-03
-1.987392451413656058e+00,4.167359604602789702e-02,-5.200409739058824837e-02,-5.204319452130214962e+00,8.970386574388800743e-03
-1.987392451413656058e+00,4.167359604602789702e-02,-5.200409739058824837e-02,-5.204319452130214962e+00,8.970386574388800743e-03
-1.987392451413656058e+00,3.968205936505864173e-02,-6.186644387125378453e-02,-5.204319452130214962e+00,8.970386574388800743e-03
-2.021718482109989168e+00,3.968205936505864173e-02,-6.186644387125378453e-02,-5.204319452130214962e+00,-4.582420143075641855e-03
-2.021718482109989168e+00,3.968205936505864173e-02,-6.186644387125378453e-02,-5.204319452130214962e+00,-4.582420143075641855e-03
-2.021718482109989168e+00,3.968205936505864173e-02,-6.186644387125378453e-02,-5.204319452130214962e+00,-1.466386336268692657e-02
-2.021718482109989168e+00,3.968205936505864173e-02,-6.186644387125378453e-02,-5.204319452130214962e+00,-1.466386336268692657e-02
-2.021718482109989168e+00,3.968205936505864173e-02,-7.075811112773834621e-02,-5.396612267692990628e+00,-1.466386336268692657e-02
-2.021718482109989168e+00,2.616391144024362778e-02,-7.617447025940590755e-02,-5.396612267692990628e+00,-1.466386336268692657e-02
-2.021718482109989168e+00,2.616391144024362778e-02,-7.617447025940590755e-02,-6.570049017713163408e+00,-1.469811132475688439e-02
-2.021718482109989168e+00,2.616391144024362778e-02,-7.624730067525671562e-02,-7.250731064559632344e+00,-3.548370462029850486e-02
