-8.908710440531009134e-01,2.455708848740844719e+00,-1.532273842005010067e+01,9.416784399990225651e-01,1.863448817900216214e+00,-3.768543723558174796e-01,9.943635845826099384e+00,4.475192489303350563e+00,-4.219574446238559595e+00,1.808273669260651029e-01
-8.908710440531009134e-01,-9.657972615271498418e-02,-1.532273842005010067e+01,-3.497826796945074368e-01,1.863448817900216214e+00,-3.768543723558174796e-01,9.943635845826099384e+00,4.808692517843369818e-01,-8.950726719174795676e+00,-1.887538230518169824e+00
-8.908710440531009134e-01,-6.264480842103267832e+00,-1.532273842005010067e+01,-6.025949780932689848e+00,1.863448817900216214e+00,-3.768543723558174796e-01,2.273062969304899816e-01,4.808692517843369818e-01,-8.950726719174795676e+00,-1.887538230518169824e+00
-8.908710440531009134e-01,-6.264480842103267832e+00,-1.532273842005010067e+01,-6.025949780932689848e+00,-4.905577217049976291e+00,-3.768543723558174796e-01,2.273062969304899816e-01,4.808692517843369818e-01,-8.950726719174795676e+00,-1.887538230518169824e+00
-8.908710440531009134e-01,-6.264480842103267832e+00,-1.532273842005010067e+01,-6.025949780932689848e+00,-6.727197961062922005e+00,-3.768543723558174796e-01,2.273062969304899816e-01,4.808692517843369818e-01,-9.787877470974320815e+00,-1.887538230518169824e+00
-2.189562434183959017e+00,-1.473344237121871814e+01,-1.532273842005010067e+01,-6.025949780932689848e+00,-6.727197961062922005e+00,-3.768543723558174796e-01,-4.890161149275303210e+00,4.808692517843369818e-01,-9.787877470974320815e+00,-1.887538230518169824e+00
-2.189562434183959017e+00,-1.473344237121871814e+01,-1.532273842005010067e+01,-6.025949780932689848e+00,-6.727197961062922005e+00,-3.768543723558174796e-01,-4.890161149275303210e+00,4.046650141872531470e-01,-1.014664603428442824e+01,-1.887538230518169824e+00
-2.189562434183959017e+00,-1.473344237121871814e+01,-1.532273842005010067e+01,-6.025949780932689848e+00,-6.911153526769345135e+00,-2.161542481162964879e+00,-4.890161149275303210e+00,4.046650141872531470e-01,-1.223835076591733717e+01,-1.650079189051977835e+01
-2.189562434183959017e+00,-1.473344237121871814e+01,-1.532273842005010067e+01,-6.025949780932689848e+00,-6.911153526769345135e+00,-2.161542481162964879e+00,-4.890161149275303210e+00,4.046650141872531470e-01,-1.223835076591733717e+01,-1.650079189051977835e+01
-2.189562434183959017e+00,-1.473344237121871814e+01,-1.532273842005010067e+01,-6.616952901798509146e+00,-6.911153526769345135e+00,-2.161542481162964879e+00,-4.890161149275303210e+00,3.471385197971791348e-01,-1.223835076591733717e+01,-1.650079189051977835e+01
-2.189562434183959017e+00,-1.473344237121871814e+01,-1.532273842005010067e+01,-1.025336399050028824e+01,-6.911153526769345135e+00,-3.314660731079426714e+00,-4.890161149275303210e+00,3.336667020626957192e-01,-1.223835076591733717e+01,-1.650079189051977835e+01
-2.189562434183959017e+00,-1.473344237121871814e+01,-1.532273842005010067e+01,-1.025336399050028824e+01,-6.911153526769345135e+00,-3.314660731079426714e+00,-4.890161149275303210e+00,2.289796087558189086e-01,-1.223835076591733717e+01,-1.650079189051977835e+01
-2.189562434183959017e+00,-1.473344237121871814e+01,-1.532273842005010067e+01,-1.025336399050028824e+01,-6.911153526769345135e+00,-3.314660731079426714e+00,-4.890161149275303210e+00,2.289796087558189086e-01,-1.223835076591733717e+01,-1.650079189051977835e+01
-2.189562434183959017e+00,-1.473344237121871814e+01,-1.532273842005010067e+01,-1.025336399050028824e+01,-6.911153526769345135e+00,-4.321200091331821369e+00,-4.890161149275303210e+00,2.289796087558189086e-01,-1.601956229731315418e+01,-1.650079189051977835e+01
-2.189562434183959017e+00,-1.598311118855075286e+01,-1.532273842005010067e+01,-1.025336399050028824e+01,-6.911153526769345135e+00,-4.321200091331821369e+00,-4.890161149275303210e+00,2.289796087558189086e-01,-1.601956229731315418e+01,-1.650079189051977835e+01
-2.189562434183959017e+00,-1.765681028238819650e+01,-1.532273842005010067e+01,-1.274698722034244724e+01,-6.911153526769345135e+00,-4.321200091331821369e+00,-4.890161149275303210e+00,2.289796087558189086e-01,-1.601956229731315418e+01,-1.650079189051977835e+01
-2.189562434183959017e+00,-1.765681028238819650e+01,-1.532273842005010067e+01,-1.274698722034244724e+01,-8.257743687208840555e+00,-4.321200091331821369e+00,-4.890161149275303210e+00,2.289796087558189086e-01,-1.601956229731315418e+01,-1.650079189051977835e+01
-2.189562434183959017e+00,-1.765681028238819650e+01,-1.532273842005010067e+01,-1.274698722034244724e+01,-8.257743687208840555e+00,-4.321200091331821369e+00,-4.890161149275303210e+00,2.289796087558189086e-01,-1.601956229731315418e+01,-1.650079189051977835e+01
-2.189562434183959017e+00,-1.765681028238819650e+01,-1.532273842005010067e+01,-1.339030710829873172e+01,-8.257743687208840555e+00,-4.739536333103218091e+00,-4.890161149275303210e+00,2.067308748489244674e-01,-1.601956229731315418e+01,-1.650079189051977835e+01
-2.189562434183959017e+00,-1.765681028238819650e+01,-1.557536789518863429e+01,-1.339030710829873172e+01,-8.257743687208840555e+00,-4.739536333103218091e+00,-4.890161149275303210e+00,2.067308748489244674e-01,-1.601956229731315418e+01,-1.650079189051977835e+01
-2.189562434183959017e+00,-1.765681028238819650e+01,-1.557536789518863429e+01,-1.339030710829873172e+01,-8.257743687208840555e+00,-4.739536333103218091e+00,-4.890161149275303210e+00,2.067308748489244674e-01,-1.601956229731315418e+01,-1.650079189051977835e+01
-2.189562434183959017e+00,-1.765681028238819650e+01,-1.557536789518863429e+01,-1.391453544535966991e+01,-8.257743687208840555e+00,-4.739536333103218091e+00,-4.890161149275303210e+00,2.067308748489244674e-01,-1.601956229731315418e+01,-1.650079189051977835e+01
-3.023113442727102473e+00,-1.765681028238819650e+01,-1.557536789518863429e+01,-1.391453544535966991e+01,-8.257743687208840555e+00,-4.739536333103218091e+00,-4.890161149275303210e+00,2.067308748489244674e-01,-1.601956229731315418e+01,-1.650079189051977835e+01
-3.023113442727102473e+00,-1.765681028238819650e+01,-1.656330779423260680e+01,-1.391453544535966991e+01,-8.257743687208840555e+00,-4.739536333103218091e+00,-4.890161149275303210e+00,2.067308748489244674e-01,-1.601956229731315418e+01,-1.650079189051977835e+01
-3.023113442727102473e+00,-1.765681028238819650e+01,-1.656330779423260680e+01,-1.392336054426133884e+01,-8.257743687208840555e+00,-4.739536333103218091e+00,-4.890161149275303210e+00,2.067308748489244674e-01,-1.601956229731315418e+01,-1.650079189051977835e+01
-3.023113442727102473e+00,-1.765681028238819650e+01,-1.656330779423260680e+01,-1.392336054426133884e+01,-8.257743687208840555e+00,-4.739536333103218091e+00,-4.890161149275303210e+00,1.844190873535124231e-01,-1.601956229731315418e+01,-1.650079189051977835e+01
-3.023113442727102473e+00,-1.794717357239549926e+01,-1.656330779423260680e+01,-1.392336054426133884e+01,-8.257743687208840555e+00,-4.739536333103218091e+00,-4.890161149275303210e+00,1.844190873535124231e-01,-1.601956229731315418e+01,-1.650079189051977835e+01
-3.341380074799948918e+00,-1.794717357239549926e+01,-1.656330779423260680e+01,-1.392336054426133884e+01,-8.257743687208840555e+00,-4.739536333103218091e+00,-4.890161149275303210e+00,-4.163280026164599690e-01,-1.601956229731315418e+01,-1.650079189051977835e+01
-3.341380074799948918e+00,-1.794717357239549926e+01,-1.656330779423260680e+01,-1.392336054426133884e+01,-8.829833237294860027e+00,-4.739536333103218091e+00,-4.890161149275303210e+00,-4.163280026164599690e-01,-1.601956229731315418e+01,-1.650079189051977835e+01
-3.341380074799948918e+00,-1.794717357239549926e+01,-1.656330779423260680e+01,-1.392336054426133884e+01,-1.032543724031684107e+01,-4.739536333103218091e+00,-4.890161149275303210e+00,-4.163280026164599690e-01,-1.601956229731315418e+01,-1.650079189051977835e+01
-3.341380074799948918e+00,-1.913512103381772889e+01,-1.656330779423260680e+01,-1.392336054426133884e+01,-1.032543724031684107e+01,-4.739536333103218091e+00,-4.890161149275303210e+00,-4.163280026164599690e-01,-1.601956229731315418e+01,-1.650079189051977835e+01
-3.341380074799948918e+00,-1.913512103381772889e+01,-1.656330779423260680e+01,-1.392336054426133884e+01,-1.032543724031684107e+01,-4.739536333103218091e+00,-4.890161149275303210e+00,-7.717540241413418656e-01,-1.601956229731315418e+01,-1.650079189051977835e+01
-3.341380074799948918e+00,-1.913512103381772889e+01,-1.656330779423260680e+01,-1.392336054426133884e+01,-1.032543724031684107e+01,-4.739536333103218091e+00,-4.890161149275303210e+00,-7.717540241413418656e-01,-1.601956229731315418e+01,-1.650079189051977835e+01
-3.341380074799948918e+00,-1.913512103381772889e+01,-1.656330779423260680e+01,-1.392336054426133884e+01,-1.618924018141906629e+01,-4.739536333103218091e+00,-4.890161149275303210e+00,-7.717540241413418656e-01,-1.601956229731315418e+01,-1.650079189051977835e+01
-3.341380074799948918e+00,-1.913512103381772889e+01,-1.656330779423260680e+01,-1.392336054426133884e+01,-1.618924018141906629e+01,-4.739536333103218091e+00,-4.890161149275303210e+00,-7.717540241413418656e-01,-1.601956229731315418e+01,-1.650079189051977835e+01
-3.341380074799948918e+00,-1.913512103381772889e+01,-1.656330779423260680e+01,-1.392336054426133884e+01,-1.618924018141906629e+01,-1.003812562328245583e+01,-4.890161149275303210e+00,-7.717540241413418656e-01,-1.601956229731315418e+01,-1.650079189051977835e+01
-4.006755338495350038e+00,-1.913512103381772889e+01,-1.656330779423260680e+01,-1.392336054426133884e+01,-1.618924018141906629e+01,-1.003812562328245583e+01,-4.890161149275303210e+00,-7.717540241413418656e-01,-1.601956229731315418e+01,-1.650079189051977835e+01
-6.725095760721216287e+00,-1.913512103381772889e+01,-1.656330779423260680e+01,-1.392336054426133884e+01,-1.618924018141906629e+01,-1.444383999409378738e+01,-4.890161149275303210e+00,-7.717540241413418656e-01,-1.601956229731315418e+01,-1.650079189051977835e+01
-6.926875061811258227e+00,-1.913512103381772889e+01,-1.656330779423260680e+01,-1.392336054426133884e+01,-1.618924018141906629e+01,-1.444383999409378738e+01,-4.890161149275303210e+00,-7.717540241413418656e-01,-1.601956229731315418e+01,-1.650079189051977835e+01
-6.926875061811258227e+00,-1.913512103381772889e+01,-1.656330779423260680e+01,-1.392336054426133884e+01,-1.618924018141906629e+01,-1.444383999409378738e+01,-4.890161149275303210e+00,-7.717540241413418656e-01,-1.601956229731315418e+01,-1.650079189051977835e+01
-6.926875061811258227e+00,-1.913512103381772889e+01,-1.656330779423260680e+01,-1.392336054426133884e+01,-1.632565343343520325e+01,-1.444383999409378738e+01,-4.890161149275303210e+00,-7.717540241413418656e-01,-1.677630033657332120e+01,-1.650079189051977835e+01
-6.926875061811258227e+00,-2.000468483668023012e+01,-1.656330779423260680e+01,-1.410070611390508333e+01,-1.632565343343520325e+01,-1.444383999409378738e+01,-4.890161149275303210e+00,-7.717540241413418656e-01,-1.677630033657332120e+01,-1.650079189051977835e+01
-6.926875061811258227e+00,-2.000468483668023012e+01,-1.656330779423260680e+01,-1.410070611390508333e+01,-1.632565343343520325e+01,-1.444383999409378738e+01,-4.890161149275303210e+00,-7.717540241413418656e-01,-1.677630033657332120e+01,-1.650079189051977835e+01
-6.926875061811258227e+00,-2.000468483668023012e+01,-1.656330779423260680e+01,-1.410070611390508333e+01,-2.235767760807729232e+01,-1.444383999409378738e+01,-4.890161149275303210e+00,-7.717540241413418656e-01,-1.677630033657332120e+01,-1.650079189051977835e+01
-6.926875061811258227e+00,-2.000468483668023012e+01,-1.702838213262384315e+01,-1.410070611390508333e+01,-2.235767760807729232e+01,-1.444383999409378738e+01,-4.890161149275303210e+00,-7.717540241413418656e-01,-1.677630033657332120e+01,-1.650079189051977835e+01
-6.926875061811258227e+00,-2.000468483668023012e+01,-1.702838213262384315e+01,-1.410070611390508333e+01,-2.235767760807729232e+01,-1.444383999409378738e+01,-4.890161149275303210e+00,-7.717540241413418656e-01,-1.677630033657332120e+01,-1.650079189051977835e+01
-6.926875061811258227e+00,-2.400824104168985329e+01,-1.702838213262384315e+01,-1.410070611390508333e+01,-2.235767760807729232e+01,-1.444383999409378738e+01,-4.890161149275303210e+00,-7.717540241413418656e-01,-1.677630033657332120e+01,-1.650079189051977835e+01
-6.926875061811258227e+00,-2.400824104168985329e+01,-1.702838213262384315e+01,-1.410070611390508333e+01,-2.235767760807729232e+01,-1.444383999409378738e+01,-4.890161149275303210e+00,-2.600944110083359462e+00,-1.677630033657332120e+01,-1.650079189051977835e+01
-6.926875061811258227e+00,-2.400824104168985329e+01,-1.702838213262384315e+01,-1.410070611390508333e+01,-2.235767760807729232e+01,-1.444383999409378738e+01,-4.890161149275303210e+00,-2.600944110083359462e+00,-1.677630033657332120e+01,-1.650079189051977835e+01
-6.926875061811258227e+00,-2.400824104168985329e+01,-1.702838213262384315e+01,-1.410070611390508333e+01,-2.235767760807729232e+01,-1.444383999409378738e+01,-4.890161149275303210e+00,-3.717695133292755472e+00,-1.677630033657332120e+01,-1.650079189051977835e+01
-6.926875061811258227e+00,-2.400824104168985329e+01,-1.702838213262384315e+01,-1.410070611390508333e+01,-2.235767760807729232e+01,-1.444383999409378738e+01,-4.890161149275303210e+00,-4.900531811479864608e+00,-1.677630033657332120e+01,-1.650079189051977835e+01
-7.291178453579633789e+00,-2.400824104168985329e+01,-1.702838213262384315e+01,-1.456801202112840876e+01,-2.235767760807729232e+01,-1.444383999409378738e+01,-4.890161149275303210e+00,-4.900531811479864608e+00,-1.677630033657332120e+01,-1.650079189051977835e+01
-9.315852159575976899e+00,-2.400824104168985329e+01,-1.702838213262384315e+01,-1.456801202112840876e+01,-2.235767760807729232e+01,-1.444383999409378738e+01,-4.890161149275303210e+00,-4.900531811479864608e+00,-1.677630033657332120e+01,-1.650079189051977835e+01
-9.315852159575976899e+00,-2.400824104168985329e+01,-1.702838213262384315e+01,-1.456801202112840876e+01,-2.235767760807729232e+01,-1.444383999409378738e+01,-4.890161149275303210e+00,-4.900531811479864608e+00,-1.677630033657332120e+01,-1.650079189051977835e+01
-9.315852159575976899e+00,-2.400824104168985329e+01,-1.702838213262384315e+01,-1.456801202112840876e+01,-2.235767760807729232e+01,-1.444383999409378738e+01,-4.890161149275303210e+00,-4.900531811479864608e+00,-1.677630033657332120e+01,-1.650079189051977835e+01
-9.315852159575976899e+00,-2.400824104168985329e+01,-1.702838213262384315e+01,-1.456801202112840876e+01,-2.272555625364936205e+01,-1.444383999409378738e+01,-4.890161149275303210e+00,-4.900531811479864608e+00,-1.677630033657332120e+01,-1.650079189051977835e+01
-9.315852159575976899e+00,-2.400824104168985329e+01,-1.702838213262384315e+01,-1.456801202112840876e+01,-2.272555625364936205e+01,-1.444383999409378738e+01,-4.890161149275303210e+00,-4.900531811479864608e+00,-1.677630033657332120e+01,-1.650079189051977835e+01
-9.315852159575976899e+00,-2.400824104168985329e+01,-1.702838213262384315e+01,-1.755542529885346426e+01,-2.272555625364936205e+01,-1.444383999409378738e+01,-4.890161149275303210e+00,-4.900531811479864608e+00,-1.677630033657332120e+01,-1.650079189051977835e+01
-9.315852159575976899e+00,-2.400824104168985329e+01,-1.702838213262384315e+01,-1.755542529885346426e+01,-2.272555625364936205e+01,-1.444383999409378738e+01,-4.890161149275303210e+00,-4.900531811479864608e+00,-1.677630033657332120e+01,-1.650079189051977835e+01
-9.315852159575976899e+00,-2.400824104168985329e+01,-1.702838213262384315e+01,-1.755542529885346426e+01,-2.272555625364936205e+01,-1.444383999409378738e+01,-4.890161149275303210e+00,-4.900531811479864608e+00,-1.677630033657332120e+01,-1.650079189051977835e+01
-9.315852159575976899e+00,-2.400824104168985329e+01,-1.702838213262384315e+01,-1.755542529885346426e+01,-2.272555625364936205e+01,-1.444383999409378738e+01,-4.890161149275303210e+00,-4.900531811479864608e+00,-1.677630033657332120e+01,-1.650079189051977835e+01
-9.315852159575976899e+00,-2.400824104168985329e+01,-1.702838213262384315e+01,-1.755542529885346426e+01,-2.272555625364936205e+01,-1.444383999409378738e+01,-4.890161149275303210e+00,-4.900531811479864608e+00,-1.677630033657332120e+01,-1.650079189051977835e+01
-9.315852159575976899e+00,-2.400824104168985329e+01,-1.702838213262384315e+01,-1.755542529885346426e+01,-2.272555625364936205e+01,-1.444383999409378738e+01,-4.890161149275303210e+00,-4.900531811479864608e+00,-1.677630033657332120e+01,-1.650079189051977835e+01
-9.315852159575976899e+00,-2.400824104168985329e+01,-1.702838213262384315e+01,-1.755542529885346426e+01,-2.272555625364936205e+01,-1.444383999409378738e+01,-4.890161149275303210e+00,-4.900531811479864608e+00,-1.677630033657332120e+01,-1.650079189051977835e+01
-9.315852159575976899e+00,-2.400824104168985329e+01,-1.702838213262384315e+01,-1.755542529885346426e+01,-2.272555625364936205e+01,-1.444383999409378738e+01,-4.890161149275303210e+00,-4.900531811479864608e+00,-1.722636891282483518e+01,-1.650079189051977835e+01
-9.315852159575976899e+00,-2.400824104168985329e+01,-1.702838213262384315e+01,-1.755542529885346426e+01,-2.272555625364936205e+01,-1.444383999409378738e+01,-4.890161149275303210e+00,-4.900531811479864608e+00,-1.722636891282483518e+01,-1.650079189051977835e+01
-9.883036985778385741e+00,-2.400824104168985329e+01,-1.702838213262384315e+01,-1.755542529885346426e+01,-2.272555625364936205e+01,-1.444383999409378738e+01,-4.890161149275303210e+00,-4.900531811479864608e+00,-1.722636891282483518e+01,-1.650079189051977835e+01
-9.883036985778385741e+00,-2.400824104168985329e+01,-1.702838213262384315e+01,-1.755542529885346426e+01,-2.272555625364936205e+01,-1.444383999409378738e+01,-4.890161149275303210e+00,-4.900531811479864608e+00,-1.722636891282483518e+01,-1.650079189051977835e+01
-9.883036985778385741e+00,-2.410885491102861522e+01,-1.702838213262384315e+01,-1.755542529885346426e+01,-2.272555625364936205e+01,-1.444383999409378738e+01,-4.890161149275303210e+00,-4.900531811479864608e+00,-1.722636891282483518e+01,-1.650079189051977835e+01
-9.883036985778385741e+00,-2.410885491102861522e+01,-1.702838213262384315e+01,-1.755542529885346426e+01,-2.272555625364936205e+01,-1.444383999409378738e+01,-4.890161149275303210e+00,-4.900531811479864608e+00,-1.722636891282483518e+01,-1.650079189051977835e+01
-9.883036985778385741e+00,-2.427699732248239428e+01,-1.702838213262384315e+01,-1.755542529885346426e+01,-2.272555625364936205e+01,-1.444383999409378738e+01,-4.890161149275303210e+00,-4.900531811479864608e+00,-1.722636891282483518e+01,-1.650079189051977835e+01
-9.883036985778385741e+00,-2.427699732248239428e+01,-1.702838213262384315e+01,-1.755542529885346426e+01,-2.272555625364936205e+01,-1.444383999409378738e+01,-4.890161149275303210e+00,-4.900531811479864608e+00,-1.722636891282483518e+01,-1.650079189051977835e+01
-9.883036985778385741e+00,-2.427699732248239428e+01,-1.928162904112840437e+01,-1.755542529885346426e+01,-2.272555625364936205e+01,-1.444383999409378738e+01,-4.890161149275303210e+00,-4.900531811479864608e+00,-1.722636891282483518e+01,-1.650079189051977835e+01
-9.883036985778385741e+00,-2.427699732248239428e+01,-1.928162904112840437e+01,-1.755542529885346426e+01,-2.380772867420302674e+01,-1.587533614969036400e+01,-4.890161149275303210e+00,-4.900531811479864608e+00,-1.722636891282483518e+01,-1.650079189051977835e+01
-9.883036985778385741e+00,-2.427699732248239428e+01,-1.928162904112840437e+01,-1.755542529885346426e+01,-2.380772867420302674e+01,-1.587533614969036400e+01,-4.890161149275303210e+00,-4.900531811479864608e+00,-1.722636891282483518e+01,-1.650079189051977835e+01
-9.883036985778385741e+00,-2.427699732248239428e+01,-1.928162904112840437e+01,-1.755542529885346426e+01,-2.380772867420302674e+01,-1.587533614969036400e+01,-4.890161149275303210e+00,-4.900531811479864608e+00,-1.722636891282483518e+01,-1.650079189051977835e+01
-9.883036985778385741e+00,-2.427699732248239428e+01,-1.928162904112840437e+01,-1.755542529885346426e+01,-2.380772867420302674e+01,-1.587533614969036400e+01,-4.890161149275303210e+00,-4.900531811479864608e+00,-1.722636891282483518e+01,-1.650079189051977835e+01
-9.883036985778385741e+00,-2.427699732248239428e+01,-1.928162904112840437e+01,-1.755542529885346426e+01,-2.380772867420302674e+01,-1.587533614969036400e+01,-4.890161149275303210e+00,-4.900531811479864608e+00,-1.722636891282483518e+01,-1.650079189051977835e+01
-9.883036985778385741e+00,-2.427699732248239428e+01,-1.928162904112840437e+01,-1.755542529885346426e+01,-2.380772867420302674e+01,-1.587533614969036400e+01,-4.890161149275303210e+00,-4.900531811479864608e+00,-1.722636891282483518e+01,-1.650079189051977835e+01
-9.883036985778385741e+00,-2.427699732248239428e+01,-1.928162904112840437e+01,-1.755542529885346426e+01,-2.380772867420302674e+01,-1.587533614969036400e+01,-4.890161149275303210e+00,-4.900531811479864608e+00,-1.722636891282483518e+01,-1.650079189051977835e+01
-9.883036985778385741e+00,-2.427699732248239428e+01,-1.928162904112840437e+01,-1.755542529885346426e+01,-2.380772867420302674e+01,-1.587533614969036400e+01,-4.890161149275303210e+00,-4.900531811479864608e+00,-1.722636891282483518e+01,-1.650079189051977835e+01
-9.883036985778385741e+00,-2.427699732248239428e+01,-1.928162904112840437e+01,-1.755542529885346426e+01,-2.380772867420302674e+01,-1.587533614969036400e+01,-4.890161149275303210e+00,-4.900531811479864608e+00,-1.722636891282483518e+01,-1.650079189051977835e+01
-9.883036985778385741e+00,-2.427699732248239428e+01,-1.928162904112840437e+01,-1.755542529885346426e+01,-2.380772867420302674e+01,-1.587533614969036400e+01,-4.890161149275303210e+00,-4.900531811479864608e+00,-1.722636891282483518e+01,-1.650079189051977835e+01
-1.083753085115430537e+01,-2.427699732248239428e+01,-1.928162904112840437e+01,-1.755542529885346426e+01,-2.380772867420302674e+01,-1.587533614969036400e+01,-4.890161149275303210e+00,-4.900531811479864608e+00,-1.754847031963231885e+01,-1.650079189051977835e+01
-1.083753085115430537e+01,-2.427699732248239428e+01,-1.928162904112840437e+01,-1.755542529885346426e+01,-2.380772867420302674e+01,-1.587533614969036400e+01,-4.890161149275303210e+00,-4.900531811479864608e+00,-1.819636210718983449e+01,-1.650079189051977835e+01
-1.083753085115430537e+01,-2.427699732248239428e+01,-1.928162904112840437e+01,-1.755542529885346426e+01,-2.380772867420302674e+01,-1.587533614969036400e+01,-4.890161149275303210e+00,-4.900531811479864608e+00,-1.819636210718983449e+01,-1.650079189051977835e+01
-1.083753085115430537e+01,-2.427699732248239428e+01,-1.928162904112840437e+01,-1.755542529885346426e+01,-2.380772867420302674e+01,-1.587533614969036400e+01,-4.890161149275303210e+00,-4.900531811479864608e+00,-1.819636210718983449e+01,-1.650079189051977835e+01
-1.083753085115430537e+01,-2.427699732248239428e+01,-1.928162904112840437e+01,-1.755542529885346426e+01,-2.380772867420302674e+01,-1.587533614969036400e+01,-4.890161149275303210e+00,-4.900531811479864608e+00,-1.819636210718983449e+01,-1.650079189051977835e+01
-1.083753085115430537e+01,-2.427699732248239428e+01,-1.928162904112840437e+01,-1.755542529885346426e+01,-2.380772867420302674e+01,-1.751225560355020150e+01,-4.890161149275303210e+00,-4.900531811479864608e+00,-1.819636210718983449e+01,-1.650079189051977835e+01
-1.083753085115430537e+01,-2.427699732248239428e+01,-1.928162904112840437e+01,-1.755542529885346426e+01,-2.380772867420302674e+01,-1.751225560355020150e+01,-4.890161149275303210e+00,-4.900531811479864608e+00,-1.819636210718983449e+01,-1.650079189051977835e+01
-1.083753085115430537e+01,-2.427699732248239428e+01,-1.928162904112840437e+01,-1.755542529885346426e+01,-2.380772867420302674e+01,-1.751225560355020150e+01,-4.890161149275303210e+00,-4.900531811479864608e+00,-1.819636210718983449e+01,-1.650079189051977835e+01
-1.083753085115430537e+01,-2.427699732248239428e+01,-1.928162904112840437e+01,-1.755542529885346426e+01,-2.380772867420302674e+01,-1.751225560355020150e+01,-4.890161149275303210e+00,-4.900531811479864608e+00,-1.819636210718983449e+01,-1.650079189051977835e+01
-1.083753085115430537e+01,-2.509745452806426158e+01,-1.928162904112840437e+01,-1.755542529885346426e+01,-2.380772867420302674e+01,-1.751225560355020150e+01,-4.890161149275303210e+00,-4.900531811479864608e+00,-1.819636210718983449e+01,-1.650079189051977835e+01
-1.083753085115430537e+01,-2.509745452806426158e+01,-1.928162904112840437e+01,-1.755542529885346426e+01,-2.393267451940827328e+01,-1.751225560355020150e+01,-4.890161149275303210e+00,-4.900531811479864608e+00,-1.819636210718983449e+01,-1.650079189051977835e+01
-1.083753085115430537e+01,-2.509745452806426158e+01,-1.928162904112840437e+01,-1.755542529885346426e+01,-2.404698040747895149e+01,-1.751225560355020150e+01,-4.890161149275303210e+00,-4.900531811479864608e+00,-1.819636210718983449e+01,-1.650079189051977835e+01
-1.083753085115430537e+01,-2.598266347748155169e+01,-1.928162904112840437e+01,-1.755542529885346426e+01,-2.404698040747895149e+01,-1.751225560355020150e+01,-4.890161149275303210e+00,-4.900531811479864608e+00,-1.819636210718983449e+01,-1.650079189051977835e+01
-1.083753085115430537e+01,-2.598266347748155169e+01,-1.928162904112840437e+01,-1.755542529885346426e+01,-2.404698040747895149e+01,-1.751225560355020150e+01,-4.890161149275303210e+00,-4.900531811479864608e+00,-1.819636210718983449e+01,-1.650079189051977835e+01
-1.083753085115430537e+01,-2.623890400089901220e+01,-1.928162904112840437e+01,-1.755542529885346426e+01,-2.404698040747895149e+01,-1.751225560355020150e+01,-4.890161149275303210e+00,-4.900531811479864608e+00,-1.819636210718983449e+01,-1.650079189051977835e+01
-1.083753085115430537e+01,-2.623890400089901220e+01,-1.928162904112840437e+01,-1.755542529885346426e+01,-2.404698040747895149e+01,-1.751225560355020150e+01,-4.890161149275303210e+00,-4.900531811479864608e+00,-1.819636210718983449e+01,-1.650079189051977835e+01
-1.083753085115430537e+01,-2.690481648721157271e+01,-1.928162904112840437e+01,-1.755542529885346426e+01,-2.404698040747895149e+01,-1.751225560355020150e+01,-4.890161149275303210e+00,-4.900531811479864608e+00,-1.819636210718983449e+01,-1.650079189051977835e+01
-1.083753085115430537e+01,-2.690481648721157271e+01,-1.928162904112840437e+01,-1.755542529885346426e+01,-2.404698040747895149e+01,-1.751225560355020150e+01,-4.890161149275303210e+00,-4.900531811479864608e+00,-1.819636210718983449e+01,-1.650079189051977835e+01
-1.083753085115430537e+01,-2.690481648721157271e+01,-1.928162904112840437e+01,-1.755542529885346426e+01,-2.404698040747895149e+01,-1.751225560355020150e+01,-4.890161149275303210e+00,-4.900531811479864608e+00,-1.819636210718983449e+01,-1.650079189051977835e+01
-1.083753085115430537e+01,-2.690481648721157271e+01,-1.928162904112840437e+01,-1.755542529885346426e+01,-2.653682198187591723e+01,-1.751225560355020150e+01,-4.890161149275303210e+00,-4.900531811479864608e+00,-1.819636210718983449e+01,-1.650079189051977835e+01
-1.083753085115430537e+01,-2.690481648721157271e+01,-1.928162904112840437e+01,-1.755542529885346426e+01,-2.653682198187591723e+01,-1.751225560355020150e+01,-4.890161149275303210e+00,-4.900531811479864608e+00,-1.819636210718983449e+01,-1.650079189051977835e+01
-1.083753085115430537e+01,-2.690481648721157271e+01,-1.928162904112840437e+01,-1.755542529885346426e+01,-2.653682198187591723e+01,-1.751225560355020150e+01,-4.890161149275303210e+00,-4.900531811479864608e+00,-1.819636210718983449e+01,-1.650079189051977835e+01
-1.083753085115430537e+01,-2.690481648721157271e+01,-1.928162904112840437e+01,-1.755542529885346426e+01,-2.653682198187591723e+01,-2.225360605265331415e+01,-4.890161149275303210e+00,-4.900531811479864608e+00,-1.819636210718983449e+01,-1.650079189051977835e+01
-1.083753085115430537e+01,-2.690481648721157271e+01,-1.928162904112840437e+01,-1.755542529885346426e+01,-2.653682198187591723e+01,-2.225360605265331415e+01,-4.890161149275303210e+00,-4.900531811479864608e+00,-1.819636210718983449e+01,-1.650079189051977835e+01
-1.083753085115430537e+01,-2.690481648721157271e+01,-1.928162904112840437e+01,-1.755542529885346426e+01,-2.653682198187591723e+01,-2.225360605265331415e+01,-4.890161149275303210e+00,-4.900531811479864608e+00,-1.819636210718983449e+01,-1.650079189051977835e+01
-1.083753085115430537e+01,-2.690481648721157271e+01,-1.928162904112840437e+01,-1.755542529885346426e+01,-2.653682198187591723e+01,-2.225360605265331415e+01,-4.890161149275303210e+00,-4.900531811479864608e+00,-1.819636210718983449e+01,-1.650079189051977835e+01
-1.083753085115430537e+01,-2.690481648721157271e+01,-1.928162904112840437e+01,-1.755542529885346426e+01,-2.653682198187591723e+01,-2.225360605265331415e+01,-4.890161149275303210e+00,-4.900531811479864608e+00,-1.819636210718983449e+01,-1.650079189051977835e+01
-1.083753085115430537e+01,-2.690481648721157271e+01,-1.928162904112840437e+01,-1.755542529885346426e+01,-2.653682198187591723e+01,-2.225360605265331415e+01,-4.890161149275303210e+00,-4.900531811479864608e+00,-1.819636210718983449e+01,-1.650079189051977835e+01
-1.083753085115430537e+01,-2.690481648721157271e+01,-1.928162904112840437e+01,-1.755542529885346426e+01,-2.653682198187591723e+01,-2.225360605265331415e+01,-4.890161149275303210e+00,-4.900531811479864608e+00,-1.819636210718983449e+01,-1.650079189051977835e+01
-1.083753085115430537e+01,-2.818578179523067462e+01,-1.928162904112840437e+01,-1.755542529885346426e+01,-2.653682198187591723e+01,-2.225360605265331415e+01,-4.890161149275303210e+00,-4.900531811479864608e+00,-1.819636210718983449e+01,-1.650079189051977835e+01
-1.083753085115430537e+01,-2.818578179523067462e+01,-1.928162904112840437e+01,-1.755542529885346426e+01,-2.653682198187591723e+01,-2.225360605265331415e+01,-4.890161149275303210e+00,-4.900531811479864608e+00,-1.819636210718983449e+01,-1.650079189051977835e+01
-1.083753085115430537e+01,-2.818578179523067462e+01,-1.928162904112840437e+01,-1.755542529885346426e+01,-2.653682198187591723e+01,-2.225360605265331415e+01,-4.890161149275303210e+00,-4.900531811479864608e+00,-1.819636210718983449e+01,-1.650079189051977835e+01
-1.083753085115430537e+01,-2.818578179523067462e+01,-1.928162904112840437e+01,-1.755542529885346426e+01,-2.653682198187591723e+01,-2.225360605265331415e+01,-4.890161149275303210e+00,-4.900531811479864608e+00,-1.819636210718983449e+01,-1.650079189051977835e+01
-1.083753085115430537e+01,-2.818578179523067462e+01,-1.928162904112840437e+01,-1.755542529885346426e+01,-2.653682198187591723e+01,-2.225360605265331415e+01,-4.890161149275303210e+00,-4.900531811479864608e+00,-1.895889050436346679e+01,-1.650079189051977835e+01
-1.083753085115430537e+01,-2.818578179523067462e+01,-1.928162904112840437e+01,-1.755542529885346426e+01,-2.653682198187591723e+01,-2.225360605265331415e+01,-4.890161149275303210e+00,-4.900531811479864608e+00,-1.895889050436346679e+01,-1.650079189051977835e+01
-1.083753085115430537e+01,-2.818578179523067462e+01,-1.928162904112840437e+01,-1.755542529885346426e+01,-2.653682198187591723e+01,-2.225360605265331415e+01,-4.890161149275303210e+00,-4.900531811479864608e+00,-1.895889050436346679e+01,-1.650079189051977835e+01
-1.083753085115430537e+01,-2.818578179523067462e+01,-1.928162904112840437e+01,-1.755542529885346426e+01,-2.653682198187591723e+01,-2.225360605265331415e+01,-5.173339526173416303e+00,-4.900531811479864608e+00,-1.895889050436346679e+01,-1.650079189051977835e+01
-1.083753085115430537e+01,-2.818578179523067462e+01,-1.928162904112840437e+01,-1.755542529885346426e+01,-2.653682198187591723e+01,-2.225360605265331415e+01,-5.173339526173416303e+00,-4.900531811479864608e+00,-1.895889050436346679e+01,-1.650079189051977835e+01
-1.083753085115430537e+01,-2.818578179523067462e+01,-1.928162904112840437e+01,-1.755542529885346426e+01,-2.653682198187591723e+01,-2.234643730096042802e+01,-5.173339526173416303e+00,-4.900531811479864608e+00,-1.895889050436346679e+01,-1.650079189051977835e+01
-1.083753085115430537e+01,-2.818578179523067462e+01,-1.928162904112840437e+01,-1.755542529885346426e+01,-2.653682198187591723e+01,-2.278409114594651541e+01,-5.173339526173416303e+00,-4.900531811479864608e+00,-1.895889050436346679e+01,-1.650079189051977835e+01
-1.083753085115430537e+01,-2.818578179523067462e+01,-1.928162904112840437e+01,-1.755542529885346426e+01,-2.653682198187591723e+01,-2.278409114594651541e+01,-5.173339526173416303e+00,-4.900531811479864608e+00,-1.895889050436346679e+01,-1.650079189051977835e+01
-1.083753085115430537e+01,-2.818578179523067462e+01,-1.928162904112840437e+01,-1.755542529885346426e+01,-2.653682198187591723e+01,-2.278409114594651541e+01,-5.173339526173416303e+00,-4.900531811479864608e+00,-1.895889050436346679e+01,-1.650079189051977835e+01
-1.083753085115430537e+01,-2.818578179523067462e+01,-1.928162904112840437e+01,-1.755542529885346426e+01,-2.653682198187591723e+01,-2.278409114594651541e+01,-5.173339526173416303e+00,-4.900531811479864608e+00,-1.895889050436346679e+01,-1.650079189051977835e+01
-1.083753085115430537e+01,-2.818578179523067462e+01,-1.928162904112840437e+01,-1.755542529885346426e+01,-2.653682198187591723e+01,-2.278409114594651541e+01,-5.173339526173416303e+00,-4.900531811479864608e+00,-1.895889050436346679e+01,-1.650079189051977835e+01
-1.083753085115430537e+01,-2.818578179523067462e+01,-1.928162904112840437e+01,-1.755542529885346426e+01,-2.653682198187591723e+01,-2.278409114594651541e+01,-5.173339526173416303e+00,-4.900531811479864608e+00,-1.895889050436346679e+01,-1.650079189051977835e+01
-1.083753085115430537e+01,-2.818578179523067462e+01,-1.928162904112840437e+01,-1.755542529885346426e+01,-2.653682198187591723e+01,-2.278409114594651541e+01,-5.173339526173416303e+00,-4.900531811479864608e+00,-1.895889050436346679e+01,-1.650079189051977835e+01
-1.083753085115430537e+01,-2.818578179523067462e+01,-1.928162904112840437e+01,-1.755542529885346426e+01,-2.653682198187591723e+01,-2.278409114594651541e+01,-5.173339526173416303e+00,-4.900531811479864608e+00,-1.895889050436346679e+01,-1.650079189051977835e+01
-1.083753085115430537e+01,-2.818578179523067462e+01,-1.928162904112840437e+01,-1.755542529885346426e+01,-2.653682198187591723e+01,-2.278409114594651541e+01,-5.173339526173416303e+00,-4.900531811479864608e+00,-1.895889050436346679e+01,-1.650079189051977835e+01
-1.083753085115430537e+01,-2.818578179523067462e+01,-1.928162904112840437e+01,-1.755542529885346426e+01,-2.653682198187591723e+01,-2.278409114594651541e+01,-5.173339526173416303e+00,-4.900531811479864608e+00,-1.895889050436346679e+01,-1.650079189051977835e+01
-1.083753085115430537e+01,-2.818578179523067462e+01,-1.928162904112840437e+01,-1.755542529885346426e+01,-2.653682198187591723e+01,-2.278409114594651541e+01,-5.173339526173416303e+00,-4.900531811479864608e+00,-1.895889050436346679e+01,-1.650079189051977835e+01
-1.083753085115430537e+01,-2.818578179523067462e+01,-1.928162904112840437e+01,-1.755542529885346426e+01,-2.653682198187591723e+01,-2.383187738710907411e+01,-5.173339526173416303e+00,-4.900531811479864608e+00,-1.895889050436346679e+01,-1.650079189051977835e+01
-1.083753085115430537e+01,-2.818578179523067462e+01,-1.928162904112840437e+01,-1.755542529885346426e+01,-2.653682198187591723e+01,-2.383187738710907411e+01,-5.173339526173416303e+00,-4.900531811479864608e+00,-1.895889050436346679e+01,-1.650079189051977835e+01
-1.083753085115430537e+01,-2.818578179523067462e+01,-1.928162904112840437e+01,-1.755542529885346426e+01,-2.653682198187591723e+01,-2.383187738710907411e+01,-5.173339526173416303e+00,-4.900531811479864608e+00,-1.895889050436346679e+01,-1.650079189051977835e+01
-1.083753085115430537e+01,-2.818578179523067462e+01,-1.928162904112840437e+01,-1.755542529885346426e+01,-2.653682198187591723e+01,-2.383187738710907411e+01,-5.173339526173416303e+00,-4.900531811479864608e+00,-1.895889050436346679e+01,-1.650079189051977835e+01
-1.083753085115430537e+01,-2.818578179523067462e+01,-1.928162904112840437e+01,-1.755542529885346426e+01,-2.653682198187591723e+01,-2.383187738710907411e+01,-5.173339526173416303e+00,-4.900531811479864608e+00,-1.895889050436346679e+01,-1.650079189051977835e+01
-1.083753085115430537e+01,-2.845120283567526087e+01,-1.928162904112840437e+01,-1.755542529885346426e+01,-2.653682198187591723e+01,-2.383187738710907411e+01,-5.173339526173416303e+00,-4.900531811479864608e+00,-1.895889050436346679e+01,-1.650079189051977835e+01
-1.083753085115430537e+01,-2.845120283567526087e+01,-1.928162904112840437e+01,-1.755542529885346426e+01,-2.653682198187591723e+01,-2.383187738710907411e+01,-5.173339526173416303e+00,-4.900531811479864608e+00,-1.895889050436346679e+01,-1.650079189051977835e+01
-1.083753085115430537e+01,-2.845120283567526087e+01,-1.928162904112840437e+01,-1.755542529885346426e+01,-2.653682198187591723e+01,-2.383187738710907411e+01,-6.584741225243133655e+00,-4.900531811479864608e+00,-1.895889050436346679e+01,-1.650079189051977835e+01
-1.083753085115430537e+01,-2.845120283567526087e+01,-1.928162904112840437e+01,-1.755542529885346426e+01,-2.653682198187591723e+01,-2.383187738710907411e+01,-6.876391586348174378e+00,-4.900531811479864608e+00,-1.895889050436346679e+01,-1.650079189051977835e+01
-1.083753085115430537e+01,-2.845120283567526087e+01,-1.928162904112840437e+01,-1.755542529885346426e+01,-2.653682198187591723e+01,-2.383187738710907411e+01,-6.876391586348174378e+00,-4.900531811479864608e+00,-1.895889050436346679e+01,-1.650079189051977835e+01
-1.083753085115430537e+01,-2.845120283567526087e+01,-1.928162904112840437e+01,-1.755542529885346426e+01,-2.653682198187591723e+01,-2.383187738710907411e+01,-6.876391586348174378e+00,-4.900531811479864608e+00,-1.895889050436346679e+01,-1.650079189051977835e+01
-1.083753085115430537e+01,-2.845120283567526087e+01,-1.928162904112840437e+01,-1.755542529885346426e+01,-2.653682198187591723e+01,-2.383187738710907411e+01,-6.876391586348174378e+00,-4.900531811479864608e+00,-1.895889050436346679e+01,-1.650079189051977835e+01
-1.083753085115430537e+01,-2.845120283567526087e+01,-1.928162904112840437e+01,-1.755542529885346426e+01,-2.904008112660266860e+01,-2.383187738710907411e+01,-6.876391586348174378e+00,-4.900531811479864608e+00,-1.895889050436346679e+01,-1.650079189051977835e+01
-1.083753085115430537e+01,-2.845120283567526087e+01,-1.928162904112840437e+01,-1.755542529885346426e+01,-2.904008112660266860e+01,-2.383187738710907411e+01,-6.876391586348174378e+00,-4.900531811479864608e+00,-1.895889050436346679e+01,-1.650079189051977835e+01
-1.083753085115430537e+01,-2.845120283567526087e+01,-1.928162904112840437e+01,-1.755542529885346426e+01,-2.904008112660266860e+01,-2.383187738710907411e+01,-6.876391586348174378e+00,-4.900531811479864608e+00,-1.895889050436346679e+01,-1.650079189051977835e+01
-1.083753085115430537e+01,-2.845120283567526087e+01,-1.928162904112840437e+01,-1.755542529885346426e+01,-2.904008112660266860e+01,-2.409962484797634019e+01,-6.876391586348174378e+00,-4.900531811479864608e+00,-1.895889050436346679e+01,-1.650079189051977835e+01
-1.083753085115430537e+01,-2.990426124567874311e+01,-1.928162904112840437e+01,-1.755542529885346426e+01,-2.904008112660266860e+01,-2.409962484797634019e+01,-6.876391586348174378e+00,-4.900531811479864608e+00,-1.895889050436346679e+01,-1.650079189051977835e+01
-1.083753085115430537e+01,-2.990426124567874311e+01,-1.928162904112840437e+01,-1.755542529885346426e+01,-2.904008112660266860e+01,-2.409962484797634019e+01,-6.876391586348174378e+00,-4.900531811479864608e+00,-1.895889050436346679e+01,-1.650079189051977835e+01
