-2.057823512423004875e+00,9.885199802035695704e-01,2.003517076267249675e-01,-1.677699890156572948e+00,-6.415199971554569336e-01,-2.817239938782501341e+00,-1.638338806751011567e-01,3.380180369280036956e+00,3.625269011450676260e+00,-2.830742517795348245e+00
-2.057823512423004875e+00,9.885199802035695704e-01,1.023173828187940865e-01,-1.677699890156572948e+00,-5.135848285860108220e+00,-2.817239938782501341e+00,-1.638338806751011567e-01,3.380180369280036956e+00,1.934780104248400967e+00,-2.830742517795348245e+00
-2.057823512423004875e+00,9.885199802035695704e-01,3.023137297148863201e-02,-1.677699890156572948e+00,-5.135848285860108220e+00,-4.954580851159855470e+00,-2.662301891922229657e+00,6.756932963979489504e-01,1.934780104248400967e+00,-4.171230219002206141e+00
-2.057823512423004875e+00,9.885199802035695704e-01,-4.820712542634567055e-02,-1.773635066133762095e+00,-5.135848285860108220e+00,-4.954580851159855470e+00,-2.662301891922229657e+00,6.756932963979489504e-01,1.934780104248400967e+00,-4.171230219002206141e+00
-2.057823512423004875e+00,6.045640039971776902e-01,-4.820712542634567055e-02,-3.492950673509848780e+00,-5.135848285860108220e+00,-4.954580851159855470e+00,-2.662301891922229657e+00,6.756932963979489504e-01,1.934780104248400967e+00,-4.171230219002206141e+00
-2.057823512423004875e+00,6.045640039971776902e-01,-4.820712542634567055e-02,-3.492950673509848780e+00,-5.135848285860108220e+00,-5.874850635424208711e+00,-3.766676292421034411e+00,-5.261705065927120728e+00,1.934780104248400967e+00,-4.171230219002206141e+00
-4.940109809567077903e+00,6.045640039971776902e-01,-4.820712542634567055e-02,-3.492950673509848780e+00,-5.135848285860108220e+00,-5.874850635424208711e+00,-3.766676292421034411e+00,-1.447519411483592933e+01,1.934780104248400967e+00,-4.713060147361981755e+00
-4.940109809567077903e+00,6.045640039971776902e-01,-4.820712542634567055e-02,-3.492950673509848780e+00,-5.135848285860108220e+00,-6.283167322881049621e+00,-3.766676292421034411e+00,-1.447519411483592933e+01,1.928358839801172842e+00,-4.713060147361981755e+00
-5.914948863347470720e+00,6.045640039971776902e-01,-4.820712542634567055e-02,-3.492950673509848780e+00,-5.135848285860108220e+00,-6.283167322881049621e+00,-3.766676292421034411e+00,-1.447519411483592933e+01,1.928358839801172842e+00,-4.713060147361981755e+00
-5.914948863347470720e+00,6.045640039971776902e-01,-4.820712542634567055e-02,-3.492950673509848780e+00,-5.135848285860108220e+00,-6.283167322881049621e+00,-4.486725584669747136e+00,-1.447519411483592933e+01,1.928358839801172842e+00,-4.713060147361981755e+00
-5.914948863347470720e+00,6.045640039971776902e-01,-2.025639608125644919e+00,-3.492950673509848780e+00,-5.135848285860108220e+00,-6.283167322881049621e+00,-4.486725584669747136e+00,-1.447519411483592933e+01,1.777347886038458169e+00,-5.803414924861682422e+00
-5.914948863347470720e+00,6.045640039971776902e-01,-3.450753687061285380e+00,-3.887752535116216102e+00,-5.135848285860108220e+00,-6.283167322881049621e+00,-5.006775284714372276e+00,-1.447519411483592933e+01,1.522095127503088285e+00,-5.803414924861682422e+00
-5.914948863347470720e+00,6.045640039971776902e-01,-4.285005377921698333e+00,-4.456616931012010951e+00,-5.135848285860108220e+00,-6.283167322881049621e+00,-5.006775284714372276e+00,-1.447519411483592933e+01,1.522095127503088285e+00,-5.803414924861682422e+00
-5.914948863347470720e+00,-2.345162525054935720e+00,-4.285005377921698333e+00,-4.962720923942574913e+00,-5.135848285860108220e+00,-6.283167322881049621e+00,-5.171880593250829605e+00,-1.447519411483592933e+01,5.760029752038879902e-01,-6.961134512235331862e+00
-5.914948863347470720e+00,-2.345162525054935720e+00,-4.285005377921698333e+00,-4.962720923942574913e+00,-5.135848285860108220e+00,-6.283167322881049621e+00,-5.171880593250829605e+00,-1.447519411483592933e+01,-1.857699411973954828e-01,-6.961134512235331862e+00
-5.914948863347470720e+00,-2.345162525054935720e+00,-4.285005377921698333e+00,-4.962720923942574913e+00,-5.135848285860108220e+00,-6.283167322881049621e+00,-5.171880593250829605e+00,-1.447519411483592933e+01,-1.857699411973954828e-01,-7.535985103044407829e+00
-8.930147435276321488e+00,-2.345162525054935720e+00,-4.285005377921698333e+00,-7.100759089744814290e+00,-5.135848285860108220e+00,-6.283167322881049621e+00,-5.171880593250829605e+00,-1.447519411483592933e+01,-1.857699411973954828e-01,-7.535985103044407829e+00
-8.930147435276321488e+00,-2.345162525054935720e+00,-5.051240219933300857e+00,-7.100759089744814290e+00,-5.135848285860108220e+00,-6.283167322881049621e+00,-5.171880593250829605e+00,-1.447519411483592933e+01,-1.857699411973954828e-01,-7.756919357423776695e+00
-8.930147435276321488e+00,-2.345162525054935720e+00,-5.051240219933300857e+00,-7.389231195927960627e+00,-5.135848285860108220e+00,-8.902130390989292152e+00,-5.298298546908410955e+00,-1.447519411483592933e+01,-1.857699411973954828e-01,-7.756919357423776695e+00
-8.930147435276321488e+00,-2.345162525054935720e+00,-5.051240219933300857e+00,-9.058385256315753864e+00,-5.135848285860108220e+00,-8.902130390989292152e+00,-5.298298546908410955e+00,-1.447519411483592933e+01,-1.857699411973954828e-01,-7.756919357423776695e+00
-8.930147435276321488e+00,-2.345162525054935720e+00,-5.051240219933300857e+00,-9.058385256315753864e+00,-5.135848285860108220e+00,-8.902130390989292152e+00,-5.298298546908410955e+00,-1.447519411483592933e+01,-2.328152784766025496e-01,-7.756919357423776695e+00
-8.930147435276321488e+00,-2.345162525054935720e+00,-5.051240219933300857e+00,-9.058385256315753864e+00,-5.135848285860108220e+00,-8.902130390989292152e+00,-5.298298546908410955e+00,-1.447519411483592933e+01,-2.328152784766025496e-01,-7.756919357423776695e+00
-8.930147435276321488e+00,-2.345162525054935720e+00,-5.051240219933300857e+00,-9.058385256315753864e+00,-5.135848285860108220e+00,-8.902130390989292152e+00,-5.298298546908410955e+00,-1.447519411483592933e+01,-2.328152784766025496e-01,-7.756919357423776695e+00
-8.930147435276321488e+00,-2.345162525054935720e+00,-5.051240219933300857e+00,-9.058385256315753864e+00,-5.135848285860108220e+00,-8.902130390989292152e+00,-5.298298546908410955e+00,-1.447519411483592933e+01,-2.328152784766025496e-01,-8.298717367248871213e+00
-8.930147435276321488e+00,-2.345162525054935720e+00,-5.477776276487150042e+00,-9.058385256315753864e+00,-5.135848285860108220e+00,-8.902130390989292152e+00,-5.298298546908410955e+00,-1.447519411483592933e+01,-2.328152784766025496e-01,-8.298717367248871213e+00
-8.930147435276321488e+00,-2.345162525054935720e+00,-5.477776276487150042e+00,-9.058385256315753864e+00,-5.135848285860108220e+00,-8.902130390989292152e+00,-6.373126039562915679e+00,-1.447519411483592933e+01,-2.328152784766025496e-01,-8.298717367248871213e+00
-8.930147435276321488e+00,-2.345162525054935720e+00,-5.477776276487150042e+00,-1.031113896748055936e+01,-5.135848285860108220e+00,-8.902130390989292152e+00,-6.373126039562915679e+00,-1.447519411483592933e+01,-2.328152784766025496e-01,-8.298717367248871213e+00
-8.930147435276321488e+00,-2.345162525054935720e+00,-5.477776276487150042e+00,-1.031113896748055936e+01,-6.235223740265467107e+00,-8.902130390989292152e+00,-6.373126039562915679e+00,-1.447519411483592933e+01,-2.328152784766025496e-01,-8.298717367248871213e+00
-8.930147435276321488e+00,-2.345162525054935720e+00,-5.477776276487150042e+00,-1.031113896748055936e+01,-6.235223740265467107e+00,-8.902130390989292152e+00,-6.373126039562915679e+00,-1.447519411483592933e+01,-2.328152784766025496e-01,-8.298717367248871213e+00
-8.930147435276321488e+00,-2.345162525054935720e+00,-5.477776276487150042e+00,-1.031113896748055936e+01,-6.235223740265467107e+00,-8.902130390989292152e+00,-6.373126039562915679e+00,-1.447519411483592933e+01,-2.328152784766025496e-01,-8.298717367248871213e+00
-8.930147435276321488e+00,-2.345162525054935720e+00,-5.477776276487150042e+00,-1.031113896748055936e+01,-6.235223740265467107e+00,-8.902130390989292152e+00,-6.373126039562915679e+00,-1.447519411483592933e+01,-2.328152784766025496e-01,-8.298717367248871213e+00
-8.930147435276321488e+00,-2.345162525054935720e+00,-5.477776276487150042e+00,-1.157880243312030366e+01,-7.944012215021174939e+00,-8.902130390989292152e+00,-6.373126039562915679e+00,-1.447519411483592933e+01,-2.328152784766025496e-01,-8.298717367248871213e+00
-8.930147435276321488e+00,-2.345162525054935720e+00,-5.477776276487150042e+00,-1.157880243312030366e+01,-7.944012215021174939e+00,-8.902130390989292152e+00,-6.373126039562915679e+00,-1.447519411483592933e+01,-2.328152784766025496e-01,-8.599379128657165694e+00
-8.930147435276321488e+00,-2.345162525054935720e+00,-5.477776276487150042e+00,-1.157880243312030366e+01,-7.944012215021174939e+00,-8.902130390989292152e+00,-6.373126039562915679e+00,-1.447519411483592933e+01,-2.328152784766025496e-01,-8.599379128657165694e+00
-8.930147435276321488e+00,-2.345162525054935720e+00,-5.700867880748867300e+00,-1.157880243312030366e+01,-7.944012215021174939e+00,-8.902130390989292152e+00,-6.373126039562915679e+00,-1.447519411483592933e+01,-2.328152784766025496e-01,-8.599379128657165694e+00
-8.930147435276321488e+00,-2.345162525054935720e+00,-5.700867880748867300e+00,-1.157880243312030366e+01,-7.944012215021174939e+00,-8.902130390989292152e+00,-6.373126039562915679e+00,-1.447519411483592933e+01,-2.328152784766025496e-01,-8.599379128657165694e+00
-8.930147435276321488e+00,-2.345162525054935720e+00,-5.917558546108357298e+00,-1.157880243312030366e+01,-8.283064369717342501e+00,-8.902130390989292152e+00,-6.373126039562915679e+00,-1.447519411483592933e+01,-2.328152784766025496e-01,-8.599379128657165694e+00
-8.930147435276321488e+00,-2.345162525054935720e+00,-5.917558546108357298e+00,-1.157880243312030366e+01,-8.956226540825163340e+00,-8.902130390989292152e+00,-6.373126039562915679e+00,-1.447519411483592933e+01,-4.728616162897779418e+00,-8.599379128657165694e+00
-9.569686504797159543e+00,-2.345162525054935720e+00,-5.917558546108357298e+00,-1.157880243312030366e+01,-8.956226540825163340e+00,-8.902130390989292152e+00,-6.679352318255974197e+00,-1.447519411483592933e+01,-4.728616162897779418e+00,-8.599379128657165694e+00
-9.569686504797159543e+00,-2.345162525054935720e+00,-5.917558546108357298e+00,-1.250782287552329386e+01,-8.956226540825163340e+00,-8.902130390989292152e+00,-6.679352318255974197e+00,-1.447519411483592933e+01,-5.293126266514604161e+00,-8.599379128657165694e+00
-9.569686504797159543e+00,-2.345162525054935720e+00,-5.917558546108357298e+00,-1.250782287552329386e+01,-8.956226540825163340e+00,-8.902130390989292152e+00,-6.679352318255974197e+00,-1.447519411483592933e+01,-5.293126266514604161e+00,-8.599379128657165694e+00
-9.651970453237725067e+00,-2.345162525054935720e+00,-5.917558546108357298e+00,-1.250782287552329386e+01,-9.380075433949595975e+00,-8.902130390989292152e+00,-6.679352318255974197e+00,-1.447519411483592933e+01,-5.293126266514604161e+00,-8.599379128657165694e+00
-9.651970453237725067e+00,-2.345162525054935720e+00,-5.917558546108357298e+00,-1.250782287552329386e+01,-9.380075433949595975e+00,-8.902130390989292152e+00,-6.679352318255974197e+00,-1.447519411483592933e+01,-5.293126266514604161e+00,-8.599379128657165694e+00
-9.651970453237725067e+00,-2.345162525054935720e+00,-6.042947059693925205e+00,-1.250782287552329386e+01,-9.380075433949595975e+00,-8.902130390989292152e+00,-6.679352318255974197e+00,-1.447519411483592933e+01,-5.293126266514604161e+00,-8.599379128657165694e+00
-9.651970453237725067e+00,-2.345162525054935720e+00,-6.042947059693925205e+00,-1.438672320123458626e+01,-9.380075433949595975e+00,-8.902130390989292152e+00,-7.318685491276240462e+00,-1.447519411483592933e+01,-5.293126266514604161e+00,-8.599379128657165694e+00
-9.651970453237725067e+00,-2.345162525054935720e+00,-7.190750921889524250e+00,-1.438672320123458626e+01,-9.380075433949595975e+00,-8.902130390989292152e+00,-7.318685491276240462e+00,-1.447519411483592933e+01,-5.293126266514604161e+00,-8.599379128657165694e+00
-9.651970453237725067e+00,-2.345162525054935720e+00,-7.190750921889524250e+00,-1.438672320123458626e+01,-9.380075433949595975e+00,-8.902130390989292152e+00,-7.523725408055423891e+00,-1.447519411483592933e+01,-5.481036410477157617e+00,-8.599379128657165694e+00
-9.651970453237725067e+00,-2.345162525054935720e+00,-7.190750921889524250e+00,-1.438672320123458626e+01,-9.380075433949595975e+00,-8.902130390989292152e+00,-7.523725408055423891e+00,-1.447519411483592933e+01,-5.481036410477157617e+00,-8.599379128657165694e+00
-9.651970453237725067e+00,-2.345162525054935720e+00,-7.190750921889524250e+00,-1.803012178651075104e+01,-9.380075433949595975e+00,-8.902130390989292152e+00,-7.736525465068900154e+00,-1.447519411483592933e+01,-5.481036410477157617e+00,-8.599379128657165694e+00
-9.651970453237725067e+00,-2.345162525054935720e+00,-7.190750921889524250e+00,-1.803012178651075104e+01,-9.380075433949595975e+00,-8.902130390989292152e+00,-7.736525465068900154e+00,-1.447519411483592933e+01,-5.481036410477157617e+00,-8.599379128657165694e+00
-9.651970453237725067e+00,-2.345162525054935720e+00,-7.190750921889524250e+00,-1.803012178651075104e+01,-9.809607604785266943e+00,-8.902130390989292152e+00,-7.736525465068900154e+00,-1.447519411483592933e+01,-5.481036410477157617e+00,-8.599379128657165694e+00
-9.651970453237725067e+00,-2.812056989249512640e+00,-7.681874308675223695e+00,-1.803012178651075104e+01,-9.809607604785266943e+00,-8.902130390989292152e+00,-7.736525465068900154e+00,-1.447519411483592933e+01,-5.481036410477157617e+00,-8.599379128657165694e+00
-9.651970453237725067e+00,-3.269860822718252624e+00,-7.681874308675223695e+00,-1.899256441649246341e+01,-9.809607604785266943e+00,-8.902130390989292152e+00,-7.736525465068900154e+00,-1.447519411483592933e+01,-5.481036410477157617e+00,-8.599379128657165694e+00
-9.651970453237725067e+00,-3.269860822718252624e+00,-7.681874308675223695e+00,-1.899256441649246341e+01,-9.809607604785266943e+00,-8.902130390989292152e+00,-7.736525465068900154e+00,-1.447519411483592933e+01,-5.481036410477157617e+00,-8.855427613845639812e+00
-9.651970453237725067e+00,-3.269860822718252624e+00,-8.012213262632196020e+00,-1.899256441649246341e+01,-9.809607604785266943e+00,-8.902130390989292152e+00,-7.736525465068900154e+00,-1.447519411483592933e+01,-5.481036410477157617e+00,-8.855427613845639812e+00
-9.651970453237725067e+00,-3.269860822718252624e+00,-8.012213262632196020e+00,-1.899256441649246341e+01,-9.809607604785266943e+00,-8.902130390989292152e+00,-7.736525465068900154e+00,-1.447519411483592933e+01,-5.481036410477157617e+00,-8.855427613845639812e+00
-9.651970453237725067e+00,-3.269860822718252624e+00,-8.012213262632196020e+00,-1.899256441649246341e+01,-9.809607604785266943e+00,-8.902130390989292152e+00,-7.736525465068900154e+00,-1.447519411483592933e+01,-5.481036410477157617e+00,-8.855427613845639812e+00
-9.651970453237725067e+00,-3.269860822718252624e+00,-8.012213262632196020e+00,-1.899256441649246341e+01,-1.095325180122805797e+01,-8.902130390989292152e+00,-7.736525465068900154e+00,-1.447519411483592933e+01,-5.481036410477157617e+00,-8.855427613845639812e+00
-9.651970453237725067e+00,-3.269860822718252624e+00,-8.012213262632196020e+00,-1.899256441649246341e+01,-1.095325180122805797e+01,-8.902130390989292152e+00,-7.736525465068900154e+00,-1.447519411483592933e+01,-5.481036410477157617e+00,-8.855427613845639812e+00
-9.651970453237725067e+00,-3.269860822718252624e+00,-9.428979863036586195e+00,-1.899256441649246341e+01,-1.095325180122805797e+01,-8.902130390989292152e+00,-7.736525465068900154e+00,-1.447519411483592933e+01,-5.481036410477157617e+00,-8.855427613845639812e+00
-9.651970453237725067e+00,-3.269860822718252624e+00,-9.428979863036586195e+00,-1.899256441649246341e+01,-1.095325180122805797e+01,-8.902130390989292152e+00,-7.736525465068900154e+00,-1.447519411483592933e+01,-5.481036410477157617e+00,-8.855427613845639812e+00
-9.651970453237725067e+00,-3.269860822718252624e+00,-9.428979863036586195e+00,-1.899256441649246341e+01,-1.095325180122805797e+01,-8.902130390989292152e+00,-7.736525465068900154e+00,-1.447519411483592933e+01,-5.481036410477157617e+00,-8.855427613845639812e+00
-9.651970453237725067e+00,-3.269860822718252624e+00,-9.428979863036586195e+00,-1.899256441649246341e+01,-1.095325180122805797e+01,-8.902130390989292152e+00,-7.736525465068900154e+00,-1.447519411483592933e+01,-5.603219577088534464e+00,-8.855427613845639812e+00
-9.651970453237725067e+00,-3.269860822718252624e+00,-9.428979863036586195e+00,-1.899256441649246341e+01,-1.095325180122805797e+01,-8.902130390989292152e+00,-7.736525465068900154e+00,-1.447519411483592933e+01,-5.603219577088534464e+00,-8.855427613845639812e+00
-9.651970453237725067e+00,-3.269860822718252624e+00,-9.428979863036586195e+00,-1.899256441649246341e+01,-1.095325180122805797e+01,-8.902130390989292152e+00,-7.736525465068900154e+00,-1.447519411483592933e+01,-6.414659878715770702e+00,-8.855427613845639812e+00
-9.651970453237725067e+00,-3.269860822718252624e+00,-9.428979863036586195e+00,-1.899256441649246341e+01,-1.095325180122805797e+01,-8.902130390989292152e+00,-7.736525465068900154e+00,-1.447519411483592933e+01,-8.470054869405350573e+00,-8.855427613845639812e+00
-9.651970453237725067e+00,-3.269860822718252624e+00,-9.428979863036586195e+00,-1.899256441649246341e+01,-1.095325180122805797e+01,-8.902130390989292152e+00,-7.736525465068900154e+00,-1.447519411483592933e+01,-8.470054869405350573e+00,-8.855427613845639812e+00
-9.651970453237725067e+00,-3.269860822718252624e+00,-9.428979863036586195e+00,-1.899256441649246341e+01,-1.095325180122805797e+01,-8.902130390989292152e+00,-7.736525465068900154e+00,-1.447519411483592933e+01,-8.470054869405350573e+00,-8.855427613845639812e+00
-9.651970453237725067e+00,-3.269860822718252624e+00,-9.428979863036586195e+00,-1.899256441649246341e+01,-1.095325180122805797e+01,-8.902130390989292152e+00,-7.736525465068900154e+00,-1.447519411483592933e+01,-8.470054869405350573e+00,-8.855427613845639812e+00
-9.651970453237725067e+00,-3.269860822718252624e+00,-9.974455223741511389e+00,-1.899256441649246341e+01,-1.095325180122805797e+01,-8.902130390989292152e+00,-7.736525465068900154e+00,-1.447519411483592933e+01,-8.470054869405350573e+00,-8.855427613845639812e+00
-9.651970453237725067e+00,-3.269860822718252624e+00,-9.974455223741511389e+00,-1.899256441649246341e+01,-1.095325180122805797e+01,-8.902130390989292152e+00,-7.736525465068900154e+00,-1.447519411483592933e+01,-8.470054869405350573e+00,-8.855427613845639812e+00
-9.651970453237725067e+00,-3.269860822718252624e+00,-1.265991032918092429e+01,-1.899256441649246341e+01,-1.095325180122805797e+01,-8.902130390989292152e+00,-7.736525465068900154e+00,-1.447519411483592933e+01,-8.470054869405350573e+00,-8.855427613845639812e+00
-9.651970453237725067e+00,-3.269860822718252624e+00,-1.265991032918092429e+01,-1.899256441649246341e+01,-1.095325180122805797e+01,-8.902130390989292152e+00,-7.736525465068900154e+00,-1.447519411483592933e+01,-8.470054869405350573e+00,-8.855427613845639812e+00
-9.651970453237725067e+00,-3.269860822718252624e+00,-1.265991032918092429e+01,-1.899256441649246341e+01,-1.095325180122805797e+01,-8.902130390989292152e+00,-7.736525465068900154e+00,-1.447519411483592933e+01,-8.470054869405350573e+00,-8.855427613845639812e+00
-9.651970453237725067e+00,-3.269860822718252624e+00,-1.265991032918092429e+01,-1.899256441649246341e+01,-1.095325180122805797e+01,-8.902130390989292152e+00,-7.736525465068900154e+00,-1.447519411483592933e+01,-8.470054869405350573e+00,-8.855427613845639812e+00
-9.651970453237725067e+00,-3.269860822718252624e+00,-1.265991032918092429e+01,-1.899256441649246341e+01,-1.095325180122805797e+01,-8.902130390989292152e+00,-7.736525465068900154e+00,-1.447519411483592933e+01,-8.470054869405350573e+00,-9.391076093919698664e+00
-9.651970453237725067e+00,-3.269860822718252624e+00,-1.265991032918092429e+01,-1.899256441649246341e+01,-1.095325180122805797e+01,-8.902130390989292152e+00,-7.736525465068900154e+00,-1.447519411483592933e+01,-8.470054869405350573e+00,-9.391076093919698664e+00
-9.651970453237725067e+00,-3.269860822718252624e+00,-1.265991032918092429e+01,-1.899256441649246341e+01,-1.095325180122805797e+01,-8.902130390989292152e+00,-7.736525465068900154e+00,-1.447519411483592933e+01,-8.470054869405350573e+00,-9.391076093919698664e+00
-9.651970453237725067e+00,-3.269860822718252624e+00,-1.265991032918092429e+01,-1.899256441649246341e+01,-1.095325180122805797e+01,-8.902130390989292152e+00,-7.736525465068900154e+00,-1.447519411483592933e+01,-8.470054869405350573e+00,-9.391076093919698664e+00
-9.651970453237725067e+00,-3.269860822718252624e+00,-1.265991032918092429e+01,-1.899256441649246341e+01,-1.095325180122805797e+01,-8.902130390989292152e+00,-7.736525465068900154e+00,-1.447519411483592933e+01,-8.470054869405350573e+00,-9.391076093919698664e+00
-9.651970453237725067e+00,-3.269860822718252624e+00,-1.265991032918092429e+01,-1.931688998319933859e+01,-1.095325180122805797e+01,-8.902130390989292152e+00,-7.736525465068900154e+00,-1.447519411483592933e+01,-8.470054869405350573e+00,-9.391076093919698664e+00
-9.651970453237725067e+00,-3.269860822718252624e+00,-1.265991032918092429e+01,-1.931688998319933859e+01,-1.095325180122805797e+01,-8.902130390989292152e+00,-7.736525465068900154e+00,-1.447519411483592933e+01,-8.470054869405350573e+00,-9.391076093919698664e+00
-9.651970453237725067e+00,-3.269860822718252624e+00,-1.271435385467733070e+01,-1.931688998319933859e+01,-1.095325180122805797e+01,-8.902130390989292152e+00,-7.736525465068900154e+00,-1.447519411483592933e+01,-8.470054869405350573e+00,-9.391076093919698664e+00
-9.651970453237725067e+00,-3.269860822718252624e+00,-1.271435385467733070e+01,-1.931688998319933859e+01,-1.095325180122805797e+01,-8.954055540420421622e+00,-7.736525465068900154e+00,-1.447519411483592933e+01,-8.470054869405350573e+00,-9.391076093919698664e+00
-9.651970453237725067e+00,-3.269860822718252624e+00,-1.271435385467733070e+01,-1.934948629981874646e+01,-1.095332425605417015e+01,-8.954055540420421622e+00,-7.736525465068900154e+00,-1.447519411483592933e+01,-8.470054869405350573e+00,-9.391076093919698664e+00
-9.651970453237725067e+00,-3.269860822718252624e+00,-1.271435385467733070e+01,-1.934948629981874646e+01,-1.095332425605417015e+01,-1.331145200959125674e+01,-7.736525465068900154e+00,-1.447519411483592933e+01,-8.470054869405350573e+00,-9.391076093919698664e+00
-9.651970453237725067e+00,-3.269860822718252624e+00,-1.271435385467733070e+01,-1.934948629981874646e+01,-1.095332425605417015e+01,-1.331145200959125674e+01,-1.001204028541357616e+01,-1.447519411483592933e+01,-8.470054869405350573e+00,-9.391076093919698664e+00
-9.651970453237725067e+00,-3.269860822718252624e+00,-1.271435385467733070e+01,-1.934948629981874646e+01,-1.095332425605417015e+01,-1.331145200959125674e+01,-1.104552600187630951e+01,-1.447519411483592933e+01,-8.470054869405350573e+00,-9.391076093919698664e+00
-9.651970453237725067e+00,-3.269860822718252624e+00,-1.271435385467733070e+01,-1.934948629981874646e+01,-1.095332425605417015e+01,-1.331145200959125674e+01,-1.104552600187630951e+01,-1.447519411483592933e+01,-8.470054869405350573e+00,-9.391076093919698664e+00
-9.651970453237725067e+00,-3.269860822718252624e+00,-1.271435385467733070e+01,-1.934948629981874646e+01,-1.095332425605417015e+01,-1.331145200959125674e+01,-1.104552600187630951e+01,-1.447519411483592933e+01,-8.470054869405350573e+00,-9.391076093919698664e+00
-9.651970453237725067e+00,-3.269860822718252624e+00,-1.271435385467733070e+01,-2.073679106881308698e+01,-1.095332425605417015e+01,-1.331145200959125674e+01,-1.104552600187630951e+01,-1.447519411483592933e+01,-8.470054869405350573e+00,-9.391076093919698664e+00
-9.651970453237725067e+00,-3.269860822718252624e+00,-1.276434818512104208e+01,-2.073679106881308698e+01,-1.095332425605417015e+01,-1.331145200959125674e+01,-1.104552600187630951e+01,-1.447519411483592933e+01,-8.470054869405350573e+00,-9.391076093919698664e+00
-9.651970453237725067e+00,-3.269860822718252624e+00,-1.276434818512104208e+01,-2.073679106881308698e+01,-1.095332425605417015e+01,-1.331145200959125674e+01,-1.104552600187630951e+01,-1.447519411483592933e+01,-8.470054869405350573e+00,-9.391076093919698664e+00
-9.651970453237725067e+00,-3.269860822718252624e+00,-1.276434818512104208e+01,-2.073679106881308698e+01,-1.095332425605417015e+01,-1.331145200959125674e+01,-1.104552600187630951e+01,-1.480095159656623593e+01,-8.470054869405350573e+00,-9.391076093919698664e+00
-9.651970453237725067e+00,-3.269860822718252624e+00,-1.276434818512104208e+01,-2.073679106881308698e+01,-1.095332425605417015e+01,-1.331145200959125674e+01,-1.104552600187630951e+01,-1.480095159656623593e+01,-8.470054869405350573e+00,-9.391076093919698664e+00
-9.651970453237725067e+00,-3.269860822718252624e+00,-1.276434818512104208e+01,-2.073679106881308698e+01,-1.095332425605417015e+01,-1.331145200959125674e+01,-1.104552600187630951e+01,-1.480095159656623593e+01,-8.470054869405350573e+00,-9.391076093919698664e+00
-9.651970453237725067e+00,-3.269860822718252624e+00,-1.276434818512104208e+01,-2.073679106881308698e+01,-1.095332425605417015e+01,-1.331145200959125674e+01,-1.104552600187630951e+01,-1.480095159656623593e+01,-8.470054869405350573e+00,-9.391076093919698664e+00
-1.299158940141323626e+01,-3.269860822718252624e+00,-1.276434818512104208e+01,-2.073679106881308698e+01,-1.095332425605417015e+01,-1.331145200959125674e+01,-1.104552600187630951e+01,-1.480095159656623593e+01,-8.470054869405350573e+00,-9.391076093919698664e+00
-1.299158940141323626e+01,-3.269860822718252624e+00,-1.276434818512104208e+01,-2.073679106881308698e+01,-1.095332425605417015e+01,-1.331145200959125674e+01,-1.104552600187630951e+01,-1.480095159656623593e+01,-8.470054869405350573e+00,-9.391076093919698664e+00
-1.318121483305765018e+01,-3.269860822718252624e+00,-1.276434818512104208e+01,-2.073679106881308698e+01,-1.095332425605417015e+01,-1.331145200959125674e+01,-1.104552600187630951e+01,-1.480095159656623593e+01,-8.470054869405350573e+00,-9.391076093919698664e+00
-1.318121483305765018e+01,-3.269860822718252624e+00,-1.276434818512104208e+01,-2.073679106881308698e+01,-1.095572869400753468e+01,-1.331145200959125674e+01,-1.104552600187630951e+01,-1.480095159656623593e+01,-8.470054869405350573e+00,-9.391076093919698664e+00
-1.318121483305765018e+01,-3.269860822718252624e+00,-1.276434818512104208e+01,-2.073679106881308698e+01,-1.095572869400753468e+01,-1.331145200959125674e+01,-1.104552600187630951e+01,-1.480095159656623593e+01,-8.470054869405350573e+00,-9.391076093919698664e+00
-1.318121483305765018e+01,-3.269860822718252624e+00,-1.276434818512104208e+01,-2.073679106881308698e+01,-1.095572869400753468e+01,-1.331145200959125674e+01,-1.104552600187630951e+01,-1.480095159656623593e+01,-8.470054869405350573e+00,-9.391076093919698664e+00
-1.318121483305765018e+01,-3.269860822718252624e+00,-1.276434818512104208e+01,-2.073679106881308698e+01,-1.095572869400753468e+01,-1.331145200959125674e+01,-1.104552600187630951e+01,-1.480095159656623593e+01,-8.470054869405350573e+00,-9.391076093919698664e+00
-1.363641339902326166e+01,-3.269860822718252624e+00,-1.276434818512104208e+01,-2.073679106881308698e+01,-1.095572869400753468e+01,-1.331145200959125674e+01,-1.104552600187630951e+01,-1.480095159656623593e+01,-8.470054869405350573e+00,-9.391076093919698664e+00
-1.363641339902326166e+01,-3.269860822718252624e+00,-1.276434818512104208e+01,-2.073679106881308698e+01,-1.095572869400753468e+01,-1.331145200959125674e+01,-1.104552600187630951e+01,-1.480095159656623593e+01,-8.470054869405350573e+00,-9.391076093919698664e+00
-1.363641339902326166e+01,-3.269860822718252624e+00,-1.276434818512104208e+01,-2.073679106881308698e+01,-1.095572869400753468e+01,-1.331145200959125674e+01,-1.104552600187630951e+01,-1.480095159656623593e+01,-8.470054869405350573e+00,-9.391076093919698664e+00
-1.363641339902326166e+01,-3.269860822718252624e+00,-1.276434818512104208e+01,-2.073679106881308698e+01,-1.095572869400753468e+01,-1.331145200959125674e+01,-1.104552600187630951e+01,-1.480095159656623593e+01,-8.470054869405350573e+00,-9.391076093919698664e+00
-1.363641339902326166e+01,-3.269860822718252624e+00,-1.276434818512104208e+01,-2.073679106881308698e+01,-1.095572869400753468e+01,-1.331145200959125674e+01,-1.104552600187630951e+01,-1.480095159656623593e+01,-8.470054869405350573e+00,-9.391076093919698664e+00
-1.363641339902326166e+01,-3.269860822718252624e+00,-1.276434818512104208e+01,-2.073679106881308698e+01,-1.095572869400753468e+01,-1.331145200959125674e+01,-1.104552600187630951e+01,-1.480095159656623593e+01,-8.470054869405350573e+00,-9.391076093919698664e+00
-1.363641339902326166e+01,-3.269860822718252624e+00,-1.276434818512104208e+01,-2.073679106881308698e+01,-1.095572869400753468e+01,-1.331145200959125674e+01,-1.104552600187630951e+01,-1.480095159656623593e+01,-8.470054869405350573e+00,-9.391076093919698664e+00
-1.363641339902326166e+01,-3.269860822718252624e+00,-1.276434818512104208e+01,-2.073679106881308698e+01,-1.095572869400753468e+01,-1.331145200959125674e+01,-1.104552600187630951e+01,-1.480095159656623593e+01,-8.470054869405350573e+00,-9.391076093919698664e+00
-1.363641339902326166e+01,-3.269860822718252624e+00,-1.276434818512104208e+01,-2.073679106881308698e+01,-1.095572869400753468e+01,-1.331145200959125674e+01,-1.104552600187630951e+01,-1.480095159656623593e+01,-8.470054869405350573e+00,-9.391076093919698664e+00
-1.363641339902326166e+01,-3.269860822718252624e+00,-1.276434818512104208e+01,-2.073679106881308698e+01,-1.095572869400753468e+01,-1.331145200959125674e+01,-1.139933404051974186e+01,-1.480095159656623593e+01,-8.470054869405350573e+00,-9.391076093919698664e+00
-1.363641339902326166e+01,-3.269860822718252624e+00,-1.276434818512104208e+01,-2.073679106881308698e+01,-1.095572869400753468e+01,-1.391582354907597896e+01,-1.139933404051974186e+01,-1.480095159656623593e+01,-8.470054869405350573e+00,-9.391076093919698664e+00
-1.363641339902326166e+01,-3.269860822718252624e+00,-1.276434818512104208e+01,-2.073679106881308698e+01,-1.095572869400753468e+01,-1.391582354907597896e+01,-1.139933404051974186e+01,-1.480095159656623593e+01,-8.470054869405350573e+00,-9.391076093919698664e+00
-1.399859396057977357e+01,-3.269860822718252624e+00,-1.276434818512104208e+01,-2.073679106881308698e+01,-1.095572869400753468e+01,-1.391582354907597896e+01,-1.139933404051974186e+01,-1.480095159656623593e+01,-8.470054869405350573e+00,-9.391076093919698664e+00
-1.399859396057977357e+01,-3.269860822718252624e+00,-1.276434818512104208e+01,-2.073679106881308698e+01,-1.095572869400753468e+01,-1.391582354907597896e+01,-1.139933404051974186e+01,-1.480095159656623593e+01,-8.470054869405350573e+00,-9.391076093919698664e+00
-1.399859396057977357e+01,-3.269860822718252624e+00,-1.276434818512104208e+01,-2.073679106881308698e+01,-1.095572869400753468e+01,-1.439299493279812481e+01,-1.139933404051974186e+01,-1.480095159656623593e+01,-8.470054869405350573e+00,-9.391076093919698664e+00
-1.399859396057977357e+01,-3.269860822718252624e+00,-1.276434818512104208e+01,-2.073679106881308698e+01,-1.095572869400753468e+01,-1.439299493279812481e+01,-1.139933404051974186e+01,-1.480095159656623593e+01,-8.470054869405350573e+00,-9.391076093919698664e+00
-1.399859396057977357e+01,-3.269860822718252624e+00,-1.276434818512104208e+01,-2.073679106881308698e+01,-1.095572869400753468e+01,-1.439299493279812481e+01,-1.139933404051974186e+01,-1.480095159656623593e+01,-8.470054869405350573e+00,-9.391076093919698664e+00
-1.399859396057977357e+01,-3.269860822718252624e+00,-1.276434818512104208e+01,-2.073679106881308698e+01,-1.095572869400753468e+01,-1.439299493279812481e+01,-1.139933404051974186e+01,-1.480095159656623593e+01,-8.470054869405350573e+00,-9.391076093919698664e+00
-1.399859396057977357e+01,-4.768986404805537482e+00,-1.276434818512104208e+01,-2.073679106881308698e+01,-1.095572869400753468e+01,-1.439299493279812481e+01,-1.139933404051974186e+01,-1.480095159656623593e+01,-8.470054869405350573e+00,-9.391076093919698664e+00
-1.490115444127627065e+01,-4.768986404805537482e+00,-1.276434818512104208e+01,-2.073679106881308698e+01,-1.095572869400753468e+01,-1.439299493279812481e+01,-1.139933404051974186e+01,-1.480095159656623593e+01,-8.470054869405350573e+00,-9.391076093919698664e+00
-1.490115444127627065e+01,-4.768986404805537482e+00,-1.276434818512104208e+01,-2.073679106881308698e+01,-1.095572869400753468e+01,-1.439299493279812481e+01,-1.139933404051974186e+01,-1.480095159656623593e+01,-8.470054869405350573e+00,-9.391076093919698664e+00
-1.490115444127627065e+01,-4.768986404805537482e+00,-1.276434818512104208e+01,-2.073679106881308698e+01,-1.095572869400753468e+01,-1.439299493279812481e+01,-1.139933404051974186e+01,-1.480095159656623593e+01,-8.470054869405350573e+00,-9.391076093919698664e+00
-1.490115444127627065e+01,-4.768986404805537482e+00,-1.276434818512104208e+01,-2.073679106881308698e+01,-1.095572869400753468e+01,-1.439299493279812481e+01,-1.139933404051974186e+01,-1.480095159656623593e+01,-8.470054869405350573e+00,-9.391076093919698664e+00
-1.490115444127627065e+01,-4.768986404805537482e+00,-1.276434818512104208e+01,-2.073679106881308698e+01,-1.095572869400753468e+01,-1.439299493279812481e+01,-1.145196393401545620e+01,-1.480095159656623593e+01,-8.470054869405350573e+00,-9.391076093919698664e+00
-1.490115444127627065e+01,-4.768986404805537482e+00,-1.276434818512104208e+01,-2.073679106881308698e+01,-1.095572869400753468e+01,-1.439299493279812481e+01,-1.145196393401545620e+01,-1.480095159656623593e+01,-8.470054869405350573e+00,-9.391076093919698664e+00
-1.490115444127627065e+01,-4.768986404805537482e+00,-1.276434818512104208e+01,-2.073679106881308698e+01,-1.095572869400753468e+01,-1.439299493279812481e+01,-1.145196393401545620e+01,-1.480095159656623593e+01,-8.470054869405350573e+00,-9.391076093919698664e+00
-1.490115444127627065e+01,-4.768986404805537482e+00,-1.276434818512104208e+01,-2.073679106881308698e+01,-1.095572869400753468e+01,-1.439299493279812481e+01,-1.145196393401545620e+01,-1.480095159656623593e+01,-8.470054869405350573e+00,-9.391076093919698664e+00
-1.597639086855826918e+01,-4.768986404805537482e+00,-1.276434818512104208e+01,-2.073679106881308698e+01,-1.095572869400753468e+01,-1.454229132303401428e+01,-1.145196393401545620e+01,-1.480095159656623593e+01,-8.470054869405350573e+00,-9.391076093919698664e+00
-1.597639086855826918e+01,-4.768986404805537482e+00,-1.276434818512104208e+01,-2.073679106881308698e+01,-1.095572869400753468e+01,-1.454229132303401428e+01,-1.145196393401545620e+01,-1.480095159656623593e+01,-8.470054869405350573e+00,-9.391076093919698664e+00
-1.866960274924672447e+01,-4.768986404805537482e+00,-1.276434818512104208e+01,-2.073679106881308698e+01,-1.095572869400753468e+01,-1.454229132303401428e+01,-1.145196393401545620e+01,-1.480095159656623593e+01,-8.470054869405350573e+00,-9.391076093919698664e+00
-1.866960274924672447e+01,-4.768986404805537482e+00,-1.276434818512104208e+01,-2.073679106881308698e+01,-1.818451512254960534e+01,-1.454229132303401428e+01,-1.145196393401545620e+01,-1.480095159656623593e+01,-8.470054869405350573e+00,-9.391076093919698664e+00
-1.866960274924672447e+01,-4.768986404805537482e+00,-1.276434818512104208e+01,-2.144237514049600080e+01,-1.818451512254960534e+01,-1.454229132303401428e+01,-1.145196393401545620e+01,-1.480095159656623593e+01,-8.470054869405350573e+00,-9.391076093919698664e+00
-1.866960274924672447e+01,-4.768986404805537482e+00,-1.276434818512104208e+01,-2.144237514049600080e+01,-1.818451512254960534e+01,-1.454229132303401428e+01,-1.145196393401545620e+01,-1.480095159656623593e+01,-9.550790442296520411e+00,-9.391076093919698664e+00
-1.866960274924672447e+01,-4.768986404805537482e+00,-1.276434818512104208e+01,-2.144237514049600080e+01,-1.818451512254960534e+01,-1.454229132303401428e+01,-1.145196393401545620e+01,-1.480095159656623593e+01,-9.550790442296520411e+00,-9.391076093919698664e+00
-1.866960274924672447e+01,-4.768986404805537482e+00,-1.276434818512104208e+01,-2.144237514049600080e+01,-1.818451512254960534e+01,-1.454229132303401428e+01,-1.152864551017392714e+01,-1.480095159656623593e+01,-9.955334505871487494e+00,-9.391076093919698664e+00
-1.866960274924672447e+01,-4.768986404805537482e+00,-1.276434818512104208e+01,-2.144237514049600080e+01,-1.818451512254960534e+01,-1.454229132303401428e+01,-1.317539953603195713e+01,-1.480095159656623593e+01,-9.955334505871487494e+00,-9.391076093919698664e+00
-1.866960274924672447e+01,-4.768986404805537482e+00,-1.276434818512104208e+01,-2.144237514049600080e+01,-1.818451512254960534e+01,-1.454229132303401428e+01,-1.371678480379462073e+01,-1.480095159656623593e+01,-9.955334505871487494e+00,-9.391076093919698664e+00
-1.866960274924672447e+01,-7.555301690584316887e+00,-1.276434818512104208e+01,-2.355486438687027828e+01,-1.818451512254960534e+01,-1.454229132303401428e+01,-1.424189677577019886e+01,-1.785906982772824847e+01,-1.028040745307313841e+01,-9.391076093919698664e+00
-1.866960274924672447e+01,-7.555301690584316887e+00,-1.276434818512104208e+01,-2.355486438687027828e+01,-1.818451512254960534e+01,-1.454229132303401428e+01,-1.610416629661196097e+01,-1.785906982772824847e+01,-1.028040745307313841e+01,-9.391076093919698664e+00
-1.866960274924672447e+01,-7.555301690584316887e+00,-1.276434818512104208e+01,-2.355486438687027828e+01,-1.818451512254960534e+01,-1.454229132303401428e+01,-1.610416629661196097e+01,-1.785906982772824847e+01,-1.028040745307313841e+01,-9.391076093919698664e+00
-1.866960274924672447e+01,-7.555301690584316887e+00,-1.276434818512104208e+01,-2.355486438687027828e+01,-1.818451512254960534e+01,-1.454229132303401428e+01,-1.610416629661196097e+01,-1.785906982772824847e+01,-1.028040745307313841e+01,-9.391076093919698664e+00
-1.866960274924672447e+01,-7.555301690584316887e+00,-1.276434818512104208e+01,-2.355486438687027828e+01,-1.818451512254960534e+01,-1.454229132303401428e+01,-1.610416629661196097e+01,-1.785906982772824847e+01,-1.028040745307313841e+01,-9.391076093919698664e+00
-1.866960274924672447e+01,-7.555301690584316887e+00,-1.276434818512104208e+01,-2.355486438687027828e+01,-1.818451512254960534e+01,-1.454229132303401428e+01,-1.610416629661196097e+01,-1.785906982772824847e+01,-1.163296401776423217e+01,-9.391076093919698664e+00
-1.866960274924672447e+01,-7.555301690584316887e+00,-1.276434818512104208e+01,-2.355486438687027828e+01,-1.818451512254960534e+01,-1.454229132303401428e+01,-1.610416629661196097e+01,-1.785906982772824847e+01,-1.163296401776423217e+01,-9.391076093919698664e+00
-1.866960274924672447e+01,-7.555301690584316887e+00,-1.276434818512104208e+01,-2.355486438687027828e+01,-1.818451512254960534e+01,-1.454229132303401428e+01,-1.610416629661196097e+01,-1.785906982772824847e+01,-1.163296401776423217e+01,-9.391076093919698664e+00
-1.866960274924672447e+01,-7.555301690584316887e+00,-1.276434818512104208e+01,-2.355486438687027828e+01,-1.818451512254960534e+01,-1.454229132303401428e+01,-1.610416629661196097e+01,-1.785906982772824847e+01,-1.163296401776423217e+01,-9.391076093919698664e+00
-1.866960274924672447e+01,-7.555301690584316887e+00,-1.276434818512104208e+01,-2.355486438687027828e+01,-1.818451512254960534e+01,-1.454229132303401428e+01,-1.610416629661196097e+01,-1.785906982772824847e+01,-1.163296401776423217e+01,-9.391076093919698664e+00
