-4.962755738694116125e+00,-3.024503667964352216e-01,-7.835021747131130532e+00,-1.101446805293475428e+01,-3.103731559492236558e-01,5.929798138801267271e+00,4.286413484779559191e+00,1.166378237332669210e+00,-5.145867209681208587e-01,2.317457517844655257e+00
-4.962755738694116125e+00,-1.912068004927048648e+00,-1.063100285125279854e+01,-1.101446805293475428e+01,-3.103731559492236558e-01,3.337894418354542037e+00,4.264904549543004464e+00,-2.553775686804201639e-01,-6.014807460869526778e-01,-8.910732654625614924e-01
-4.994417322346452082e+00,-1.912068004927048648e+00,-1.063100285125279854e+01,-1.158232591052153815e+01,-7.109196301527505035e-01,3.337894418354542037e+00,4.264904549543004464e+00,-1.015206769995556257e+00,-6.014807460869526778e-01,-8.910732654625614924e-01
-4.994417322346452082e+00,-1.912068004927048648e+00,-1.063100285125279854e+01,-1.158232591052153815e+01,-7.109196301527505035e-01,3.337894418354542037e+00,1.355745841202863566e+00,-1.015206769995556257e+00,-6.014807460869526778e-01,-7.257387780239633379e+00
-1.067369147780367022e+01,-4.352702831575584241e+00,-1.063100285125279854e+01,-1.410148094051670853e+01,-6.082820760240791103e+00,3.277911008071066057e+00,1.355745841202863566e+00,-2.628301781911065671e+00,-6.014807460869526778e-01,-7.257387780239633379e+00
-1.067369147780367022e+01,-4.352702831575584241e+00,-1.063100285125279854e+01,-1.410148094051670853e+01,-6.294860070703462540e+00,3.277911008071066057e+00,1.355745841202863566e+00,-3.644434853566492105e+00,-3.348092524497559896e+00,-7.257387780239633379e+00
-1.067369147780367022e+01,-4.352702831575584241e+00,-1.166849527174279366e+01,-1.524891594854895338e+01,-6.294860070703462540e+00,2.263375030120118758e+00,1.355745841202863566e+00,-3.644434853566492105e+00,-3.348092524497559896e+00,-7.257387780239633379e+00
-1.067369147780367022e+01,-4.352702831575584241e+00,-1.166849527174279366e+01,-1.524891594854895338e+01,-6.294860070703462540e+00,6.741588748820900312e-01,-4.065578182052108636e-01,-3.644434853566492105e+00,-3.348092524497559896e+00,-7.257387780239633379e+00
-1.067369147780367022e+01,-4.352702831575584241e+00,-1.166849527174279366e+01,-1.524891594854895338e+01,-6.294860070703462540e+00,-4.655162480166686878e-01,-4.065578182052108636e-01,-3.644434853566492105e+00,-3.348092524497559896e+00,-7.257387780239633379e+00
-1.067369147780367022e+01,-4.352702831575584241e+00,-1.166849527174279366e+01,-1.524891594854895338e+01,-6.294860070703462540e+00,-1.059975603743480876e+00,-2.366140199436919556e+00,-3.644434853566492105e+00,-3.348092524497559896e+00,-7.257387780239633379e+00
-1.067369147780367022e+01,-4.352702831575584241e+00,-1.194003251236968843e+01,-1.524891594854895338e+01,-6.294860070703462540e+00,-1.059975603743480876e+00,-7.182063224440205396e+00,-3.644434853566492105e+00,-3.348092524497559896e+00,-7.257387780239633379e+00
-1.067369147780367022e+01,-4.352702831575584241e+00,-1.194003251236968843e+01,-1.524891594854895338e+01,-6.294860070703462540e+00,-1.059975603743480876e+00,-7.182063224440205396e+00,-3.644434853566492105e+00,-3.348092524497559896e+00,-7.257387780239633379e+00
-1.067369147780367022e+01,-4.352702831575584241e+00,-1.194003251236968843e+01,-1.758269275836722656e+01,-6.294860070703462540e+00,-1.059975603743480876e+00,-7.182063224440205396e+00,-3.644434853566492105e+00,-3.348092524497559896e+00,-7.257387780239633379e+00
-1.067369147780367022e+01,-4.352702831575584241e+00,-1.194003251236968843e+01,-1.758269275836722656e+01,-6.294860070703462540e+00,-1.059975603743480876e+00,-7.182063224440205396e+00,-3.644434853566492105e+00,-3.348092524497559896e+00,-7.257387780239633379e+00
-1.067369147780367022e+01,-4.352702831575584241e+00,-1.301657429502086671e+01,-1.758269275836722656e+01,-8.041169047269903558e+00,-1.059975603743480876e+00,-7.182063224440205396e+00,-3.644434853566492105e+00,-3.348092524497559896e+00,-7.553634147104226315e+00
-1.067369147780367022e+01,-4.352702831575584241e+00,-1.301657429502086671e+01,-1.758269275836722656e+01,-8.041169047269903558e+00,-1.059975603743480876e+00,-7.182063224440205396e+00,-3.644434853566492105e+00,-4.937677195844782929e+00,-7.553634147104226315e+00
-1.067369147780367022e+01,-4.352702831575584241e+00,-1.301657429502086671e+01,-1.758269275836722656e+01,-8.041169047269903558e+00,-1.059975603743480876e+00,-7.182063224440205396e+00,-3.644434853566492105e+00,-4.937677195844782929e+00,-7.553634147104226315e+00
-1.067369147780367022e+01,-4.352702831575584241e+00,-1.301657429502086671e+01,-1.758269275836722656e+01,-8.041169047269903558e+00,-1.059975603743480876e+00,-7.182063224440205396e+00,-3.644434853566492105e+00,-8.958875767073292806e+00,-7.553634147104226315e+00
-1.067369147780367022e+01,-4.352702831575584241e+00,-1.301657429502086671e+01,-1.758269275836722656e+01,-8.041169047269903558e+00,-1.059975603743480876e+00,-7.182063224440205396e+00,-3.644434853566492105e+00,-8.958875767073292806e+00,-7.553634147104226315e+00
-1.067369147780367022e+01,-4.352702831575584241e+00,-1.301657429502086671e+01,-1.758269275836722656e+01,-8.041169047269903558e+00,-1.059975603743480876e+00,-7.182063224440205396e+00,-3.644434853566492105e+00,-1.611142607147421302e+01,-7.553634147104226315e+00
-1.067369147780367022e+01,-4.352702831575584241e+00,-1.301657429502086671e+01,-1.758269275836722656e+01,-9.602560984438571978e+00,-1.059975603743480876e+00,-7.182063224440205396e+00,-3.644434853566492105e+00,-1.611142607147421302e+01,-7.553634147104226315e+00
-1.067369147780367022e+01,-4.352702831575584241e+00,-1.301657429502086671e+01,-1.758269275836722656e+01,-9.869597614796534302e+00,-1.741406139186519653e+00,-7.968595221983842514e+00,-3.644434853566492105e+00,-1.611142607147421302e+01,-7.553634147104226315e+00
-1.067369147780367022e+01,-4.352702831575584241e+00,-1.301657429502086671e+01,-1.758269275836722656e+01,-1.003612312058088030e+01,-2.034864931152136514e+00,-7.968595221983842514e+00,-3.644434853566492105e+00,-1.611142607147421302e+01,-7.553634147104226315e+00
-1.067369147780367022e+01,-4.352702831575584241e+00,-1.301657429502086671e+01,-1.758269275836722656e+01,-1.101065564434048305e+01,-2.034864931152136514e+00,-7.968595221983842514e+00,-3.644434853566492105e+00,-1.611142607147421302e+01,-7.553634147104226315e+00
-1.067369147780367022e+01,-4.352702831575584241e+00,-1.301657429502086671e+01,-1.758269275836722656e+01,-1.101065564434048305e+01,-2.034864931152136514e+00,-7.968595221983842514e+00,-3.644434853566492105e+00,-1.611142607147421302e+01,-7.553634147104226315e+00
-1.067369147780367022e+01,-4.352702831575584241e+00,-1.301657429502086671e+01,-1.758269275836722656e+01,-1.101065564434048305e+01,-2.034864931152136514e+00,-7.968595221983842514e+00,-3.644434853566492105e+00,-1.611142607147421302e+01,-7.553634147104226315e+00
-1.067369147780367022e+01,-4.352702831575584241e+00,-1.301657429502086671e+01,-1.758269275836722656e+01,-1.159673720653447759e+01,-2.034864931152136514e+00,-7.968595221983842514e+00,-3.644434853566492105e+00,-1.611142607147421302e+01,-7.553634147104226315e+00
-1.067369147780367022e+01,-4.352702831575584241e+00,-1.301657429502086671e+01,-1.758269275836722656e+01,-1.159673720653447759e+01,-2.034864931152136514e+00,-7.968595221983842514e+00,-6.100395133840598838e+00,-1.759501485761445849e+01,-8.460113592864871634e+00
-1.067369147780367022e+01,-4.352702831575584241e+00,-1.301657429502086671e+01,-1.758269275836722656e+01,-1.159673720653447759e+01,-2.475198276648550522e+00,-7.968595221983842514e+00,-6.100395133840598838e+00,-1.759501485761445849e+01,-8.460113592864871634e+00
-1.067369147780367022e+01,-4.352702831575584241e+00,-1.301657429502086671e+01,-1.758269275836722656e+01,-1.159673720653447759e+01,-2.475198276648550522e+00,-7.968595221983842514e+00,-6.100395133840598838e+00,-1.759501485761445849e+01,-8.460113592864871634e+00
-1.067369147780367022e+01,-4.352702831575584241e+00,-1.301657429502086671e+01,-1.758269275836722656e+01,-1.353562939915662433e+01,-2.475198276648550522e+00,-7.968595221983842514e+00,-6.100395133840598838e+00,-1.759501485761445849e+01,-8.460113592864871634e+00
-1.067369147780367022e+01,-4.352702831575584241e+00,-1.301657429502086671e+01,-1.758269275836722656e+01,-1.353562939915662433e+01,-2.475198276648550522e+00,-7.968595221983842514e+00,-6.100395133840598838e+00,-2.062209526448675945e+01,-8.460113592864871634e+00
-1.067369147780367022e+01,-4.352702831575584241e+00,-1.301657429502086671e+01,-1.758269275836722656e+01,-1.353562939915662433e+01,-2.475198276648550522e+00,-7.968595221983842514e+00,-6.100395133840598838e+00,-2.062209526448675945e+01,-8.460113592864871634e+00
-1.067369147780367022e+01,-4.352702831575584241e+00,-1.301657429502086671e+01,-1.758269275836722656e+01,-1.353562939915662433e+01,-2.475198276648550522e+00,-7.968595221983842514e+00,-6.100395133840598838e+00,-2.062209526448675945e+01,-8.460113592864871634e+00
-1.067369147780367022e+01,-4.352702831575584241e+00,-1.301657429502086671e+01,-1.758269275836722656e+01,-1.393802594135329720e+01,-2.475198276648550522e+00,-7.968595221983842514e+00,-6.100395133840598838e+00,-2.062209526448675945e+01,-8.460113592864871634e+00
-1.067369147780367022e+01,-4.352702831575584241e+00,-1.301657429502086671e+01,-1.758269275836722656e+01,-1.393802594135329720e+01,-2.475198276648550522e+00,-7.968595221983842514e+00,-6.100395133840598838e+00,-2.062209526448675945e+01,-8.460113592864871634e+00
-1.067369147780367022e+01,-4.352702831575584241e+00,-1.301657429502086671e+01,-1.758269275836722656e+01,-1.432193176717635552e+01,-2.475198276648550522e+00,-7.968595221983842514e+00,-6.100395133840598838e+00,-2.062209526448675945e+01,-8.460113592864871634e+00
-1.067369147780367022e+01,-4.352702831575584241e+00,-1.301657429502086671e+01,-1.758269275836722656e+01,-1.432193176717635552e+01,-2.475198276648550522e+00,-7.968595221983842514e+00,-6.100395133840598838e+00,-2.062209526448675945e+01,-8.460113592864871634e+00
-1.067369147780367022e+01,-4.352702831575584241e+00,-1.301657429502086671e+01,-1.758269275836722656e+01,-1.432193176717635552e+01,-2.475198276648550522e+00,-7.968595221983842514e+00,-6.100395133840598838e+00,-2.062209526448675945e+01,-8.460113592864871634e+00
-1.067369147780367022e+01,-4.352702831575584241e+00,-1.301657429502086671e+01,-1.758269275836722656e+01,-1.432193176717635552e+01,-2.475198276648550522e+00,-7.968595221983842514e+00,-6.100395133840598838e+00,-2.062209526448675945e+01,-8.460113592864871634e+00
-1.067369147780367022e+01,-4.352702831575584241e+00,-1.301657429502086671e+01,-1.758269275836722656e+01,-1.461504387267462590e+01,-2.475198276648550522e+00,-7.968595221983842514e+00,-6.100395133840598838e+00,-2.062209526448675945e+01,-8.460113592864871634e+00
-1.067369147780367022e+01,-4.352702831575584241e+00,-1.301657429502086671e+01,-1.758269275836722656e+01,-1.461504387267462590e+01,-2.475198276648550522e+00,-7.968595221983842514e+00,-6.100395133840598838e+00,-2.062209526448675945e+01,-8.460113592864871634e+00
-1.067369147780367022e+01,-4.352702831575584241e+00,-1.301657429502086671e+01,-1.758269275836722656e+01,-1.461504387267462590e+01,-2.475198276648550522e+00,-7.968595221983842514e+00,-6.100395133840598838e+00,-2.062209526448675945e+01,-8.460113592864871634e+00
-1.067369147780367022e+01,-4.352702831575584241e+00,-1.301657429502086671e+01,-1.758269275836722656e+01,-1.519396197355166755e+01,-2.475198276648550522e+00,-7.968595221983842514e+00,-6.100395133840598838e+00,-2.062209526448675945e+01,-8.460113592864871634e+00
-1.067369147780367022e+01,-4.352702831575584241e+00,-1.301657429502086671e+01,-1.758269275836722656e+01,-1.519396197355166755e+01,-2.475198276648550522e+00,-7.968595221983842514e+00,-6.100395133840598838e+00,-2.062209526448675945e+01,-8.460113592864871634e+00
-1.067369147780367022e+01,-4.352702831575584241e+00,-1.301657429502086671e+01,-1.758269275836722656e+01,-1.519396197355166755e+01,-2.475198276648550522e+00,-7.968595221983842514e+00,-6.100395133840598838e+00,-2.062209526448675945e+01,-8.460113592864871634e+00
-1.067369147780367022e+01,-4.352702831575584241e+00,-1.301657429502086671e+01,-1.758269275836722656e+01,-1.519396197355166755e+01,-5.203351013746959630e+00,-8.385844295267698811e+00,-6.100395133840598838e+00,-2.062209526448675945e+01,-8.460113592864871634e+00
-1.067369147780367022e+01,-4.352702831575584241e+00,-1.301657429502086671e+01,-1.758269275836722656e+01,-1.519396197355166755e+01,-5.203351013746959630e+00,-8.385844295267698811e+00,-6.100395133840598838e+00,-2.062209526448675945e+01,-8.460113592864871634e+00
-1.067369147780367022e+01,-4.352702831575584241e+00,-1.301657429502086671e+01,-1.758269275836722656e+01,-1.519396197355166755e+01,-6.381644424136167615e+00,-1.482320374894018578e+01,-6.100395133840598838e+00,-2.062209526448675945e+01,-8.460113592864871634e+00
-1.067369147780367022e+01,-4.352702831575584241e+00,-1.301657429502086671e+01,-1.758269275836722656e+01,-1.519396197355166755e+01,-6.381644424136167615e+00,-1.486251680845596113e+01,-6.100395133840598838e+00,-2.062209526448675945e+01,-8.460113592864871634e+00
-1.067369147780367022e+01,-4.352702831575584241e+00,-1.301657429502086671e+01,-1.758269275836722656e+01,-1.519396197355166755e+01,-6.381644424136167615e+00,-1.486251680845596113e+01,-6.100395133840598838e+00,-2.062209526448675945e+01,-8.460113592864871634e+00
-1.067369147780367022e+01,-4.352702831575584241e+00,-1.301657429502086671e+01,-1.758269275836722656e+01,-1.519396197355166755e+01,-6.381644424136167615e+00,-1.486251680845596113e+01,-6.100395133840598838e+00,-2.062209526448675945e+01,-8.460113592864871634e+00
-1.067369147780367022e+01,-4.352702831575584241e+00,-1.301657429502086671e+01,-1.758269275836722656e+01,-1.519396197355166755e+01,-6.381644424136167615e+00,-1.719324869489175711e+01,-6.100395133840598838e+00,-2.062209526448675945e+01,-8.460113592864871634e+00
-1.067369147780367022e+01,-4.352702831575584241e+00,-1.301657429502086671e+01,-1.758269275836722656e+01,-1.519396197355166755e+01,-6.381644424136167615e+00,-1.776959548009269696e+01,-6.100395133840598838e+00,-2.062209526448675945e+01,-8.460113592864871634e+00
-1.067369147780367022e+01,-4.352702831575584241e+00,-1.301657429502086671e+01,-1.758269275836722656e+01,-1.519396197355166755e+01,-6.381644424136167615e+00,-1.776959548009269696e+01,-6.100395133840598838e+00,-2.062209526448675945e+01,-8.460113592864871634e+00
-1.067369147780367022e+01,-4.352702831575584241e+00,-1.301657429502086671e+01,-1.758269275836722656e+01,-1.519396197355166755e+01,-6.381644424136167615e+00,-1.776959548009269696e+01,-6.100395133840598838e+00,-2.062209526448675945e+01,-8.460113592864871634e+00
-1.067369147780367022e+01,-4.352702831575584241e+00,-1.301657429502086671e+01,-1.758269275836722656e+01,-1.519396197355166755e+01,-6.381644424136167615e+00,-1.776959548009269696e+01,-6.100395133840598838e+00,-2.062209526448675945e+01,-8.460113592864871634e+00
-1.067369147780367022e+01,-4.352702831575584241e+00,-1.301657429502086671e+01,-1.854533629089670299e+01,-1.519396197355166755e+01,-7.642744700985105943e+00,-1.776959548009269696e+01,-6.100395133840598838e+00,-2.062209526448675945e+01,-8.460113592864871634e+00
-1.067369147780367022e+01,-4.352702831575584241e+00,-1.301657429502086671e+01,-1.854533629089670299e+01,-1.519396197355166755e+01,-7.642744700985105943e+00,-1.776959548009269696e+01,-6.100395133840598838e+00,-2.062209526448675945e+01,-8.460113592864871634e+00
-1.067369147780367022e+01,-4.352702831575584241e+00,-1.301657429502086671e+01,-1.854533629089670299e+01,-1.519396197355166755e+01,-7.642744700985105943e+00,-1.776959548009269696e+01,-9.007527259684813714e+00,-2.062209526448675945e+01,-8.460113592864871634e+00
-1.067369147780367022e+01,-4.352702831575584241e+00,-1.301657429502086671e+01,-1.854533629089670299e+01,-1.519396197355166755e+01,-7.642744700985105943e+00,-1.776959548009269696e+01,-9.007527259684813714e+00,-2.062209526448675945e+01,-8.460113592864871634e+00
-1.067369147780367022e+01,-4.352702831575584241e+00,-1.301657429502086671e+01,-1.854533629089670299e+01,-1.519396197355166755e+01,-7.642744700985105943e+00,-1.776959548009269696e+01,-9.007527259684813714e+00,-2.062209526448675945e+01,-8.460113592864871634e+00
-1.067369147780367022e+01,-4.352702831575584241e+00,-1.301657429502086671e+01,-1.854533629089670299e+01,-1.519396197355166755e+01,-7.642744700985105943e+00,-1.776959548009269696e+01,-9.007527259684813714e+00,-2.062209526448675945e+01,-8.460113592864871634e+00
-1.067369147780367022e+01,-4.352702831575584241e+00,-1.301657429502086671e+01,-1.854533629089670299e+01,-1.519396197355166755e+01,-7.642744700985105943e+00,-1.776959548009269696e+01,-9.007527259684813714e+00,-2.062209526448675945e+01,-8.460113592864871634e+00
-1.067369147780367022e+01,-4.352702831575584241e+00,-1.301657429502086671e+01,-1.854533629089670299e+01,-1.519396197355166755e+01,-7.642744700985105943e+00,-1.776959548009269696e+01,-9.007527259684813714e+00,-2.062209526448675945e+01,-8.460113592864871634e+00
-1.067369147780367022e+01,-4.352702831575584241e+00,-1.301657429502086671e+01,-1.854533629089670299e+01,-1.519396197355166755e+01,-7.642744700985105943e+00,-1.776959548009269696e+01,-9.007527259684813714e+00,-2.062209526448675945e+01,-9.159676711523498938e+00
-1.067369147780367022e+01,-4.352702831575584241e+00,-1.301657429502086671e+01,-1.854533629089670299e+01,-1.519396197355166755e+01,-7.642744700985105943e+00,-1.776959548009269696e+01,-9.007527259684813714e+00,-2.062209526448675945e+01,-9.159676711523498938e+00
-1.067369147780367022e+01,-4.352702831575584241e+00,-1.301657429502086671e+01,-1.854533629089670299e+01,-1.519396197355166755e+01,-7.642744700985105943e+00,-1.776959548009269696e+01,-9.007527259684813714e+00,-2.062209526448675945e+01,-9.159676711523498938e+00
-1.067369147780367022e+01,-4.352702831575584241e+00,-1.301657429502086671e+01,-1.854533629089670299e+01,-1.546617171426476389e+01,-7.642744700985105943e+00,-1.776959548009269696e+01,-9.007527259684813714e+00,-2.062209526448675945e+01,-9.898886742706658026e+00
-1.114973109365364401e+01,-4.352702831575584241e+00,-1.301657429502086671e+01,-1.854533629089670299e+01,-1.546617171426476389e+01,-7.642744700985105943e+00,-1.776959548009269696e+01,-9.007527259684813714e+00,-2.062209526448675945e+01,-9.898886742706658026e+00
-1.114973109365364401e+01,-4.352702831575584241e+00,-1.301657429502086671e+01,-1.854533629089670299e+01,-1.546617171426476389e+01,-7.642744700985105943e+00,-1.776959548009269696e+01,-9.007527259684813714e+00,-2.062209526448675945e+01,-9.898886742706658026e+00
-1.114973109365364401e+01,-4.352702831575584241e+00,-1.367613008688079468e+01,-1.854533629089670299e+01,-1.546617171426476389e+01,-7.642744700985105943e+00,-1.776959548009269696e+01,-9.007527259684813714e+00,-2.062209526448675945e+01,-9.898886742706658026e+00
-1.114973109365364401e+01,-4.352702831575584241e+00,-1.367613008688079468e+01,-1.854533629089670299e+01,-1.546617171426476389e+01,-7.642744700985105943e+00,-1.776959548009269696e+01,-9.007527259684813714e+00,-2.062209526448675945e+01,-9.898886742706658026e+00
-1.114973109365364401e+01,-4.352702831575584241e+00,-1.367613008688079468e+01,-1.854533629089670299e+01,-1.546617171426476389e+01,-7.642744700985105943e+00,-1.776959548009269696e+01,-9.007527259684813714e+00,-2.062209526448675945e+01,-9.898886742706658026e+00
-1.114973109365364401e+01,-4.352702831575584241e+00,-1.367613008688079468e+01,-1.854533629089670299e+01,-1.546617171426476389e+01,-7.642744700985105943e+00,-1.776959548009269696e+01,-9.007527259684813714e+00,-2.062209526448675945e+01,-9.898886742706658026e+00
-1.114973109365364401e+01,-4.352702831575584241e+00,-1.367613008688079468e+01,-1.854533629089670299e+01,-1.546617171426476389e+01,-7.642744700985105943e+00,-1.776959548009269696e+01,-9.007527259684813714e+00,-2.062209526448675945e+01,-9.898886742706658026e+00
-1.114973109365364401e+01,-4.352702831575584241e+00,-1.367613008688079468e+01,-1.854533629089670299e+01,-1.546617171426476389e+01,-7.642744700985105943e+00,-1.776959548009269696e+01,-9.007527259684813714e+00,-2.062209526448675945e+01,-9.898886742706658026e+00
-1.114973109365364401e+01,-4.352702831575584241e+00,-1.367613008688079468e+01,-1.854533629089670299e+01,-1.546617171426476389e+01,-7.642744700985105943e+00,-1.776959548009269696e+01,-9.007527259684813714e+00,-2.062209526448675945e+01,-9.898886742706658026e+00
-1.114973109365364401e+01,-4.352702831575584241e+00,-1.367613008688079468e+01,-1.854533629089670299e+01,-1.546617171426476389e+01,-7.642744700985105943e+00,-1.776959548009269696e+01,-9.007527259684813714e+00,-2.062209526448675945e+01,-9.898886742706658026e+00
-1.114973109365364401e+01,-4.352702831575584241e+00,-1.367613008688079468e+01,-1.854533629089670299e+01,-1.546617171426476389e+01,-7.642744700985105943e+00,-1.776959548009269696e+01,-9.007527259684813714e+00,-2.062209526448675945e+01,-9.898886742706658026e+00
-1.114973109365364401e+01,-4.352702831575584241e+00,-1.367613008688079468e+01,-1.854533629089670299e+01,-1.546617171426476389e+01,-7.642744700985105943e+00,-1.776959548009269696e+01,-9.007527259684813714e+00,-2.062209526448675945e+01,-9.898886742706658026e+00
-1.114973109365364401e+01,-4.352702831575584241e+00,-1.367613008688079468e+01,-1.854533629089670299e+01,-1.546617171426476389e+01,-7.642744700985105943e+00,-1.776959548009269696e+01,-9.007527259684813714e+00,-2.062209526448675945e+01,-9.898886742706658026e+00
-1.114973109365364401e+01,-4.352702831575584241e+00,-1.405799317156682626e+01,-1.854533629089670299e+01,-1.546617171426476389e+01,-7.642744700985105943e+00,-1.776959548009269696e+01,-9.007527259684813714e+00,-2.062209526448675945e+01,-9.898886742706658026e+00
-1.114973109365364401e+01,-4.352702831575584241e+00,-1.405799317156682626e+01,-1.854533629089670299e+01,-1.546617171426476389e+01,-7.642744700985105943e+00,-1.776959548009269696e+01,-9.007527259684813714e+00,-2.062209526448675945e+01,-9.898886742706658026e+00
-1.114973109365364401e+01,-4.352702831575584241e+00,-1.405799317156682626e+01,-1.854533629089670299e+01,-1.546617171426476389e+01,-7.642744700985105943e+00,-1.776959548009269696e+01,-9.007527259684813714e+00,-2.062209526448675945e+01,-9.898886742706658026e+00
-1.114973109365364401e+01,-4.352702831575584241e+00,-1.405799317156682626e+01,-1.854533629089670299e+01,-1.546617171426476389e+01,-7.642744700985105943e+00,-1.776959548009269696e+01,-9.007527259684813714e+00,-2.062209526448675945e+01,-9.898886742706658026e+00
-1.114973109365364401e+01,-4.352702831575584241e+00,-1.405799317156682626e+01,-1.854533629089670299e+01,-1.549090203815228861e+01,-7.642744700985105943e+00,-1.776959548009269696e+01,-9.007527259684813714e+00,-2.062209526448675945e+01,-9.898886742706658026e+00
-1.114973109365364401e+01,-4.352702831575584241e+00,-1.405799317156682626e+01,-1.854533629089670299e+01,-1.549090203815228861e+01,-7.642744700985105943e+00,-1.776959548009269696e+01,-9.007527259684813714e+00,-2.062209526448675945e+01,-9.898886742706658026e+00
-1.114973109365364401e+01,-4.352702831575584241e+00,-1.405799317156682626e+01,-1.854533629089670299e+01,-1.549090203815228861e+01,-7.642744700985105943e+00,-1.776959548009269696e+01,-9.007527259684813714e+00,-2.062209526448675945e+01,-9.898886742706658026e+00
-1.114973109365364401e+01,-4.352702831575584241e+00,-1.405799317156682626e+01,-1.854533629089670299e+01,-1.549090203815228861e+01,-7.642744700985105943e+00,-1.776959548009269696e+01,-9.007527259684813714e+00,-2.062209526448675945e+01,-9.898886742706658026e+00
-1.114973109365364401e+01,-4.352702831575584241e+00,-1.405799317156682626e+01,-1.854533629089670299e+01,-1.549090203815228861e+01,-7.642744700985105943e+00,-1.776959548009269696e+01,-9.007527259684813714e+00,-2.062209526448675945e+01,-9.898886742706658026e+00
-1.114973109365364401e+01,-4.352702831575584241e+00,-1.405799317156682626e+01,-1.854533629089670299e+01,-1.549090203815228861e+01,-7.642744700985105943e+00,-1.776959548009269696e+01,-9.007527259684813714e+00,-2.062209526448675945e+01,-9.898886742706658026e+00
-1.114973109365364401e+01,-4.352702831575584241e+00,-1.405799317156682626e+01,-1.854533629089670299e+01,-1.715959327400413414e+01,-7.642744700985105943e+00,-1.776959548009269696e+01,-9.007527259684813714e+00,-2.062209526448675945e+01,-9.898886742706658026e+00
-1.114973109365364401e+01,-4.352702831575584241e+00,-1.405799317156682626e+01,-1.854533629089670299e+01,-1.929115437229408414e+01,-7.642744700985105943e+00,-1.847866254476361902e+01,-9.007527259684813714e+00,-2.062209526448675945e+01,-9.898886742706658026e+00
-1.114973109365364401e+01,-4.352702831575584241e+00,-1.405799317156682626e+01,-1.854533629089670299e+01,-1.929115437229408414e+01,-7.642744700985105943e+00,-1.847866254476361902e+01,-9.007527259684813714e+00,-2.073137995854510152e+01,-9.898886742706658026e+00
-1.114973109365364401e+01,-4.352702831575584241e+00,-1.405799317156682626e+01,-1.854533629089670299e+01,-1.929115437229408414e+01,-7.642744700985105943e+00,-1.847866254476361902e+01,-9.007527259684813714e+00,-2.073137995854510152e+01,-9.898886742706658026e+00
-1.114973109365364401e+01,-4.352702831575584241e+00,-1.405799317156682626e+01,-1.854533629089670299e+01,-1.974470477100381771e+01,-7.642744700985105943e+00,-1.847866254476361902e+01,-9.007527259684813714e+00,-2.073137995854510152e+01,-9.898886742706658026e+00
-1.114973109365364401e+01,-4.352702831575584241e+00,-1.405799317156682626e+01,-1.854533629089670299e+01,-1.974470477100381771e+01,-7.642744700985105943e+00,-1.847866254476361902e+01,-9.007527259684813714e+00,-2.073137995854510152e+01,-9.898886742706658026e+00
-1.114973109365364401e+01,-4.352702831575584241e+00,-1.405799317156682626e+01,-1.854533629089670299e+01,-1.974470477100381771e+01,-7.642744700985105943e+00,-1.847866254476361902e+01,-9.007527259684813714e+00,-2.073137995854510152e+01,-9.898886742706658026e+00
-1.114973109365364401e+01,-4.352702831575584241e+00,-1.405799317156682626e+01,-1.854533629089670299e+01,-1.974470477100381771e+01,-7.642744700985105943e+00,-1.847866254476361902e+01,-9.007527259684813714e+00,-2.073137995854510152e+01,-9.898886742706658026e+00
-1.114973109365364401e+01,-4.352702831575584241e+00,-1.405799317156682626e+01,-1.854533629089670299e+01,-2.010612373646409878e+01,-7.642744700985105943e+00,-1.847866254476361902e+01,-9.007527259684813714e+00,-2.073137995854510152e+01,-9.898886742706658026e+00
-1.114973109365364401e+01,-4.352702831575584241e+00,-1.405799317156682626e+01,-1.854533629089670299e+01,-2.010612373646409878e+01,-7.642744700985105943e+00,-1.847866254476361902e+01,-9.007527259684813714e+00,-2.073137995854510152e+01,-9.898886742706658026e+00
-1.114973109365364401e+01,-4.352702831575584241e+00,-1.405799317156682626e+01,-1.854533629089670299e+01,-2.010612373646409878e+01,-7.642744700985105943e+00,-1.847866254476361902e+01,-9.007527259684813714e+00,-2.073137995854510152e+01,-9.898886742706658026e+00
-1.114973109365364401e+01,-4.352702831575584241e+00,-1.405799317156682626e+01,-1.854533629089670299e+01,-2.010612373646409878e+01,-7.642744700985105943e+00,-1.847866254476361902e+01,-9.007527259684813714e+00,-2.073137995854510152e+01,-9.898886742706658026e+00
-1.114973109365364401e+01,-4.352702831575584241e+00,-1.540501534756589486e+01,-1.854533629089670299e+01,-2.010612373646409878e+01,-7.642744700985105943e+00,-1.847866254476361902e+01,-9.007527259684813714e+00,-2.073137995854510152e+01,-9.898886742706658026e+00
-1.114973109365364401e+01,-4.352702831575584241e+00,-1.540501534756589486e+01,-1.854533629089670299e+01,-2.010612373646409878e+01,-7.642744700985105943e+00,-1.847866254476361902e+01,-9.007527259684813714e+00,-2.073137995854510152e+01,-9.898886742706658026e+00
-1.114973109365364401e+01,-4.352702831575584241e+00,-1.540501534756589486e+01,-1.854533629089670299e+01,-2.010612373646409878e+01,-7.642744700985105943e+00,-1.847866254476361902e+01,-9.007527259684813714e+00,-2.073137995854510152e+01,-9.898886742706658026e+00
-1.114973109365364401e+01,-4.352702831575584241e+00,-1.540501534756589486e+01,-1.854533629089670299e+01,-2.010612373646409878e+01,-7.642744700985105943e+00,-1.847866254476361902e+01,-9.007527259684813714e+00,-2.073137995854510152e+01,-9.898886742706658026e+00
-1.114973109365364401e+01,-4.352702831575584241e+00,-1.540501534756589486e+01,-1.854533629089670299e+01,-2.010612373646409878e+01,-7.642744700985105943e+00,-1.847866254476361902e+01,-9.007527259684813714e+00,-2.073137995854510152e+01,-9.898886742706658026e+00
-1.114973109365364401e+01,-4.352702831575584241e+00,-1.540501534756589486e+01,-1.854533629089670299e+01,-2.010612373646409878e+01,-7.642744700985105943e+00,-2.055171008153647705e+01,-9.007527259684813714e+00,-2.073137995854510152e+01,-9.972312544830135295e+00
-1.114973109365364401e+01,-4.352702831575584241e+00,-1.783732027918092200e+01,-1.854533629089670299e+01,-2.010612373646409878e+01,-7.642744700985105943e+00,-2.055171008153647705e+01,-9.007527259684813714e+00,-2.073137995854510152e+01,-9.972312544830135295e+00
-1.114973109365364401e+01,-4.352702831575584241e+00,-1.970513366561178614e+01,-1.854533629089670299e+01,-2.010612373646409878e+01,-7.642744700985105943e+00,-2.055171008153647705e+01,-9.007527259684813714e+00,-2.073137995854510152e+01,-9.972312544830135295e+00
-1.114973109365364401e+01,-4.352702831575584241e+00,-1.970513366561178614e+01,-1.854533629089670299e+01,-2.010612373646409878e+01,-7.642744700985105943e+00,-2.055171008153647705e+01,-9.007527259684813714e+00,-2.073137995854510152e+01,-9.972312544830135295e+00
-1.114973109365364401e+01,-4.352702831575584241e+00,-1.970513366561178614e+01,-1.854533629089670299e+01,-2.010612373646409878e+01,-7.642744700985105943e+00,-2.055171008153647705e+01,-9.007527259684813714e+00,-2.073137995854510152e+01,-9.972312544830135295e+00
-1.114973109365364401e+01,-4.352702831575584241e+00,-1.970513366561178614e+01,-1.854533629089670299e+01,-2.010612373646409878e+01,-7.642744700985105943e+00,-2.055171008153647705e+01,-9.007527259684813714e+00,-2.073137995854510152e+01,-9.972312544830135295e+00
-1.114973109365364401e+01,-4.352702831575584241e+00,-1.970513366561178614e+01,-1.854533629089670299e+01,-2.010612373646409878e+01,-7.642744700985105943e+00,-2.055171008153647705e+01,-9.007527259684813714e+00,-2.073137995854510152e+01,-9.972312544830135295e+00
-1.114973109365364401e+01,-4.352702831575584241e+00,-1.970513366561178614e+01,-1.854533629089670299e+01,-2.010612373646409878e+01,-7.642744700985105943e+00,-2.055171008153647705e+01,-9.007527259684813714e+00,-2.073137995854510152e+01,-9.972312544830135295e+00
-1.114973109365364401e+01,-4.352702831575584241e+00,-1.970513366561178614e+01,-1.854533629089670299e+01,-2.010612373646409878e+01,-7.642744700985105943e+00,-2.055171008153647705e+01,-9.007527259684813714e+00,-2.073137995854510152e+01,-9.972312544830135295e+00
-1.114973109365364401e+01,-4.352702831575584241e+00,-1.970513366561178614e+01,-1.854533629089670299e+01,-2.010612373646409878e+01,-7.642744700985105943e+00,-2.055171008153647705e+01,-9.007527259684813714e+00,-2.235091890491462152e+01,-9.972312544830135295e+00
-1.114973109365364401e+01,-4.352702831575584241e+00,-1.970513366561178614e+01,-1.854533629089670299e+01,-2.010612373646409878e+01,-8.371378587579803465e+00,-2.055171008153647705e+01,-9.007527259684813714e+00,-2.235091890491462152e+01,-9.972312544830135295e+00
-1.114973109365364401e+01,-4.352702831575584241e+00,-1.970513366561178614e+01,-1.854533629089670299e+01,-2.010612373646409878e+01,-8.371378587579803465e+00,-2.055171008153647705e+01,-1.189285045971371169e+01,-2.235091890491462152e+01,-9.972312544830135295e+00
-1.114973109365364401e+01,-4.352702831575584241e+00,-1.970513366561178614e+01,-1.854533629089670299e+01,-2.010612373646409878e+01,-8.371378587579803465e+00,-2.055171008153647705e+01,-1.189285045971371169e+01,-2.235091890491462152e+01,-9.972312544830135295e+00
-1.114973109365364401e+01,-4.352702831575584241e+00,-1.970513366561178614e+01,-1.854533629089670299e+01,-2.010612373646409878e+01,-8.371378587579803465e+00,-2.055171008153647705e+01,-1.189285045971371169e+01,-2.235091890491462152e+01,-9.972312544830135295e+00
-1.114973109365364401e+01,-4.352702831575584241e+00,-1.970513366561178614e+01,-1.854533629089670299e+01,-2.010612373646409878e+01,-8.371378587579803465e+00,-2.055171008153647705e+01,-1.189285045971371169e+01,-2.235091890491462152e+01,-1.425068776070169108e+01
-1.114973109365364401e+01,-4.352702831575584241e+00,-1.970513366561178614e+01,-1.854533629089670299e+01,-2.010612373646409878e+01,-8.371378587579803465e+00,-2.076578509162963471e+01,-1.189285045971371169e+01,-2.235091890491462152e+01,-1.425068776070169108e+01
-1.114973109365364401e+01,-4.352702831575584241e+00,-2.313961773889556639e+01,-1.854533629089670299e+01,-2.010612373646409878e+01,-8.371378587579803465e+00,-2.076578509162963471e+01,-1.189285045971371169e+01,-2.235091890491462152e+01,-1.425068776070169108e+01
-1.114973109365364401e+01,-4.352702831575584241e+00,-2.313961773889556639e+01,-1.854533629089670299e+01,-2.010612373646409878e+01,-8.371378587579803465e+00,-2.076578509162963471e+01,-1.189285045971371169e+01,-2.235091890491462152e+01,-1.425068776070169108e+01
-1.114973109365364401e+01,-4.352702831575584241e+00,-2.313961773889556639e+01,-1.854533629089670299e+01,-2.010612373646409878e+01,-1.027263806740790031e+01,-2.076578509162963471e+01,-1.189285045971371169e+01,-2.235091890491462152e+01,-1.425068776070169108e+01
-1.114973109365364401e+01,-4.352702831575584241e+00,-2.313961773889556639e+01,-1.854533629089670299e+01,-2.010612373646409878e+01,-1.027263806740790031e+01,-2.076578509162963471e+01,-1.189285045971371169e+01,-2.235091890491462152e+01,-1.425068776070169108e+01
-1.114973109365364401e+01,-4.352702831575584241e+00,-2.313961773889556639e+01,-1.854533629089670299e+01,-2.010612373646409878e+01,-1.027263806740790031e+01,-2.076578509162963471e+01,-1.189285045971371169e+01,-2.235091890491462152e+01,-1.425068776070169108e+01
-1.114973109365364401e+01,-4.352702831575584241e+00,-2.313961773889556639e+01,-1.854533629089670299e+01,-2.010612373646409878e+01,-1.027263806740790031e+01,-2.076578509162963471e+01,-1.189285045971371169e+01,-2.235091890491462152e+01,-1.425068776070169108e+01
-1.114973109365364401e+01,-4.352702831575584241e+00,-2.313961773889556639e+01,-1.854533629089670299e+01,-2.010612373646409878e+01,-1.027263806740790031e+01,-2.076578509162963471e+01,-1.189285045971371169e+01,-2.235091890491462152e+01,-1.425068776070169108e+01
-1.114973109365364401e+01,-4.352702831575584241e+00,-2.313961773889556639e+01,-1.854533629089670299e+01,-2.010612373646409878e+01,-1.027263806740790031e+01,-2.076578509162963471e+01,-1.189285045971371169e+01,-2.235091890491462152e+01,-1.425068776070169108e+01
-1.114973109365364401e+01,-4.352702831575584241e+00,-2.313961773889556639e+01,-1.854533629089670299e+01,-2.010612373646409878e+01,-1.027263806740790031e+01,-2.076578509162963471e+01,-1.189285045971371169e+01,-2.235091890491462152e+01,-1.425068776070169108e+01
-1.114973109365364401e+01,-4.352702831575584241e+00,-2.313961773889556639e+01,-1.854533629089670299e+01,-2.010612373646409878e+01,-1.027263806740790031e+01,-2.076578509162963471e+01,-1.189285045971371169e+01,-2.235091890491462152e+01,-1.425068776070169108e+01
-1.114973109365364401e+01,-4.352702831575584241e+00,-2.313961773889556639e+01,-1.854533629089670299e+01,-2.010612373646409878e+01,-1.027263806740790031e+01,-2.076578509162963471e+01,-1.189285045971371169e+01,-2.235091890491462152e+01,-1.425068776070169108e+01
-1.114973109365364401e+01,-4.352702831575584241e+00,-2.313961773889556639e+01,-1.854533629089670299e+01,-2.010612373646409878e+01,-1.027263806740790031e+01,-2.076578509162963471e+01,-1.189285045971371169e+01,-2.235091890491462152e+01,-1.425068776070169108e+01
-1.114973109365364401e+01,-4.352702831575584241e+00,-2.313961773889556639e+01,-1.854533629089670299e+01,-2.010612373646409878e+01,-1.027263806740790031e+01,-2.076578509162963471e+01,-1.189285045971371169e+01,-2.235091890491462152e+01,-1.425068776070169108e+01
-1.114973109365364401e+01,-4.352702831575584241e+00,-2.313961773889556639e+01,-1.854533629089670299e+01,-2.010612373646409878e+01,-1.027263806740790031e+01,-2.076578509162963471e+01,-1.189285045971371169e+01,-2.235091890491462152e+01,-1.425068776070169108e+01
-1.114973109365364401e+01,-4.352702831575584241e+00,-2.313961773889556639e+01,-1.854533629089670299e+01,-2.010612373646409878e+01,-1.027263806740790031e+01,-2.076578509162963471e+01,-1.189285045971371169e+01,-2.235091890491462152e+01,-1.425068776070169108e+01
-1.114973109365364401e+01,-4.352702831575584241e+00,-2.313961773889556639e+01,-1.854533629089670299e+01,-2.010612373646409878e+01,-1.027263806740790031e+01,-2.076578509162963471e+01,-1.189285045971371169e+01,-2.235091890491462152e+01,-1.425068776070169108e+01
-1.114973109365364401e+01,-4.352702831575584241e+00,-2.313961773889556639e+01,-1.854533629089670299e+01,-2.010612373646409878e+01,-1.027263806740790031e+01,-2.076578509162963471e+01,-1.189285045971371169e+01,-2.235091890491462152e+01,-1.425068776070169108e+01
-1.114973109365364401e+01,-4.352702831575584241e+00,-2.313961773889556639e+01,-1.854533629089670299e+01,-2.010612373646409878e+01,-1.154322689715719186e+01,-2.076578509162963471e+01,-1.189285045971371169e+01,-2.235091890491462152e+01,-1.425068776070169108e+01
-1.114973109365364401e+01,-4.352702831575584241e+00,-2.313961773889556639e+01,-1.854533629089670299e+01,-2.010612373646409878e+01,-1.154322689715719186e+01,-2.076578509162963471e+01,-1.189285045971371169e+01,-2.235091890491462152e+01,-1.425068776070169108e+01
-1.114973109365364401e+01,-4.352702831575584241e+00,-2.313961773889556639e+01,-1.854533629089670299e+01,-2.010612373646409878e+01,-1.154322689715719186e+01,-2.076578509162963471e+01,-1.189285045971371169e+01,-2.235091890491462152e+01,-1.425068776070169108e+01
-1.114973109365364401e+01,-4.352702831575584241e+00,-2.313961773889556639e+01,-1.854533629089670299e+01,-2.010612373646409878e+01,-1.154322689715719186e+01,-2.076578509162963471e+01,-1.189285045971371169e+01,-2.235091890491462152e+01,-1.425068776070169108e+01
-1.114973109365364401e+01,-4.352702831575584241e+00,-2.313961773889556639e+01,-1.854533629089670299e+01,-2.010612373646409878e+01,-1.154322689715719186e+01,-2.076578509162963471e+01,-1.189285045971371169e+01,-2.235091890491462152e+01,-1.425068776070169108e+01
-1.114973109365364401e+01,-4.352702831575584241e+00,-2.313961773889556639e+01,-1.854533629089670299e+01,-2.010612373646409878e+01,-1.154322689715719186e+01,-2.076578509162963471e+01,-1.189285045971371169e+01,-2.235091890491462152e+01,-1.425068776070169108e+01
-1.114973109365364401e+01,-4.352702831575584241e+00,-2.313961773889556639e+01,-1.854533629089670299e+01,-2.010612373646409878e+01,-1.154322689715719186e+01,-2.076578509162963471e+01,-1.189285045971371169e+01,-2.235091890491462152e+01,-1.425068776070169108e+01
-1.114973109365364401e+01,-4.352702831575584241e+00,-2.313961773889556639e+01,-1.933654363845708701e+01,-2.010612373646409878e+01,-1.154322689715719186e+01,-2.076578509162963471e+01,-1.189285045971371169e+01,-2.235091890491462152e+01,-1.425068776070169108e+01
-1.114973109365364401e+01,-4.352702831575584241e+00,-2.313961773889556639e+01,-1.933654363845708701e+01,-2.010612373646409878e+01,-1.154322689715719186e+01,-2.076578509162963471e+01,-1.189285045971371169e+01,-2.235091890491462152e+01,-1.425068776070169108e+01
