5.538488216376978857e-01,1.377146301884839774e+00,4.444341819758423462e+00,2.373515605348214486e+00,-1.318363803450718663e+01,-6.026475224949439990e+00,-4.950329104385008394e-01,-6.905760869011482228e+00,1.990409169941405043e+00,-1.316113570870106386e+00
2.688007918538235508e-01,6.951107727648080381e-01,4.444341819758423462e+00,2.373515605348214486e+00,-1.318363803450718663e+01,-6.026475224949439990e+00,-2.114618891350020569e+00,-6.905760869011482228e+00,-6.455033208591303140e-01,-1.316113570870106386e+00
2.688007918538235508e-01,6.951107727648080381e-01,4.444341819758423462e+00,2.373515605348214486e+00,-1.318363803450718663e+01,-6.026475224949439990e+00,-2.114618891350020569e+00,-9.506366679914624029e+00,-6.455033208591303140e-01,-4.319333070152379328e+00
-1.095285346584456088e+00,6.951107727648080381e-01,5.670129572349034142e-01,2.373515605348214486e+00,-1.318363803450718663e+01,-1.012797518213718817e+01,-2.114618891350020569e+00,-9.506366679914624029e+00,-6.455033208591303140e-01,-4.319333070152379328e+00
-1.095285346584456088e+00,6.951107727648080381e-01,5.670129572349034142e-01,2.373515605348214486e+00,-1.318363803450718663e+01,-1.012797518213718817e+01,-2.114618891350020569e+00,-9.506366679914624029e+00,-6.455033208591303140e-01,-4.319333070152379328e+00
-1.095285346584456088e+00,-2.295387903622500669e+00,-8.728390985437497473e-01,2.373515605348214486e+00,-1.318363803450718663e+01,-1.012797518213718817e+01,-2.114618891350020569e+00,-9.506366679914624029e+00,-6.455033208591303140e-01,-4.319333070152379328e+00
-1.095285346584456088e+00,-2.295387903622500669e+00,-8.728390985437497473e-01,2.373515605348214486e+00,-1.318363803450718663e+01,-1.012797518213718817e+01,-2.114618891350020569e+00,-9.506366679914624029e+00,-6.455033208591303140e-01,-4.319333070152379328e+00
-1.095285346584456088e+00,-2.295387903622500669e+00,-9.358571043182914995e-01,2.373515605348214486e+00,-1.318363803450718663e+01,-1.317406626471414555e+01,-2.114618891350020569e+00,-9.506366679914624029e+00,-4.691895726602239414e+00,-4.319333070152379328e+00
-1.095285346584456088e+00,-2.295387903622500669e+00,-9.358571043182914995e-01,2.373515605348214486e+00,-1.318363803450718663e+01,-1.317406626471414555e+01,-2.114618891350020569e+00,-9.506366679914624029e+00,-4.691895726602239414e+00,-4.464303488788799790e+00
-1.095285346584456088e+00,-2.295387903622500669e+00,-1.593859235177672140e+00,2.373515605348214486e+00,-1.318363803450718663e+01,-1.317406626471414555e+01,-2.114618891350020569e+00,-9.506366679914624029e+00,-4.691895726602239414e+00,-4.464303488788799790e+00
-1.095285346584456088e+00,-2.295387903622500669e+00,-2.657181042227608536e+00,-1.725681155535488731e+00,-1.377171742423339573e+01,-1.317406626471414555e+01,-2.114618891350020569e+00,-9.506366679914624029e+00,-7.703824224013827049e+00,-4.464303488788799790e+00
-1.095285346584456088e+00,-2.295387903622500669e+00,-5.902883712457517085e+00,-1.937447983200655921e+00,-1.377171742423339573e+01,-1.458932505328616536e+01,-2.768355572317023672e+00,-9.506366679914624029e+00,-7.703824224013827049e+00,-4.464303488788799790e+00
-1.095285346584456088e+00,-2.295387903622500669e+00,-5.902883712457517085e+00,-1.945430387561834173e+00,-1.391433535517235498e+01,-1.458932505328616536e+01,-2.768355572317023672e+00,-9.506366679914624029e+00,-7.703824224013827049e+00,-4.464303488788799790e+00
-1.095285346584456088e+00,-2.295387903622500669e+00,-5.902883712457517085e+00,-1.945430387561834173e+00,-1.391433535517235498e+01,-1.458932505328616536e+01,-5.553963580909273112e+00,-9.506366679914624029e+00,-7.703824224013827049e+00,-5.213243432347517192e+00
-1.095285346584456088e+00,-2.295387903622500669e+00,-5.902883712457517085e+00,-1.945430387561834173e+00,-1.391433535517235498e+01,-1.458932505328616536e+01,-5.553963580909273112e+00,-9.510693712376111719e+00,-7.703824224013827049e+00,-5.213243432347517192e+00
-1.095285346584456088e+00,-2.295387903622500669e+00,-5.902883712457517085e+00,-3.501569762359811655e+00,-1.391433535517235498e+01,-1.458932505328616536e+01,-5.553963580909273112e+00,-9.510693712376111719e+00,-7.703824224013827049e+00,-5.213243432347517192e+00
-1.095285346584456088e+00,-2.295387903622500669e+00,-5.902883712457517085e+00,-3.501569762359811655e+00,-1.391433535517235498e+01,-1.458932505328616536e+01,-5.553963580909273112e+00,-1.089088228434278882e+01,-7.703824224013827049e+00,-5.213243432347517192e+00
-1.095285346584456088e+00,-2.295387903622500669e+00,-5.902883712457517085e+00,-3.501569762359811655e+00,-1.391433535517235498e+01,-1.458932505328616536e+01,-5.553963580909273112e+00,-1.089088228434278882e+01,-7.703824224013827049e+00,-5.213243432347517192e+00
-1.095285346584456088e+00,-2.295387903622500669e+00,-5.902883712457517085e+00,-3.501569762359811655e+00,-1.391433535517235498e+01,-1.458932505328616536e+01,-5.553963580909273112e+00,-1.232075909358687937e+01,-7.703824224013827049e+00,-5.213243432347517192e+00
-1.095285346584456088e+00,-2.295387903622500669e+00,-5.902883712457517085e+00,-3.501569762359811655e+00,-1.402716918767494114e+01,-1.458932505328616536e+01,-7.648732912279438523e+00,-1.232075909358687937e+01,-7.703824224013827049e+00,-5.213243432347517192e+00
-1.095285346584456088e+00,-2.295387903622500669e+00,-5.902883712457517085e+00,-3.501569762359811655e+00,-1.402716918767494114e+01,-1.458932505328616536e+01,-7.648732912279438523e+00,-1.232075909358687937e+01,-7.703824224013827049e+00,-5.213243432347517192e+00
-1.095285346584456088e+00,-2.295387903622500669e+00,-5.902883712457517085e+00,-3.501569762359811655e+00,-1.468819858964708658e+01,-1.458932505328616536e+01,-1.050527141784023222e+01,-1.232075909358687937e+01,-7.703824224013827049e+00,-5.213243432347517192e+00
-1.095285346584456088e+00,-2.295387903622500669e+00,-5.902883712457517085e+00,-3.501569762359811655e+00,-1.468819858964708658e+01,-1.458932505328616536e+01,-1.050527141784023222e+01,-1.232075909358687937e+01,-7.703824224013827049e+00,-6.104220679080760270e+00
-1.095285346584456088e+00,-2.295387903622500669e+00,-1.085308330176851577e+01,-3.501569762359811655e+00,-1.468819858964708658e+01,-1.458932505328616536e+01,-1.050527141784023222e+01,-1.232075909358687937e+01,-7.703824224013827049e+00,-6.104220679080760270e+00
-1.095285346584456088e+00,-2.295387903622500669e+00,-1.097419121465776648e+01,-3.501569762359811655e+00,-1.468819858964708658e+01,-1.458932505328616536e+01,-1.050527141784023222e+01,-1.232075909358687937e+01,-7.703824224013827049e+00,-6.104220679080760270e+00
-1.095285346584456088e+00,-2.295387903622500669e+00,-1.097419121465776648e+01,-3.501569762359811655e+00,-1.468819858964708658e+01,-1.458932505328616536e+01,-1.050527141784023222e+01,-1.626187797340948649e+01,-7.703824224013827049e+00,-6.104220679080760270e+00
-1.095285346584456088e+00,-2.295387903622500669e+00,-1.097419121465776648e+01,-3.501569762359811655e+00,-1.468819858964708658e+01,-1.458932505328616536e+01,-1.050527141784023222e+01,-1.626187797340948649e+01,-7.703824224013827049e+00,-6.104220679080760270e+00
-1.095285346584456088e+00,-4.055623356922548162e+00,-1.097419121465776648e+01,-3.501569762359811655e+00,-1.468819858964708658e+01,-1.458932505328616536e+01,-1.050527141784023222e+01,-1.626187797340948649e+01,-7.703824224013827049e+00,-6.104220679080760270e+00
-1.095285346584456088e+00,-4.055623356922548162e+00,-1.097419121465776648e+01,-3.501569762359811655e+00,-1.671146591184168173e+01,-1.458932505328616536e+01,-1.050527141784023222e+01,-1.626187797340948649e+01,-7.703824224013827049e+00,-6.104220679080760270e+00
-1.095285346584456088e+00,-4.055623356922548162e+00,-1.097419121465776648e+01,-3.501569762359811655e+00,-1.671146591184168173e+01,-1.458932505328616536e+01,-1.050527141784023222e+01,-1.626187797340948649e+01,-7.703824224013827049e+00,-6.104220679080760270e+00
-1.095285346584456088e+00,-4.055623356922548162e+00,-1.206516065443023322e+01,-3.501569762359811655e+00,-1.671146591184168173e+01,-1.458932505328616536e+01,-1.050527141784023222e+01,-1.626187797340948649e+01,-7.703824224013827049e+00,-6.104220679080760270e+00
-1.095285346584456088e+00,-4.055623356922548162e+00,-1.206516065443023322e+01,-3.501569762359811655e+00,-1.960326036848357489e+01,-1.458932505328616536e+01,-1.050527141784023222e+01,-1.626187797340948649e+01,-7.703824224013827049e+00,-6.104220679080760270e+00
-1.095285346584456088e+00,-4.055623356922548162e+00,-1.206516065443023322e+01,-3.501569762359811655e+00,-1.960326036848357489e+01,-1.458932505328616536e+01,-1.050527141784023222e+01,-1.626187797340948649e+01,-7.703824224013827049e+00,-6.104220679080760270e+00
-1.095285346584456088e+00,-4.055623356922548162e+00,-1.206516065443023322e+01,-3.501569762359811655e+00,-1.960326036848357489e+01,-1.458932505328616536e+01,-1.050527141784023222e+01,-1.626187797340948649e+01,-7.703824224013827049e+00,-6.104220679080760270e+00
-1.095285346584456088e+00,-4.055623356922548162e+00,-1.206516065443023322e+01,-3.501569762359811655e+00,-1.960326036848357489e+01,-1.458932505328616536e+01,-1.050527141784023222e+01,-1.626187797340948649e+01,-7.703824224013827049e+00,-6.104220679080760270e+00
-1.095285346584456088e+00,-4.055623356922548162e+00,-1.206516065443023322e+01,-3.501569762359811655e+00,-1.960326036848357489e+01,-1.458932505328616536e+01,-1.050527141784023222e+01,-1.626187797340948649e+01,-7.703824224013827049e+00,-6.104220679080760270e+00
-1.095285346584456088e+00,-4.055623356922548162e+00,-1.206516065443023322e+01,-3.501569762359811655e+00,-1.960326036848357489e+01,-1.458932505328616536e+01,-1.050527141784023222e+01,-1.626187797340948649e+01,-7.703824224013827049e+00,-6.104220679080760270e+00
-1.095285346584456088e+00,-4.055623356922548162e+00,-1.206516065443023322e+01,-3.501569762359811655e+00,-1.960326036848357489e+01,-1.458932505328616536e+01,-1.050527141784023222e+01,-1.626187797340948649e+01,-7.703824224013827049e+00,-6.104220679080760270e+00
-1.095285346584456088e+00,-4.055623356922548162e+00,-1.206516065443023322e+01,-3.501569762359811655e+00,-1.960326036848357489e+01,-1.458932505328616536e+01,-1.050527141784023222e+01,-1.626187797340948649e+01,-7.703824224013827049e+00,-6.104220679080760270e+00
-1.095285346584456088e+00,-4.055623356922548162e+00,-1.206516065443023322e+01,-3.501569762359811655e+00,-1.960326036848357489e+01,-1.458932505328616536e+01,-1.050527141784023222e+01,-1.626187797340948649e+01,-7.703824224013827049e+00,-6.104220679080760270e+00
-1.095285346584456088e+00,-4.055623356922548162e+00,-1.206516065443023322e+01,-3.501569762359811655e+00,-1.960326036848357489e+01,-1.458932505328616536e+01,-1.050527141784023222e+01,-1.626187797340948649e+01,-7.703824224013827049e+00,-6.104220679080760270e+00
-1.095285346584456088e+00,-4.055623356922548162e+00,-1.206516065443023322e+01,-3.501569762359811655e+00,-1.960326036848357489e+01,-1.458932505328616536e+01,-1.050527141784023222e+01,-1.626187797340948649e+01,-7.703824224013827049e+00,-6.104220679080760270e+00
-1.095285346584456088e+00,-4.055623356922548162e+00,-1.206516065443023322e+01,-3.501569762359811655e+00,-1.960326036848357489e+01,-1.458932505328616536e+01,-1.050527141784023222e+01,-1.626187797340948649e+01,-8.517417287757625743e+00,-6.104220679080760270e+00
-3.503216651768090273e+00,-4.055623356922548162e+00,-1.206516065443023322e+01,-3.501569762359811655e+00,-1.960326036848357489e+01,-1.458932505328616536e+01,-1.050527141784023222e+01,-1.626187797340948649e+01,-9.288289686184093341e+00,-6.104220679080760270e+00
-5.420832435511073299e+00,-4.055623356922548162e+00,-1.206516065443023322e+01,-3.501569762359811655e+00,-1.960326036848357489e+01,-1.458932505328616536e+01,-1.050527141784023222e+01,-1.626187797340948649e+01,-9.904498262188063507e+00,-6.104220679080760270e+00
-5.420832435511073299e+00,-4.409545120185801359e+00,-1.206516065443023322e+01,-3.501569762359811655e+00,-1.960326036848357489e+01,-1.458932505328616536e+01,-1.050527141784023222e+01,-1.626187797340948649e+01,-9.904498262188063507e+00,-6.104220679080760270e+00
-5.420832435511073299e+00,-4.409545120185801359e+00,-1.206516065443023322e+01,-3.501569762359811655e+00,-2.148918505885363572e+01,-1.458932505328616536e+01,-1.050527141784023222e+01,-1.626187797340948649e+01,-9.904498262188063507e+00,-6.104220679080760270e+00
-5.420832435511073299e+00,-4.409545120185801359e+00,-1.206516065443023322e+01,-3.501569762359811655e+00,-2.148918505885363572e+01,-1.458932505328616536e+01,-1.050527141784023222e+01,-1.626187797340948649e+01,-9.904498262188063507e+00,-7.301376115615207496e+00
-5.420832435511073299e+00,-4.409545120185801359e+00,-1.206516065443023322e+01,-3.501569762359811655e+00,-2.148918505885363572e+01,-1.458932505328616536e+01,-1.050527141784023222e+01,-1.626187797340948649e+01,-9.904498262188063507e+00,-7.301376115615207496e+00
-5.420832435511073299e+00,-4.409545120185801359e+00,-1.206516065443023322e+01,-3.501569762359811655e+00,-2.148918505885363572e+01,-1.458932505328616536e+01,-1.050527141784023222e+01,-1.626187797340948649e+01,-9.904498262188063507e+00,-7.301376115615207496e+00
-5.420832435511073299e+00,-4.409545120185801359e+00,-1.206516065443023322e+01,-3.501569762359811655e+00,-2.148918505885363572e+01,-1.458932505328616536e+01,-1.050527141784023222e+01,-1.626187797340948649e+01,-9.904498262188063507e+00,-7.301376115615207496e+00
-5.420832435511073299e+00,-4.409545120185801359e+00,-1.206516065443023322e+01,-3.501569762359811655e+00,-2.148918505885363572e+01,-1.458932505328616536e+01,-1.050527141784023222e+01,-1.626187797340948649e+01,-9.904498262188063507e+00,-7.301376115615207496e+00
-5.420832435511073299e+00,-4.409545120185801359e+00,-1.206516065443023322e+01,-3.501569762359811655e+00,-2.148918505885363572e+01,-1.458932505328616536e+01,-1.050527141784023222e+01,-1.626187797340948649e+01,-9.904498262188063507e+00,-7.301376115615207496e+00
-5.420832435511073299e+00,-4.409545120185801359e+00,-1.206516065443023322e+01,-3.501569762359811655e+00,-2.148918505885363572e+01,-1.458932505328616536e+01,-1.381861567484878783e+01,-1.626187797340948649e+01,-9.904498262188063507e+00,-7.301376115615207496e+00
-5.420832435511073299e+00,-4.409545120185801359e+00,-1.206516065443023322e+01,-3.501569762359811655e+00,-2.148918505885363572e+01,-1.458932505328616536e+01,-1.381861567484878783e+01,-1.626187797340948649e+01,-9.904498262188063507e+00,-7.301376115615207496e+00
-6.774525845089057974e+00,-4.409545120185801359e+00,-1.206516065443023322e+01,-3.501569762359811655e+00,-2.148918505885363572e+01,-1.458932505328616536e+01,-1.381861567484878783e+01,-1.626187797340948649e+01,-9.904498262188063507e+00,-7.301376115615207496e+00
-6.774525845089057974e+00,-4.409545120185801359e+00,-1.206516065443023322e+01,-3.501569762359811655e+00,-2.325903260822210328e+01,-1.458932505328616536e+01,-1.381861567484878783e+01,-1.626187797340948649e+01,-9.904498262188063507e+00,-8.217078368652039444e+00
-8.302907541184225693e+00,-4.409545120185801359e+00,-1.206516065443023322e+01,-3.501569762359811655e+00,-2.325903260822210328e+01,-1.458932505328616536e+01,-1.381861567484878783e+01,-1.626187797340948649e+01,-9.904498262188063507e+00,-8.217078368652039444e+00
-8.302907541184225693e+00,-4.409545120185801359e+00,-1.206516065443023322e+01,-3.501569762359811655e+00,-2.325903260822210328e+01,-1.458932505328616536e+01,-1.381861567484878783e+01,-1.626187797340948649e+01,-1.010657925625122999e+01,-8.217078368652039444e+00
-8.302907541184225693e+00,-4.409545120185801359e+00,-1.206516065443023322e+01,-3.501569762359811655e+00,-2.325903260822210328e+01,-1.458932505328616536e+01,-1.381861567484878783e+01,-1.626187797340948649e+01,-1.010657925625122999e+01,-8.217078368652039444e+00
-8.302907541184225693e+00,-4.409545120185801359e+00,-1.206516065443023322e+01,-3.501569762359811655e+00,-2.325903260822210328e+01,-1.458932505328616536e+01,-1.381861567484878783e+01,-1.626187797340948649e+01,-1.010657925625122999e+01,-8.217078368652039444e+00
-8.302907541184225693e+00,-4.409545120185801359e+00,-1.206516065443023322e+01,-3.501569762359811655e+00,-2.325903260822210328e+01,-1.458932505328616536e+01,-1.381861567484878783e+01,-1.626187797340948649e+01,-1.010657925625122999e+01,-8.217078368652039444e+00
-8.302907541184225693e+00,-4.409545120185801359e+00,-1.206516065443023322e+01,-3.501569762359811655e+00,-2.325903260822210328e+01,-1.458932505328616536e+01,-1.381861567484878783e+01,-1.626187797340948649e+01,-1.010657925625122999e+01,-8.217078368652039444e+00
-8.302907541184225693e+00,-4.409545120185801359e+00,-1.206516065443023322e+01,-3.501569762359811655e+00,-2.325903260822210328e+01,-1.458932505328616536e+01,-1.381861567484878783e+01,-1.626187797340948649e+01,-1.010657925625122999e+01,-8.217078368652039444e+00
-8.302907541184225693e+00,-4.409545120185801359e+00,-1.206516065443023322e+01,-3.501569762359811655e+00,-2.325903260822210328e+01,-1.458932505328616536e+01,-1.381861567484878783e+01,-1.626187797340948649e+01,-1.010657925625122999e+01,-8.217078368652039444e+00
-8.302907541184225693e+00,-4.409545120185801359e+00,-1.206516065443023322e+01,-3.501569762359811655e+00,-2.325903260822210328e+01,-1.458932505328616536e+01,-1.381861567484878783e+01,-1.626187797340948649e+01,-1.010657925625122999e+01,-8.217078368652039444e+00
-8.302907541184225693e+00,-4.409545120185801359e+00,-1.206516065443023322e+01,-3.501569762359811655e+00,-2.325903260822210328e+01,-1.458932505328616536e+01,-1.381861567484878783e+01,-1.626187797340948649e+01,-1.010657925625122999e+01,-8.217078368652039444e+00
-8.302907541184225693e+00,-4.409545120185801359e+00,-1.206516065443023322e+01,-3.501569762359811655e+00,-2.325903260822210328e+01,-1.458932505328616536e+01,-1.381861567484878783e+01,-1.626187797340948649e+01,-1.010657925625122999e+01,-8.217078368652039444e+00
-8.302907541184225693e+00,-4.409545120185801359e+00,-1.206516065443023322e+01,-3.501569762359811655e+00,-2.325903260822210328e+01,-1.458932505328616536e+01,-1.381861567484878783e+01,-1.626187797340948649e+01,-1.010657925625122999e+01,-8.217078368652039444e+00
-8.302907541184225693e+00,-4.409545120185801359e+00,-1.206516065443023322e+01,-3.501569762359811655e+00,-2.325903260822210328e+01,-1.458932505328616536e+01,-1.381861567484878783e+01,-1.626187797340948649e+01,-1.010657925625122999e+01,-8.217078368652039444e+00
-8.302907541184225693e+00,-4.409545120185801359e+00,-1.206516065443023322e+01,-3.501569762359811655e+00,-2.325903260822210328e+01,-1.458932505328616536e+01,-1.381861567484878783e+01,-1.626187797340948649e+01,-1.010657925625122999e+01,-1.068913164406927940e+01
-8.302907541184225693e+00,-4.409545120185801359e+00,-1.206516065443023322e+01,-3.501569762359811655e+00,-2.325903260822210328e+01,-1.458932505328616536e+01,-1.381861567484878783e+01,-1.626187797340948649e+01,-1.010657925625122999e+01,-1.068913164406927940e+01
-8.302907541184225693e+00,-4.409545120185801359e+00,-1.206516065443023322e+01,-3.501569762359811655e+00,-2.325903260822210328e+01,-1.458932505328616536e+01,-1.381861567484878783e+01,-1.626187797340948649e+01,-1.010657925625122999e+01,-1.068913164406927940e+01
-8.302907541184225693e+00,-4.409545120185801359e+00,-1.206516065443023322e+01,-3.501569762359811655e+00,-2.325903260822210328e+01,-1.458932505328616536e+01,-1.381861567484878783e+01,-1.667838897336668325e+01,-1.010657925625122999e+01,-1.068913164406927940e+01
-8.302907541184225693e+00,-4.409545120185801359e+00,-1.206516065443023322e+01,-3.501569762359811655e+00,-2.325903260822210328e+01,-1.458932505328616536e+01,-1.381861567484878783e+01,-1.667838897336668325e+01,-1.010657925625122999e+01,-1.068913164406927940e+01
-8.302907541184225693e+00,-4.409545120185801359e+00,-1.206516065443023322e+01,-3.501569762359811655e+00,-2.325903260822210328e+01,-1.458932505328616536e+01,-1.381861567484878783e+01,-1.667838897336668325e+01,-1.010657925625122999e+01,-1.068913164406927940e+01
-8.302907541184225693e+00,-4.409545120185801359e+00,-1.206516065443023322e+01,-3.501569762359811655e+00,-2.325903260822210328e+01,-1.458932505328616536e+01,-1.381861567484878783e+01,-1.667838897336668325e+01,-1.089542117836625046e+01,-1.068913164406927940e+01
-8.302907541184225693e+00,-4.409545120185801359e+00,-1.206516065443023322e+01,-3.501569762359811655e+00,-2.325903260822210328e+01,-1.458932505328616536e+01,-1.381861567484878783e+01,-1.667838897336668325e+01,-1.089542117836625046e+01,-1.068913164406927940e+01
-8.302907541184225693e+00,-4.409545120185801359e+00,-1.206516065443023322e+01,-3.501569762359811655e+00,-2.325903260822210328e+01,-1.458932505328616536e+01,-1.381861567484878783e+01,-1.667838897336668325e+01,-1.692915207487181917e+01,-1.068913164406927940e+01
-8.302907541184225693e+00,-4.409545120185801359e+00,-1.206516065443023322e+01,-3.501569762359811655e+00,-2.531172876652586012e+01,-1.458932505328616536e+01,-1.381861567484878783e+01,-1.667838897336668325e+01,-1.692915207487181917e+01,-1.068913164406927940e+01
-8.302907541184225693e+00,-4.409545120185801359e+00,-1.206516065443023322e+01,-3.501569762359811655e+00,-2.531172876652586012e+01,-1.458932505328616536e+01,-1.381861567484878783e+01,-1.667838897336668325e+01,-1.692915207487181917e+01,-1.068913164406927940e+01
-8.302907541184225693e+00,-4.409545120185801359e+00,-1.206516065443023322e+01,-3.501569762359811655e+00,-2.531172876652586012e+01,-1.458932505328616536e+01,-1.381861567484878783e+01,-1.667838897336668325e+01,-1.692915207487181917e+01,-1.068913164406927940e+01
-8.302907541184225693e+00,-4.409545120185801359e+00,-1.206516065443023322e+01,-3.501569762359811655e+00,-2.531172876652586012e+01,-1.458932505328616536e+01,-1.381861567484878783e+01,-1.667838897336668325e+01,-1.692915207487181917e+01,-1.068913164406927940e+01
-8.302907541184225693e+00,-4.409545120185801359e+00,-1.206516065443023322e+01,-3.501569762359811655e+00,-2.531172876652586012e+01,-1.469743893367123810e+01,-1.381861567484878783e+01,-1.667838897336668325e+01,-1.692915207487181917e+01,-1.068913164406927940e+01
-8.302907541184225693e+00,-4.409545120185801359e+00,-1.206516065443023322e+01,-3.501569762359811655e+00,-2.531172876652586012e+01,-1.469743893367123810e+01,-1.381861567484878783e+01,-1.667838897336668325e+01,-1.692915207487181917e+01,-1.068913164406927940e+01
-8.302907541184225693e+00,-4.409545120185801359e+00,-1.206516065443023322e+01,-3.501569762359811655e+00,-2.531172876652586012e+01,-1.469743893367123810e+01,-1.381861567484878783e+01,-1.667838897336668325e+01,-1.692915207487181917e+01,-1.068913164406927940e+01
-8.302907541184225693e+00,-4.409545120185801359e+00,-1.206516065443023322e+01,-3.501569762359811655e+00,-2.531172876652586012e+01,-1.469743893367123810e+01,-1.381861567484878783e+01,-1.667838897336668325e+01,-1.722287799397829033e+01,-1.068913164406927940e+01
-8.302907541184225693e+00,-4.409545120185801359e+00,-1.206516065443023322e+01,-3.501569762359811655e+00,-2.531172876652586012e+01,-1.469743893367123810e+01,-1.381861567484878783e+01,-1.667838897336668325e+01,-1.722287799397829033e+01,-1.068913164406927940e+01
-8.302907541184225693e+00,-4.409545120185801359e+00,-1.206516065443023322e+01,-3.501569762359811655e+00,-2.531172876652586012e+01,-1.469743893367123810e+01,-1.381861567484878783e+01,-1.667838897336668325e+01,-1.722287799397829033e+01,-1.068913164406927940e+01
-8.302907541184225693e+00,-4.409545120185801359e+00,-1.206516065443023322e+01,-3.501569762359811655e+00,-2.531172876652586012e+01,-1.469743893367123810e+01,-1.381861567484878783e+01,-1.667838897336668325e+01,-1.722287799397829033e+01,-1.068913164406927940e+01
-8.302907541184225693e+00,-4.409545120185801359e+00,-1.206516065443023322e+01,-3.501569762359811655e+00,-2.531172876652586012e+01,-1.469743893367123810e+01,-1.381861567484878783e+01,-1.667838897336668325e+01,-1.722287799397829033e+01,-1.068913164406927940e+01
-8.302907541184225693e+00,-4.409545120185801359e+00,-1.206516065443023322e+01,-3.501569762359811655e+00,-2.531172876652586012e+01,-1.469743893367123810e+01,-1.381861567484878783e+01,-1.667838897336668325e+01,-1.722287799397829033e+01,-1.068913164406927940e+01
-8.302907541184225693e+00,-4.409545120185801359e+00,-1.206516065443023322e+01,-3.501569762359811655e+00,-2.531172876652586012e+01,-1.469743893367123810e+01,-1.637166796513139744e+01,-1.667838897336668325e+01,-1.722287799397829033e+01,-1.068913164406927940e+01
-8.302907541184225693e+00,-4.409545120185801359e+00,-1.206516065443023322e+01,-1.000207817745203265e+01,-2.531172876652586012e+01,-1.469743893367123810e+01,-1.637166796513139744e+01,-1.667838897336668325e+01,-1.722287799397829033e+01,-1.068913164406927940e+01
-8.302907541184225693e+00,-4.409545120185801359e+00,-1.206516065443023322e+01,-1.000207817745203265e+01,-2.531172876652586012e+01,-1.469743893367123810e+01,-1.637166796513139744e+01,-1.667838897336668325e+01,-1.722287799397829033e+01,-1.068913164406927940e+01
-8.302907541184225693e+00,-4.409545120185801359e+00,-1.206516065443023322e+01,-1.000207817745203265e+01,-2.531172876652586012e+01,-1.469743893367123810e+01,-1.637166796513139744e+01,-1.667838897336668325e+01,-1.722287799397829033e+01,-1.068913164406927940e+01
-8.302907541184225693e+00,-4.409545120185801359e+00,-1.206516065443023322e+01,-1.000207817745203265e+01,-2.531172876652586012e+01,-1.469743893367123810e+01,-1.637166796513139744e+01,-1.667838897336668325e+01,-1.722287799397829033e+01,-1.068913164406927940e+01
-8.302907541184225693e+00,-4.409545120185801359e+00,-1.206516065443023322e+01,-1.000207817745203265e+01,-2.531172876652586012e+01,-1.469743893367123810e+01,-1.637166796513139744e+01,-1.667838897336668325e+01,-1.722287799397829033e+01,-1.068913164406927940e+01
-8.302907541184225693e+00,-4.409545120185801359e+00,-1.206516065443023322e+01,-1.000207817745203265e+01,-2.531172876652586012e+01,-1.469743893367123810e+01,-1.637166796513139744e+01,-1.667838897336668325e+01,-1.722287799397829033e+01,-1.068913164406927940e+01
-8.302907541184225693e+00,-4.409545120185801359e+00,-1.206516065443023322e+01,-1.000207817745203265e+01,-2.531172876652586012e+01,-1.469743893367123810e+01,-1.637166796513139744e+01,-1.667838897336668325e+01,-1.722287799397829033e+01,-1.068913164406927940e+01
-8.302907541184225693e+00,-4.409545120185801359e+00,-1.206516065443023322e+01,-1.000207817745203265e+01,-2.531172876652586012e+01,-1.469743893367123810e+01,-1.637166796513139744e+01,-1.667838897336668325e+01,-1.722287799397829033e+01,-1.068913164406927940e+01
-8.302907541184225693e+00,-4.409545120185801359e+00,-1.206516065443023322e+01,-1.000207817745203265e+01,-2.531172876652586012e+01,-1.469743893367123810e+01,-1.637166796513139744e+01,-1.667838897336668325e+01,-1.722287799397829033e+01,-1.068913164406927940e+01
-8.302907541184225693e+00,-4.409545120185801359e+00,-1.206516065443023322e+01,-1.000207817745203265e+01,-2.531172876652586012e+01,-1.469743893367123810e+01,-1.637166796513139744e+01,-1.667838897336668325e+01,-1.722287799397829033e+01,-1.068913164406927940e+01
-8.302907541184225693e+00,-4.409545120185801359e+00,-1.206516065443023322e+01,-1.000207817745203265e+01,-2.531172876652586012e+01,-1.469743893367123810e+01,-1.637166796513139744e+01,-1.667838897336668325e+01,-1.722287799397829033e+01,-1.068913164406927940e+01
-8.302907541184225693e+00,-4.966704959424613541e+00,-1.206516065443023322e+01,-1.000207817745203265e+01,-2.531172876652586012e+01,-1.533394703560129990e+01,-1.637166796513139744e+01,-1.667838897336668325e+01,-1.722287799397829033e+01,-1.068913164406927940e+01
-8.302907541184225693e+00,-4.966704959424613541e+00,-1.206516065443023322e+01,-1.000207817745203265e+01,-2.531172876652586012e+01,-1.533394703560129990e+01,-1.637166796513139744e+01,-1.667838897336668325e+01,-1.722287799397829033e+01,-1.068913164406927940e+01
-8.302907541184225693e+00,-4.966704959424613541e+00,-1.206516065443023322e+01,-1.000207817745203265e+01,-2.531172876652586012e+01,-1.533394703560129990e+01,-1.637166796513139744e+01,-1.667838897336668325e+01,-1.722287799397829033e+01,-1.068913164406927940e+01
-8.302907541184225693e+00,-4.966704959424613541e+00,-1.206516065443023322e+01,-1.000207817745203265e+01,-2.531172876652586012e+01,-1.533394703560129990e+01,-1.637166796513139744e+01,-1.667838897336668325e+01,-1.722287799397829033e+01,-1.068913164406927940e+01
-8.302907541184225693e+00,-4.966704959424613541e+00,-1.206516065443023322e+01,-1.000207817745203265e+01,-2.531172876652586012e+01,-1.533394703560129990e+01,-1.637166796513139744e+01,-1.667838897336668325e+01,-1.722287799397829033e+01,-1.068913164406927940e+01
-8.302907541184225693e+00,-4.966704959424613541e+00,-1.206516065443023322e+01,-1.000207817745203265e+01,-2.531172876652586012e+01,-1.533394703560129990e+01,-1.637166796513139744e+01,-1.667838897336668325e+01,-1.722287799397829033e+01,-1.068913164406927940e+01
-8.302907541184225693e+00,-4.966704959424613541e+00,-1.206516065443023322e+01,-1.000207817745203265e+01,-2.531172876652586012e+01,-1.533394703560129990e+01,-1.637166796513139744e+01,-1.667838897336668325e+01,-1.722287799397829033e+01,-1.068913164406927940e+01
-8.302907541184225693e+00,-4.966704959424613541e+00,-1.206516065443023322e+01,-1.000207817745203265e+01,-2.531172876652586012e+01,-1.533394703560129990e+01,-1.637166796513139744e+01,-1.667838897336668325e+01,-1.722287799397829033e+01,-1.068913164406927940e+01
-8.302907541184225693e+00,-4.966704959424613541e+00,-1.206516065443023322e+01,-1.000207817745203265e+01,-2.623152181698948127e+01,-1.533394703560129990e+01,-1.637166796513139744e+01,-1.667838897336668325e+01,-1.722287799397829033e+01,-1.068913164406927940e+01
-8.302907541184225693e+00,-4.966704959424613541e+00,-1.206516065443023322e+01,-1.000207817745203265e+01,-2.623152181698948127e+01,-1.533394703560129990e+01,-1.637166796513139744e+01,-1.667838897336668325e+01,-1.722287799397829033e+01,-1.068913164406927940e+01
-8.302907541184225693e+00,-4.966704959424613541e+00,-1.206516065443023322e+01,-1.000207817745203265e+01,-2.623152181698948127e+01,-1.533394703560129990e+01,-1.637166796513139744e+01,-1.667838897336668325e+01,-1.722287799397829033e+01,-1.068913164406927940e+01
-8.302907541184225693e+00,-4.966704959424613541e+00,-1.206516065443023322e+01,-1.000207817745203265e+01,-2.623152181698948127e+01,-1.533394703560129990e+01,-1.637166796513139744e+01,-1.667838897336668325e+01,-1.722287799397829033e+01,-1.068913164406927940e+01
-8.302907541184225693e+00,-4.966704959424613541e+00,-1.206516065443023322e+01,-1.000207817745203265e+01,-2.623152181698948127e+01,-1.533394703560129990e+01,-1.637166796513139744e+01,-1.667838897336668325e+01,-1.722287799397829033e+01,-1.068913164406927940e+01
-8.302907541184225693e+00,-4.966704959424613541e+00,-1.206516065443023322e+01,-1.000207817745203265e+01,-2.623152181698948127e+01,-1.533394703560129990e+01,-1.637166796513139744e+01,-1.667838897336668325e+01,-1.722287799397829033e+01,-1.068913164406927940e+01
-8.302907541184225693e+00,-4.966704959424613541e+00,-1.206516065443023322e+01,-1.000207817745203265e+01,-2.623152181698948127e+01,-1.533394703560129990e+01,-1.637166796513139744e+01,-1.667838897336668325e+01,-1.722287799397829033e+01,-1.068913164406927940e+01
-8.302907541184225693e+00,-4.966704959424613541e+00,-1.206516065443023322e+01,-1.000207817745203265e+01,-2.623152181698948127e+01,-1.533394703560129990e+01,-1.637166796513139744e+01,-1.667838897336668325e+01,-1.722287799397829033e+01,-1.068913164406927940e+01
-8.302907541184225693e+00,-4.966704959424613541e+00,-1.206516065443023322e+01,-1.000207817745203265e+01,-2.623152181698948127e+01,-1.533394703560129990e+01,-1.637166796513139744e+01,-1.667838897336668325e+01,-1.722287799397829033e+01,-1.068913164406927940e+01
-8.302907541184225693e+00,-4.966704959424613541e+00,-1.206516065443023322e+01,-1.000207817745203265e+01,-2.623152181698948127e+01,-1.533394703560129990e+01,-1.753453157494016423e+01,-1.667838897336668325e+01,-1.722287799397829033e+01,-1.068913164406927940e+01
-8.302907541184225693e+00,-4.966704959424613541e+00,-1.206516065443023322e+01,-1.000207817745203265e+01,-2.623152181698948127e+01,-1.533394703560129990e+01,-1.753453157494016423e+01,-1.667838897336668325e+01,-1.722287799397829033e+01,-1.267234974718255458e+01
-8.302907541184225693e+00,-4.966704959424613541e+00,-1.206516065443023322e+01,-1.000207817745203265e+01,-2.849349508454640656e+01,-1.533394703560129990e+01,-1.753453157494016423e+01,-1.667838897336668325e+01,-1.722287799397829033e+01,-1.267234974718255458e+01
-8.302907541184225693e+00,-4.966704959424613541e+00,-1.475441700794891986e+01,-1.000207817745203265e+01,-2.849349508454640656e+01,-1.533394703560129990e+01,-1.753453157494016423e+01,-1.667838897336668325e+01,-1.722287799397829033e+01,-1.267234974718255458e+01
-8.302907541184225693e+00,-4.966704959424613541e+00,-1.475441700794891986e+01,-1.000207817745203265e+01,-2.849349508454640656e+01,-1.533394703560129990e+01,-1.753453157494016423e+01,-1.667838897336668325e+01,-1.722287799397829033e+01,-1.267234974718255458e+01
-8.302907541184225693e+00,-4.966704959424613541e+00,-1.475441700794891986e+01,-1.000207817745203265e+01,-2.849349508454640656e+01,-1.533394703560129990e+01,-1.753453157494016423e+01,-1.667838897336668325e+01,-1.722287799397829033e+01,-1.267234974718255458e+01
-8.302907541184225693e+00,-4.966704959424613541e+00,-1.475441700794891986e+01,-1.000207817745203265e+01,-2.907841917833570733e+01,-1.533394703560129990e+01,-1.753453157494016423e+01,-1.667838897336668325e+01,-1.722287799397829033e+01,-1.267234974718255458e+01
-8.302907541184225693e+00,-4.966704959424613541e+00,-1.475441700794891986e+01,-1.000207817745203265e+01,-2.907841917833570733e+01,-1.533394703560129990e+01,-1.753453157494016423e+01,-1.667838897336668325e+01,-1.722287799397829033e+01,-1.267234974718255458e+01
-8.302907541184225693e+00,-4.966704959424613541e+00,-1.475441700794891986e+01,-1.000207817745203265e+01,-2.907841917833570733e+01,-1.533394703560129990e+01,-1.753453157494016423e+01,-1.667838897336668325e+01,-1.722287799397829033e+01,-1.267234974718255458e+01
-8.302907541184225693e+00,-4.966704959424613541e+00,-1.475441700794891986e+01,-1.000207817745203265e+01,-2.907841917833570733e+01,-1.533394703560129990e+01,-1.753453157494016423e+01,-1.667838897336668325e+01,-1.722287799397829033e+01,-1.267234974718255458e+01
-8.302907541184225693e+00,-4.966704959424613541e+00,-1.475441700794891986e+01,-1.000207817745203265e+01,-2.907841917833570733e+01,-1.533394703560129990e+01,-1.753453157494016423e+01,-1.667838897336668325e+01,-1.722287799397829033e+01,-1.267234974718255458e+01
-8.302907541184225693e+00,-4.966704959424613541e+00,-1.475441700794891986e+01,-1.000207817745203265e+01,-2.907841917833570733e+01,-1.533394703560129990e+01,-1.753453157494016423e+01,-1.667838897336668325e+01,-1.722287799397829033e+01,-1.267234974718255458e+01
-8.302907541184225693e+00,-5.049367955401160124e+00,-1.475441700794891986e+01,-1.000207817745203265e+01,-2.907841917833570733e+01,-1.533394703560129990e+01,-1.753453157494016423e+01,-1.667838897336668325e+01,-1.722287799397829033e+01,-1.267234974718255458e+01
-8.302907541184225693e+00,-6.745895271933872728e+00,-1.475441700794891986e+01,-1.000207817745203265e+01,-2.907841917833570733e+01,-1.533394703560129990e+01,-1.753453157494016423e+01,-1.667838897336668325e+01,-1.722287799397829033e+01,-1.267234974718255458e+01
-8.302907541184225693e+00,-6.745895271933872728e+00,-1.475441700794891986e+01,-1.000207817745203265e+01,-2.907841917833570733e+01,-1.533394703560129990e+01,-1.753453157494016423e+01,-1.667838897336668325e+01,-1.722287799397829033e+01,-1.267234974718255458e+01
-8.302907541184225693e+00,-6.745895271933872728e+00,-1.475441700794891986e+01,-1.000207817745203265e+01,-2.907841917833570733e+01,-1.533394703560129990e+01,-1.753453157494016423e+01,-1.667838897336668325e+01,-1.722287799397829033e+01,-1.267234974718255458e+01
-8.302907541184225693e+00,-6.745895271933872728e+00,-1.475441700794891986e+01,-1.000207817745203265e+01,-2.907841917833570733e+01,-1.533394703560129990e+01,-1.753453157494016423e+01,-1.667838897336668325e+01,-1.722287799397829033e+01,-1.267234974718255458e+01
-8.302907541184225693e+00,-1.647833485364170869e+01,-1.475441700794891986e+01,-1.000207817745203265e+01,-2.907841917833570733e+01,-1.533394703560129990e+01,-1.753453157494016423e+01,-1.667838897336668325e+01,-1.722287799397829033e+01,-1.267234974718255458e+01
-8.302907541184225693e+00,-1.647833485364170869e+01,-1.475441700794891986e+01,-1.000207817745203265e+01,-2.907841917833570733e+01,-1.533394703560129990e+01,-1.753453157494016423e+01,-1.667838897336668325e+01,-1.722287799397829033e+01,-1.267234974718255458e+01
-8.302907541184225693e+00,-1.773070338659533363e+01,-1.475441700794891986e+01,-1.000207817745203265e+01,-2.907841917833570733e+01,-1.533394703560129990e+01,-1.877813446131447250e+01,-1.667838897336668325e+01,-1.722287799397829033e+01,-1.267234974718255458e+01
-8.302907541184225693e+00,-1.773070338659533363e+01,-1.475441700794891986e+01,-1.000207817745203265e+01,-2.907841917833570733e+01,-1.533394703560129990e+01,-1.877813446131447250e+01,-1.667838897336668325e+01,-1.722287799397829033e+01,-1.267234974718255458e+01
-8.302907541184225693e+00,-1.773070338659533363e+01,-1.475441700794891986e+01,-1.000207817745203265e+01,-2.907841917833570733e+01,-1.533394703560129990e+01,-1.877813446131447250e+01,-1.667838897336668325e+01,-1.722287799397829033e+01,-1.267234974718255458e+01
-8.302907541184225693e+00,-1.773070338659533363e+01,-1.475441700794891986e+01,-1.000207817745203265e+01,-2.907841917833570733e+01,-1.533394703560129990e+01,-1.877813446131447250e+01,-1.667838897336668325e+01,-1.722287799397829033e+01,-1.267234974718255458e+01
-8.302907541184225693e+00,-1.773070338659533363e+01,-1.475441700794891986e+01,-1.000207817745203265e+01,-2.907841917833570733e+01,-1.533394703560129990e+01,-1.877813446131447250e+01,-1.667838897336668325e+01,-1.722287799397829033e+01,-1.267234974718255458e+01
-8.302907541184225693e+00,-1.773070338659533363e+01,-1.475441700794891986e+01,-1.000207817745203265e+01,-2.907841917833570733e+01,-1.533394703560129990e+01,-1.877813446131447250e+01,-1.667838897336668325e+01,-1.722287799397829033e+01,-1.450228402950642703e+01
-8.302907541184225693e+00,-1.773070338659533363e+01,-1.475441700794891986e+01,-1.000207817745203265e+01,-2.907841917833570733e+01,-1.533394703560129990e+01,-1.877813446131447250e+01,-1.667838897336668325e+01,-1.722287799397829033e+01,-1.450228402950642703e+01
-8.302907541184225693e+00,-1.773070338659533363e+01,-1.475441700794891986e+01,-1.000207817745203265e+01,-2.907841917833570733e+01,-1.533394703560129990e+01,-1.877813446131447250e+01,-1.667838897336668325e+01,-1.722287799397829033e+01,-1.450228402950642703e+01
-8.302907541184225693e+00,-1.773070338659533363e+01,-1.475441700794891986e+01,-1.000207817745203265e+01,-2.907841917833570733e+01,-1.533394703560129990e+01,-1.877813446131447250e+01,-1.667838897336668325e+01,-1.722287799397829033e+01,-1.450228402950642703e+01
-8.302907541184225693e+00,-1.773070338659533363e+01,-1.475441700794891986e+01,-1.000207817745203265e+01,-2.907841917833570733e+01,-1.533394703560129990e+01,-1.877813446131447250e+01,-1.667838897336668325e+01,-1.722287799397829033e+01,-1.450228402950642703e+01
-8.302907541184225693e+00,-1.773070338659533363e+01,-1.475441700794891986e+01,-1.000207817745203265e+01,-2.907841917833570733e+01,-1.533394703560129990e+01,-1.877813446131447250e+01,-1.667838897336668325e+01,-1.722287799397829033e+01,-1.474214154125825260e+01
