-3.237236484835420036e+00,1.465734782310928352e+00,-7.364074905628625878e-02,-1.493155466173708312e+00,7.333860651572585154e-03,4.430969168502845612e+00,3.301666935688658544e+00,-2.483294357475910097e+00,-1.643721363079412301e+00,-1.091578637894436155e-01
-3.237236484835420036e+00,1.465734782310928352e+00,-7.364074905628625878e-02,-3.149149649118395011e+00,7.333860651572585154e-03,4.430969168502845612e+00,3.301666935688658544e+00,-2.541521890379649484e+00,-1.643721363079412301e+00,-1.998811172054887342e-01
-3.237236484835420036e+00,-6.588977813034857078e+00,-7.364074905628625878e-02,-3.149149649118395011e+00,-3.252736394514457618e+00,1.130581744784295850e+00,2.953413201316316794e+00,-2.897491965877940334e+00,-2.091747055167733294e+00,-2.049334413693133072e+00
-3.237236484835420036e+00,-6.588977813034857078e+00,-4.085220721882535599e+00,-3.149149649118395011e+00,-3.252736394514457618e+00,1.130581744784295850e+00,2.524025358030961730e+00,-2.897491965877940334e+00,-2.282153162704217308e+00,-2.049334413693133072e+00
-3.237236484835420036e+00,-6.588977813034857078e+00,-4.085220721882535599e+00,-3.249765746604232231e+00,-3.252736394514457618e+00,1.130581744784295850e+00,2.373783862033868708e+00,-2.897491965877940334e+00,-3.024733405961512300e+00,-2.049334413693133072e+00
-3.237236484835420036e+00,-6.588977813034857078e+00,-4.132228014048166642e+00,-3.249765746604232231e+00,-3.252736394514457618e+00,-6.057704944950899062e+00,2.373783862033868708e+00,-2.897491965877940334e+00,-3.024733405961512300e+00,-2.049334413693133072e+00
-3.237236484835420036e+00,-6.588977813034857078e+00,-4.521048331774450979e+00,-3.249765746604232231e+00,-3.252736394514457618e+00,-6.057704944950899062e+00,2.373783862033868708e+00,-4.265824287922383995e+00,-3.024733405961512300e+00,-2.049334413693133072e+00
-3.237236484835420036e+00,-6.588977813034857078e+00,-6.771294959420975701e+00,-4.083157707051970675e+00,-3.252736394514457618e+00,-6.057704944950899062e+00,1.044881193568687694e+00,-6.028711377389778470e+00,-3.024733405961512300e+00,-2.316249158353816284e+00
-3.237236484835420036e+00,-6.588977813034857078e+00,-7.649344919217151428e+00,-7.325220740108474793e+00,-6.187682364655815448e+00,-6.057704944950899062e+00,1.044881193568687694e+00,-6.028711377389778470e+00,-3.024733405961512300e+00,-2.316249158353816284e+00
-3.237236484835420036e+00,-6.588977813034857078e+00,-7.649344919217151428e+00,-7.325220740108474793e+00,-6.187682364655815448e+00,-6.057704944950899062e+00,1.044881193568687694e+00,-6.028711377389778470e+00,-3.024733405961512300e+00,-2.712497293153757649e+00
-3.237236484835420036e+00,-6.588977813034857078e+00,-7.649344919217151428e+00,-7.325220740108474793e+00,-6.187682364655815448e+00,-6.057704944950899062e+00,1.044881193568687694e+00,-6.028711377389778470e+00,-4.280064733189605342e+00,-2.712497293153757649e+00
-3.237236484835420036e+00,-6.914640898864037766e+00,-7.649344919217151428e+00,-7.325220740108474793e+00,-6.187682364655815448e+00,-6.057704944950899062e+00,-3.161855077506873224e-01,-6.028711377389778470e+00,-4.280064733189605342e+00,-2.712497293153757649e+00
-3.237236484835420036e+00,-7.525843643882650369e+00,-7.649344919217151428e+00,-7.325220740108474793e+00,-6.187682364655815448e+00,-6.057704944950899062e+00,-9.184375081266145102e-01,-6.028711377389778470e+00,-4.280064733189605342e+00,-2.712497293153757649e+00
-3.237236484835420036e+00,-1.209095664557356287e+01,-7.649344919217151428e+00,-7.325220740108474793e+00,-6.187682364655815448e+00,-6.057704944950899062e+00,-9.184375081266145102e-01,-6.028711377389778470e+00,-4.280064733189605342e+00,-2.712497293153757649e+00
-3.237236484835420036e+00,-1.319520531146430642e+01,-7.649344919217151428e+00,-7.325220740108474793e+00,-6.187682364655815448e+00,-6.057704944950899062e+00,-9.184375081266145102e-01,-6.028711377389778470e+00,-4.280064733189605342e+00,-2.712497293153757649e+00
-3.237236484835420036e+00,-1.319520531146430642e+01,-7.649344919217151428e+00,-7.325220740108474793e+00,-6.187682364655815448e+00,-8.688801270781018715e+00,-9.184375081266145102e-01,-6.028711377389778470e+00,-4.280064733189605342e+00,-2.712497293153757649e+00
-3.237236484835420036e+00,-1.847705048923957349e+01,-7.649344919217151428e+00,-7.325220740108474793e+00,-6.187682364655815448e+00,-8.916950834148146043e+00,-9.184375081266145102e-01,-6.028711377389778470e+00,-4.280064733189605342e+00,-2.712497293153757649e+00
-3.237236484835420036e+00,-1.847705048923957349e+01,-7.649344919217151428e+00,-7.325220740108474793e+00,-6.187682364655815448e+00,-8.916950834148146043e+00,-9.184375081266145102e-01,-6.028711377389778470e+00,-4.280064733189605342e+00,-3.270554483280221802e+00
-3.237236484835420036e+00,-1.847705048923957349e+01,-7.649344919217151428e+00,-7.325220740108474793e+00,-6.187682364655815448e+00,-8.916950834148146043e+00,-1.565783070094129314e+00,-6.028711377389778470e+00,-4.280064733189605342e+00,-3.270554483280221802e+00
-3.237236484835420036e+00,-1.847705048923957349e+01,-7.649344919217151428e+00,-7.325220740108474793e+00,-6.187682364655815448e+00,-8.916950834148146043e+00,-1.565783070094129314e+00,-6.028711377389778470e+00,-4.280064733189605342e+00,-3.270554483280221802e+00
-3.237236484835420036e+00,-1.847705048923957349e+01,-7.649344919217151428e+00,-7.325220740108474793e+00,-6.187682364655815448e+00,-8.916950834148146043e+00,-1.565783070094129314e+00,-6.028711377389778470e+00,-4.280064733189605342e+00,-3.270554483280221802e+00
-3.237236484835420036e+00,-1.847705048923957349e+01,-7.649344919217151428e+00,-7.325220740108474793e+00,-6.187682364655815448e+00,-8.916950834148146043e+00,-1.640350736751597260e+00,-6.028711377389778470e+00,-4.280064733189605342e+00,-3.270554483280221802e+00
-3.237236484835420036e+00,-1.847705048923957349e+01,-7.649344919217151428e+00,-7.817954710072465119e+00,-6.187682364655815448e+00,-8.916950834148146043e+00,-1.640350736751597260e+00,-6.028711377389778470e+00,-4.280064733189605342e+00,-3.270554483280221802e+00
-3.237236484835420036e+00,-1.847705048923957349e+01,-7.649344919217151428e+00,-7.817954710072465119e+00,-6.187682364655815448e+00,-1.140279377706987063e+01,-1.640350736751597260e+00,-6.028711377389778470e+00,-4.280064733189605342e+00,-3.270554483280221802e+00
-3.237236484835420036e+00,-1.847705048923957349e+01,-7.649344919217151428e+00,-7.817954710072465119e+00,-6.187682364655815448e+00,-1.140279377706987063e+01,-1.640350736751597260e+00,-6.028711377389778470e+00,-4.280064733189605342e+00,-3.270554483280221802e+00
-3.237236484835420036e+00,-1.847705048923957349e+01,-9.910156931901537902e+00,-7.817954710072465119e+00,-6.187682364655815448e+00,-1.140279377706987063e+01,-1.694773139873466450e+00,-6.028711377389778470e+00,-4.280064733189605342e+00,-3.270554483280221802e+00
-3.796265621816382385e+00,-1.847705048923957349e+01,-9.910156931901537902e+00,-7.817954710072465119e+00,-6.187682364655815448e+00,-1.140279377706987063e+01,-1.694773139873466450e+00,-6.028711377389778470e+00,-4.280064733189605342e+00,-3.270554483280221802e+00
-3.796265621816382385e+00,-1.847705048923957349e+01,-9.910156931901537902e+00,-7.817954710072465119e+00,-6.187682364655815448e+00,-1.140279377706987063e+01,-1.694773139873466450e+00,-6.315574953746790676e+00,-4.280064733189605342e+00,-7.218486604463966394e+00
-3.796265621816382385e+00,-1.847705048923957349e+01,-9.910156931901537902e+00,-1.367921420263018817e+01,-6.187682364655815448e+00,-1.140279377706987063e+01,-1.694773139873466450e+00,-6.315574953746790676e+00,-4.280064733189605342e+00,-7.218486604463966394e+00
-3.796265621816382385e+00,-1.847705048923957349e+01,-9.910156931901537902e+00,-1.367921420263018817e+01,-6.187682364655815448e+00,-1.140279377706987063e+01,-1.694773139873466450e+00,-6.315574953746790676e+00,-4.280064733189605342e+00,-7.403100253527150620e+00
-3.796265621816382385e+00,-1.847705048923957349e+01,-9.910156931901537902e+00,-1.367921420263018817e+01,-6.187682364655815448e+00,-1.140279377706987063e+01,-1.694773139873466450e+00,-6.315574953746790676e+00,-4.280064733189605342e+00,-7.403100253527150620e+00
-3.796265621816382385e+00,-1.847705048923957349e+01,-9.910156931901537902e+00,-1.367921420263018817e+01,-6.187682364655815448e+00,-1.316024801242247655e+01,-1.694773139873466450e+00,-6.315574953746790676e+00,-4.280064733189605342e+00,-7.403100253527150620e+00
-3.796265621816382385e+00,-1.847705048923957349e+01,-9.910156931901537902e+00,-1.367921420263018817e+01,-6.187682364655815448e+00,-1.316024801242247655e+01,-1.694773139873466450e+00,-6.315574953746790676e+00,-4.280064733189605342e+00,-7.403100253527150620e+00
-3.796265621816382385e+00,-1.847705048923957349e+01,-1.114168160617847114e+01,-1.713587793869734810e+01,-6.187682364655815448e+00,-1.316024801242247655e+01,-1.694773139873466450e+00,-6.315574953746790676e+00,-4.280064733189605342e+00,-8.230578831124303107e+00
-3.796265621816382385e+00,-1.847705048923957349e+01,-1.114168160617847114e+01,-1.713587793869734810e+01,-6.187682364655815448e+00,-1.316024801242247655e+01,-1.694773139873466450e+00,-6.315574953746790676e+00,-5.873789327881600464e+00,-8.230578831124303107e+00
-3.796265621816382385e+00,-1.847705048923957349e+01,-1.114168160617847114e+01,-1.713587793869734810e+01,-6.187682364655815448e+00,-1.316024801242247655e+01,-1.694773139873466450e+00,-6.315574953746790676e+00,-5.873789327881600464e+00,-8.230578831124303107e+00
-3.796265621816382385e+00,-1.847705048923957349e+01,-1.181462224871310696e+01,-1.713587793869734810e+01,-6.187682364655815448e+00,-1.316024801242247655e+01,-1.694773139873466450e+00,-6.315574953746790676e+00,-5.873789327881600464e+00,-8.230578831124303107e+00
-3.796265621816382385e+00,-1.847705048923957349e+01,-1.181462224871310696e+01,-1.713587793869734810e+01,-6.187682364655815448e+00,-1.316024801242247655e+01,-1.694773139873466450e+00,-6.315574953746790676e+00,-5.873789327881600464e+00,-8.230578831124303107e+00
-3.796265621816382385e+00,-1.847705048923957349e+01,-1.250625485249778812e+01,-1.713587793869734810e+01,-6.187682364655815448e+00,-1.636554526518757058e+01,-1.694773139873466450e+00,-1.477862801018583916e+01,-5.873789327881600464e+00,-8.230578831124303107e+00
-8.368736440605161420e+00,-1.847705048923957349e+01,-1.250625485249778812e+01,-1.713587793869734810e+01,-6.187682364655815448e+00,-1.636554526518757058e+01,-1.767103317588838873e+00,-1.477862801018583916e+01,-5.873789327881600464e+00,-8.230578831124303107e+00
-8.368736440605161420e+00,-1.847705048923957349e+01,-1.250625485249778812e+01,-1.713587793869734810e+01,-6.187682364655815448e+00,-1.636554526518757058e+01,-1.767103317588838873e+00,-1.477862801018583916e+01,-5.873789327881600464e+00,-8.230578831124303107e+00
-8.368736440605161420e+00,-1.847705048923957349e+01,-1.250625485249778812e+01,-1.713587793869734810e+01,-6.187682364655815448e+00,-1.636554526518757058e+01,-1.767103317588838873e+00,-1.477862801018583916e+01,-5.873789327881600464e+00,-8.230578831124303107e+00
-8.368736440605161420e+00,-1.847705048923957349e+01,-1.250625485249778812e+01,-1.713587793869734810e+01,-6.187682364655815448e+00,-1.636554526518757058e+01,-1.767103317588838873e+00,-1.477862801018583916e+01,-5.873789327881600464e+00,-8.230578831124303107e+00
-8.368736440605161420e+00,-1.847705048923957349e+01,-1.250625485249778812e+01,-1.713587793869734810e+01,-6.187682364655815448e+00,-1.636554526518757058e+01,-1.767103317588838873e+00,-1.477862801018583916e+01,-5.873789327881600464e+00,-8.230578831124303107e+00
-8.368736440605161420e+00,-1.847705048923957349e+01,-1.250625485249778812e+01,-1.713587793869734810e+01,-6.187682364655815448e+00,-1.636554526518757058e+01,-2.009586836481481509e+00,-1.477862801018583916e+01,-5.873789327881600464e+00,-8.230578831124303107e+00
-8.368736440605161420e+00,-1.847705048923957349e+01,-1.250625485249778812e+01,-1.713587793869734810e+01,-6.187682364655815448e+00,-1.636554526518757058e+01,-2.798338800990353370e+00,-1.515883175271377858e+01,-5.873789327881600464e+00,-8.230578831124303107e+00
-8.368736440605161420e+00,-1.847705048923957349e+01,-1.250625485249778812e+01,-1.713587793869734810e+01,-6.187682364655815448e+00,-1.636554526518757058e+01,-4.644503127065324755e+00,-1.515883175271377858e+01,-5.873789327881600464e+00,-8.230578831124303107e+00
-8.368736440605161420e+00,-1.847705048923957349e+01,-1.250625485249778812e+01,-1.713587793869734810e+01,-6.187682364655815448e+00,-1.636554526518757058e+01,-4.644503127065324755e+00,-1.515883175271377858e+01,-5.873789327881600464e+00,-8.230578831124303107e+00
-8.368736440605161420e+00,-1.847705048923957349e+01,-1.250625485249778812e+01,-1.713587793869734810e+01,-6.187682364655815448e+00,-1.636554526518757058e+01,-1.000643415664980651e+01,-1.531072758153718283e+01,-5.873789327881600464e+00,-8.230578831124303107e+00
-8.368736440605161420e+00,-1.847705048923957349e+01,-1.250625485249778812e+01,-1.713587793869734810e+01,-6.187682364655815448e+00,-1.636554526518757058e+01,-1.000643415664980651e+01,-1.531072758153718283e+01,-5.873789327881600464e+00,-8.230578831124303107e+00
-8.368736440605161420e+00,-1.847705048923957349e+01,-1.250625485249778812e+01,-1.713587793869734810e+01,-6.187682364655815448e+00,-1.636554526518757058e+01,-1.000643415664980651e+01,-1.531072758153718283e+01,-5.873789327881600464e+00,-8.230578831124303107e+00
-1.144797421233713486e+01,-1.847705048923957349e+01,-1.250625485249778812e+01,-1.713587793869734810e+01,-6.187682364655815448e+00,-1.719433405681701643e+01,-1.000643415664980651e+01,-1.531072758153718283e+01,-5.873789327881600464e+00,-8.230578831124303107e+00
-1.144797421233713486e+01,-1.847705048923957349e+01,-1.250625485249778812e+01,-1.713587793869734810e+01,-6.187682364655815448e+00,-1.719433405681701643e+01,-1.000643415664980651e+01,-1.531072758153718283e+01,-5.873789327881600464e+00,-8.230578831124303107e+00
-1.144797421233713486e+01,-1.847705048923957349e+01,-1.250625485249778812e+01,-1.713587793869734810e+01,-6.187682364655815448e+00,-1.719433405681701643e+01,-1.117538247740118607e+01,-1.729608012937165284e+01,-5.873789327881600464e+00,-8.230578831124303107e+00
-1.144797421233713486e+01,-1.847705048923957349e+01,-1.250625485249778812e+01,-1.713587793869734810e+01,-6.187682364655815448e+00,-1.719433405681701643e+01,-1.117538247740118607e+01,-1.729608012937165284e+01,-5.873789327881600464e+00,-9.058610583650279935e+00
-1.144797421233713486e+01,-1.847705048923957349e+01,-1.250625485249778812e+01,-1.713587793869734810e+01,-6.187682364655815448e+00,-1.719433405681701643e+01,-1.117538247740118607e+01,-1.729608012937165284e+01,-5.873789327881600464e+00,-9.058610583650279935e+00
-1.144797421233713486e+01,-1.847705048923957349e+01,-1.250625485249778812e+01,-1.713587793869734810e+01,-6.187682364655815448e+00,-1.719433405681701643e+01,-1.117538247740118607e+01,-1.729608012937165284e+01,-5.873789327881600464e+00,-9.058610583650279935e+00
-1.144797421233713486e+01,-1.847705048923957349e+01,-1.250625485249778812e+01,-1.713587793869734810e+01,-6.187682364655815448e+00,-1.719433405681701643e+01,-1.117538247740118607e+01,-1.729608012937165284e+01,-5.873789327881600464e+00,-9.058610583650279935e+00
-1.144797421233713486e+01,-1.847705048923957349e+01,-1.250625485249778812e+01,-1.713587793869734810e+01,-6.187682364655815448e+00,-1.719433405681701643e+01,-1.117538247740118607e+01,-1.729608012937165284e+01,-5.873789327881600464e+00,-9.058610583650279935e+00
-1.144797421233713486e+01,-1.847705048923957349e+01,-1.250625485249778812e+01,-1.713587793869734810e+01,-6.187682364655815448e+00,-1.719433405681701643e+01,-1.117538247740118607e+01,-1.729608012937165284e+01,-5.873789327881600464e+00,-9.058610583650279935e+00
-1.144797421233713486e+01,-1.847705048923957349e+01,-1.250625485249778812e+01,-1.885764123323676245e+01,-6.187682364655815448e+00,-1.768716202545513028e+01,-1.117538247740118607e+01,-1.800392511872251333e+01,-5.873789327881600464e+00,-9.058610583650279935e+00
-1.144797421233713486e+01,-1.847705048923957349e+01,-1.250625485249778812e+01,-1.885764123323676245e+01,-6.187682364655815448e+00,-1.768716202545513028e+01,-1.117538247740118607e+01,-1.800392511872251333e+01,-5.873789327881600464e+00,-9.058610583650279935e+00
-1.144797421233713486e+01,-1.847705048923957349e+01,-1.250625485249778812e+01,-1.885764123323676245e+01,-6.187682364655815448e+00,-1.768716202545513028e+01,-1.117538247740118607e+01,-1.800392511872251333e+01,-5.873789327881600464e+00,-9.058610583650279935e+00
-1.144797421233713486e+01,-1.847705048923957349e+01,-1.250625485249778812e+01,-1.885764123323676245e+01,-6.187682364655815448e+00,-1.768716202545513028e+01,-1.117538247740118607e+01,-1.800392511872251333e+01,-5.873789327881600464e+00,-9.058610583650279935e+00
-1.144797421233713486e+01,-1.847705048923957349e+01,-1.250625485249778812e+01,-2.286137945526018100e+01,-6.187682364655815448e+00,-1.768716202545513028e+01,-1.117538247740118607e+01,-1.800392511872251333e+01,-5.873789327881600464e+00,-9.058610583650279935e+00
-1.144797421233713486e+01,-1.847705048923957349e+01,-1.250625485249778812e+01,-2.286137945526018100e+01,-6.187682364655815448e+00,-1.768716202545513028e+01,-1.117538247740118607e+01,-1.800392511872251333e+01,-5.873789327881600464e+00,-9.058610583650279935e+00
-1.144797421233713486e+01,-1.847705048923957349e+01,-1.250625485249778812e+01,-2.286137945526018100e+01,-6.187682364655815448e+00,-1.768716202545513028e+01,-1.117538247740118607e+01,-1.800392511872251333e+01,-5.873789327881600464e+00,-9.058610583650279935e+00
-1.144797421233713486e+01,-1.847705048923957349e+01,-1.250625485249778812e+01,-2.527931983760037937e+01,-6.187682364655815448e+00,-1.768716202545513028e+01,-1.117538247740118607e+01,-1.800392511872251333e+01,-5.873789327881600464e+00,-9.058610583650279935e+00
-1.144797421233713486e+01,-1.847705048923957349e+01,-1.250625485249778812e+01,-2.527931983760037937e+01,-6.187682364655815448e+00,-1.768716202545513028e+01,-1.117538247740118607e+01,-1.800392511872251333e+01,-5.873789327881600464e+00,-9.058610583650279935e+00
-1.144797421233713486e+01,-1.847705048923957349e+01,-1.276913956860396659e+01,-2.527931983760037937e+01,-6.187682364655815448e+00,-1.768716202545513028e+01,-1.117538247740118607e+01,-1.800392511872251333e+01,-5.873789327881600464e+00,-9.058610583650279935e+00
-1.144797421233713486e+01,-1.847705048923957349e+01,-1.276913956860396659e+01,-2.527931983760037937e+01,-6.187682364655815448e+00,-1.768716202545513028e+01,-1.117538247740118607e+01,-1.800392511872251333e+01,-5.873789327881600464e+00,-9.058610583650279935e+00
-1.144797421233713486e+01,-1.847705048923957349e+01,-1.276913956860396659e+01,-2.527931983760037937e+01,-6.187682364655815448e+00,-1.768716202545513028e+01,-1.117538247740118607e+01,-1.800392511872251333e+01,-5.873789327881600464e+00,-9.058610583650279935e+00
-1.144797421233713486e+01,-1.847705048923957349e+01,-1.276913956860396659e+01,-2.527931983760037937e+01,-6.187682364655815448e+00,-1.768716202545513028e+01,-1.117538247740118607e+01,-1.800392511872251333e+01,-5.873789327881600464e+00,-9.058610583650279935e+00
-1.144797421233713486e+01,-1.847705048923957349e+01,-1.276913956860396659e+01,-2.527931983760037937e+01,-6.187682364655815448e+00,-1.768716202545513028e+01,-1.117538247740118607e+01,-1.800392511872251333e+01,-5.873789327881600464e+00,-9.058610583650279935e+00
-1.144797421233713486e+01,-1.847705048923957349e+01,-1.289468980500627993e+01,-2.527931983760037937e+01,-6.187682364655815448e+00,-1.768716202545513028e+01,-1.117538247740118607e+01,-1.800392511872251333e+01,-5.873789327881600464e+00,-9.058610583650279935e+00
-1.168290468286067174e+01,-1.847705048923957349e+01,-1.289468980500627993e+01,-2.527931983760037937e+01,-6.187682364655815448e+00,-1.768716202545513028e+01,-1.117538247740118607e+01,-1.800392511872251333e+01,-5.873789327881600464e+00,-9.058610583650279935e+00
-1.168290468286067174e+01,-1.847705048923957349e+01,-1.289468980500627993e+01,-2.527931983760037937e+01,-6.187682364655815448e+00,-1.768716202545513028e+01,-1.117538247740118607e+01,-1.800392511872251333e+01,-5.873789327881600464e+00,-9.670479292022575279e+00
-1.168290468286067174e+01,-1.847705048923957349e+01,-1.289468980500627993e+01,-2.527931983760037937e+01,-6.187682364655815448e+00,-1.768716202545513028e+01,-1.117538247740118607e+01,-1.800392511872251333e+01,-5.873789327881600464e+00,-9.670479292022575279e+00
-1.168290468286067174e+01,-1.847705048923957349e+01,-1.289468980500627993e+01,-2.590451159518119084e+01,-6.187682364655815448e+00,-1.768716202545513028e+01,-1.117538247740118607e+01,-1.800392511872251333e+01,-5.873789327881600464e+00,-9.670479292022575279e+00
-1.168290468286067174e+01,-1.847705048923957349e+01,-1.289468980500627993e+01,-2.590451159518119084e+01,-6.187682364655815448e+00,-2.088717136652800832e+01,-1.117538247740118607e+01,-1.800392511872251333e+01,-5.873789327881600464e+00,-9.670479292022575279e+00
-1.168290468286067174e+01,-1.847705048923957349e+01,-1.289468980500627993e+01,-2.590451159518119084e+01,-6.187682364655815448e+00,-2.088717136652800832e+01,-1.117538247740118607e+01,-1.800392511872251333e+01,-5.873789327881600464e+00,-9.670479292022575279e+00
-1.168290468286067174e+01,-1.847705048923957349e+01,-1.289468980500627993e+01,-2.590451159518119084e+01,-6.187682364655815448e+00,-2.088717136652800832e+01,-1.117538247740118607e+01,-1.800392511872251333e+01,-5.873789327881600464e+00,-9.670479292022575279e+00
-1.168290468286067174e+01,-1.847705048923957349e+01,-1.289468980500627993e+01,-2.590451159518119084e+01,-6.187682364655815448e+00,-2.088717136652800832e+01,-1.117538247740118607e+01,-1.800392511872251333e+01,-5.873789327881600464e+00,-9.670479292022575279e+00
-1.168290468286067174e+01,-1.847705048923957349e+01,-1.289468980500627993e+01,-2.590451159518119084e+01,-6.187682364655815448e+00,-2.088717136652800832e+01,-1.117538247740118607e+01,-1.800392511872251333e+01,-5.873789327881600464e+00,-9.670479292022575279e+00
-1.168290468286067174e+01,-1.847705048923957349e+01,-1.289468980500627993e+01,-2.590451159518119084e+01,-6.187682364655815448e+00,-2.088717136652800832e+01,-1.117538247740118607e+01,-1.800392511872251333e+01,-5.873789327881600464e+00,-9.670479292022575279e+00
-1.168290468286067174e+01,-1.847705048923957349e+01,-1.289468980500627993e+01,-2.590451159518119084e+01,-6.187682364655815448e+00,-2.088717136652800832e+01,-1.117538247740118607e+01,-1.800392511872251333e+01,-5.873789327881600464e+00,-9.670479292022575279e+00
-1.168290468286067174e+01,-1.847705048923957349e+01,-1.289468980500627993e+01,-2.590451159518119084e+01,-6.187682364655815448e+00,-2.088717136652800832e+01,-1.117538247740118607e+01,-1.800392511872251333e+01,-5.873789327881600464e+00,-9.670479292022575279e+00
-1.168290468286067174e+01,-1.847705048923957349e+01,-1.289468980500627993e+01,-2.590451159518119084e+01,-6.187682364655815448e+00,-2.088717136652800832e+01,-1.117538247740118607e+01,-1.800392511872251333e+01,-5.873789327881600464e+00,-9.670479292022575279e+00
-1.168290468286067174e+01,-1.847705048923957349e+01,-1.289468980500627993e+01,-2.590451159518119084e+01,-6.187682364655815448e+00,-2.088717136652800832e+01,-1.117538247740118607e+01,-1.800392511872251333e+01,-6.185699328588702528e+00,-1.078028972389981455e+01
-1.168290468286067174e+01,-1.847705048923957349e+01,-1.289468980500627993e+01,-2.590451159518119084e+01,-6.187682364655815448e+00,-2.088717136652800832e+01,-1.117538247740118607e+01,-1.866160654124499985e+01,-6.185699328588702528e+00,-1.078028972389981455e+01
-1.168290468286067174e+01,-1.847705048923957349e+01,-1.289468980500627993e+01,-2.590451159518119084e+01,-6.187682364655815448e+00,-2.088717136652800832e+01,-1.117538247740118607e+01,-1.866160654124499985e+01,-6.185699328588702528e+00,-1.078028972389981455e+01
-1.168290468286067174e+01,-1.847705048923957349e+01,-1.289468980500627993e+01,-2.590451159518119084e+01,-6.187682364655815448e+00,-2.088717136652800832e+01,-1.117538247740118607e+01,-1.866160654124499985e+01,-6.185699328588702528e+00,-1.078028972389981455e+01
-1.168290468286067174e+01,-1.847705048923957349e+01,-1.289468980500627993e+01,-2.590451159518119084e+01,-6.187682364655815448e+00,-2.088717136652800832e+01,-1.117538247740118607e+01,-2.099791916890534083e+01,-6.185699328588702528e+00,-1.078028972389981455e+01
-1.168290468286067174e+01,-1.847705048923957349e+01,-1.289468980500627993e+01,-2.590451159518119084e+01,-6.187682364655815448e+00,-2.088717136652800832e+01,-1.117538247740118607e+01,-2.099791916890534083e+01,-6.185699328588702528e+00,-1.078028972389981455e+01
-1.168290468286067174e+01,-1.847705048923957349e+01,-1.289468980500627993e+01,-2.590451159518119084e+01,-6.187682364655815448e+00,-2.088717136652800832e+01,-1.152993409032402994e+01,-2.099791916890534083e+01,-6.185699328588702528e+00,-1.078028972389981455e+01
-1.168290468286067174e+01,-1.847705048923957349e+01,-1.289468980500627993e+01,-2.590451159518119084e+01,-6.187682364655815448e+00,-2.088717136652800832e+01,-1.152993409032402994e+01,-2.099791916890534083e+01,-6.185699328588702528e+00,-1.078028972389981455e+01
-1.168290468286067174e+01,-1.847705048923957349e+01,-1.289468980500627993e+01,-2.590451159518119084e+01,-6.187682364655815448e+00,-2.088717136652800832e+01,-1.152993409032402994e+01,-2.099791916890534083e+01,-6.185699328588702528e+00,-1.078028972389981455e+01
-1.168290468286067174e+01,-1.847705048923957349e+01,-1.289468980500627993e+01,-2.590451159518119084e+01,-6.187682364655815448e+00,-2.088717136652800832e+01,-1.152993409032402994e+01,-2.099791916890534083e+01,-6.185699328588702528e+00,-1.078028972389981455e+01
-1.168290468286067174e+01,-1.847705048923957349e+01,-1.289468980500627993e+01,-2.590451159518119084e+01,-6.187682364655815448e+00,-2.088717136652800832e+01,-1.479470115911939487e+01,-2.099791916890534083e+01,-6.185699328588702528e+00,-1.078028972389981455e+01
-1.168290468286067174e+01,-1.847705048923957349e+01,-1.289468980500627993e+01,-2.590451159518119084e+01,-6.187682364655815448e+00,-2.088717136652800832e+01,-1.479470115911939487e+01,-2.099791916890534083e+01,-6.185699328588702528e+00,-1.078028972389981455e+01
-1.168290468286067174e+01,-1.847705048923957349e+01,-1.289468980500627993e+01,-3.172703628609127691e+01,-6.187682364655815448e+00,-2.340039029375187596e+01,-1.479470115911939487e+01,-2.099791916890534083e+01,-6.185699328588702528e+00,-1.078028972389981455e+01
-1.168290468286067174e+01,-1.847705048923957349e+01,-1.289468980500627993e+01,-3.172703628609127691e+01,-6.187682364655815448e+00,-2.340039029375187596e+01,-1.479470115911939487e+01,-2.099791916890534083e+01,-6.185699328588702528e+00,-1.078028972389981455e+01
-1.168290468286067174e+01,-1.847705048923957349e+01,-1.289468980500627993e+01,-3.172703628609127691e+01,-6.187682364655815448e+00,-2.340039029375187596e+01,-1.479470115911939487e+01,-2.099791916890534083e+01,-6.185699328588702528e+00,-1.078028972389981455e+01
-1.168290468286067174e+01,-1.847705048923957349e+01,-1.289468980500627993e+01,-3.172703628609127691e+01,-6.187682364655815448e+00,-2.340039029375187596e+01,-1.533620806900757927e+01,-2.099791916890534083e+01,-6.185699328588702528e+00,-1.078028972389981455e+01
-1.168290468286067174e+01,-1.847705048923957349e+01,-1.289468980500627993e+01,-3.172703628609127691e+01,-6.187682364655815448e+00,-2.340039029375187596e+01,-1.533620806900757927e+01,-2.099791916890534083e+01,-6.185699328588702528e+00,-1.078028972389981455e+01
-1.168290468286067174e+01,-1.847705048923957349e+01,-1.289468980500627993e+01,-3.172703628609127691e+01,-6.187682364655815448e+00,-2.340039029375187596e+01,-1.533620806900757927e+01,-2.591737358874528852e+01,-6.185699328588702528e+00,-1.078028972389981455e+01
-1.168290468286067174e+01,-1.847705048923957349e+01,-1.289468980500627993e+01,-3.172703628609127691e+01,-6.187682364655815448e+00,-2.340039029375187596e+01,-1.533620806900757927e+01,-2.591737358874528852e+01,-6.185699328588702528e+00,-1.078028972389981455e+01
-1.168290468286067174e+01,-1.847705048923957349e+01,-1.289468980500627993e+01,-3.172703628609127691e+01,-6.187682364655815448e+00,-2.340039029375187596e+01,-1.533620806900757927e+01,-2.591737358874528852e+01,-6.185699328588702528e+00,-1.078028972389981455e+01
-1.168290468286067174e+01,-1.847705048923957349e+01,-1.289468980500627993e+01,-3.172703628609127691e+01,-6.187682364655815448e+00,-2.340039029375187596e+01,-1.533620806900757927e+01,-2.591737358874528852e+01,-6.185699328588702528e+00,-1.078028972389981455e+01
-1.168290468286067174e+01,-1.847705048923957349e+01,-1.289468980500627993e+01,-3.172703628609127691e+01,-6.187682364655815448e+00,-2.340039029375187596e+01,-1.604095552497297206e+01,-2.591737358874528852e+01,-6.185699328588702528e+00,-1.078028972389981455e+01
-1.168290468286067174e+01,-1.847705048923957349e+01,-1.289468980500627993e+01,-3.172703628609127691e+01,-6.187682364655815448e+00,-2.340039029375187596e+01,-1.604095552497297206e+01,-2.591737358874528852e+01,-6.185699328588702528e+00,-1.078028972389981455e+01
-1.168290468286067174e+01,-1.847705048923957349e+01,-1.289468980500627993e+01,-3.172703628609127691e+01,-6.187682364655815448e+00,-2.340039029375187596e+01,-1.604095552497297206e+01,-2.591737358874528852e+01,-6.185699328588702528e+00,-1.078028972389981455e+01
-1.168290468286067174e+01,-1.847705048923957349e+01,-1.289468980500627993e+01,-3.172703628609127691e+01,-6.187682364655815448e+00,-2.340039029375187596e+01,-1.604095552497297206e+01,-2.591737358874528852e+01,-6.185699328588702528e+00,-1.078028972389981455e+01
-1.168290468286067174e+01,-1.847705048923957349e+01,-1.289468980500627993e+01,-3.172703628609127691e+01,-6.187682364655815448e+00,-2.340039029375187596e+01,-1.604095552497297206e+01,-2.591737358874528852e+01,-6.185699328588702528e+00,-1.078028972389981455e+01
-1.168290468286067174e+01,-1.847705048923957349e+01,-1.297724842281833268e+01,-3.172703628609127691e+01,-6.187682364655815448e+00,-2.340039029375187596e+01,-1.604095552497297206e+01,-2.591737358874528852e+01,-6.185699328588702528e+00,-1.078028972389981455e+01
-1.168290468286067174e+01,-1.847705048923957349e+01,-1.297724842281833268e+01,-3.172703628609127691e+01,-6.187682364655815448e+00,-2.340039029375187596e+01,-1.604095552497297206e+01,-2.591737358874528852e+01,-6.185699328588702528e+00,-1.078028972389981455e+01
-1.168290468286067174e+01,-1.847705048923957349e+01,-1.297724842281833268e+01,-3.172703628609127691e+01,-6.187682364655815448e+00,-2.340039029375187596e+01,-1.604095552497297206e+01,-2.591737358874528852e+01,-6.185699328588702528e+00,-1.078028972389981455e+01
-1.168290468286067174e+01,-1.847705048923957349e+01,-1.297724842281833268e+01,-3.172703628609127691e+01,-6.187682364655815448e+00,-2.340039029375187596e+01,-1.604095552497297206e+01,-2.591737358874528852e+01,-6.185699328588702528e+00,-1.078028972389981455e+01
-1.168290468286067174e+01,-1.847705048923957349e+01,-1.297724842281833268e+01,-3.719236012746915065e+01,-6.187682364655815448e+00,-2.340039029375187596e+01,-1.604095552497297206e+01,-2.591737358874528852e+01,-7.282802687374187123e+00,-1.078028972389981455e+01
-1.168290468286067174e+01,-1.847705048923957349e+01,-1.297724842281833268e+01,-3.965022129788305705e+01,-6.187682364655815448e+00,-2.340039029375187596e+01,-1.604095552497297206e+01,-2.591737358874528852e+01,-7.282802687374187123e+00,-1.078028972389981455e+01
-1.168290468286067174e+01,-1.847705048923957349e+01,-1.297724842281833268e+01,-3.965022129788305705e+01,-6.187682364655815448e+00,-2.340039029375187596e+01,-1.604095552497297206e+01,-2.591737358874528852e+01,-7.282802687374187123e+00,-1.078028972389981455e+01
-1.168290468286067174e+01,-1.847705048923957349e+01,-1.297724842281833268e+01,-3.965022129788305705e+01,-6.187682364655815448e+00,-2.797977615430699672e+01,-1.604095552497297206e+01,-2.591737358874528852e+01,-9.353799369525583884e+00,-1.083269183298418703e+01
-1.168290468286067174e+01,-1.847705048923957349e+01,-1.301814277210383075e+01,-3.965022129788305705e+01,-6.187682364655815448e+00,-2.797977615430699672e+01,-1.642082777744824895e+01,-2.591737358874528852e+01,-9.353799369525583884e+00,-1.083269183298418703e+01
-1.168290468286067174e+01,-1.847705048923957349e+01,-1.301814277210383075e+01,-3.965022129788305705e+01,-6.187682364655815448e+00,-2.797977615430699672e+01,-1.642082777744824895e+01,-2.591737358874528852e+01,-9.353799369525583884e+00,-1.083269183298418703e+01
-1.168290468286067174e+01,-1.847705048923957349e+01,-1.301814277210383075e+01,-3.965022129788305705e+01,-6.187682364655815448e+00,-2.797977615430699672e+01,-1.642082777744824895e+01,-2.591737358874528852e+01,-9.353799369525583884e+00,-1.083269183298418703e+01
-1.168290468286067174e+01,-1.847705048923957349e+01,-1.301814277210383075e+01,-3.965022129788305705e+01,-6.187682364655815448e+00,-2.797977615430699672e+01,-1.642082777744824895e+01,-2.721203605321526453e+01,-9.353799369525583884e+00,-1.083269183298418703e+01
-1.168290468286067174e+01,-1.847705048923957349e+01,-1.301814277210383075e+01,-3.965022129788305705e+01,-6.210680491314056972e+00,-2.797977615430699672e+01,-1.642082777744824895e+01,-2.721203605321526453e+01,-9.353799369525583884e+00,-1.083269183298418703e+01
-1.168290468286067174e+01,-1.847705048923957349e+01,-1.301814277210383075e+01,-3.965022129788305705e+01,-6.210680491314056972e+00,-2.797977615430699672e+01,-1.642082777744824895e+01,-2.721203605321526453e+01,-9.353799369525583884e+00,-1.083269183298418703e+01
-1.168290468286067174e+01,-1.847705048923957349e+01,-1.301814277210383075e+01,-3.968570746122875192e+01,-6.210680491314056972e+00,-2.797977615430699672e+01,-1.642082777744824895e+01,-2.721203605321526453e+01,-9.353799369525583884e+00,-1.187136016505508707e+01
-1.168290468286067174e+01,-1.847705048923957349e+01,-1.301814277210383075e+01,-3.968570746122875192e+01,-6.210680491314056972e+00,-2.797977615430699672e+01,-1.642082777744824895e+01,-2.721203605321526453e+01,-9.353799369525583884e+00,-1.187136016505508707e+01
-1.168290468286067174e+01,-1.847705048923957349e+01,-1.301814277210383075e+01,-3.968570746122875192e+01,-6.210680491314056972e+00,-2.797977615430699672e+01,-1.642082777744824895e+01,-2.721203605321526453e+01,-9.353799369525583884e+00,-1.187136016505508707e+01
-1.168290468286067174e+01,-1.847705048923957349e+01,-1.301814277210383075e+01,-3.968570746122875192e+01,-6.210680491314056972e+00,-2.797977615430699672e+01,-1.642082777744824895e+01,-2.721203605321526453e+01,-9.353799369525583884e+00,-1.187136016505508707e+01
-1.168290468286067174e+01,-1.847705048923957349e+01,-1.301814277210383075e+01,-3.968570746122875192e+01,-6.210680491314056972e+00,-2.797977615430699672e+01,-1.642082777744824895e+01,-2.721203605321526453e+01,-9.353799369525583884e+00,-1.187136016505508707e+01
-1.168290468286067174e+01,-1.847705048923957349e+01,-1.301814277210383075e+01,-3.968570746122875192e+01,-6.210680491314056972e+00,-2.797977615430699672e+01,-1.642082777744824895e+01,-2.721203605321526453e+01,-9.353799369525583884e+00,-1.187136016505508707e+01
-1.168290468286067174e+01,-1.847705048923957349e+01,-1.301814277210383075e+01,-3.968570746122875192e+01,-6.210680491314056972e+00,-2.797977615430699672e+01,-1.642082777744824895e+01,-2.721203605321526453e+01,-9.353799369525583884e+00,-1.187136016505508707e+01
-1.168290468286067174e+01,-1.847705048923957349e+01,-1.301814277210383075e+01,-3.968570746122875192e+01,-6.210680491314056972e+00,-2.797977615430699672e+01,-1.642082777744824895e+01,-2.721203605321526453e+01,-9.353799369525583884e+00,-1.187136016505508707e+01
-1.168290468286067174e+01,-1.847705048923957349e+01,-1.301814277210383075e+01,-3.968570746122875192e+01,-6.210680491314056972e+00,-2.797977615430699672e+01,-1.642082777744824895e+01,-2.721203605321526453e+01,-9.353799369525583884e+00,-1.187136016505508707e+01
-1.168290468286067174e+01,-1.847705048923957349e+01,-1.301814277210383075e+01,-3.968570746122875192e+01,-6.210680491314056972e+00,-2.797977615430699672e+01,-1.642082777744824895e+01,-2.721203605321526453e+01,-9.353799369525583884e+00,-1.187136016505508707e+01
-1.168290468286067174e+01,-1.847705048923957349e+01,-1.301814277210383075e+01,-3.968570746122875192e+01,-6.210680491314056972e+00,-2.797977615430699672e+01,-1.642082777744824895e+01,-2.721203605321526453e+01,-9.588879209455619446e+00,-1.187136016505508707e+01
-1.168290468286067174e+01,-1.847705048923957349e+01,-1.301814277210383075e+01,-3.968570746122875192e+01,-6.210680491314056972e+00,-2.797977615430699672e+01,-1.642082777744824895e+01,-2.721203605321526453e+01,-9.698740726127592637e+00,-1.256447402244842415e+01
-1.168290468286067174e+01,-1.847705048923957349e+01,-1.301814277210383075e+01,-3.968570746122875192e+01,-6.210680491314056972e+00,-2.797977615430699672e+01,-1.642082777744824895e+01,-2.721203605321526453e+01,-1.016824135307998844e+01,-1.256447402244842415e+01
-1.168290468286067174e+01,-1.847705048923957349e+01,-1.301814277210383075e+01,-3.968570746122875192e+01,-6.210680491314056972e+00,-2.797977615430699672e+01,-1.642082777744824895e+01,-2.721203605321526453e+01,-1.016824135307998844e+01,-1.256447402244842415e+01
-1.168290468286067174e+01,-1.847705048923957349e+01,-1.301814277210383075e+01,-3.968570746122875192e+01,-6.210680491314056972e+00,-2.797977615430699672e+01,-1.642082777744824895e+01,-2.721203605321526453e+01,-1.016824135307998844e+01,-1.256447402244842415e+01
-1.168290468286067174e+01,-1.847705048923957349e+01,-1.301814277210383075e+01,-3.968570746122875192e+01,-6.210680491314056972e+00,-2.956214483010652216e+01,-1.642082777744824895e+01,-2.721203605321526453e+01,-1.016824135307998844e+01,-1.256447402244842415e+01
-1.168290468286067174e+01,-1.847705048923957349e+01,-1.301814277210383075e+01,-3.968570746122875192e+01,-6.210680491314056972e+00,-2.956214483010652216e+01,-1.642082777744824895e+01,-2.721203605321526453e+01,-1.016824135307998844e+01,-1.256447402244842415e+01
-1.168290468286067174e+01,-1.847705048923957349e+01,-1.301814277210383075e+01,-3.968570746122875192e+01,-6.210680491314056972e+00,-2.956214483010652216e+01,-1.642082777744824895e+01,-2.721203605321526453e+01,-1.016824135307998844e+01,-1.256447402244842415e+01
-1.168290468286067174e+01,-1.847705048923957349e+01,-1.301814277210383075e+01,-3.968570746122875192e+01,-6.210680491314056972e+00,-2.956214483010652216e+01,-1.642082777744824895e+01,-2.721203605321526453e+01,-1.016824135307998844e+01,-1.256447402244842415e+01
-1.168290468286067174e+01,-1.847705048923957349e+01,-1.301814277210383075e+01,-3.968570746122875192e+01,-6.210680491314056972e+00,-2.956214483010652216e+01,-1.642082777744824895e+01,-2.960531338896967313e+01,-1.016824135307998844e+01,-1.256447402244842415e+01
-1.168290468286067174e+01,-1.847705048923957349e+01,-1.301814277210383075e+01,-3.968570746122875192e+01,-6.210680491314056972e+00,-2.956214483010652216e+01,-1.642082777744824895e+01,-2.960531338896967313e+01,-1.016824135307998844e+01,-1.256447402244842415e+01
-1.168290468286067174e+01,-1.847705048923957349e+01,-1.301814277210383075e+01,-3.968570746122875192e+01,-6.210680491314056972e+00,-2.956214483010652216e+01,-1.642082777744824895e+01,-2.960531338896967313e+01,-1.016824135307998844e+01,-1.256447402244842415e+01
-1.168290468286067174e+01,-1.847705048923957349e+01,-1.301814277210383075e+01,-3.968570746122875192e+01,-6.210680491314056972e+00,-2.956214483010652216e+01,-1.642082777744824895e+01,-2.960531338896967313e+01,-1.016824135307998844e+01,-1.256447402244842415e+01
