-2.068407954252141856e+00,-3.751951411184572205e+00,-1.244124539642236238e-01,-9.277841183427060212e-01,5.687159025381804955e-01
-2.068407954252141856e+00,-3.751951411184572205e+00,-1.244124539642236238e-01,-9.277841183427060212e-01,5.687159025381804955e-01
-2.068407954252141856e+00,-5.455513158263328499e+00,-2.230339559672736893e+00,-9.277841183427060212e-01,-1.593090069079046822e+00
-2.068407954252141856e+00,-5.455513158263328499e+00,-2.230339559672736893e+00,-9.277841183427060212e-01,-1.593090069079046822e+00
-2.068407954252141856e+00,-5.455513158263328499e+00,-4.888564724847766385e+00,-9.277841183427060212e-01,-1.593090069079046822e+00
-2.068407954252141856e+00,-5.455513158263328499e+00,-6.790946717158844237e+00,-9.277841183427060212e-01,-1.593090069079046822e+00
-2.600480954390628874e+00,-5.455513158263328499e+00,-6.790946717158844237e+00,-2.521362383214091896e+00,-1.593090069079046822e+00
-2.600480954390628874e+00,-5.455513158263328499e+00,-6.790946717158844237e+00,-2.521362383214091896e+00,-1.593090069079046822e+00
-2.600480954390628874e+00,-5.455513158263328499e+00,-6.790946717158844237e+00,-2.521362383214091896e+00,-3.567786120210353573e+00
-2.752967090533595673e+00,-5.455513158263328499e+00,-6.790946717158844237e+00,-2.754297305148023067e+00,-3.567786120210353573e+00
-2.752967090533595673e+00,-5.455513158263328499e+00,-6.790946717158844237e+00,-2.754297305148023067e+00,-4.027567611880138898e+00
-2.752967090533595673e+00,-5.455513158263328499e+00,-6.790946717158844237e+00,-2.754297305148023067e+00,-4.027567611880138898e+00
-2.885005784815322105e+00,-5.455513158263328499e+00,-6.790946717158844237e+00,-2.754297305148023067e+00,-4.027567611880138898e+00
-3.716706585187461442e+00,-5.455513158263328499e+00,-6.790946717158844237e+00,-2.754297305148023067e+00,-4.027567611880138898e+00
-3.716706585187461442e+00,-5.455513158263328499e+00,-6.790946717158844237e+00,-2.754297305148023067e+00,-5.963137553176332872e+00
-3.716706585187461442e+00,-5.455513158263328499e+00,-6.790946717158844237e+00,-2.754297305148023067e+00,-5.963137553176332872e+00
-3.716706585187461442e+00,-5.455513158263328499e+00,-6.790946717158844237e+00,-2.754297305148023067e+00,-6.057072005059379372e+00
-3.716706585187461442e+00,-5.455513158263328499e+00,-6.790946717158844237e+00,-2.754297305148023067e+00,-7.156766374318092261e+00
-3.716706585187461442e+00,-5.455513158263328499e+00,-6.790946717158844237e+00,-2.754297305148023067e+00,-7.156766374318092261e+00
-3.716706585187461442e+00,-5.455513158263328499e+00,-6.790946717158844237e+00,-2.754297305148023067e+00,-7.156766374318092261e+00
-3.716706585187461442e+00,-5.455513158263328499e+00,-6.790946717158844237e+00,-2.754297305148023067e+00,-7.156766374318092261e+00
-3.716706585187461442e+00,-5.455513158263328499e+00,-6.790946717158844237e+00,-2.754297305148023067e+00,-7.626323281458789793e+00
-3.716706585187461442e+00,-5.455513158263328499e+00,-6.790946717158844237e+00,-2.754297305148023067e+00,-7.626323281458789793e+00
-3.716706585187461442e+00,-5.455513158263328499e+00,-6.790946717158844237e+00,-2.754297305148023067e+00,-7.626323281458789793e+00
-3.716706585187461442e+00,-5.455513158263328499e+00,-6.790946717158844237e+00,-2.754297305148023067e+00,-7.626323281458789793e+00
-3.716706585187461442e+00,-5.455513158263328499e+00,-6.790946717158844237e+00,-2.754297305148023067e+00,-7.626323281458789793e+00
-3.784638125593319913e+00,-5.455513158263328499e+00,-6.790946717158844237e+00,-2.754297305148023067e+00,-7.626323281458789793e+00
-3.784638125593319913e+00,-5.455513158263328499e+00,-6.790946717158844237e+00,-2.754297305148023067e+00,-7.626323281458789793e+00
-3.784638125593319913e+00,-5.455513158263328499e+00,-6.790946717158844237e+00,-2.754297305148023067e+00,-7.626323281458789793e+00
-3.849376282678289574e+00,-5.455513158263328499e+00,-6.790946717158844237e+00,-2.754297305148023067e+00,-7.626323281458789793e+00
-3.849376282678289574e+00,-5.455513158263328499e+00,-6.790946717158844237e+00,-2.754297305148023067e+00,-7.626323281458789793e+00
-3.849376282678289574e+00,-5.455513158263328499e+00,-6.790946717158844237e+00,-2.754297305148023067e+00,-7.626323281458789793e+00
-4.066361667752276254e+00,-5.455513158263328499e+00,-6.790946717158844237e+00,-2.754297305148023067e+00,-7.626323281458789793e+00
-4.146571672388747132e+00,-5.455513158263328499e+00,-6.790946717158844237e+00,-2.754297305148023067e+00,-7.626323281458789793e+00
-4.146571672388747132e+00,-5.455513158263328499e+00,-6.790946717158844237e+00,-2.754297305148023067e+00,-7.626323281458789793e+00
-4.146571672388747132e+00,-5.455513158263328499e+00,-6.790946717158844237e+00,-2.754297305148023067e+00,-7.626323281458789793e+00
-4.146571672388747132e+00,-5.455513158263328499e+00,-6.790946717158844237e+00,-2.754297305148023067e+00,-7.626323281458789793e+00
-4.146571672388747132e+00,-5.455513158263328499e+00,-6.790946717158844237e+00,-2.754297305148023067e+00,-7.626323281458789793e+00
-4.146571672388747132e+00,-5.455513158263328499e+00,-8.760916314370916780e+00,-2.754297305148023067e+00,-7.626323281458789793e+00
-4.146571672388747132e+00,-5.455513158263328499e+00,-8.760916314370916780e+00,-2.754297305148023067e+00,-7.626323281458789793e+00
-4.146571672388747132e+00,-5.455513158263328499e+00,-8.760916314370916780e+00,-2.754297305148023067e+00,-7.626323281458789793e+00
-4.146571672388747132e+00,-5.455513158263328499e+00,-8.760916314370916780e+00,-2.754297305148023067e+00,-7.626323281458789793e+00
-4.339743409862606427e+00,-5.455513158263328499e+00,-8.760916314370916780e+00,-2.754297305148023067e+00,-7.626323281458789793e+00
-4.339743409862606427e+00,-5.455513158263328499e+00,-8.760916314370916780e+00,-2.754297305148023067e+00,-7.626323281458789793e+00
-4.339743409862606427e+00,-5.455513158263328499e+00,-8.760916314370916780e+00,-2.754297305148023067e+00,-7.626323281458789793e+00
-4.506995903125785574e+00,-5.455513158263328499e+00,-8.760916314370916780e+00,-2.754297305148023067e+00,-7.626323281458789793e+00
-4.506995903125785574e+00,-5.455513158263328499e+00,-8.760916314370916780e+00,-2.754297305148023067e+00,-7.626323281458789793e+00
-4.506995903125785574e+00,-5.455513158263328499e+00,-8.760916314370916780e+00,-2.754297305148023067e+00,-7.626323281458789793e+00
-4.506995903125785574e+00,-5.455513158263328499e+00,-8.760916314370916780e+00,-2.754297305148023067e+00,-7.626323281458789793e+00
-4.506995903125785574e+00,-5.455513158263328499e+00,-8.760916314370916780e+00,-2.754297305148023067e+00,-7.626323281458789793e+00
-4.506995903125785574e+00,-5.455513158263328499e+00,-8.760916314370916780e+00,-2.754297305148023067e+00,-7.626323281458789793e+00
-4.506995903125785574e+00,-5.455513158263328499e+00,-8.760916314370916780e+00,-2.754297305148023067e+00,-7.626323281458789793e+00
-4.506995903125785574e+00,-5.455513158263328499e+00,-8.760916314370916780e+00,-2.754297305148023067e+00,-8.803682899501522385e+00
-4.506995903125785574e+00,-5.455513158263328499e+00,-8.760916314370916780e+00,-2.754297305148023067e+00,-8.803682899501522385e+00
-4.506995903125785574e+00,-5.455513158263328499e+00,-8.760916314370916780e+00,-2.754297305148023067e+00,-8.803682899501522385e+00
-4.506995903125785574e+00,-5.455513158263328499e+00,-8.760916314370916780e+00,-3.293989605665258669e+00,-8.803682899501522385e+00
-4.506995903125785574e+00,-5.455513158263328499e+00,-8.760916314370916780e+00,-3.293989605665258669e+00,-8.803682899501522385e+00
-4.506995903125785574e+00,-5.455513158263328499e+00,-8.760916314370916780e+00,-3.293989605665258669e+00,-8.803682899501522385e+00
-4.506995903125785574e+00,-5.455513158263328499e+00,-8.760916314370916780e+00,-3.293989605665258669e+00,-8.803682899501522385e+00
-4.506995903125785574e+00,-5.455513158263328499e+00,-8.760916314370916780e+00,-3.293989605665258669e+00,-8.803682899501522385e+00
-4.506995903125785574e+00,-5.455513158263328499e+00,-8.760916314370916780e+00,-3.293989605665258669e+00,-8.803682899501522385e+00
-4.506995903125785574e+00,-5.455513158263328499e+00,-8.760916314370916780e+00,-3.293989605665258669e+00,-8.803682899501522385e+00
-4.506995903125785574e+00,-5.455513158263328499e+00,-8.760916314370916780e+00,-3.293989605665258669e+00,-8.803682899501522385e+00
-4.506995903125785574e+00,-5.455513158263328499e+00,-8.760916314370916780e+00,-3.293989605665258669e+00,-8.803682899501522385e+00
-4.506995903125785574e+00,-5.455513158263328499e+00,-8.760916314370916780e+00,-3.293989605665258669e+00,-8.803682899501522385e+00
-4.506995903125785574e+00,-5.455513158263328499e+00,-8.760916314370916780e+00,-3.293989605665258669e+00,-8.803682899501522385e+00
-4.506995903125785574e+00,-5.455513158263328499e+00,-8.760916314370916780e+00,-3.293989605665258669e+00,-8.803682899501522385e+00
-4.506995903125785574e+00,-5.455513158263328499e+00,-8.760916314370916780e+00,-3.293989605665258669e+00,-8.803682899501522385e+00
-4.546095638987190490e+00,-5.455513158263328499e+00,-8.760916314370916780e+00,-3.293989605665258669e+00,-8.803682899501522385e+00
-4.546095638987190490e+00,-5.455513158263328499e+00,-8.760916314370916780e+00,-3.293989605665258669e+00,-8.803682899501522385e+00
-4.546095638987190490e+00,-5.455513158263328499e+00,-8.760916314370916780e+00,-3.293989605665258669e+00,-8.803682899501522385e+00
-4.546095638987190490e+00,-5.455513158263328499e+00,-8.760916314370916780e+00,-3.293989605665258669e+00,-8.803682899501522385e+00
-4.546095638987190490e+00,-5.455513158263328499e+00,-8.760916314370916780e+00,-3.293989605665258669e+00,-8.803682899501522385e+00
-4.546095638987190490e+00,-5.455513158263328499e+00,-8.760916314370916780e+00,-4.470143760719222925e+00,-8.803682899501522385e+00
-4.546095638987190490e+00,-5.455513158263328499e+00,-8.760916314370916780e+00,-4.470143760719222925e+00,-8.803682899501522385e+00
-4.546095638987190490e+00,-5.455513158263328499e+00,-8.760916314370916780e+00,-4.470143760719222925e+00,-8.803682899501522385e+00
-4.546095638987190490e+00,-5.455513158263328499e+00,-8.760916314370916780e+00,-4.470143760719222925e+00,-9.384228695976212009e+00
-4.546095638987190490e+00,-5.455513158263328499e+00,-8.760916314370916780e+00,-4.470143760719222925e+00,-9.384228695976212009e+00
-4.546095638987190490e+00,-5.455513158263328499e+00,-8.760916314370916780e+00,-4.470143760719222925e+00,-9.384228695976212009e+00
-4.546095638987190490e+00,-5.455513158263328499e+00,-8.760916314370916780e+00,-4.470143760719222925e+00,-9.384228695976212009e+00
-4.546095638987190490e+00,-5.455513158263328499e+00,-8.760916314370916780e+00,-4.470143760719222925e+00,-9.384228695976212009e+00
-4.546095638987190490e+00,-5.455513158263328499e+00,-8.760916314370916780e+00,-4.560438383990848443e+00,-9.384228695976212009e+00
-4.873081915519082763e+00,-5.455513158263328499e+00,-9.619881526358481594e+00,-4.560438383990848443e+00,-9.384228695976212009e+00
-4.873081915519082763e+00,-5.455513158263328499e+00,-9.619881526358481594e+00,-4.660122966628324370e+00,-9.384228695976212009e+00
-4.873081915519082763e+00,-5.455513158263328499e+00,-9.619881526358481594e+00,-4.660122966628324370e+00,-9.384228695976212009e+00
-4.873081915519082763e+00,-5.455513158263328499e+00,-9.619881526358481594e+00,-5.001457167800904102e+00,-9.384228695976212009e+00
-4.873081915519082763e+00,-5.455513158263328499e+00,-9.619881526358481594e+00,-5.851604198633843623e+00,-9.384228695976212009e+00
-4.873081915519082763e+00,-5.455513158263328499e+00,-9.619881526358481594e+00,-5.851604198633843623e+00,-9.384228695976212009e+00
-4.873081915519082763e+00,-5.455513158263328499e+00,-9.619881526358481594e+00,-7.829746603657355308e+00,-9.384228695976212009e+00
-4.873081915519082763e+00,-5.455513158263328499e+00,-9.619881526358481594e+00,-1.320709480689136583e+01,-9.384228695976212009e+00
-4.873081915519082763e+00,-5.455513158263328499e+00,-9.619881526358481594e+00,-1.320709480689136583e+01,-9.384228695976212009e+00
-4.873081915519082763e+00,-5.455513158263328499e+00,-9.619881526358481594e+00,-1.320709480689136583e+01,-9.384228695976212009e+00
-4.873081915519082763e+00,-5.455513158263328499e+00,-9.619881526358481594e+00,-1.320709480689136583e+01,-9.384228695976212009e+00
-4.873081915519082763e+00,-5.455513158263328499e+00,-9.619881526358481594e+00,-1.320709480689136583e+01,-9.384228695976212009e+00
-4.873081915519082763e+00,-5.455513158263328499e+00,-9.619881526358481594e+00,-1.320709480689136583e+01,-9.384228695976212009e+00
-6.062848199233881630e+00,-5.455513158263328499e+00,-9.619881526358481594e+00,-1.320709480689136583e+01,-9.384228695976212009e+00
-6.730601591741773859e+00,-5.455513158263328499e+00,-9.619881526358481594e+00,-1.320709480689136583e+01,-9.384228695976212009e+00
-6.730601591741773859e+00,-5.455513158263328499e+00,-9.619881526358481594e+00,-1.320709480689136583e+01,-9.384228695976212009e+00
-6.730601591741773859e+00,-5.455513158263328499e+00,-9.619881526358481594e+00,-1.320709480689136583e+01,-9.384228695976212009e+00
-6.730601591741773859e+00,-5.455513158263328499e+00,-9.619881526358481594e+00,-1.320709480689136583e+01,-9.384228695976212009e+00
-7.384171668867166360e+00,-5.455513158263328499e+00,-9.619881526358481594e+00,-1.320709480689136583e+01,-9.384228695976212009e+00
-7.929405983829007631e+00,-5.455513158263328499e+00,-9.619881526358481594e+00,-1.320709480689136583e+01,-9.444501666170339149e+00
-8.184084699924857986e+00,-5.455513158263328499e+00,-9.619881526358481594e+00,-1.320709480689136583e+01,-9.444501666170339149e+00
-8.184084699924857986e+00,-5.455513158263328499e+00,-9.619881526358481594e+00,-1.320709480689136583e+01,-9.444501666170339149e+00
-8.184084699924857986e+00,-5.455513158263328499e+00,-9.619881526358481594e+00,-1.320709480689136583e+01,-9.444501666170339149e+00
-8.379705853807980276e+00,-5.455513158263328499e+00,-9.619881526358481594e+00,-1.320709480689136583e+01,-9.467934319428829681e+00
-8.379705853807980276e+00,-5.455513158263328499e+00,-9.619881526358481594e+00,-1.320709480689136583e+01,-9.467934319428829681e+00
-8.379705853807980276e+00,-5.455513158263328499e+00,-9.619881526358481594e+00,-1.320709480689136583e+01,-9.467934319428829681e+00
-8.379705853807980276e+00,-5.455513158263328499e+00,-9.619881526358481594e+00,-1.320709480689136583e+01,-9.467934319428829681e+00
-8.379705853807980276e+00,-5.455513158263328499e+00,-9.619881526358481594e+00,-1.320709480689136583e+01,-9.467934319428829681e+00
-8.379705853807980276e+00,-5.455513158263328499e+00,-9.619881526358481594e+00,-1.320709480689136583e+01,-9.467934319428829681e+00
-8.636963451283982351e+00,-5.455513158263328499e+00,-9.619881526358481594e+00,-1.320709480689136583e+01,-9.467934319428829681e+00
-8.636963451283982351e+00,-5.455513158263328499e+00,-9.619881526358481594e+00,-1.320709480689136583e+01,-9.467934319428829681e+00
-8.636963451283982351e+00,-5.455513158263328499e+00,-9.619881526358481594e+00,-1.320709480689136583e+01,-9.467934319428829681e+00
-9.707904254692525825e+00,-5.455513158263328499e+00,-9.619881526358481594e+00,-1.320709480689136583e+01,-9.467934319428829681e+00
-9.707904254692525825e+00,-5.455513158263328499e+00,-9.619881526358481594e+00,-1.320709480689136583e+01,-9.467934319428829681e+00
-9.707904254692525825e+00,-5.455513158263328499e+00,-9.619881526358481594e+00,-1.320709480689136583e+01,-9.467934319428829681e+00
-9.707904254692525825e+00,-5.455513158263328499e+00,-9.619881526358481594e+00,-1.320709480689136583e+01,-9.598482169275897036e+00
-9.707904254692525825e+00,-5.455513158263328499e+00,-9.619881526358481594e+00,-1.320709480689136583e+01,-9.598482169275897036e+00
-9.707904254692525825e+00,-5.455513158263328499e+00,-9.619881526358481594e+00,-1.320709480689136583e+01,-9.598482169275897036e+00
-9.707904254692525825e+00,-5.455513158263328499e+00,-9.619881526358481594e+00,-1.320709480689136583e+01,-9.598482169275897036e+00
-9.707904254692525825e+00,-5.455513158263328499e+00,-9.619881526358481594e+00,-1.320709480689136583e+01,-1.038466873689106684e+01
-9.707904254692525825e+00,-5.455513158263328499e+00,-1.052127029555085080e+01,-1.320709480689136583e+01,-1.038466873689106684e+01
-9.707904254692525825e+00,-5.455513158263328499e+00,-1.052127029555085080e+01,-1.320709480689136583e+01,-1.038466873689106684e+01
-9.707904254692525825e+00,-5.455513158263328499e+00,-1.052127029555085080e+01,-1.320709480689136583e+01,-1.038466873689106684e+01
-9.707904254692525825e+00,-5.538738550550446504e+00,-1.052127029555085080e+01,-1.320709480689136583e+01,-1.038466873689106684e+01
-9.707904254692525825e+00,-5.538738550550446504e+00,-1.052127029555085080e+01,-1.320709480689136583e+01,-1.038466873689106684e+01
-9.707904254692525825e+00,-9.864164334410961743e+00,-1.052127029555085080e+01,-1.320709480689136583e+01,-1.038466873689106684e+01
-9.707904254692525825e+00,-9.864164334410961743e+00,-1.052127029555085080e+01,-1.320709480689136583e+01,-1.038466873689106684e+01
-9.707904254692525825e+00,-9.864164334410961743e+00,-1.052127029555085080e+01,-1.320709480689136583e+01,-1.038466873689106684e+01
-9.707904254692525825e+00,-9.864164334410961743e+00,-1.052127029555085080e+01,-1.320709480689136583e+01,-1.038466873689106684e+01
-9.707904254692525825e+00,-9.997630099977573792e+00,-1.052127029555085080e+01,-1.320709480689136583e+01,-1.038466873689106684e+01
-9.707904254692525825e+00,-1.001847818919884148e+01,-1.052127029555085080e+01,-1.320709480689136583e+01,-1.038466873689106684e+01
-9.707904254692525825e+00,-1.001847818919884148e+01,-1.052127029555085080e+01,-1.320709480689136583e+01,-1.038466873689106684e+01
-9.707904254692525825e+00,-1.001847818919884148e+01,-1.052127029555085080e+01,-1.320709480689136583e+01,-1.038466873689106684e+01
-9.707904254692525825e+00,-1.001847818919884148e+01,-1.052127029555085080e+01,-1.320709480689136583e+01,-1.038466873689106684e+01
-9.707904254692525825e+00,-1.095485188258244413e+01,-1.052127029555085080e+01,-1.320709480689136583e+01,-1.038466873689106684e+01
-9.707904254692525825e+00,-1.095485188258244413e+01,-1.052127029555085080e+01,-1.320709480689136583e+01,-1.038466873689106684e+01
-9.707904254692525825e+00,-1.095485188258244413e+01,-1.052127029555085080e+01,-1.320709480689136583e+01,-1.038466873689106684e+01
-9.707904254692525825e+00,-1.095485188258244413e+01,-1.052127029555085080e+01,-1.320709480689136583e+01,-1.038466873689106684e+01
-9.707904254692525825e+00,-1.127290905604743543e+01,-1.052127029555085080e+01,-1.320709480689136583e+01,-1.038466873689106684e+01
-9.707904254692525825e+00,-1.127290905604743543e+01,-1.052127029555085080e+01,-1.320709480689136583e+01,-1.038466873689106684e+01
-9.707904254692525825e+00,-1.127290905604743543e+01,-1.052127029555085080e+01,-1.320709480689136583e+01,-1.038466873689106684e+01
-9.707904254692525825e+00,-1.401319528913905188e+01,-1.052127029555085080e+01,-1.320709480689136583e+01,-1.038466873689106684e+01
-9.707904254692525825e+00,-1.401319528913905188e+01,-1.052127029555085080e+01,-1.320709480689136583e+01,-1.038466873689106684e+01
-9.707904254692525825e+00,-1.401319528913905188e+01,-1.052127029555085080e+01,-1.320709480689136583e+01,-1.038466873689106684e+01
-9.707904254692525825e+00,-1.448590840705840677e+01,-1.052127029555085080e+01,-1.320709480689136583e+01,-1.038466873689106684e+01
-9.707904254692525825e+00,-1.448590840705840677e+01,-1.150585356209150412e+01,-1.320709480689136583e+01,-1.038466873689106684e+01
-9.707904254692525825e+00,-1.448590840705840677e+01,-1.150585356209150412e+01,-1.320709480689136583e+01,-1.038466873689106684e+01
-9.707904254692525825e+00,-1.448590840705840677e+01,-1.150585356209150412e+01,-1.320709480689136583e+01,-1.038466873689106684e+01
-9.707904254692525825e+00,-1.448590840705840677e+01,-1.150585356209150412e+01,-1.320709480689136583e+01,-1.038466873689106684e+01
-9.707904254692525825e+00,-1.448590840705840677e+01,-1.150585356209150412e+01,-1.320709480689136583e+01,-1.038466873689106684e+01
-9.707904254692525825e+00,-1.448590840705840677e+01,-1.150585356209150412e+01,-1.320709480689136583e+01,-1.038466873689106684e+01
-9.707904254692525825e+00,-1.554868150415601136e+01,-1.150585356209150412e+01,-1.320709480689136583e+01,-1.038466873689106684e+01
-9.707904254692525825e+00,-1.554868150415601136e+01,-1.150585356209150412e+01,-1.320709480689136583e+01,-1.038466873689106684e+01
-9.707904254692525825e+00,-1.554868150415601136e+01,-1.150585356209150412e+01,-1.320709480689136583e+01,-1.038466873689106684e+01
-9.707904254692525825e+00,-1.554868150415601136e+01,-1.150585356209150412e+01,-1.320709480689136583e+01,-1.038466873689106684e+01
-9.707904254692525825e+00,-1.554868150415601136e+01,-1.150585356209150412e+01,-1.449769256960326125e+01,-1.038466873689106684e+01
-9.707904254692525825e+00,-1.554868150415601136e+01,-1.150585356209150412e+01,-1.449769256960326125e+01,-1.038466873689106684e+01
-9.707904254692525825e+00,-1.554868150415601136e+01,-1.150585356209150412e+01,-1.547322262126950854e+01,-1.038466873689106684e+01
-9.707904254692525825e+00,-1.554868150415601136e+01,-1.150585356209150412e+01,-1.547322262126950854e+01,-1.038466873689106684e+01
-9.707904254692525825e+00,-1.554868150415601136e+01,-1.150585356209150412e+01,-1.547322262126950854e+01,-1.038466873689106684e+01
-9.707904254692525825e+00,-1.554868150415601136e+01,-1.169182077806169318e+01,-1.547322262126950854e+01,-1.038466873689106684e+01
-9.707904254692525825e+00,-1.554868150415601136e+01,-1.169182077806169318e+01,-1.547322262126950854e+01,-1.038466873689106684e+01
-9.707904254692525825e+00,-1.554868150415601136e+01,-1.169182077806169318e+01,-1.547322262126950854e+01,-1.038466873689106684e+01
-9.707904254692525825e+00,-1.554868150415601136e+01,-1.169182077806169318e+01,-1.547322262126950854e+01,-1.038466873689106684e+01
-9.707904254692525825e+00,-1.554868150415601136e+01,-1.169182077806169318e+01,-1.547322262126950854e+01,-1.038466873689106684e+01
-9.707904254692525825e+00,-1.554868150415601136e+01,-1.169182077806169318e+01,-1.547322262126950854e+01,-1.038466873689106684e+01
-9.707904254692525825e+00,-1.554868150415601136e+01,-1.169182077806169318e+01,-1.547322262126950854e+01,-1.038466873689106684e+01
-9.707904254692525825e+00,-1.554868150415601136e+01,-1.169182077806169318e+01,-1.547322262126950854e+01,-1.038466873689106684e+01
-9.707904254692525825e+00,-1.554868150415601136e+01,-1.169182077806169318e+01,-1.547322262126950854e+01,-1.038466873689106684e+01
-9.707904254692525825e+00,-1.554868150415601136e+01,-1.169182077806169318e+01,-1.547322262126950854e+01,-1.038466873689106684e+01
-9.707904254692525825e+00,-1.554868150415601136e+01,-1.169182077806169318e+01,-1.547322262126950854e+01,-1.038466873689106684e+01
-9.707904254692525825e+00,-1.554868150415601136e+01,-1.169182077806169318e+01,-1.569355188423818959e+01,-1.038466873689106684e+01
-1.039759160361811041e+01,-1.554868150415601136e+01,-1.169182077806169318e+01,-1.569355188423818959e+01,-1.038466873689106684e+01
-1.205039127262187648e+01,-1.554868150415601136e+01,-1.169182077806169318e+01,-1.969634779359208565e+01,-1.038466873689106684e+01
-1.205039127262187648e+01,-1.554868150415601136e+01,-1.169182077806169318e+01,-1.969634779359208565e+01,-1.038466873689106684e+01
-1.205039127262187648e+01,-1.554868150415601136e+01,-1.169182077806169318e+01,-1.969634779359208565e+01,-1.038466873689106684e+01
-1.205039127262187648e+01,-1.554868150415601136e+01,-1.208170646236263401e+01,-2.014310304767319693e+01,-1.038466873689106684e+01
-1.205039127262187648e+01,-1.720441257614517383e+01,-1.208170646236263401e+01,-2.014310304767319693e+01,-1.038466873689106684e+01
-1.205039127262187648e+01,-1.720441257614517383e+01,-1.208170646236263401e+01,-2.014310304767319693e+01,-1.038466873689106684e+01
-1.205039127262187648e+01,-1.720441257614517383e+01,-1.208170646236263401e+01,-2.014310304767319693e+01,-1.038466873689106684e+01
-1.205039127262187648e+01,-1.720441257614517383e+01,-1.208170646236263401e+01,-2.014310304767319693e+01,-1.038466873689106684e+01
-1.205039127262187648e+01,-1.720441257614517383e+01,-1.208170646236263401e+01,-2.014310304767319693e+01,-1.038466873689106684e+01
-1.205039127262187648e+01,-1.720441257614517383e+01,-1.208170646236263401e+01,-2.014310304767319693e+01,-1.038466873689106684e+01
-1.205039127262187648e+01,-1.720441257614517383e+01,-1.208170646236263401e+01,-2.014310304767319693e+01,-1.038466873689106684e+01
-1.205039127262187648e+01,-1.720441257614517383e+01,-1.208170646236263401e+01,-2.014310304767319693e+01,-1.038466873689106684e+01
-1.205039127262187648e+01,-1.720441257614517383e+01,-1.208170646236263401e+01,-2.014310304767319693e+01,-1.038466873689106684e+01
-1.205039127262187648e+01,-1.720441257614517383e+01,-1.208170646236263401e+01,-2.014310304767319693e+01,-1.038466873689106684e+01
-1.205039127262187648e+01,-1.720441257614517383e+01,-1.208170646236263401e+01,-2.014310304767319693e+01,-1.038466873689106684e+01
-1.205039127262187648e+01,-1.720441257614517383e+01,-1.208170646236263401e+01,-2.014310304767319693e+01,-1.038466873689106684e+01
-1.273329467749214139e+01,-1.720441257614517383e+01,-1.208170646236263401e+01,-2.014310304767319693e+01,-1.038466873689106684e+01
-1.273329467749214139e+01,-1.720441257614517383e+01,-1.208170646236263401e+01,-2.014310304767319693e+01,-1.038466873689106684e+01
-1.273329467749214139e+01,-1.720441257614517383e+01,-1.208170646236263401e+01,-2.014310304767319693e+01,-1.038466873689106684e+01
-1.273329467749214139e+01,-1.720441257614517383e+01,-1.208170646236263401e+01,-2.014310304767319693e+01,-1.038466873689106684e+01
-1.273329467749214139e+01,-1.720441257614517383e+01,-1.208170646236263401e+01,-2.014310304767319693e+01,-1.038466873689106684e+01
-1.273329467749214139e+01,-1.720441257614517383e+01,-1.208170646236263401e+01,-2.014310304767319693e+01,-1.038466873689106684e+01
-1.273329467749214139e+01,-1.720441257614517383e+01,-1.208170646236263401e+01,-2.014310304767319693e+01,-1.038466873689106684e+01
-1.273329467749214139e+01,-1.720441257614517383e+01,-1.208170646236263401e+01,-2.014310304767319693e+01,-1.038466873689106684e+01
-1.273329467749214139e+01,-1.720441257614517383e+01,-1.208170646236263401e+01,-2.014310304767319693e+01,-1.038466873689106684e+01
-1.273329467749214139e+01,-1.720441257614517383e+01,-1.208170646236263401e+01,-2.014310304767319693e+01,-1.038466873689106684e+01
