6.504045003279659287e-01,-7.103229966100701454e-01,-2.528770030716052997e+00,-2.667428318826771338e+00,-5.379707212099069658e+00,-1.591829181489463174e+00,-3.294554569159715562e+00,1.189431876432307522e+00,2.202145803317066886e+00,-3.733339410652795287e+00
5.727694552859554644e-01,-1.048750021278502587e+00,-2.528770030716052997e+00,-2.667428318826771338e+00,-8.830485400670129437e+00,-1.591829181489463174e+00,-3.294554569159715562e+00,2.714234701275866635e-02,-1.486912631763707804e+00,-3.741132499518065480e+00
4.949616052097187691e-01,-2.199408928581914058e+00,-3.447909212944801460e+00,-4.681473754006839627e+00,-8.830485400670129437e+00,-1.591829181489463174e+00,-4.127175437958461757e+00,-3.815982787024573497e+00,-1.486912631763707804e+00,-4.322585688529655634e+00
4.494335029330507325e-01,-2.199408928581914058e+00,-3.447909212944801460e+00,-1.583248840880914088e+01,-8.830485400670129437e+00,-1.591829181489463174e+00,-4.127175437958461757e+00,-3.815982787024573497e+00,-1.486912631763707804e+00,-5.719620754684537900e+00
4.494335029330507325e-01,-3.307996538686254873e+00,-4.740146883331830985e+00,-1.583248840880914088e+01,-8.830485400670129437e+00,-1.591829181489463174e+00,-4.127175437958461757e+00,-3.815982787024573497e+00,-1.486912631763707804e+00,-7.479236086209758660e+00
4.348147255507980313e-01,-3.307996538686254873e+00,-4.740146883331830985e+00,-1.583248840880914088e+01,-8.830485400670129437e+00,-1.967644267137144354e+00,-8.402196946764721730e+00,-3.815982787024573497e+00,-1.486912631763707804e+00,-7.481329175541410414e+00
4.348147255507980313e-01,-3.307996538686254873e+00,-4.740146883331830985e+00,-1.583248840880914088e+01,-8.830485400670129437e+00,-1.967644267137144354e+00,-8.402196946764721730e+00,-4.326243721209453774e+00,-1.486912631763707804e+00,-7.481329175541410414e+00
4.348147255507980313e-01,-4.828460441766042166e+00,-4.740146883331830985e+00,-1.583248840880914088e+01,-1.275698905623865542e+01,-1.967644267137144354e+00,-8.402196946764721730e+00,-4.326243721209453774e+00,-1.486912631763707804e+00,-7.481329175541410414e+00
4.348147255507980313e-01,-4.828460441766042166e+00,-4.853100485676697495e+00,-1.583248840880914088e+01,-1.275698905623865542e+01,-1.967644267137144354e+00,-8.402196946764721730e+00,-4.326243721209453774e+00,-2.964006765354151973e+00,-7.481329175541410414e+00
4.348147255507980313e-01,-4.828460441766042166e+00,-4.853100485676697495e+00,-1.583248840880914088e+01,-1.275698905623865542e+01,-2.531866871901844007e+00,-8.402196946764721730e+00,-4.326243721209453774e+00,-2.964006765354151973e+00,-9.248671169368300582e+00
4.348147255507980313e-01,-4.828460441766042166e+00,-4.853100485676697495e+00,-1.583248840880914088e+01,-1.275698905623865542e+01,-2.531866871901844007e+00,-9.183805115858985957e+00,-5.532731859801404362e+00,-2.964006765354151973e+00,-9.248671169368300582e+00
4.348147255507980313e-01,-4.828460441766042166e+00,-4.853100485676697495e+00,-1.973220238835562768e+01,-1.275698905623865542e+01,-2.531866871901844007e+00,-9.183805115858985957e+00,-5.532731859801404362e+00,-2.964006765354151973e+00,-9.248671169368300582e+00
2.210012408200884015e-01,-5.926752464674257759e+00,-4.853100485676697495e+00,-1.973220238835562768e+01,-1.275698905623865542e+01,-2.531866871901844007e+00,-9.183805115858985957e+00,-5.532731859801404362e+00,-2.964006765354151973e+00,-9.248671169368300582e+00
1.658332442450904942e-01,-5.926752464674257759e+00,-4.853100485676697495e+00,-1.973220238835562768e+01,-1.275698905623865542e+01,-2.531866871901844007e+00,-9.183805115858985957e+00,-5.532731859801404362e+00,-3.286199087083086390e+00,-9.248671169368300582e+00
1.374596868719214771e-01,-5.926752464674257759e+00,-4.853100485676697495e+00,-1.973220238835562768e+01,-1.275698905623865542e+01,-2.531866871901844007e+00,-9.183805115858985957e+00,-5.532731859801404362e+00,-3.286199087083086390e+00,-9.248671169368300582e+00
1.374596868719214771e-01,-5.926752464674257759e+00,-4.853100485676697495e+00,-1.973220238835562768e+01,-1.275698905623865542e+01,-3.682518411250828017e+00,-9.183805115858985957e+00,-5.532731859801404362e+00,-3.286199087083086390e+00,-9.248671169368300582e+00
1.374596868719214771e-01,-5.926752464674257759e+00,-4.853100485676697495e+00,-1.973220238835562768e+01,-1.275698905623865542e+01,-3.682518411250828017e+00,-9.183805115858985957e+00,-5.532731859801404362e+00,-3.286199087083086390e+00,-9.248671169368300582e+00
1.374596868719214771e-01,-5.926752464674257759e+00,-4.853100485676697495e+00,-1.973220238835562768e+01,-1.275698905623865542e+01,-3.682518411250828017e+00,-9.183805115858985957e+00,-5.532731859801404362e+00,-3.286199087083086390e+00,-9.248671169368300582e+00
1.374596868719214771e-01,-5.926752464674257759e+00,-4.853100485676697495e+00,-1.973220238835562768e+01,-1.275698905623865542e+01,-3.682518411250828017e+00,-9.183805115858985957e+00,-5.532731859801404362e+00,-3.286199087083086390e+00,-9.685796099216853250e+00
1.374596868719214771e-01,-5.926752464674257759e+00,-4.853100485676697495e+00,-1.973220238835562768e+01,-1.275698905623865542e+01,-3.682518411250828017e+00,-9.183805115858985957e+00,-5.532731859801404362e+00,-3.286199087083086390e+00,-9.685796099216853250e+00
2.468137562657912731e-02,-5.926752464674257759e+00,-4.853100485676697495e+00,-1.973220238835562768e+01,-1.275698905623865542e+01,-3.696003373876082243e+00,-9.183805115858985957e+00,-5.532731859801404362e+00,-3.286199087083086390e+00,-1.008729592323816959e+01
2.468137562657912731e-02,-5.926752464674257759e+00,-4.853100485676697495e+00,-2.530840308534371275e+01,-1.275698905623865542e+01,-3.906957385865785337e+00,-9.183805115858985957e+00,-5.532731859801404362e+00,-3.286199087083086390e+00,-1.008729592323816959e+01
2.468137562657912731e-02,-5.926752464674257759e+00,-4.853100485676697495e+00,-2.530840308534371275e+01,-1.275698905623865542e+01,-3.906957385865785337e+00,-1.020392233091506640e+01,-5.532731859801404362e+00,-3.286199087083086390e+00,-1.008729592323816959e+01
2.468137562657912731e-02,-5.926752464674257759e+00,-6.280798159954256832e+00,-2.530840308534371275e+01,-1.275698905623865542e+01,-3.906957385865785337e+00,-1.020392233091506640e+01,-5.532731859801404362e+00,-3.286199087083086390e+00,-1.407926524779942312e+01
2.468137562657912731e-02,-5.926752464674257759e+00,-6.280798159954256832e+00,-2.530840308534371275e+01,-1.275698905623865542e+01,-3.906957385865785337e+00,-1.020392233091506640e+01,-5.532731859801404362e+00,-3.286199087083086390e+00,-1.407926524779942312e+01
2.468137562657912731e-02,-5.926752464674257759e+00,-6.280798159954256832e+00,-2.530840308534371275e+01,-1.275698905623865542e+01,-3.906957385865785337e+00,-1.020392233091506640e+01,-5.532731859801404362e+00,-3.286199087083086390e+00,-1.407926524779942312e+01
2.468137562657912731e-02,-5.926752464674257759e+00,-6.280798159954256832e+00,-2.530840308534371275e+01,-1.275698905623865542e+01,-3.906957385865785337e+00,-1.020392233091506640e+01,-5.532731859801404362e+00,-3.286199087083086390e+00,-1.407926524779942312e+01
2.468137562657912731e-02,-5.926752464674257759e+00,-6.280798159954256832e+00,-2.530840308534371275e+01,-1.275698905623865542e+01,-3.906957385865785337e+00,-1.020392233091506640e+01,-5.532731859801404362e+00,-3.286199087083086390e+00,-1.407926524779942312e+01
2.468137562657912731e-02,-5.926752464674257759e+00,-6.280798159954256832e+00,-2.530840308534371275e+01,-1.275698905623865542e+01,-3.906957385865785337e+00,-1.020392233091506640e+01,-5.532731859801404362e+00,-3.286199087083086390e+00,-1.407926524779942312e+01
2.468137562657912731e-02,-5.926752464674257759e+00,-6.280798159954256832e+00,-2.530840308534371275e+01,-1.275698905623865542e+01,-3.906957385865785337e+00,-2.133025469985157940e+01,-5.532731859801404362e+00,-3.286199087083086390e+00,-1.407926524779942312e+01
2.468137562657912731e-02,-5.926752464674257759e+00,-6.280798159954256832e+00,-2.530840308534371275e+01,-1.389427288304931452e+01,-3.906957385865785337e+00,-2.133025469985157940e+01,-5.532731859801404362e+00,-3.286199087083086390e+00,-1.407926524779942312e+01
1.032897529411294646e-02,-5.926752464674257759e+00,-6.280798159954256832e+00,-2.530840308534371275e+01,-1.389427288304931452e+01,-3.906957385865785337e+00,-2.166179881043788313e+01,-5.532731859801404362e+00,-3.286199087083086390e+00,-1.407926524779942312e+01
1.032897529411294646e-02,-5.926752464674257759e+00,-6.665766166198172193e+00,-2.530840308534371275e+01,-1.389427288304931452e+01,-4.232663681360774532e+00,-2.166179881043788313e+01,-5.532731859801404362e+00,-3.286199087083086390e+00,-1.407926524779942312e+01
1.032897529411294646e-02,-5.926752464674257759e+00,-6.665766166198172193e+00,-2.530840308534371275e+01,-1.389427288304931452e+01,-4.232663681360774532e+00,-2.166179881043788313e+01,-5.532731859801404362e+00,-3.286199087083086390e+00,-1.407926524779942312e+01
1.032897529411294646e-02,-5.926752464674257759e+00,-6.665766166198172193e+00,-2.530840308534371275e+01,-1.389427288304931452e+01,-4.232663681360774532e+00,-2.166179881043788313e+01,-5.532731859801404362e+00,-3.286199087083086390e+00,-1.407926524779942312e+01
1.032897529411294646e-02,-5.926752464674257759e+00,-6.665766166198172193e+00,-2.530840308534371275e+01,-1.389427288304931452e+01,-4.232663681360774532e+00,-2.166179881043788313e+01,-5.532731859801404362e+00,-3.286199087083086390e+00,-1.412553510580416471e+01
1.032897529411294646e-02,-5.926752464674257759e+00,-6.665766166198172193e+00,-2.530840308534371275e+01,-1.389427288304931452e+01,-4.232663681360774532e+00,-2.166179881043788313e+01,-5.532731859801404362e+00,-3.286199087083086390e+00,-1.412553510580416471e+01
1.032897529411294646e-02,-5.926752464674257759e+00,-6.665766166198172193e+00,-2.530840308534371275e+01,-1.389427288304931452e+01,-4.232663681360774532e+00,-2.166179881043788313e+01,-5.532731859801404362e+00,-3.348881437497915670e+00,-1.412553510580416471e+01
1.032897529411294646e-02,-5.926752464674257759e+00,-6.665766166198172193e+00,-2.530840308534371275e+01,-1.389427288304931452e+01,-4.232663681360774532e+00,-2.212125992568872235e+01,-5.532731859801404362e+00,-3.348881437497915670e+00,-1.412553510580416471e+01
1.032897529411294646e-02,-5.926752464674257759e+00,-6.665766166198172193e+00,-2.530840308534371275e+01,-1.389427288304931452e+01,-4.232663681360774532e+00,-2.212125992568872235e+01,-5.532731859801404362e+00,-3.348881437497915670e+00,-1.412553510580416471e+01
-3.556183478790337915e-01,-5.926752464674257759e+00,-6.665766166198172193e+00,-2.530840308534371275e+01,-1.389427288304931452e+01,-4.232663681360774532e+00,-2.212125992568872235e+01,-5.532731859801404362e+00,-3.348881437497915670e+00,-1.439652529237220868e+01
-6.062232151842293915e-01,-5.926752464674257759e+00,-6.665766166198172193e+00,-2.530840308534371275e+01,-1.389427288304931452e+01,-4.232663681360774532e+00,-2.212125992568872235e+01,-5.532731859801404362e+00,-3.348881437497915670e+00,-1.439652529237220868e+01
-6.062232151842293915e-01,-5.926752464674257759e+00,-6.665766166198172193e+00,-2.608338046688835732e+01,-1.389427288304931452e+01,-4.817599962611487818e+00,-2.212125992568872235e+01,-5.532731859801404362e+00,-3.348881437497915670e+00,-1.439652529237220868e+01
-6.524765059882902118e-01,-5.926752464674257759e+00,-6.665766166198172193e+00,-2.608338046688835732e+01,-1.389427288304931452e+01,-4.817599962611487818e+00,-2.212125992568872235e+01,-5.532731859801404362e+00,-3.348881437497915670e+00,-1.439652529237220868e+01
-6.524765059882902118e-01,-5.926752464674257759e+00,-6.665766166198172193e+00,-2.608338046688835732e+01,-1.389427288304931452e+01,-4.817599962611487818e+00,-2.212125992568872235e+01,-5.532731859801404362e+00,-3.348881437497915670e+00,-1.439652529237220868e+01
-7.434733861847189207e-01,-5.926752464674257759e+00,-6.665766166198172193e+00,-2.608338046688835732e+01,-1.389427288304931452e+01,-4.817599962611487818e+00,-2.212125992568872235e+01,-5.532731859801404362e+00,-3.348881437497915670e+00,-1.439652529237220868e+01
-7.434733861847189207e-01,-5.926752464674257759e+00,-6.665766166198172193e+00,-2.608338046688835732e+01,-1.389427288304931452e+01,-1.142223540666474335e+01,-2.212125992568872235e+01,-5.532731859801404362e+00,-3.348881437497915670e+00,-1.439652529237220868e+01
-7.434733861847189207e-01,-5.926752464674257759e+00,-7.216628992506551654e+00,-2.608338046688835732e+01,-1.389427288304931452e+01,-1.142223540666474335e+01,-2.212125992568872235e+01,-5.532731859801404362e+00,-3.348881437497915670e+00,-1.439652529237220868e+01
-7.434733861847189207e-01,-5.926752464674257759e+00,-7.216628992506551654e+00,-2.608338046688835732e+01,-1.389427288304931452e+01,-1.142223540666474335e+01,-2.212125992568872235e+01,-5.532731859801404362e+00,-3.348881437497915670e+00,-1.439652529237220868e+01
-7.434733861847189207e-01,-5.926752464674257759e+00,-7.216628992506551654e+00,-2.608338046688835732e+01,-1.389427288304931452e+01,-1.142223540666474335e+01,-2.212125992568872235e+01,-5.532731859801404362e+00,-3.348881437497915670e+00,-1.439652529237220868e+01
-7.434733861847189207e-01,-5.926752464674257759e+00,-7.216628992506551654e+00,-2.608338046688835732e+01,-1.758978581382984530e+01,-1.142223540666474335e+01,-2.212125992568872235e+01,-5.532731859801404362e+00,-3.348881437497915670e+00,-1.439652529237220868e+01
-7.434733861847189207e-01,-5.926752464674257759e+00,-7.216628992506551654e+00,-2.608338046688835732e+01,-1.758978581382984530e+01,-1.142223540666474335e+01,-2.212125992568872235e+01,-5.532731859801404362e+00,-3.348881437497915670e+00,-1.439652529237220868e+01
-7.434733861847189207e-01,-5.926752464674257759e+00,-7.216628992506551654e+00,-2.608338046688835732e+01,-1.758978581382984530e+01,-1.142223540666474335e+01,-2.260571620134236426e+01,-5.532731859801404362e+00,-3.348881437497915670e+00,-1.439652529237220868e+01
-1.027707926834202423e+00,-5.926752464674257759e+00,-7.216628992506551654e+00,-2.617388288023886744e+01,-1.758978581382984530e+01,-1.142223540666474335e+01,-2.260571620134236426e+01,-5.532731859801404362e+00,-3.348881437497915670e+00,-1.439652529237220868e+01
-1.027707926834202423e+00,-5.926752464674257759e+00,-7.216628992506551654e+00,-2.617388288023886744e+01,-1.758978581382984530e+01,-1.142223540666474335e+01,-2.260571620134236426e+01,-5.532731859801404362e+00,-3.348881437497915670e+00,-1.439652529237220868e+01
-1.027707926834202423e+00,-5.926752464674257759e+00,-7.711008215696407930e+00,-2.617388288023886744e+01,-1.758978581382984530e+01,-1.142223540666474335e+01,-2.260571620134236426e+01,-5.532731859801404362e+00,-3.392385718497538338e+00,-1.439652529237220868e+01
-1.027707926834202423e+00,-5.926752464674257759e+00,-7.711008215696407930e+00,-2.617388288023886744e+01,-1.758978581382984530e+01,-1.142223540666474335e+01,-2.260571620134236426e+01,-5.532731859801404362e+00,-3.392385718497538338e+00,-1.439652529237220868e+01
-1.027707926834202423e+00,-5.926752464674257759e+00,-7.711008215696407930e+00,-2.617388288023886744e+01,-1.758978581382984530e+01,-1.627253892942204061e+01,-2.260571620134236426e+01,-5.532731859801404362e+00,-3.392385718497538338e+00,-1.439652529237220868e+01
-1.856995669356754197e+00,-5.926752464674257759e+00,-7.711008215696407930e+00,-2.617388288023886744e+01,-1.758978581382984530e+01,-1.627253892942204061e+01,-2.260571620134236426e+01,-5.532731859801404362e+00,-3.392385718497538338e+00,-1.439652529237220868e+01
-1.856995669356754197e+00,-5.926752464674257759e+00,-7.711008215696407930e+00,-2.617388288023886744e+01,-1.758978581382984530e+01,-1.627253892942204061e+01,-2.427493651159209875e+01,-5.532731859801404362e+00,-3.407056713355839150e+00,-1.439652529237220868e+01
-1.856995669356754197e+00,-5.926752464674257759e+00,-7.711008215696407930e+00,-2.617388288023886744e+01,-1.758978581382984530e+01,-1.627253892942204061e+01,-2.427493651159209875e+01,-5.532731859801404362e+00,-3.407056713355839150e+00,-1.439652529237220868e+01
-1.856995669356754197e+00,-5.926752464674257759e+00,-7.711008215696407930e+00,-2.617388288023886744e+01,-1.758978581382984530e+01,-1.627253892942204061e+01,-2.427493651159209875e+01,-5.532731859801404362e+00,-3.407056713355839150e+00,-1.561376106692633314e+01
-1.856995669356754197e+00,-5.926752464674257759e+00,-7.711008215696407930e+00,-2.617388288023886744e+01,-1.758978581382984530e+01,-1.627253892942204061e+01,-2.427493651159209875e+01,-5.532731859801404362e+00,-3.407056713355839150e+00,-1.561376106692633314e+01
-1.856995669356754197e+00,-5.926752464674257759e+00,-7.711008215696407930e+00,-2.617388288023886744e+01,-1.758978581382984530e+01,-1.627253892942204061e+01,-2.427493651159209875e+01,-5.532731859801404362e+00,-3.407056713355839150e+00,-1.561376106692633314e+01
-1.856995669356754197e+00,-5.926752464674257759e+00,-7.711008215696407930e+00,-2.617388288023886744e+01,-1.758978581382984530e+01,-1.627253892942204061e+01,-2.427493651159209875e+01,-5.532731859801404362e+00,-3.407056713355839150e+00,-1.561376106692633314e+01
-1.856995669356754197e+00,-5.926752464674257759e+00,-7.711008215696407930e+00,-2.617388288023886744e+01,-1.758978581382984530e+01,-1.627253892942204061e+01,-2.427493651159209875e+01,-5.532731859801404362e+00,-3.407056713355839150e+00,-1.561376106692633314e+01
-1.856995669356754197e+00,-5.926752464674257759e+00,-7.711008215696407930e+00,-2.617388288023886744e+01,-1.758978581382984530e+01,-1.627253892942204061e+01,-2.427493651159209875e+01,-5.532731859801404362e+00,-3.447037453585536149e+00,-1.561376106692633314e+01
-1.856995669356754197e+00,-5.926752464674257759e+00,-7.711008215696407930e+00,-2.617388288023886744e+01,-1.758978581382984530e+01,-1.627253892942204061e+01,-2.427493651159209875e+01,-5.532731859801404362e+00,-3.447037453585536149e+00,-1.567381449661587389e+01
-1.856995669356754197e+00,-5.926752464674257759e+00,-7.711008215696407930e+00,-2.617388288023886744e+01,-1.758978581382984530e+01,-1.627253892942204061e+01,-2.427493651159209875e+01,-5.532731859801404362e+00,-3.447037453585536149e+00,-1.567381449661587389e+01
-1.856995669356754197e+00,-5.926752464674257759e+00,-7.711008215696407930e+00,-2.617388288023886744e+01,-1.758978581382984530e+01,-1.627253892942204061e+01,-2.427493651159209875e+01,-5.532731859801404362e+00,-3.447037453585536149e+00,-1.567381449661587389e+01
-1.856995669356754197e+00,-5.926752464674257759e+00,-7.711008215696407930e+00,-2.617388288023886744e+01,-1.758978581382984530e+01,-1.627253892942204061e+01,-2.427493651159209875e+01,-5.532731859801404362e+00,-3.447037453585536149e+00,-1.567381449661587389e+01
-1.856995669356754197e+00,-5.926752464674257759e+00,-7.711008215696407930e+00,-2.617388288023886744e+01,-1.758978581382984530e+01,-1.657055594535730592e+01,-2.427493651159209875e+01,-5.532731859801404362e+00,-3.447037453585536149e+00,-1.567381449661587389e+01
-1.856995669356754197e+00,-5.926752464674257759e+00,-7.711008215696407930e+00,-2.617388288023886744e+01,-1.758978581382984530e+01,-1.657055594535730592e+01,-2.427493651159209875e+01,-5.532731859801404362e+00,-3.447037453585536149e+00,-1.567381449661587389e+01
-1.856995669356754197e+00,-5.926752464674257759e+00,-7.711008215696407930e+00,-2.617388288023886744e+01,-1.758978581382984530e+01,-1.657055594535730592e+01,-2.427493651159209875e+01,-5.532731859801404362e+00,-3.447037453585536149e+00,-1.567381449661587389e+01
-1.856995669356754197e+00,-5.926752464674257759e+00,-7.711008215696407930e+00,-2.617388288023886744e+01,-1.758978581382984530e+01,-1.657055594535730592e+01,-2.427493651159209875e+01,-5.532731859801404362e+00,-3.447037453585536149e+00,-1.567381449661587389e+01
-1.856995669356754197e+00,-5.926752464674257759e+00,-7.711008215696407930e+00,-2.617388288023886744e+01,-1.758978581382984530e+01,-1.657055594535730592e+01,-2.449793763220184672e+01,-5.532731859801404362e+00,-3.447037453585536149e+00,-1.567381449661587389e+01
-1.856995669356754197e+00,-5.926752464674257759e+00,-7.711008215696407930e+00,-2.617388288023886744e+01,-1.758978581382984530e+01,-1.657055594535730592e+01,-2.449793763220184672e+01,-5.532731859801404362e+00,-3.447037453585536149e+00,-1.567381449661587389e+01
-1.856995669356754197e+00,-5.926752464674257759e+00,-7.711008215696407930e+00,-2.617388288023886744e+01,-1.758978581382984530e+01,-1.657055594535730592e+01,-2.531145961439944614e+01,-5.532731859801404362e+00,-3.447037453585536149e+00,-1.567381449661587389e+01
-1.856995669356754197e+00,-5.926752464674257759e+00,-8.429060140251484867e+00,-2.617388288023886744e+01,-1.758978581382984530e+01,-1.657055594535730592e+01,-2.531145961439944614e+01,-5.532731859801404362e+00,-3.447037453585536149e+00,-1.567381449661587389e+01
-2.639802184819015629e+00,-5.926752464674257759e+00,-8.429060140251484867e+00,-2.617388288023886744e+01,-1.758978581382984530e+01,-1.657055594535730592e+01,-2.531145961439944614e+01,-5.532731859801404362e+00,-3.447037453585536149e+00,-1.567381449661587389e+01
-3.388577680228730404e+00,-5.926752464674257759e+00,-8.429060140251484867e+00,-2.617388288023886744e+01,-1.758978581382984530e+01,-1.657055594535730592e+01,-2.531145961439944614e+01,-5.532731859801404362e+00,-3.447037453585536149e+00,-1.567381449661587389e+01
-3.388577680228730404e+00,-5.926752464674257759e+00,-8.429060140251484867e+00,-2.617388288023886744e+01,-1.758978581382984530e+01,-1.657055594535730592e+01,-2.531145961439944614e+01,-5.532731859801404362e+00,-3.447037453585536149e+00,-1.567381449661587389e+01
-3.517620915151200123e+00,-5.926752464674257759e+00,-8.429060140251484867e+00,-2.617388288023886744e+01,-1.758978581382984530e+01,-1.657055594535730592e+01,-2.531145961439944614e+01,-5.532731859801404362e+00,-3.447037453585536149e+00,-1.567381449661587389e+01
-3.517620915151200123e+00,-5.926752464674257759e+00,-8.993576980716591507e+00,-2.617388288023886744e+01,-1.758978581382984530e+01,-1.657055594535730592e+01,-2.531145961439944614e+01,-5.532731859801404362e+00,-3.447037453585536149e+00,-1.567381449661587389e+01
-4.285939020991093251e+00,-5.926752464674257759e+00,-1.308017314890951965e+01,-2.617388288023886744e+01,-1.758978581382984530e+01,-1.657055594535730592e+01,-2.531145961439944614e+01,-5.532731859801404362e+00,-3.447037453585536149e+00,-1.567381449661587389e+01
-4.285939020991093251e+00,-5.926752464674257759e+00,-1.308017314890951965e+01,-2.617388288023886744e+01,-1.758978581382984530e+01,-1.657055594535730592e+01,-2.531145961439944614e+01,-5.532731859801404362e+00,-3.447037453585536149e+00,-1.567381449661587389e+01
-5.440751402316974961e+00,-5.926752464674257759e+00,-1.308017314890951965e+01,-2.617388288023886744e+01,-1.758978581382984530e+01,-1.657055594535730592e+01,-2.531145961439944614e+01,-5.532731859801404362e+00,-3.447037453585536149e+00,-1.567381449661587389e+01
-5.440751402316974961e+00,-5.926752464674257759e+00,-1.308017314890951965e+01,-2.617388288023886744e+01,-1.758978581382984530e+01,-1.657055594535730592e+01,-2.531145961439944614e+01,-5.532731859801404362e+00,-3.447037453585536149e+00,-1.567381449661587389e+01
-5.440751402316974961e+00,-5.926752464674257759e+00,-1.308017314890951965e+01,-2.617388288023886744e+01,-1.758978581382984530e+01,-1.657055594535730592e+01,-2.531145961439944614e+01,-5.532731859801404362e+00,-4.904597591248434973e+00,-1.567381449661587389e+01
-5.440751402316974961e+00,-5.926752464674257759e+00,-1.308017314890951965e+01,-2.617388288023886744e+01,-1.758978581382984530e+01,-1.657055594535730592e+01,-2.531145961439944614e+01,-5.532731859801404362e+00,-4.947898173713715764e+00,-1.567381449661587389e+01
-5.440751402316974961e+00,-5.926752464674257759e+00,-1.308017314890951965e+01,-2.617388288023886744e+01,-1.758978581382984530e+01,-1.657055594535730592e+01,-2.531145961439944614e+01,-5.532731859801404362e+00,-5.534469537217015400e+00,-1.567381449661587389e+01
-5.819531455977533518e+00,-5.926752464674257759e+00,-1.308017314890951965e+01,-2.617388288023886744e+01,-1.758978581382984530e+01,-1.657055594535730592e+01,-2.531145961439944614e+01,-5.532731859801404362e+00,-5.534469537217015400e+00,-1.567381449661587389e+01
-6.099545862312150568e+00,-5.926752464674257759e+00,-1.308017314890951965e+01,-2.617388288023886744e+01,-1.758978581382984530e+01,-1.657055594535730592e+01,-2.531145961439944614e+01,-5.532731859801404362e+00,-5.534469537217015400e+00,-1.567381449661587389e+01
-6.124485815318758242e+00,-5.926752464674257759e+00,-1.308017314890951965e+01,-2.617388288023886744e+01,-1.758978581382984530e+01,-1.657055594535730592e+01,-2.531145961439944614e+01,-5.532731859801404362e+00,-5.534469537217015400e+00,-1.567381449661587389e+01
-7.801215221548583933e+00,-5.926752464674257759e+00,-1.308017314890951965e+01,-2.617388288023886744e+01,-1.758978581382984530e+01,-1.657055594535730592e+01,-2.531145961439944614e+01,-5.532731859801404362e+00,-5.534469537217015400e+00,-1.567381449661587389e+01
-7.801215221548583933e+00,-5.926752464674257759e+00,-1.381482556429491204e+01,-2.617388288023886744e+01,-1.758978581382984530e+01,-1.657055594535730592e+01,-2.531145961439944614e+01,-5.532731859801404362e+00,-5.534469537217015400e+00,-1.567381449661587389e+01
-7.801215221548583933e+00,-5.926752464674257759e+00,-1.381482556429491204e+01,-2.617388288023886744e+01,-1.758978581382984530e+01,-1.657055594535730592e+01,-2.531145961439944614e+01,-5.532731859801404362e+00,-5.534469537217015400e+00,-1.567381449661587389e+01
-7.801215221548583933e+00,-5.926752464674257759e+00,-1.381482556429491204e+01,-2.617388288023886744e+01,-1.758978581382984530e+01,-1.657055594535730592e+01,-2.531145961439944614e+01,-5.532731859801404362e+00,-5.534469537217015400e+00,-1.567381449661587389e+01
-7.801215221548583933e+00,-5.926752464674257759e+00,-1.381482556429491204e+01,-2.617388288023886744e+01,-1.758978581382984530e+01,-1.657055594535730592e+01,-2.531145961439944614e+01,-5.532731859801404362e+00,-5.767838093381849163e+00,-1.567381449661587389e+01
-9.192121119256052353e+00,-5.926752464674257759e+00,-1.381482556429491204e+01,-2.617388288023886744e+01,-1.758978581382984530e+01,-1.657055594535730592e+01,-2.531145961439944614e+01,-5.532731859801404362e+00,-5.767838093381849163e+00,-1.567381449661587389e+01
-9.192121119256052353e+00,-5.926752464674257759e+00,-1.381482556429491204e+01,-2.617388288023886744e+01,-2.185810704067714028e+01,-1.657055594535730592e+01,-2.531145961439944614e+01,-5.532731859801404362e+00,-5.767838093381849163e+00,-1.567381449661587389e+01
-9.192121119256052353e+00,-5.926752464674257759e+00,-1.381482556429491204e+01,-2.617388288023886744e+01,-2.185810704067714028e+01,-1.657055594535730592e+01,-2.531145961439944614e+01,-9.438590451509124790e+00,-5.767838093381849163e+00,-1.567381449661587389e+01
-9.192121119256052353e+00,-5.926752464674257759e+00,-1.381482556429491204e+01,-2.617388288023886744e+01,-2.185810704067714028e+01,-1.657055594535730592e+01,-2.531145961439944614e+01,-9.438590451509124790e+00,-5.767838093381849163e+00,-1.567381449661587389e+01
-9.192121119256052353e+00,-5.926752464674257759e+00,-1.381482556429491204e+01,-2.617388288023886744e+01,-2.185810704067714028e+01,-1.657055594535730592e+01,-2.531145961439944614e+01,-9.438590451509124790e+00,-5.767838093381849163e+00,-1.567381449661587389e+01
-9.192121119256052353e+00,-5.926752464674257759e+00,-1.381482556429491204e+01,-2.617388288023886744e+01,-2.185810704067714028e+01,-1.657055594535730592e+01,-2.531145961439944614e+01,-9.438590451509124790e+00,-5.767838093381849163e+00,-1.585485697008896722e+01
-9.192121119256052353e+00,-5.926752464674257759e+00,-1.381482556429491204e+01,-2.617388288023886744e+01,-2.185810704067714028e+01,-1.657055594535730592e+01,-2.531145961439944614e+01,-9.438590451509124790e+00,-5.767838093381849163e+00,-1.585485697008896722e+01
-9.192121119256052353e+00,-5.926752464674257759e+00,-1.381482556429491204e+01,-2.617388288023886744e+01,-2.185810704067714028e+01,-1.721104416112629210e+01,-2.531145961439944614e+01,-9.438590451509124790e+00,-5.767838093381849163e+00,-1.585485697008896722e+01
-9.192121119256052353e+00,-5.926752464674257759e+00,-1.381482556429491204e+01,-2.617388288023886744e+01,-2.185810704067714028e+01,-1.721104416112629210e+01,-2.531145961439944614e+01,-1.395638834495977676e+01,-7.192493094090393058e+00,-1.585485697008896722e+01
-9.192121119256052353e+00,-5.926752464674257759e+00,-1.381482556429491204e+01,-2.617388288023886744e+01,-2.185810704067714028e+01,-1.721104416112629210e+01,-2.531145961439944614e+01,-1.395638834495977676e+01,-7.192493094090393058e+00,-1.585485697008896722e+01
-9.192121119256052353e+00,-5.926752464674257759e+00,-1.381482556429491204e+01,-2.617388288023886744e+01,-2.185810704067714028e+01,-1.721104416112629210e+01,-2.531145961439944614e+01,-1.395638834495977676e+01,-7.192493094090393058e+00,-1.585485697008896722e+01
-9.192121119256052353e+00,-5.926752464674257759e+00,-1.381482556429491204e+01,-2.617388288023886744e+01,-2.185810704067714028e+01,-1.721104416112629210e+01,-2.531145961439944614e+01,-1.395638834495977676e+01,-7.192493094090393058e+00,-1.585485697008896722e+01
-9.192121119256052353e+00,-5.926752464674257759e+00,-1.381482556429491204e+01,-2.617388288023886744e+01,-2.185810704067714028e+01,-1.721104416112629210e+01,-2.531145961439944614e+01,-1.395638834495977676e+01,-7.192493094090393058e+00,-1.663087117370686130e+01
-9.192121119256052353e+00,-5.926752464674257759e+00,-1.502082119295624985e+01,-2.617388288023886744e+01,-2.185810704067714028e+01,-1.721104416112629210e+01,-2.531145961439944614e+01,-1.395638834495977676e+01,-7.192493094090393058e+00,-1.663087117370686130e+01
-1.029117758769377033e+01,-5.926752464674257759e+00,-1.502082119295624985e+01,-2.617388288023886744e+01,-2.185810704067714028e+01,-1.721104416112629210e+01,-2.531145961439944614e+01,-1.395638834495977676e+01,-7.192493094090393058e+00,-1.663087117370686130e+01
-1.029117758769377033e+01,-6.403696663070549633e+00,-1.502082119295624985e+01,-2.617388288023886744e+01,-2.185810704067714028e+01,-1.721104416112629210e+01,-2.531145961439944614e+01,-1.395638834495977676e+01,-7.192493094090393058e+00,-1.663087117370686130e+01
-1.060001448605892449e+01,-6.403696663070549633e+00,-1.502082119295624985e+01,-2.617388288023886744e+01,-2.185810704067714028e+01,-1.721104416112629210e+01,-2.531145961439944614e+01,-1.395638834495977676e+01,-7.192493094090393058e+00,-1.663087117370686130e+01
-1.060001448605892449e+01,-6.403696663070549633e+00,-1.502082119295624985e+01,-2.617388288023886744e+01,-2.185810704067714028e+01,-1.721104416112629210e+01,-2.531145961439944614e+01,-1.395638834495977676e+01,-7.192493094090393058e+00,-1.663087117370686130e+01
-1.060001448605892449e+01,-6.403696663070549633e+00,-1.502082119295624985e+01,-2.617388288023886744e+01,-2.185810704067714028e+01,-1.721104416112629210e+01,-2.531145961439944614e+01,-1.395638834495977676e+01,-7.192493094090393058e+00,-1.693943681590834416e+01
-1.060001448605892449e+01,-6.403696663070549633e+00,-1.502082119295624985e+01,-2.617388288023886744e+01,-2.185810704067714028e+01,-1.721104416112629210e+01,-2.531145961439944614e+01,-1.395638834495977676e+01,-7.192493094090393058e+00,-1.693943681590834416e+01
-1.060001448605892449e+01,-6.403696663070549633e+00,-1.502082119295624985e+01,-2.617388288023886744e+01,-2.185810704067714028e+01,-1.721104416112629210e+01,-2.531145961439944614e+01,-1.395638834495977676e+01,-7.192493094090393058e+00,-1.693943681590834416e+01
-1.060001448605892449e+01,-6.403696663070549633e+00,-1.502082119295624985e+01,-2.617388288023886744e+01,-2.185810704067714028e+01,-1.721104416112629210e+01,-2.531145961439944614e+01,-1.395638834495977676e+01,-7.192493094090393058e+00,-1.693943681590834416e+01
-1.060001448605892449e+01,-7.092091816994858355e+00,-1.502082119295624985e+01,-2.617388288023886744e+01,-2.185810704067714028e+01,-1.853933900441737848e+01,-2.531145961439944614e+01,-1.395638834495977676e+01,-7.192493094090393058e+00,-1.693943681590834416e+01
-1.060001448605892449e+01,-7.092091816994858355e+00,-1.506601335370108430e+01,-2.617388288023886744e+01,-2.185810704067714028e+01,-1.853933900441737848e+01,-2.531145961439944614e+01,-1.395638834495977676e+01,-7.192493094090393058e+00,-1.693943681590834416e+01
-1.060001448605892449e+01,-7.092091816994858355e+00,-1.506601335370108430e+01,-2.617388288023886744e+01,-2.185810704067714028e+01,-1.853933900441737848e+01,-2.531145961439944614e+01,-1.395638834495977676e+01,-7.192493094090393058e+00,-1.693943681590834416e+01
-1.060001448605892449e+01,-7.092091816994858355e+00,-1.506601335370108430e+01,-2.617388288023886744e+01,-2.185810704067714028e+01,-1.853933900441737848e+01,-2.531145961439944614e+01,-1.395638834495977676e+01,-7.192493094090393058e+00,-1.693943681590834416e+01
-1.060001448605892449e+01,-7.092091816994858355e+00,-1.506601335370108430e+01,-2.617388288023886744e+01,-2.185810704067714028e+01,-1.853933900441737848e+01,-2.531145961439944614e+01,-1.395638834495977676e+01,-7.192493094090393058e+00,-1.693943681590834416e+01
-1.060001448605892449e+01,-7.092091816994858355e+00,-1.506601335370108430e+01,-2.617388288023886744e+01,-2.185810704067714028e+01,-1.853933900441737848e+01,-2.571705563391907035e+01,-1.395638834495977676e+01,-7.192493094090393058e+00,-1.693943681590834416e+01
-1.060001448605892449e+01,-7.092091816994858355e+00,-1.506601335370108430e+01,-2.617388288023886744e+01,-2.185810704067714028e+01,-1.853933900441737848e+01,-2.571705563391907035e+01,-1.395638834495977676e+01,-7.192493094090393058e+00,-1.693943681590834416e+01
-1.060001448605892449e+01,-7.092091816994858355e+00,-1.506601335370108430e+01,-2.617388288023886744e+01,-2.185810704067714028e+01,-1.853933900441737848e+01,-2.571705563391907035e+01,-1.395638834495977676e+01,-7.192493094090393058e+00,-1.693943681590834416e+01
-1.060001448605892449e+01,-7.092091816994858355e+00,-1.506601335370108430e+01,-2.617388288023886744e+01,-2.185810704067714028e+01,-1.853933900441737848e+01,-2.571705563391907035e+01,-1.395638834495977676e+01,-8.742664985654418075e+00,-1.693943681590834416e+01
-1.060001448605892449e+01,-7.092091816994858355e+00,-1.506601335370108430e+01,-2.617388288023886744e+01,-2.185810704067714028e+01,-1.853933900441737848e+01,-2.571705563391907035e+01,-1.395638834495977676e+01,-8.742664985654418075e+00,-1.693943681590834416e+01
-1.060001448605892449e+01,-7.092091816994858355e+00,-1.506601335370108430e+01,-2.617388288023886744e+01,-2.185810704067714028e+01,-1.853933900441737848e+01,-2.571705563391907035e+01,-1.395638834495977676e+01,-8.742664985654418075e+00,-1.693943681590834416e+01
-1.060001448605892449e+01,-7.092091816994858355e+00,-1.506601335370108430e+01,-2.617388288023886744e+01,-2.378836068715433427e+01,-1.853933900441737848e+01,-2.571705563391907035e+01,-1.395638834495977676e+01,-8.742664985654418075e+00,-1.693943681590834416e+01
-1.090439957668763604e+01,-7.092091816994858355e+00,-1.506601335370108430e+01,-2.617388288023886744e+01,-2.378836068715433427e+01,-1.853933900441737848e+01,-2.571705563391907035e+01,-1.395638834495977676e+01,-8.825131693208515316e+00,-1.693943681590834416e+01
-1.090439957668763604e+01,-7.092091816994858355e+00,-1.506601335370108430e+01,-2.617388288023886744e+01,-2.378836068715433427e+01,-1.853933900441737848e+01,-2.571705563391907035e+01,-1.395638834495977676e+01,-9.174022738334370430e+00,-1.693943681590834416e+01
-1.090439957668763604e+01,-7.092091816994858355e+00,-1.506601335370108430e+01,-2.617388288023886744e+01,-2.378836068715433427e+01,-1.853933900441737848e+01,-2.571705563391907035e+01,-1.395638834495977676e+01,-9.346552339985597868e+00,-1.693943681590834416e+01
-1.090439957668763604e+01,-7.092091816994858355e+00,-1.506601335370108430e+01,-2.617388288023886744e+01,-2.378836068715433427e+01,-1.853933900441737848e+01,-2.571705563391907035e+01,-1.395638834495977676e+01,-9.346552339985597868e+00,-1.693943681590834416e+01
-1.090439957668763604e+01,-7.092091816994858355e+00,-1.506601335370108430e+01,-2.617388288023886744e+01,-2.378836068715433427e+01,-1.853933900441737848e+01,-2.571705563391907035e+01,-1.395638834495977676e+01,-9.346552339985597868e+00,-1.693943681590834416e+01
-1.090439957668763604e+01,-7.092091816994858355e+00,-1.506601335370108430e+01,-2.617388288023886744e+01,-2.378836068715433427e+01,-1.853933900441737848e+01,-2.571705563391907035e+01,-1.395638834495977676e+01,-9.346552339985597868e+00,-1.693943681590834416e+01
-1.090439957668763604e+01,-7.092091816994858355e+00,-1.506601335370108430e+01,-2.617388288023886744e+01,-2.378836068715433427e+01,-1.853933900441737848e+01,-2.571705563391907035e+01,-1.442653535650968877e+01,-9.346552339985597868e+00,-1.693943681590834416e+01
-1.090439957668763604e+01,-7.092091816994858355e+00,-1.506601335370108430e+01,-2.617388288023886744e+01,-2.378836068715433427e+01,-1.853933900441737848e+01,-2.571705563391907035e+01,-1.442653535650968877e+01,-9.346552339985597868e+00,-1.693943681590834416e+01
-1.090439957668763604e+01,-7.092091816994858355e+00,-1.506601335370108430e+01,-2.617388288023886744e+01,-2.378836068715433427e+01,-1.853933900441737848e+01,-2.577134649426743351e+01,-1.442653535650968877e+01,-9.346552339985597868e+00,-1.693943681590834416e+01
-1.090439957668763604e+01,-7.092091816994858355e+00,-1.506601335370108430e+01,-2.617388288023886744e+01,-2.378836068715433427e+01,-1.853933900441737848e+01,-2.577134649426743351e+01,-1.442653535650968877e+01,-9.346552339985597868e+00,-1.693943681590834416e+01
-1.090439957668763604e+01,-7.092091816994858355e+00,-1.506601335370108430e+01,-2.617388288023886744e+01,-2.378836068715433427e+01,-1.853933900441737848e+01,-2.577134649426743351e+01,-1.442653535650968877e+01,-9.346552339985597868e+00,-1.693943681590834416e+01
-1.090439957668763604e+01,-7.092091816994858355e+00,-1.506601335370108430e+01,-2.617388288023886744e+01,-2.378836068715433427e+01,-1.853933900441737848e+01,-2.577134649426743351e+01,-1.442653535650968877e+01,-9.346552339985597868e+00,-1.693943681590834416e+01
-1.090439957668763604e+01,-7.092091816994858355e+00,-1.506601335370108430e+01,-2.617388288023886744e+01,-2.378836068715433427e+01,-1.853933900441737848e+01,-2.577134649426743351e+01,-1.442653535650968877e+01,-9.346552339985597868e+00,-1.693943681590834416e+01
-1.090439957668763604e+01,-7.092091816994858355e+00,-1.506601335370108430e+01,-2.617388288023886744e+01,-2.378836068715433427e+01,-1.853933900441737848e+01,-2.577134649426743351e+01,-1.442653535650968877e+01,-9.346552339985597868e+00,-1.693943681590834416e+01
-1.090439957668763604e+01,-7.092091816994858355e+00,-1.506601335370108430e+01,-2.831953735386025883e+01,-2.378836068715433427e+01,-1.853933900441737848e+01,-2.577134649426743351e+01,-1.442653535650968877e+01,-9.346552339985597868e+00,-1.693943681590834416e+01
-1.090439957668763604e+01,-7.092091816994858355e+00,-1.506601335370108430e+01,-2.831953735386025883e+01,-2.378836068715433427e+01,-1.853933900441737848e+01,-2.577134649426743351e+01,-1.442653535650968877e+01,-9.346552339985597868e+00,-1.693943681590834416e+01
-1.090439957668763604e+01,-7.092091816994858355e+00,-1.506601335370108430e+01,-2.831953735386025883e+01,-2.378836068715433427e+01,-1.853933900441737848e+01,-2.577134649426743351e+01,-1.442653535650968877e+01,-9.346552339985597868e+00,-1.693943681590834416e+01
-1.090439957668763604e+01,-7.092091816994858355e+00,-1.506601335370108430e+01,-2.831953735386025883e+01,-2.378836068715433427e+01,-1.853933900441737848e+01,-2.577134649426743351e+01,-1.442653535650968877e+01,-9.346552339985597868e+00,-1.693943681590834416e+01
