3.789972741086418129e-01,3.590340402932568509e+00,1.343458140542172607e+00,5.328171158979819189e-02,-1.756267902643619427e+00
-2.208799567789456741e+00,2.111823413530105054e-01,8.075979298449226240e-01,-1.579190060273281793e+00,-1.756267902643619427e+00
-3.153463211645626263e+00,2.111823413530105054e-01,8.075979298449226240e-01,-1.579190060273281793e+00,-1.756267902643619427e+00
-3.153463211645626263e+00,-3.154664906819077408e-01,8.075979298449226240e-01,-1.894808817471232087e+00,-1.756267902643619427e+00
-3.153463211645626263e+00,-3.154664906819077408e-01,8.075979298449226240e-01,-1.990229857381534018e+00,-1.756267902643619427e+00
-3.153463211645626263e+00,-3.154664906819077408e-01,2.654671043897840477e-01,-4.528962748519250958e+00,-4.588569865884423393e+00
-3.153463211645626263e+00,-8.570974962877569991e-01,-1.160181627148225036e+00,-4.528962748519250958e+00,-4.588569865884423393e+00
-3.153463211645626263e+00,-1.964021659121950591e+00,-2.306834255491540198e+00,-4.528962748519250958e+00,-4.588569865884423393e+00
-3.153463211645626263e+00,-1.964021659121950591e+00,-2.306834255491540198e+00,-4.528962748519250958e+00,-4.588569865884423393e+00
-3.153463211645626263e+00,-1.964021659121950591e+00,-2.306834255491540198e+00,-4.528962748519250958e+00,-4.588569865884423393e+00
-3.153463211645626263e+00,-1.964021659121950591e+00,-2.306834255491540198e+00,-4.528962748519250958e+00,-4.588569865884423393e+00
-3.153463211645626263e+00,-1.964021659121950591e+00,-2.306834255491540198e+00,-4.528962748519250958e+00,-4.588569865884423393e+00
-3.153463211645626263e+00,-1.964021659121950591e+00,-2.694240914867902958e+00,-4.528962748519250958e+00,-4.588569865884423393e+00
-3.153463211645626263e+00,-1.964021659121950591e+00,-2.694240914867902958e+00,-4.528962748519250958e+00,-1.461888294412503342e+01
-3.153463211645626263e+00,-1.964021659121950591e+00,-2.868972475370704878e+00,-4.528962748519250958e+00,-1.461888294412503342e+01
-3.153463211645626263e+00,-1.964021659121950591e+00,-2.868972475370704878e+00,-4.528962748519250958e+00,-1.461888294412503342e+01
-3.153463211645626263e+00,-1.964021659121950591e+00,-2.868972475370704878e+00,-4.528962748519250958e+00,-1.461888294412503342e+01
-3.153463211645626263e+00,-2.752142972296921730e+00,-2.868972475370704878e+00,-4.528962748519250958e+00,-1.461888294412503342e+01
-3.153463211645626263e+00,-2.752142972296921730e+00,-2.868972475370704878e+00,-4.528962748519250958e+00,-1.461888294412503342e+01
-3.153463211645626263e+00,-2.752142972296921730e+00,-2.868972475370704878e+00,-4.528962748519250958e+00,-1.461888294412503342e+01
-3.153463211645626263e+00,-3.207565800148663104e+00,-3.231441072792159641e+00,-4.528962748519250958e+00,-1.461888294412503342e+01
-3.153463211645626263e+00,-3.207565800148663104e+00,-3.231441072792159641e+00,-4.528962748519250958e+00,-1.461888294412503342e+01
-3.153463211645626263e+00,-3.207565800148663104e+00,-3.231441072792159641e+00,-4.528962748519250958e+00,-3.913390269786020781e+01
-3.153463211645626263e+00,-3.207565800148663104e+00,-3.231441072792159641e+00,-4.528962748519250958e+00,-3.913390269786020781e+01
-3.153463211645626263e+00,-3.207565800148663104e+00,-3.231441072792159641e+00,-4.528962748519250958e+00,-3.913390269786020781e+01
-3.153463211645626263e+00,-3.207565800148663104e+00,-3.231441072792159641e+00,-8.782635528396619762e+00,-3.913390269786020781e+01
-3.153463211645626263e+00,-3.529744047962478426e+00,-3.231441072792159641e+00,-8.782635528396619762e+00,-3.913390269786020781e+01
-3.153463211645626263e+00,-3.529744047962478426e+00,-3.231441072792159641e+00,-8.782635528396619762e+00,-3.913390269786020781e+01
-3.153463211645626263e+00,-3.529744047962478426e+00,-3.231441072792159641e+00,-8.782635528396619762e+00,-3.913390269786020781e+01
-3.153463211645626263e+00,-3.529744047962478426e+00,-4.439431578458813199e+00,-8.782635528396619762e+00,-3.913390269786020781e+01
-3.153463211645626263e+00,-3.529744047962478426e+00,-4.439431578458813199e+00,-8.782635528396619762e+00,-3.913390269786020781e+01
-3.153463211645626263e+00,-3.529744047962478426e+00,-4.530191724694109467e+00,-8.782635528396619762e+00,-3.913390269786020781e+01
-3.153463211645626263e+00,-3.529744047962478426e+00,-4.530191724694109467e+00,-8.782635528396619762e+00,-3.913390269786020781e+01
-3.153463211645626263e+00,-3.529744047962478426e+00,-6.192728135289245373e+00,-8.782635528396619762e+00,-3.913390269786020781e+01
-3.153463211645626263e+00,-3.529744047962478426e+00,-6.192728135289245373e+00,-8.782635528396619762e+00,-3.913390269786020781e+01
-3.153463211645626263e+00,-3.529744047962478426e+00,-6.945249580869487183e+00,-8.782635528396619762e+00,-3.913390269786020781e+01
-3.255101053711713099e+00,-5.917291045021197071e+00,-6.945249580869487183e+00,-8.782635528396619762e+00,-3.913390269786020781e+01
-3.255101053711713099e+00,-5.917291045021197071e+00,-6.945249580869487183e+00,-8.782635528396619762e+00,-3.913390269786020781e+01
-3.255101053711713099e+00,-5.917291045021197071e+00,-6.945249580869487183e+00,-8.782635528396619762e+00,-3.913390269786020781e+01
-3.255101053711713099e+00,-5.917291045021197071e+00,-6.945249580869487183e+00,-8.782635528396619762e+00,-3.913390269786020781e+01
-3.255101053711713099e+00,-5.917291045021197071e+00,-7.390965908333340550e+00,-8.782635528396619762e+00,-3.913390269786020781e+01
-3.255101053711713099e+00,-5.917291045021197071e+00,-7.390965908333340550e+00,-8.782635528396619762e+00,-3.913390269786020781e+01
-3.255101053711713099e+00,-5.917291045021197071e+00,-7.390965908333340550e+00,-9.631506989355287374e+00,-3.913390269786020781e+01
-3.255101053711713099e+00,-5.917291045021197071e+00,-7.390965908333340550e+00,-9.631506989355287374e+00,-3.913390269786020781e+01
-3.255101053711713099e+00,-5.917291045021197071e+00,-7.390965908333340550e+00,-9.631506989355287374e+00,-3.913390269786020781e+01
-3.255101053711713099e+00,-5.917291045021197071e+00,-7.390965908333340550e+00,-1.044879484923514390e+01,-3.913390269786020781e+01
-3.255101053711713099e+00,-5.917291045021197071e+00,-7.390965908333340550e+00,-1.044879484923514390e+01,-3.913390269786020781e+01
-3.255101053711713099e+00,-5.917291045021197071e+00,-7.390965908333340550e+00,-1.044879484923514390e+01,-3.913390269786020781e+01
-3.255101053711713099e+00,-5.917291045021197071e+00,-7.390965908333340550e+00,-1.044879484923514390e+01,-3.913390269786020781e+01
-3.255101053711713099e+00,-5.917291045021197071e+00,-7.390965908333340550e+00,-1.044879484923514390e+01,-3.913390269786020781e+01
-3.255101053711713099e+00,-5.917291045021197071e+00,-7.390965908333340550e+00,-1.044879484923514390e+01,-3.913390269786020781e+01
-3.255101053711713099e+00,-5.917291045021197071e+00,-7.390965908333340550e+00,-1.044879484923514390e+01,-3.913390269786020781e+01
-3.255101053711713099e+00,-5.917291045021197071e+00,-7.390965908333340550e+00,-1.215176950650724663e+01,-3.913390269786020781e+01
-3.255101053711713099e+00,-5.917291045021197071e+00,-7.390965908333340550e+00,-1.215176950650724663e+01,-3.913390269786020781e+01
-3.255101053711713099e+00,-5.917291045021197071e+00,-7.390965908333340550e+00,-1.215176950650724663e+01,-3.913390269786020781e+01
-3.255101053711713099e+00,-5.917291045021197071e+00,-7.390965908333340550e+00,-1.215176950650724663e+01,-3.913390269786020781e+01
-3.255101053711713099e+00,-5.917291045021197071e+00,-7.390965908333340550e+00,-1.215176950650724663e+01,-3.913390269786020781e+01
-3.255101053711713099e+00,-5.917291045021197071e+00,-7.390965908333340550e+00,-1.215176950650724663e+01,-3.913390269786020781e+01
-3.255101053711713099e+00,-5.917291045021197071e+00,-7.390965908333340550e+00,-1.215176950650724663e+01,-3.913390269786020781e+01
-3.255101053711713099e+00,-5.917291045021197071e+00,-7.390965908333340550e+00,-1.215176950650724663e+01,-3.913390269786020781e+01
-3.255101053711713099e+00,-5.917291045021197071e+00,-8.206931977606306106e+00,-1.221904000996072348e+01,-3.913390269786020781e+01
-3.255101053711713099e+00,-5.917291045021197071e+00,-8.206931977606306106e+00,-1.221904000996072348e+01,-3.913390269786020781e+01
-3.255101053711713099e+00,-5.917291045021197071e+00,-8.206931977606306106e+00,-1.221904000996072348e+01,-3.913390269786020781e+01
-3.255101053711713099e+00,-5.917291045021197071e+00,-8.206931977606306106e+00,-1.221904000996072348e+01,-3.913390269786020781e+01
-3.255101053711713099e+00,-5.917291045021197071e+00,-8.206931977606306106e+00,-1.221904000996072348e+01,-3.913390269786020781e+01
-3.255101053711713099e+00,-5.917291045021197071e+00,-8.206931977606306106e+00,-1.221904000996072348e+01,-3.913390269786020781e+01
-3.255101053711713099e+00,-5.917291045021197071e+00,-8.206931977606306106e+00,-1.298989421637331709e+01,-3.913390269786020781e+01
-3.255101053711713099e+00,-5.917291045021197071e+00,-8.206931977606306106e+00,-1.298989421637331709e+01,-3.913390269786020781e+01
-3.255101053711713099e+00,-5.917291045021197071e+00,-8.206931977606306106e+00,-1.298989421637331709e+01,-3.913390269786020781e+01
-3.255101053711713099e+00,-5.917291045021197071e+00,-8.206931977606306106e+00,-1.298989421637331709e+01,-3.913390269786020781e+01
-3.255101053711713099e+00,-5.917291045021197071e+00,-8.206931977606306106e+00,-1.298989421637331709e+01,-3.913390269786020781e+01
-3.255101053711713099e+00,-5.917291045021197071e+00,-8.206931977606306106e+00,-1.298989421637331709e+01,-3.913390269786020781e+01
-3.255101053711713099e+00,-5.917291045021197071e+00,-8.206931977606306106e+00,-1.298989421637331709e+01,-3.913390269786020781e+01
-3.255101053711713099e+00,-1.061431175553175166e+01,-8.206931977606306106e+00,-1.298989421637331709e+01,-3.913390269786020781e+01
-3.255101053711713099e+00,-1.061431175553175166e+01,-8.206931977606306106e+00,-1.298989421637331709e+01,-3.913390269786020781e+01
-3.255101053711713099e+00,-1.061431175553175166e+01,-8.206931977606306106e+00,-1.298989421637331709e+01,-3.913390269786020781e+01
-3.255101053711713099e+00,-1.061431175553175166e+01,-8.206931977606306106e+00,-1.298989421637331709e+01,-3.913390269786020781e+01
-3.255101053711713099e+00,-1.061431175553175166e+01,-8.206931977606306106e+00,-1.298989421637331709e+01,-3.913390269786020781e+01
-3.255101053711713099e+00,-1.061431175553175166e+01,-8.206931977606306106e+00,-2.017324730960140755e+01,-3.913390269786020781e+01
-3.255101053711713099e+00,-1.061431175553175166e+01,-8.206931977606306106e+00,-2.017324730960140755e+01,-3.913390269786020781e+01
-3.255101053711713099e+00,-1.061431175553175166e+01,-8.206931977606306106e+00,-2.017324730960140755e+01,-3.913390269786020781e+01
-3.255101053711713099e+00,-1.061431175553175166e+01,-8.206931977606306106e+00,-2.017324730960140755e+01,-3.913390269786020781e+01
-3.255101053711713099e+00,-1.061431175553175166e+01,-8.206931977606306106e+00,-2.017324730960140755e+01,-3.913390269786020781e+01
-3.255101053711713099e+00,-1.061431175553175166e+01,-8.206931977606306106e+00,-2.017324730960140755e+01,-3.913390269786020781e+01
-3.255101053711713099e+00,-1.061431175553175166e+01,-8.206931977606306106e+00,-2.017324730960140755e+01,-3.913390269786020781e+01
-3.255101053711713099e+00,-1.061431175553175166e+01,-8.206931977606306106e+00,-2.017324730960140755e+01,-3.913390269786020781e+01
-3.255101053711713099e+00,-1.061431175553175166e+01,-8.206931977606306106e+00,-2.017324730960140755e+01,-3.913390269786020781e+01
-3.255101053711713099e+00,-1.061431175553175166e+01,-8.206931977606306106e+00,-2.017324730960140755e+01,-3.913390269786020781e+01
-3.255101053711713099e+00,-1.061431175553175166e+01,-8.206931977606306106e+00,-2.017324730960140755e+01,-3.913390269786020781e+01
-3.255101053711713099e+00,-1.061431175553175166e+01,-8.206931977606306106e+00,-2.017324730960140755e+01,-3.913390269786020781e+01
-3.255101053711713099e+00,-1.061431175553175166e+01,-8.206931977606306106e+00,-2.017324730960140755e+01,-3.913390269786020781e+01
-3.255101053711713099e+00,-1.061431175553175166e+01,-8.206931977606306106e+00,-2.017324730960140755e+01,-3.913390269786020781e+01
-3.255101053711713099e+00,-1.061431175553175166e+01,-8.206931977606306106e+00,-2.017324730960140755e+01,-3.913390269786020781e+01
-3.255101053711713099e+00,-1.061431175553175166e+01,-8.206931977606306106e+00,-2.017324730960140755e+01,-3.913390269786020781e+01
-3.255101053711713099e+00,-1.061431175553175166e+01,-8.206931977606306106e+00,-2.017324730960140755e+01,-3.913390269786020781e+01
-4.911923008212746744e+00,-1.061431175553175166e+01,-8.206931977606306106e+00,-2.017324730960140755e+01,-3.913390269786020781e+01
-4.911923008212746744e+00,-1.061431175553175166e+01,-8.206931977606306106e+00,-2.017324730960140755e+01,-3.913390269786020781e+01
-4.911923008212746744e+00,-1.061431175553175166e+01,-8.206931977606306106e+00,-2.017324730960140755e+01,-3.913390269786020781e+01
-4.911923008212746744e+00,-1.061431175553175166e+01,-8.206931977606306106e+00,-2.017324730960140755e+01,-3.913390269786020781e+01
-4.911923008212746744e+00,-1.061431175553175166e+01,-8.206931977606306106e+00,-2.017324730960140755e+01,-3.913390269786020781e+01
-4.911923008212746744e+00,-1.061431175553175166e+01,-8.206931977606306106e+00,-2.017324730960140755e+01,-3.913390269786020781e+01
