3.384407879055977286e-01,-8.291143661673885390e+00,-4.049777235782857643e-01,2.681643215100956823e+00,-3.524289011489464052e+00,4.416877697368146727e-01,1.684407346737715416e+00,2.662381551752400100e+00,5.644942520122295804e+00,5.036110053625828087e+00
-1.894995812291759174e+00,-8.291143661673885390e+00,-5.101224670211318424e-01,2.681643215100956823e+00,-3.524289011489464052e+00,4.416877697368146727e-01,6.875488850690800735e-01,3.925944386133234376e-01,2.446522910076425195e+00,5.036110053625828087e+00
-3.296806002878267083e+00,-8.291143661673885390e+00,-4.316618904386785971e+00,-6.967927652802403671e-01,-5.275575108373187661e+00,-6.815427946967169248e+00,-2.857678228258050623e+00,3.925944386133234376e-01,9.548569291995390174e-02,5.036110053625828087e+00
-3.296806002878267083e+00,-8.291143661673885390e+00,-4.316618904386785971e+00,-6.967927652802403671e-01,-5.275575108373187661e+00,-6.815427946967169248e+00,-2.857678228258050623e+00,3.056616581763996199e-01,-2.332940812323915036e+00,1.984095222553428739e+00
-3.296806002878267083e+00,-8.291143661673885390e+00,-7.533343556760788928e+00,-2.414499642781485100e+00,-5.275575108373187661e+00,-1.106929513581825120e+01,-5.212483758886962804e+00,3.056616581763996199e-01,-2.332940812323915036e+00,-2.264828240379280100e+00
-3.603837672709875317e+00,-8.291143661673885390e+00,-1.062744274371748965e+01,-2.414499642781485100e+00,-5.275575108373187661e+00,-1.106929513581825120e+01,-5.212483758886962804e+00,3.056616581763996199e-01,-2.332940812323915036e+00,-2.264828240379280100e+00
-3.603837672709875317e+00,-8.291143661673885390e+00,-1.062744274371748965e+01,-2.414499642781485100e+00,-5.275575108373187661e+00,-1.106929513581825120e+01,-5.212483758886962804e+00,3.056616581763996199e-01,-2.796483056428224589e+00,-2.264828240379280100e+00
-3.603837672709875317e+00,-8.291143661673885390e+00,-1.062744274371748965e+01,-2.414499642781485100e+00,-5.275575108373187661e+00,-1.291588556251154429e+01,-5.212483758886962804e+00,3.056616581763996199e-01,-2.796483056428224589e+00,-2.264828240379280100e+00
-3.603837672709875317e+00,-8.291143661673885390e+00,-1.062744274371748965e+01,-2.414499642781485100e+00,-5.275575108373187661e+00,-1.291588556251154429e+01,-5.212483758886962804e+00,3.056616581763996199e-01,-2.796483056428224589e+00,-2.264828240379280100e+00
-3.603837672709875317e+00,-8.291143661673885390e+00,-1.062744274371748965e+01,-2.414499642781485100e+00,-5.980053469104097630e+00,-1.291588556251154429e+01,-5.212483758886962804e+00,3.056616581763996199e-01,-2.796483056428224589e+00,-2.264828240379280100e+00
-3.781883563702734818e+00,-8.291143661673885390e+00,-1.062744274371748965e+01,-2.414499642781485100e+00,-5.980053469104097630e+00,-1.291588556251154429e+01,-5.212483758886962804e+00,3.056616581763996199e-01,-2.796483056428224589e+00,-2.264828240379280100e+00
-3.996126968569964077e+00,-8.291143661673885390e+00,-1.062744274371748965e+01,-2.414499642781485100e+00,-5.980053469104097630e+00,-1.291588556251154429e+01,-5.212483758886962804e+00,3.056616581763996199e-01,-2.796483056428224589e+00,-2.264828240379280100e+00
-3.996126968569964077e+00,-8.291143661673885390e+00,-1.062744274371748965e+01,-2.414499642781485100e+00,-5.980053469104097630e+00,-1.291588556251154429e+01,-5.212483758886962804e+00,3.056616581763996199e-01,-2.796483056428224589e+00,-2.264828240379280100e+00
-3.996126968569964077e+00,-8.291143661673885390e+00,-1.062744274371748965e+01,-2.414499642781485100e+00,-5.980053469104097630e+00,-1.291588556251154429e+01,-5.720504972787259668e+00,-2.320153704385400917e-01,-2.796483056428224589e+00,-2.264828240379280100e+00
-3.996126968569964077e+00,-8.291143661673885390e+00,-1.062744274371748965e+01,-3.123546277589174913e+00,-5.980053469104097630e+00,-1.291588556251154429e+01,-5.720504972787259668e+00,-8.828156037576617710e-01,-2.796483056428224589e+00,-2.264828240379280100e+00
-3.996126968569964077e+00,-9.981416549738721500e+00,-1.062744274371748965e+01,-3.865825521635993134e+00,-5.980053469104097630e+00,-1.291588556251154429e+01,-5.720504972787259668e+00,-8.828156037576617710e-01,-2.796483056428224589e+00,-3.630323986893674082e+00
-3.996126968569964077e+00,-9.981416549738721500e+00,-1.062744274371748965e+01,-3.865825521635993134e+00,-5.980053469104097630e+00,-1.291588556251154429e+01,-6.619755822204865581e+00,-2.955057550555125978e+00,-2.796483056428224589e+00,-3.630323986893674082e+00
-3.996126968569964077e+00,-9.981416549738721500e+00,-1.062744274371748965e+01,-3.865825521635993134e+00,-5.980053469104097630e+00,-1.428824825292898026e+01,-6.619755822204865581e+00,-2.955057550555125978e+00,-2.796483056428224589e+00,-8.120300222332005546e+00
-3.996126968569964077e+00,-1.536634283009427904e+01,-1.081025298859900552e+01,-3.865825521635993134e+00,-5.980053469104097630e+00,-1.428824825292898026e+01,-6.619755822204865581e+00,-2.955057550555125978e+00,-2.796483056428224589e+00,-8.120300222332005546e+00
-3.996126968569964077e+00,-1.536634283009427904e+01,-1.081025298859900552e+01,-3.865825521635993134e+00,-5.980053469104097630e+00,-1.850119620478039906e+01,-6.619755822204865581e+00,-3.771729317661269398e+00,-2.796483056428224589e+00,-8.120300222332005546e+00
-3.996126968569964077e+00,-1.536634283009427904e+01,-1.081025298859900552e+01,-3.865825521635993134e+00,-5.980053469104097630e+00,-1.850119620478039906e+01,-6.619755822204865581e+00,-3.771729317661269398e+00,-2.796483056428224589e+00,-8.120300222332005546e+00
-4.511008513592932090e+00,-1.536634283009427904e+01,-1.081025298859900552e+01,-5.767805316274430716e+00,-5.980053469104097630e+00,-1.850119620478039906e+01,-6.619755822204865581e+00,-3.771729317661269398e+00,-4.680198131546061013e+00,-8.120300222332005546e+00
-5.237649032133027127e+00,-1.536634283009427904e+01,-1.081025298859900552e+01,-6.770058436981267747e+00,-5.980053469104097630e+00,-1.850119620478039906e+01,-6.619755822204865581e+00,-3.771729317661269398e+00,-4.680198131546061013e+00,-8.120300222332005546e+00
-5.237649032133027127e+00,-1.536634283009427904e+01,-1.081025298859900552e+01,-6.770058436981267747e+00,-5.980053469104097630e+00,-1.850119620478039906e+01,-6.619755822204865581e+00,-3.771729317661269398e+00,-4.680198131546061013e+00,-8.120300222332005546e+00
-5.237649032133027127e+00,-1.536634283009427904e+01,-1.081025298859900552e+01,-6.770058436981267747e+00,-5.980053469104097630e+00,-1.850119620478039906e+01,-6.619755822204865581e+00,-3.771729317661269398e+00,-4.680198131546061013e+00,-8.120300222332005546e+00
-5.237649032133027127e+00,-1.536634283009427904e+01,-1.081025298859900552e+01,-6.770058436981267747e+00,-5.980053469104097630e+00,-1.933058377876249878e+01,-6.619755822204865581e+00,-3.771729317661269398e+00,-4.680198131546061013e+00,-8.120300222332005546e+00
-5.237649032133027127e+00,-1.536634283009427904e+01,-1.097844692489460883e+01,-6.770058436981267747e+00,-6.879587236162705288e+00,-1.933058377876249878e+01,-6.619755822204865581e+00,-3.771729317661269398e+00,-4.918433797225980619e+00,-8.120300222332005546e+00
-6.688076474380929781e+00,-1.536634283009427904e+01,-1.097844692489460883e+01,-6.770058436981267747e+00,-6.879587236162705288e+00,-1.933058377876249878e+01,-7.549889830074189234e+00,-3.771729317661269398e+00,-4.918433797225980619e+00,-8.120300222332005546e+00
-6.688076474380929781e+00,-1.536634283009427904e+01,-1.097844692489460883e+01,-6.770058436981267747e+00,-6.879587236162705288e+00,-1.933058377876249878e+01,-7.549889830074189234e+00,-4.089936747942464201e+00,-4.918433797225980619e+00,-8.120300222332005546e+00
-6.688076474380929781e+00,-1.536634283009427904e+01,-1.097844692489460883e+01,-6.770058436981267747e+00,-6.879587236162705288e+00,-1.933058377876249878e+01,-7.549889830074189234e+00,-4.089936747942464201e+00,-7.426036965397387668e+00,-8.120300222332005546e+00
-6.688076474380929781e+00,-1.536634283009427904e+01,-1.097844692489460883e+01,-6.770058436981267747e+00,-6.879587236162705288e+00,-2.742246767878433999e+01,-7.549889830074189234e+00,-4.089936747942464201e+00,-7.426036965397387668e+00,-8.120300222332005546e+00
-6.688076474380929781e+00,-1.536634283009427904e+01,-1.097844692489460883e+01,-6.856211382186440773e+00,-6.879587236162705288e+00,-2.742246767878433999e+01,-7.549889830074189234e+00,-4.089936747942464201e+00,-7.426036965397387668e+00,-8.120300222332005546e+00
-6.688076474380929781e+00,-1.536634283009427904e+01,-1.097844692489460883e+01,-6.856211382186440773e+00,-6.879587236162705288e+00,-2.742246767878433999e+01,-7.549889830074189234e+00,-4.089936747942464201e+00,-7.426036965397387668e+00,-8.120300222332005546e+00
-6.866019116049915993e+00,-1.536634283009427904e+01,-1.097844692489460883e+01,-7.017179578351440128e+00,-6.879587236162705288e+00,-2.742246767878433999e+01,-7.549889830074189234e+00,-4.089936747942464201e+00,-7.426036965397387668e+00,-8.120300222332005546e+00
-6.866019116049915993e+00,-1.536634283009427904e+01,-1.097844692489460883e+01,-7.017179578351440128e+00,-6.879587236162705288e+00,-2.742246767878433999e+01,-7.549889830074189234e+00,-4.089936747942464201e+00,-7.426036965397387668e+00,-8.120300222332005546e+00
-6.866019116049915993e+00,-1.536634283009427904e+01,-1.097844692489460883e+01,-7.017179578351440128e+00,-6.879587236162705288e+00,-2.742246767878433999e+01,-7.549889830074189234e+00,-4.089936747942464201e+00,-7.426036965397387668e+00,-8.120300222332005546e+00
-6.866019116049915993e+00,-1.536634283009427904e+01,-1.097844692489460883e+01,-7.017179578351440128e+00,-6.879587236162705288e+00,-2.742246767878433999e+01,-7.549889830074189234e+00,-4.089936747942464201e+00,-7.426036965397387668e+00,-8.120300222332005546e+00
-6.866019116049915993e+00,-1.536634283009427904e+01,-1.097844692489460883e+01,-7.017179578351440128e+00,-6.879587236162705288e+00,-2.742246767878433999e+01,-7.549889830074189234e+00,-4.089936747942464201e+00,-7.426036965397387668e+00,-8.120300222332005546e+00
-6.866019116049915993e+00,-1.536634283009427904e+01,-1.097844692489460883e+01,-7.017179578351440128e+00,-6.879587236162705288e+00,-2.742246767878433999e+01,-7.549889830074189234e+00,-4.089936747942464201e+00,-7.426036965397387668e+00,-8.120300222332005546e+00
-6.866019116049915993e+00,-1.536634283009427904e+01,-1.097844692489460883e+01,-7.017179578351440128e+00,-6.879587236162705288e+00,-2.742246767878433999e+01,-7.549889830074189234e+00,-4.089936747942464201e+00,-7.426036965397387668e+00,-8.120300222332005546e+00
-6.866019116049915993e+00,-1.536634283009427904e+01,-1.097844692489460883e+01,-7.017179578351440128e+00,-6.879587236162705288e+00,-2.742246767878433999e+01,-7.549889830074189234e+00,-4.089936747942464201e+00,-7.426036965397387668e+00,-8.120300222332005546e+00
-6.866019116049915993e+00,-1.536634283009427904e+01,-1.097844692489460883e+01,-8.215454185465706161e+00,-6.879587236162705288e+00,-2.742246767878433999e+01,-7.549889830074189234e+00,-4.089936747942464201e+00,-7.426036965397387668e+00,-8.120300222332005546e+00
-6.866019116049915993e+00,-1.536634283009427904e+01,-1.494290843766150623e+01,-8.215454185465706161e+00,-6.879587236162705288e+00,-2.742246767878433999e+01,-7.549889830074189234e+00,-4.089936747942464201e+00,-7.426036965397387668e+00,-8.120300222332005546e+00
-6.866019116049915993e+00,-1.536634283009427904e+01,-1.494290843766150623e+01,-8.215454185465706161e+00,-6.879587236162705288e+00,-2.742246767878433999e+01,-7.549889830074189234e+00,-4.089936747942464201e+00,-7.426036965397387668e+00,-8.120300222332005546e+00
-6.866019116049915993e+00,-1.536634283009427904e+01,-1.494290843766150623e+01,-8.215454185465706161e+00,-6.879587236162705288e+00,-2.742246767878433999e+01,-7.549889830074189234e+00,-4.089936747942464201e+00,-7.426036965397387668e+00,-8.120300222332005546e+00
-6.866019116049915993e+00,-1.536634283009427904e+01,-1.494290843766150623e+01,-8.215454185465706161e+00,-6.879587236162705288e+00,-2.742246767878433999e+01,-7.549889830074189234e+00,-4.089936747942464201e+00,-7.426036965397387668e+00,-8.120300222332005546e+00
-6.866019116049915993e+00,-1.536634283009427904e+01,-1.494290843766150623e+01,-8.215454185465706161e+00,-7.720059908874937094e+00,-2.742246767878433999e+01,-7.549889830074189234e+00,-4.089936747942464201e+00,-7.426036965397387668e+00,-8.120300222332005546e+00
-6.904613980498086612e+00,-1.536634283009427904e+01,-1.494290843766150623e+01,-8.215454185465706161e+00,-7.720059908874937094e+00,-2.742246767878433999e+01,-7.549889830074189234e+00,-4.089936747942464201e+00,-7.426036965397387668e+00,-8.120300222332005546e+00
-6.904613980498086612e+00,-1.536634283009427904e+01,-1.494290843766150623e+01,-8.215454185465706161e+00,-7.720059908874937094e+00,-2.742246767878433999e+01,-7.549889830074189234e+00,-4.089936747942464201e+00,-7.426036965397387668e+00,-8.120300222332005546e+00
-7.777514469470159675e+00,-1.536634283009427904e+01,-1.494290843766150623e+01,-8.215454185465706161e+00,-7.720059908874937094e+00,-2.742246767878433999e+01,-7.549889830074189234e+00,-4.089936747942464201e+00,-7.426036965397387668e+00,-8.120300222332005546e+00
-7.777514469470159675e+00,-1.536634283009427904e+01,-1.494290843766150623e+01,-8.215454185465706161e+00,-7.720059908874937094e+00,-2.742246767878433999e+01,-7.549889830074189234e+00,-4.089936747942464201e+00,-7.426036965397387668e+00,-8.120300222332005546e+00
-7.777514469470159675e+00,-1.807513862802762006e+01,-1.494290843766150623e+01,-8.215454185465706161e+00,-8.861688236584582157e+00,-2.742246767878433999e+01,-7.549889830074189234e+00,-4.089936747942464201e+00,-7.426036965397387668e+00,-8.120300222332005546e+00
-7.777514469470159675e+00,-1.807513862802762006e+01,-1.494290843766150623e+01,-8.215454185465706161e+00,-8.861688236584582157e+00,-2.742246767878433999e+01,-7.549889830074189234e+00,-4.089936747942464201e+00,-7.426036965397387668e+00,-8.120300222332005546e+00
-7.777514469470159675e+00,-1.807513862802762006e+01,-1.494290843766150623e+01,-8.215454185465706161e+00,-8.861688236584582157e+00,-2.742246767878433999e+01,-7.549889830074189234e+00,-4.089936747942464201e+00,-7.426036965397387668e+00,-8.120300222332005546e+00
-7.777514469470159675e+00,-1.807513862802762006e+01,-1.494290843766150623e+01,-8.215454185465706161e+00,-8.861688236584582157e+00,-2.742246767878433999e+01,-7.549889830074189234e+00,-4.089936747942464201e+00,-7.426036965397387668e+00,-9.617501006572306110e+00
-7.777514469470159675e+00,-1.807513862802762006e+01,-1.494290843766150623e+01,-8.215454185465706161e+00,-8.861688236584582157e+00,-2.742246767878433999e+01,-7.549889830074189234e+00,-4.089936747942464201e+00,-7.426036965397387668e+00,-9.617501006572306110e+00
-7.777514469470159675e+00,-1.807513862802762006e+01,-1.525175969268229892e+01,-8.215454185465706161e+00,-8.861688236584582157e+00,-2.742246767878433999e+01,-7.549889830074189234e+00,-4.089936747942464201e+00,-7.426036965397387668e+00,-9.617501006572306110e+00
-7.777514469470159675e+00,-1.807513862802762006e+01,-1.525175969268229892e+01,-8.215454185465706161e+00,-8.861688236584582157e+00,-2.742246767878433999e+01,-7.549889830074189234e+00,-4.089936747942464201e+00,-7.426036965397387668e+00,-9.617501006572306110e+00
-7.777514469470159675e+00,-1.807513862802762006e+01,-1.525175969268229892e+01,-8.215454185465706161e+00,-8.861688236584582157e+00,-2.742246767878433999e+01,-7.549889830074189234e+00,-4.089936747942464201e+00,-7.426036965397387668e+00,-9.617501006572306110e+00
-7.777514469470159675e+00,-1.807513862802762006e+01,-1.525175969268229892e+01,-8.215454185465706161e+00,-8.861688236584582157e+00,-2.742246767878433999e+01,-7.549889830074189234e+00,-4.089936747942464201e+00,-7.426036965397387668e+00,-9.617501006572306110e+00
-7.777514469470159675e+00,-1.807513862802762006e+01,-1.525175969268229892e+01,-8.215454185465706161e+00,-8.861688236584582157e+00,-2.742246767878433999e+01,-7.549889830074189234e+00,-4.089936747942464201e+00,-7.426036965397387668e+00,-9.617501006572306110e+00
-7.777514469470159675e+00,-1.807513862802762006e+01,-1.525175969268229892e+01,-8.215454185465706161e+00,-8.861688236584582157e+00,-2.742246767878433999e+01,-7.549889830074189234e+00,-4.089936747942464201e+00,-7.426036965397387668e+00,-9.617501006572306110e+00
-7.777514469470159675e+00,-1.807513862802762006e+01,-1.525175969268229892e+01,-8.215454185465706161e+00,-8.861688236584582157e+00,-2.742246767878433999e+01,-7.549889830074189234e+00,-4.529475243090092640e+00,-7.426036965397387668e+00,-9.617501006572306110e+00
-7.777514469470159675e+00,-1.807513862802762006e+01,-1.525175969268229892e+01,-8.215454185465706161e+00,-8.861688236584582157e+00,-2.742246767878433999e+01,-7.549889830074189234e+00,-4.529475243090092640e+00,-7.426036965397387668e+00,-9.617501006572306110e+00
-7.777514469470159675e+00,-1.807513862802762006e+01,-1.525175969268229892e+01,-8.215454185465706161e+00,-8.861688236584582157e+00,-2.742246767878433999e+01,-7.549889830074189234e+00,-4.529475243090092640e+00,-7.426036965397387668e+00,-9.617501006572306110e+00
-7.777514469470159675e+00,-1.807513862802762006e+01,-1.525175969268229892e+01,-8.215454185465706161e+00,-8.861688236584582157e+00,-2.742246767878433999e+01,-7.549889830074189234e+00,-4.529475243090092640e+00,-7.426036965397387668e+00,-9.617501006572306110e+00
-7.777514469470159675e+00,-1.807513862802762006e+01,-1.525175969268229892e+01,-8.215454185465706161e+00,-8.861688236584582157e+00,-2.742246767878433999e+01,-7.549889830074189234e+00,-4.529475243090092640e+00,-7.426036965397387668e+00,-9.617501006572306110e+00
-7.777514469470159675e+00,-1.807513862802762006e+01,-1.525175969268229892e+01,-8.215454185465706161e+00,-8.861688236584582157e+00,-2.742246767878433999e+01,-7.549889830074189234e+00,-4.529475243090092640e+00,-7.426036965397387668e+00,-9.617501006572306110e+00
-7.777514469470159675e+00,-1.807513862802762006e+01,-1.525175969268229892e+01,-8.215454185465706161e+00,-1.073584388223268071e+01,-2.742246767878433999e+01,-7.549889830074189234e+00,-4.529475243090092640e+00,-7.426036965397387668e+00,-9.617501006572306110e+00
-7.777514469470159675e+00,-1.807513862802762006e+01,-1.525175969268229892e+01,-8.215454185465706161e+00,-1.073584388223268071e+01,-2.742246767878433999e+01,-7.549889830074189234e+00,-4.529475243090092640e+00,-7.426036965397387668e+00,-9.617501006572306110e+00
-7.777514469470159675e+00,-1.807513862802762006e+01,-1.525175969268229892e+01,-8.215454185465706161e+00,-1.393432404783716194e+01,-2.742246767878433999e+01,-7.549889830074189234e+00,-4.529475243090092640e+00,-7.426036965397387668e+00,-9.617501006572306110e+00
-7.777514469470159675e+00,-1.807513862802762006e+01,-1.525175969268229892e+01,-8.215454185465706161e+00,-1.393432404783716194e+01,-2.742246767878433999e+01,-7.549889830074189234e+00,-4.529475243090092640e+00,-7.426036965397387668e+00,-9.617501006572306110e+00
-7.777514469470159675e+00,-1.807513862802762006e+01,-1.525175969268229892e+01,-8.215454185465706161e+00,-1.393432404783716194e+01,-2.742246767878433999e+01,-7.549889830074189234e+00,-4.529475243090092640e+00,-7.426036965397387668e+00,-9.617501006572306110e+00
-7.777514469470159675e+00,-1.807513862802762006e+01,-1.525175969268229892e+01,-8.215454185465706161e+00,-1.393432404783716194e+01,-2.742246767878433999e+01,-7.549889830074189234e+00,-4.529475243090092640e+00,-7.426036965397387668e+00,-9.617501006572306110e+00
-7.777514469470159675e+00,-1.807513862802762006e+01,-1.525175969268229892e+01,-8.215454185465706161e+00,-1.393432404783716194e+01,-2.742246767878433999e+01,-7.549889830074189234e+00,-4.529475243090092640e+00,-7.426036965397387668e+00,-9.617501006572306110e+00
-7.777514469470159675e+00,-1.807513862802762006e+01,-1.525175969268229892e+01,-8.215454185465706161e+00,-1.393432404783716194e+01,-2.742246767878433999e+01,-7.549889830074189234e+00,-4.529475243090092640e+00,-7.426036965397387668e+00,-9.617501006572306110e+00
-7.777514469470159675e+00,-1.807513862802762006e+01,-1.525175969268229892e+01,-8.215454185465706161e+00,-1.393432404783716194e+01,-2.742246767878433999e+01,-7.549889830074189234e+00,-4.529475243090092640e+00,-7.426036965397387668e+00,-9.617501006572306110e+00
-7.777514469470159675e+00,-1.807513862802762006e+01,-1.525175969268229892e+01,-8.215454185465706161e+00,-1.393432404783716194e+01,-2.742246767878433999e+01,-7.549889830074189234e+00,-4.529475243090092640e+00,-7.426036965397387668e+00,-1.032745715959973509e+01
-7.777514469470159675e+00,-1.807513862802762006e+01,-1.525175969268229892e+01,-8.215454185465706161e+00,-1.393432404783716194e+01,-2.742246767878433999e+01,-7.549889830074189234e+00,-4.529475243090092640e+00,-7.426036965397387668e+00,-1.032745715959973509e+01
-7.777514469470159675e+00,-1.807513862802762006e+01,-1.525175969268229892e+01,-8.215454185465706161e+00,-1.393432404783716194e+01,-2.742246767878433999e+01,-7.549889830074189234e+00,-4.529475243090092640e+00,-7.426036965397387668e+00,-1.032745715959973509e+01
-8.008742774861532965e+00,-1.807513862802762006e+01,-1.525175969268229892e+01,-8.215454185465706161e+00,-1.393432404783716194e+01,-2.742246767878433999e+01,-7.549889830074189234e+00,-4.529475243090092640e+00,-7.426036965397387668e+00,-1.032745715959973509e+01
-8.008742774861532965e+00,-1.807513862802762006e+01,-1.525175969268229892e+01,-8.215454185465706161e+00,-1.393432404783716194e+01,-2.742246767878433999e+01,-7.549889830074189234e+00,-4.529475243090092640e+00,-7.426036965397387668e+00,-1.032745715959973509e+01
-8.008742774861532965e+00,-1.807513862802762006e+01,-1.525175969268229892e+01,-8.215454185465706161e+00,-1.393432404783716194e+01,-2.742246767878433999e+01,-7.549889830074189234e+00,-4.529475243090092640e+00,-7.426036965397387668e+00,-1.032745715959973509e+01
-8.008742774861532965e+00,-1.807513862802762006e+01,-1.525175969268229892e+01,-8.215454185465706161e+00,-1.393432404783716194e+01,-2.742246767878433999e+01,-7.549889830074189234e+00,-4.529475243090092640e+00,-7.426036965397387668e+00,-1.032745715959973509e+01
-8.008742774861532965e+00,-1.807513862802762006e+01,-1.525175969268229892e+01,-8.215454185465706161e+00,-1.393432404783716194e+01,-2.742246767878433999e+01,-7.549889830074189234e+00,-4.529475243090092640e+00,-7.426036965397387668e+00,-1.032745715959973509e+01
-8.008742774861532965e+00,-1.807513862802762006e+01,-1.525175969268229892e+01,-8.215454185465706161e+00,-1.393432404783716194e+01,-2.742246767878433999e+01,-7.549889830074189234e+00,-4.529475243090092640e+00,-7.426036965397387668e+00,-1.032745715959973509e+01
-8.008742774861532965e+00,-1.807513862802762006e+01,-1.525175969268229892e+01,-8.215454185465706161e+00,-1.393432404783716194e+01,-2.742246767878433999e+01,-7.549889830074189234e+00,-4.529475243090092640e+00,-7.426036965397387668e+00,-1.032745715959973509e+01
-8.008742774861532965e+00,-1.807513862802762006e+01,-1.525175969268229892e+01,-8.215454185465706161e+00,-1.393432404783716194e+01,-2.742246767878433999e+01,-7.549889830074189234e+00,-4.529475243090092640e+00,-7.426036965397387668e+00,-1.032745715959973509e+01
-8.008742774861532965e+00,-1.807513862802762006e+01,-1.525175969268229892e+01,-8.215454185465706161e+00,-1.393432404783716194e+01,-2.742246767878433999e+01,-7.549889830074189234e+00,-4.529475243090092640e+00,-7.426036965397387668e+00,-1.032745715959973509e+01
-8.008742774861532965e+00,-1.807513862802762006e+01,-1.525175969268229892e+01,-8.215454185465706161e+00,-1.393432404783716194e+01,-2.742246767878433999e+01,-7.549889830074189234e+00,-4.529475243090092640e+00,-7.426036965397387668e+00,-1.032745715959973509e+01
-8.008742774861532965e+00,-1.807513862802762006e+01,-1.525175969268229892e+01,-8.215454185465706161e+00,-1.393432404783716194e+01,-2.742246767878433999e+01,-7.549889830074189234e+00,-4.529475243090092640e+00,-7.426036965397387668e+00,-1.032745715959973509e+01
-8.008742774861532965e+00,-1.807513862802762006e+01,-1.525175969268229892e+01,-8.215454185465706161e+00,-1.393432404783716194e+01,-2.742246767878433999e+01,-7.549889830074189234e+00,-4.529475243090092640e+00,-7.426036965397387668e+00,-1.032745715959973509e+01
-8.008742774861532965e+00,-1.807513862802762006e+01,-1.525175969268229892e+01,-8.215454185465706161e+00,-1.393432404783716194e+01,-2.742246767878433999e+01,-7.549889830074189234e+00,-4.529475243090092640e+00,-7.426036965397387668e+00,-1.032745715959973509e+01
-8.008742774861532965e+00,-1.807513862802762006e+01,-1.525175969268229892e+01,-8.215454185465706161e+00,-1.393432404783716194e+01,-2.742246767878433999e+01,-7.549889830074189234e+00,-4.529475243090092640e+00,-7.426036965397387668e+00,-1.032745715959973509e+01
-8.008742774861532965e+00,-1.807513862802762006e+01,-1.525175969268229892e+01,-8.215454185465706161e+00,-1.393432404783716194e+01,-2.742246767878433999e+01,-7.549889830074189234e+00,-4.529475243090092640e+00,-7.426036965397387668e+00,-1.032745715959973509e+01
-8.008742774861532965e+00,-1.807513862802762006e+01,-1.525175969268229892e+01,-8.215454185465706161e+00,-1.393432404783716194e+01,-2.742246767878433999e+01,-7.549889830074189234e+00,-4.529475243090092640e+00,-7.426036965397387668e+00,-1.032745715959973509e+01
-8.008742774861532965e+00,-1.807513862802762006e+01,-1.525175969268229892e+01,-8.215454185465706161e+00,-1.393432404783716194e+01,-2.742246767878433999e+01,-7.549889830074189234e+00,-4.529475243090092640e+00,-7.426036965397387668e+00,-1.032745715959973509e+01
-8.008742774861532965e+00,-1.807513862802762006e+01,-1.525175969268229892e+01,-8.215454185465706161e+00,-1.393432404783716194e+01,-2.742246767878433999e+01,-7.549889830074189234e+00,-4.529475243090092640e+00,-7.426036965397387668e+00,-1.032745715959973509e+01
-8.008742774861532965e+00,-1.807513862802762006e+01,-1.525175969268229892e+01,-8.215454185465706161e+00,-1.393432404783716194e+01,-2.742246767878433999e+01,-7.549889830074189234e+00,-4.529475243090092640e+00,-7.426036965397387668e+00,-1.032745715959973509e+01
-8.008742774861532965e+00,-1.807513862802762006e+01,-1.525175969268229892e+01,-8.215454185465706161e+00,-1.393432404783716194e+01,-2.742246767878433999e+01,-7.549889830074189234e+00,-5.786282527783487950e+00,-7.426036965397387668e+00,-1.032745715959973509e+01
-8.008742774861532965e+00,-1.807513862802762006e+01,-1.525175969268229892e+01,-8.215454185465706161e+00,-1.393432404783716194e+01,-2.742246767878433999e+01,-7.549889830074189234e+00,-5.786282527783487950e+00,-7.426036965397387668e+00,-1.032745715959973509e+01
-8.008742774861532965e+00,-1.807513862802762006e+01,-1.525175969268229892e+01,-8.215454185465706161e+00,-1.393432404783716194e+01,-2.742246767878433999e+01,-7.549889830074189234e+00,-5.786282527783487950e+00,-7.426036965397387668e+00,-1.032745715959973509e+01
-8.008742774861532965e+00,-1.807513862802762006e+01,-1.525175969268229892e+01,-8.365835708192008724e+00,-1.393432404783716194e+01,-2.742246767878433999e+01,-7.549889830074189234e+00,-5.786282527783487950e+00,-7.426036965397387668e+00,-1.032745715959973509e+01
-8.008742774861532965e+00,-1.807513862802762006e+01,-1.525175969268229892e+01,-8.365835708192008724e+00,-1.393432404783716194e+01,-2.742246767878433999e+01,-7.549889830074189234e+00,-5.786282527783487950e+00,-7.426036965397387668e+00,-1.032745715959973509e+01
-8.008742774861532965e+00,-1.807513862802762006e+01,-1.718800648976933232e+01,-8.365835708192008724e+00,-1.393432404783716194e+01,-2.742246767878433999e+01,-7.549889830074189234e+00,-5.786282527783487950e+00,-7.426036965397387668e+00,-1.032745715959973509e+01
-8.008742774861532965e+00,-1.807513862802762006e+01,-1.718800648976933232e+01,-8.365835708192008724e+00,-1.393432404783716194e+01,-2.742246767878433999e+01,-7.549889830074189234e+00,-5.786282527783487950e+00,-7.426036965397387668e+00,-1.032745715959973509e+01
-8.008742774861532965e+00,-1.807513862802762006e+01,-1.718800648976933232e+01,-8.365835708192008724e+00,-1.393432404783716194e+01,-2.742246767878433999e+01,-7.549889830074189234e+00,-5.786282527783487950e+00,-7.426036965397387668e+00,-1.032745715959973509e+01
-8.008742774861532965e+00,-1.807513862802762006e+01,-1.718800648976933232e+01,-8.365835708192008724e+00,-1.393432404783716194e+01,-2.742246767878433999e+01,-7.549889830074189234e+00,-5.786282527783487950e+00,-7.426036965397387668e+00,-1.032745715959973509e+01
-8.008742774861532965e+00,-1.807513862802762006e+01,-1.718800648976933232e+01,-8.365835708192008724e+00,-1.393432404783716194e+01,-2.742246767878433999e+01,-7.549889830074189234e+00,-5.786282527783487950e+00,-7.426036965397387668e+00,-1.032745715959973509e+01
-8.008742774861532965e+00,-1.807513862802762006e+01,-1.718800648976933232e+01,-8.365835708192008724e+00,-1.393432404783716194e+01,-2.742246767878433999e+01,-7.549889830074189234e+00,-5.786282527783487950e+00,-7.426036965397387668e+00,-1.032745715959973509e+01
-8.008742774861532965e+00,-1.807513862802762006e+01,-1.718800648976933232e+01,-8.617068565803037927e+00,-1.393432404783716194e+01,-2.742246767878433999e+01,-7.549889830074189234e+00,-5.786282527783487950e+00,-7.426036965397387668e+00,-1.032745715959973509e+01
-8.008742774861532965e+00,-1.807513862802762006e+01,-1.718800648976933232e+01,-8.617068565803037927e+00,-1.393432404783716194e+01,-2.742246767878433999e+01,-7.549889830074189234e+00,-5.786282527783487950e+00,-7.426036965397387668e+00,-1.032745715959973509e+01
-8.008742774861532965e+00,-1.807513862802762006e+01,-1.718800648976933232e+01,-8.617068565803037927e+00,-1.393432404783716194e+01,-2.742246767878433999e+01,-7.549889830074189234e+00,-5.786282527783487950e+00,-7.426036965397387668e+00,-1.032745715959973509e+01
-8.008742774861532965e+00,-1.807513862802762006e+01,-1.718800648976933232e+01,-8.617068565803037927e+00,-1.393432404783716194e+01,-2.742246767878433999e+01,-7.549889830074189234e+00,-5.786282527783487950e+00,-7.426036965397387668e+00,-1.032745715959973509e+01
-8.008742774861532965e+00,-1.807513862802762006e+01,-1.718800648976933232e+01,-8.617068565803037927e+00,-1.393432404783716194e+01,-2.742246767878433999e+01,-7.549889830074189234e+00,-5.786282527783487950e+00,-7.426036965397387668e+00,-1.032745715959973509e+01
-8.008742774861532965e+00,-1.807513862802762006e+01,-1.718800648976933232e+01,-8.617068565803037927e+00,-1.393432404783716194e+01,-2.742246767878433999e+01,-7.549889830074189234e+00,-5.786282527783487950e+00,-7.426036965397387668e+00,-1.032745715959973509e+01
-8.008742774861532965e+00,-1.807513862802762006e+01,-1.718800648976933232e+01,-8.617068565803037927e+00,-1.393432404783716194e+01,-2.742246767878433999e+01,-7.549889830074189234e+00,-5.786282527783487950e+00,-7.426036965397387668e+00,-1.032745715959973509e+01
-8.008742774861532965e+00,-1.807513862802762006e+01,-1.718800648976933232e+01,-8.617068565803037927e+00,-1.393432404783716194e+01,-2.742246767878433999e+01,-7.549889830074189234e+00,-5.786282527783487950e+00,-7.426036965397387668e+00,-1.032745715959973509e+01
-8.008742774861532965e+00,-1.807513862802762006e+01,-1.723084644741983240e+01,-8.617068565803037927e+00,-1.393432404783716194e+01,-2.742246767878433999e+01,-7.549889830074189234e+00,-5.786282527783487950e+00,-7.426036965397387668e+00,-1.162307878977546416e+01
-8.008742774861532965e+00,-1.807513862802762006e+01,-1.723084644741983240e+01,-8.617068565803037927e+00,-1.393432404783716194e+01,-2.742246767878433999e+01,-7.549889830074189234e+00,-5.786282527783487950e+00,-7.426036965397387668e+00,-1.162307878977546416e+01
-8.008742774861532965e+00,-1.807513862802762006e+01,-1.723084644741983240e+01,-8.617068565803037927e+00,-1.393432404783716194e+01,-2.742246767878433999e+01,-7.549889830074189234e+00,-5.786282527783487950e+00,-7.426036965397387668e+00,-1.162307878977546416e+01
-8.008742774861532965e+00,-1.807513862802762006e+01,-1.723084644741983240e+01,-8.617068565803037927e+00,-1.393432404783716194e+01,-2.742246767878433999e+01,-7.549889830074189234e+00,-5.786282527783487950e+00,-7.426036965397387668e+00,-1.162307878977546416e+01
-8.008742774861532965e+00,-1.807513862802762006e+01,-1.723084644741983240e+01,-8.617068565803037927e+00,-1.393432404783716194e+01,-2.742246767878433999e+01,-7.549889830074189234e+00,-5.786282527783487950e+00,-7.426036965397387668e+00,-1.162307878977546416e+01
-8.008742774861532965e+00,-1.807513862802762006e+01,-1.807005289714925667e+01,-8.617068565803037927e+00,-1.393432404783716194e+01,-2.742246767878433999e+01,-7.549889830074189234e+00,-5.786282527783487950e+00,-7.426036965397387668e+00,-1.162307878977546416e+01
-8.008742774861532965e+00,-1.807513862802762006e+01,-1.893463513097620421e+01,-8.617068565803037927e+00,-1.393432404783716194e+01,-2.742246767878433999e+01,-7.549889830074189234e+00,-5.786282527783487950e+00,-7.426036965397387668e+00,-1.162307878977546416e+01
-8.008742774861532965e+00,-1.891895132758740772e+01,-1.893463513097620421e+01,-8.617068565803037927e+00,-1.393432404783716194e+01,-2.742246767878433999e+01,-7.549889830074189234e+00,-5.786282527783487950e+00,-7.426036965397387668e+00,-1.162307878977546416e+01
-8.008742774861532965e+00,-1.891895132758740772e+01,-1.893463513097620421e+01,-8.617068565803037927e+00,-1.393432404783716194e+01,-2.742246767878433999e+01,-7.549889830074189234e+00,-5.786282527783487950e+00,-7.572175337659997396e+00,-1.162307878977546416e+01
-8.008742774861532965e+00,-1.891895132758740772e+01,-1.893463513097620421e+01,-8.617068565803037927e+00,-1.393432404783716194e+01,-2.742246767878433999e+01,-7.549889830074189234e+00,-5.786282527783487950e+00,-7.572175337659997396e+00,-1.162307878977546416e+01
-8.008742774861532965e+00,-1.891895132758740772e+01,-1.893463513097620421e+01,-8.617068565803037927e+00,-1.393432404783716194e+01,-2.742246767878433999e+01,-7.549889830074189234e+00,-5.786282527783487950e+00,-7.572175337659997396e+00,-1.162307878977546416e+01
-8.008742774861532965e+00,-1.891895132758740772e+01,-1.893463513097620421e+01,-8.617068565803037927e+00,-1.393432404783716194e+01,-2.742246767878433999e+01,-7.549889830074189234e+00,-5.786282527783487950e+00,-7.572175337659997396e+00,-1.162307878977546416e+01
-8.008742774861532965e+00,-1.891895132758740772e+01,-1.893463513097620421e+01,-8.617068565803037927e+00,-1.393432404783716194e+01,-2.742246767878433999e+01,-7.549889830074189234e+00,-5.786282527783487950e+00,-7.572175337659997396e+00,-1.162307878977546416e+01
-8.008742774861532965e+00,-1.891895132758740772e+01,-1.893463513097620421e+01,-8.617068565803037927e+00,-1.393432404783716194e+01,-2.742246767878433999e+01,-7.549889830074189234e+00,-5.786282527783487950e+00,-7.572175337659997396e+00,-1.162307878977546416e+01
-8.008742774861532965e+00,-1.891895132758740772e+01,-2.036253322159146251e+01,-8.617068565803037927e+00,-1.393432404783716194e+01,-2.742246767878433999e+01,-7.549889830074189234e+00,-5.786282527783487950e+00,-7.572175337659997396e+00,-1.162307878977546416e+01
-8.008742774861532965e+00,-1.891895132758740772e+01,-2.036253322159146251e+01,-8.617068565803037927e+00,-1.393432404783716194e+01,-2.742246767878433999e+01,-7.549889830074189234e+00,-5.786282527783487950e+00,-7.572175337659997396e+00,-1.162307878977546416e+01
-8.008742774861532965e+00,-1.891895132758740772e+01,-2.036253322159146251e+01,-8.617068565803037927e+00,-1.393432404783716194e+01,-2.742246767878433999e+01,-7.549889830074189234e+00,-5.786282527783487950e+00,-7.572175337659997396e+00,-1.162307878977546416e+01
-8.008742774861532965e+00,-1.891895132758740772e+01,-2.036253322159146251e+01,-8.617068565803037927e+00,-1.393432404783716194e+01,-2.742246767878433999e+01,-7.549889830074189234e+00,-5.786282527783487950e+00,-7.572175337659997396e+00,-1.162307878977546416e+01
-8.008742774861532965e+00,-1.891895132758740772e+01,-2.036253322159146251e+01,-8.617068565803037927e+00,-1.393432404783716194e+01,-2.742246767878433999e+01,-7.549889830074189234e+00,-5.786282527783487950e+00,-7.572175337659997396e+00,-1.162307878977546416e+01
-8.008742774861532965e+00,-1.891895132758740772e+01,-2.036253322159146251e+01,-8.617068565803037927e+00,-1.393432404783716194e+01,-2.742246767878433999e+01,-7.549889830074189234e+00,-5.786282527783487950e+00,-7.572175337659997396e+00,-1.162307878977546416e+01
-8.008742774861532965e+00,-1.891895132758740772e+01,-2.036253322159146251e+01,-8.617068565803037927e+00,-1.393432404783716194e+01,-2.742246767878433999e+01,-7.549889830074189234e+00,-5.786282527783487950e+00,-7.572175337659997396e+00,-1.162307878977546416e+01
-8.008742774861532965e+00,-1.891895132758740772e+01,-2.036253322159146251e+01,-8.617068565803037927e+00,-1.393432404783716194e+01,-2.742246767878433999e+01,-7.549889830074189234e+00,-5.786282527783487950e+00,-7.572175337659997396e+00,-1.162307878977546416e+01
-8.008742774861532965e+00,-1.891895132758740772e+01,-2.036253322159146251e+01,-8.617068565803037927e+00,-1.393432404783716194e+01,-2.742246767878433999e+01,-7.549889830074189234e+00,-5.786282527783487950e+00,-7.572175337659997396e+00,-1.162307878977546416e+01
-8.008742774861532965e+00,-1.891895132758740772e+01,-2.036253322159146251e+01,-1.035945437123165647e+01,-1.393432404783716194e+01,-2.742246767878433999e+01,-7.549889830074189234e+00,-5.786282527783487950e+00,-7.572175337659997396e+00,-1.162307878977546416e+01
-8.008742774861532965e+00,-1.891895132758740772e+01,-2.036253322159146251e+01,-1.339818883502189450e+01,-1.393432404783716194e+01,-2.742246767878433999e+01,-7.549889830074189234e+00,-5.786282527783487950e+00,-7.572175337659997396e+00,-1.162307878977546416e+01
-8.008742774861532965e+00,-1.891895132758740772e+01,-2.036253322159146251e+01,-1.339818883502189450e+01,-1.393432404783716194e+01,-2.742246767878433999e+01,-7.549889830074189234e+00,-5.786282527783487950e+00,-7.572175337659997396e+00,-1.162307878977546416e+01
-8.008742774861532965e+00,-1.891895132758740772e+01,-2.036253322159146251e+01,-1.339818883502189450e+01,-1.393432404783716194e+01,-2.742246767878433999e+01,-7.549889830074189234e+00,-5.786282527783487950e+00,-7.572175337659997396e+00,-1.162307878977546416e+01
-8.008742774861532965e+00,-1.891895132758740772e+01,-2.036253322159146251e+01,-1.339818883502189450e+01,-1.393432404783716194e+01,-2.742246767878433999e+01,-7.549889830074189234e+00,-5.786282527783487950e+00,-7.572175337659997396e+00,-1.162307878977546416e+01
-8.008742774861532965e+00,-1.891895132758740772e+01,-2.036253322159146251e+01,-1.339818883502189450e+01,-1.393432404783716194e+01,-2.742246767878433999e+01,-7.549889830074189234e+00,-5.786282527783487950e+00,-7.572175337659997396e+00,-1.162307878977546416e+01
-8.008742774861532965e+00,-1.891895132758740772e+01,-2.105010168143088478e+01,-1.339818883502189450e+01,-1.393432404783716194e+01,-2.742246767878433999e+01,-7.549889830074189234e+00,-5.786282527783487950e+00,-7.572175337659997396e+00,-1.162307878977546416e+01
-8.008742774861532965e+00,-1.891895132758740772e+01,-2.105010168143088478e+01,-1.339818883502189450e+01,-1.393432404783716194e+01,-2.742246767878433999e+01,-7.549889830074189234e+00,-5.786282527783487950e+00,-7.572175337659997396e+00,-1.162307878977546416e+01
-8.008742774861532965e+00,-1.891895132758740772e+01,-2.105010168143088478e+01,-1.339818883502189450e+01,-1.393432404783716194e+01,-2.742246767878433999e+01,-7.549889830074189234e+00,-5.786282527783487950e+00,-7.572175337659997396e+00,-1.162307878977546416e+01
-8.008742774861532965e+00,-1.891895132758740772e+01,-2.105010168143088478e+01,-1.339818883502189450e+01,-1.393432404783716194e+01,-2.742246767878433999e+01,-7.549889830074189234e+00,-5.786282527783487950e+00,-7.572175337659997396e+00,-1.162307878977546416e+01
