5.725202749164063576e+00,-1.401676383628462830e+01,-2.369934026102564317e+00,8.526826460948129238e-01,4.487316713554989178e+00,1.767886093213765664e+00,-5.251784941803008699e+00,-9.187389405577796708e+00,-2.975490996612419003e+00,1.573026456927851591e+00
-2.123970950600783780e+00,-1.401676383628462830e+01,-2.369934026102564317e+00,8.526826460948129238e-01,-1.388845933533771504e+00,7.379481932292099033e-01,-6.600893848581122825e+00,-9.187389405577796708e+00,-2.975490996612419003e+00,1.573026456927851591e+00
-2.123970950600783780e+00,-1.401676383628462830e+01,-2.369934026102564317e+00,8.526826460948129238e-01,-1.388845933533771504e+00,-2.359971608795703890e+00,-6.600893848581122825e+00,-9.187389405577796708e+00,-2.975490996612419003e+00,1.573026456927851591e+00
-2.123970950600783780e+00,-1.401676383628462830e+01,-2.369934026102564317e+00,7.917464652126298130e-01,-1.388845933533771504e+00,-2.359971608795703890e+00,-6.600893848581122825e+00,-9.187389405577796708e+00,-2.975490996612419003e+00,1.177770023848391912e+00
-2.123970950600783780e+00,-1.401676383628462830e+01,-2.369934026102564317e+00,7.917464652126298130e-01,-1.388845933533771504e+00,-2.359971608795703890e+00,-6.600893848581122825e+00,-9.187389405577796708e+00,-8.028620584558144202e+00,-1.349250695683816836e-01
-2.123970950600783780e+00,-1.401676383628462830e+01,-2.369934026102564317e+00,-1.745576468596135911e+00,-1.388845933533771504e+00,-2.359971608795703890e+00,-6.600893848581122825e+00,-9.187389405577796708e+00,-8.028620584558144202e+00,-3.063515892657864281e-01
-2.123970950600783780e+00,-1.401676383628462830e+01,-2.369934026102564317e+00,-1.745576468596135911e+00,-1.388845933533771504e+00,-2.912066847292852145e+00,-6.781458643832475985e+00,-9.187389405577796708e+00,-8.028620584558144202e+00,-3.063515892657864281e-01
-2.684691252413108131e+00,-1.401676383628462830e+01,-2.369934026102564317e+00,-1.745576468596135911e+00,-1.388845933533771504e+00,-2.912066847292852145e+00,-7.909548175494120592e+00,-9.187389405577796708e+00,-8.028620584558144202e+00,-3.063515892657864281e-01
-2.684691252413108131e+00,-1.401676383628462830e+01,-2.875464547745978372e+00,-1.745576468596135911e+00,-4.663775791243240931e+00,-2.912066847292852145e+00,-7.909548175494120592e+00,-9.187389405577796708e+00,-8.028620584558144202e+00,-3.063515892657864281e-01
-2.684691252413108131e+00,-1.401676383628462830e+01,-3.619639689256612058e+00,-1.745576468596135911e+00,-4.663775791243240931e+00,-2.912066847292852145e+00,-7.909548175494120592e+00,-9.187389405577796708e+00,-1.116323955543468216e+01,-3.506380106597636326e-01
-2.684691252413108131e+00,-1.401676383628462830e+01,-3.619639689256612058e+00,-1.745576468596135911e+00,-4.663775791243240931e+00,-2.912066847292852145e+00,-7.909548175494120592e+00,-9.187389405577796708e+00,-1.116323955543468216e+01,-3.506380106597636326e-01
-2.684691252413108131e+00,-1.401676383628462830e+01,-3.619639689256612058e+00,-1.745576468596135911e+00,-4.663775791243240931e+00,-2.912066847292852145e+00,-7.909548175494120592e+00,-9.227012052808566622e+00,-1.116323955543468216e+01,-3.506380106597636326e-01
-2.684691252413108131e+00,-1.401676383628462830e+01,-3.619639689256612058e+00,-1.745576468596135911e+00,-4.663775791243240931e+00,-2.912066847292852145e+00,-7.909548175494120592e+00,-9.227012052808566622e+00,-1.116323955543468216e+01,-4.554173706773406161e-01
-2.684691252413108131e+00,-1.401676383628462830e+01,-3.619639689256612058e+00,-1.745576468596135911e+00,-6.849818602757060226e+00,-2.912066847292852145e+00,-7.909548175494120592e+00,-9.227012052808566622e+00,-1.116323955543468216e+01,-4.554173706773406161e-01
-2.684691252413108131e+00,-1.401676383628462830e+01,-3.619639689256612058e+00,-1.745576468596135911e+00,-6.849818602757060226e+00,-2.912066847292852145e+00,-7.909548175494120592e+00,-9.227012052808566622e+00,-1.116323955543468216e+01,-4.554173706773406161e-01
-2.684691252413108131e+00,-1.401676383628462830e+01,-4.639828920107444965e+00,-1.745576468596135911e+00,-6.849818602757060226e+00,-3.545280429748223217e+00,-7.909548175494120592e+00,-9.242414751052251631e+00,-1.116323955543468216e+01,-4.554173706773406161e-01
-2.684691252413108131e+00,-1.401676383628462830e+01,-4.639828920107444965e+00,-1.745576468596135911e+00,-6.849818602757060226e+00,-3.545280429748223217e+00,-7.909548175494120592e+00,-9.242414751052251631e+00,-1.116323955543468216e+01,-4.554173706773406161e-01
-2.684691252413108131e+00,-1.503116027103594909e+01,-4.639828920107444965e+00,-1.745576468596135911e+00,-7.238857508801700646e+00,-3.545280429748223217e+00,-7.909548175494120592e+00,-9.242414751052251631e+00,-1.116323955543468216e+01,-4.554173706773406161e-01
-2.684691252413108131e+00,-1.503116027103594909e+01,-4.639828920107444965e+00,-1.745576468596135911e+00,-7.238857508801700646e+00,-3.545280429748223217e+00,-7.909548175494120592e+00,-9.242414751052251631e+00,-1.116323955543468216e+01,-4.554173706773406161e-01
-2.684691252413108131e+00,-1.503116027103594909e+01,-5.758765407622207455e+00,-1.745576468596135911e+00,-7.238857508801700646e+00,-3.545280429748223217e+00,-1.604179833878037442e+01,-9.242414751052251631e+00,-1.116323955543468216e+01,-4.554173706773406161e-01
-2.684691252413108131e+00,-1.503116027103594909e+01,-5.758765407622207455e+00,-1.745576468596135911e+00,-7.238857508801700646e+00,-4.634562242899306739e+00,-1.784409802714521120e+01,-9.242414751052251631e+00,-1.116323955543468216e+01,-1.059075196164794175e+00
-2.684691252413108131e+00,-1.742995138813766332e+01,-5.758765407622207455e+00,-1.745576468596135911e+00,-1.026992791065567801e+01,-6.345266484852798428e+00,-1.838895898639054849e+01,-9.242414751052251631e+00,-1.116323955543468216e+01,-1.059075196164794175e+00
-2.684691252413108131e+00,-1.742995138813766332e+01,-5.758765407622207455e+00,-1.745576468596135911e+00,-1.026992791065567801e+01,-6.345266484852798428e+00,-1.838895898639054849e+01,-1.148371747421382949e+01,-1.116323955543468216e+01,-1.059075196164794175e+00
-2.684691252413108131e+00,-1.742995138813766332e+01,-5.758765407622207455e+00,-1.745576468596135911e+00,-1.026992791065567801e+01,-6.345266484852798428e+00,-1.838895898639054849e+01,-1.148371747421382949e+01,-1.116323955543468216e+01,-1.059075196164794175e+00
-2.684691252413108131e+00,-1.742995138813766332e+01,-5.758765407622207455e+00,-1.745576468596135911e+00,-1.026992791065567801e+01,-6.345266484852798428e+00,-1.838895898639054849e+01,-1.210249416690464663e+01,-1.116323955543468216e+01,-1.059075196164794175e+00
-2.684691252413108131e+00,-1.742995138813766332e+01,-5.758765407622207455e+00,-1.745576468596135911e+00,-1.026992791065567801e+01,-6.345266484852798428e+00,-2.032370112865128675e+01,-1.210249416690464663e+01,-1.116323955543468216e+01,-1.059075196164794175e+00
-2.684691252413108131e+00,-1.742995138813766332e+01,-7.136354949556442229e+00,-1.745576468596135911e+00,-1.026992791065567801e+01,-1.086139134773042869e+01,-2.032370112865128675e+01,-1.310348822606142782e+01,-1.116323955543468216e+01,-6.948532941778363892e+00
-2.684691252413108131e+00,-1.742995138813766332e+01,-7.136354949556442229e+00,-1.745576468596135911e+00,-1.026992791065567801e+01,-1.086139134773042869e+01,-2.032370112865128675e+01,-1.348712690684314452e+01,-1.116323955543468216e+01,-6.948532941778363892e+00
-2.684691252413108131e+00,-1.742995138813766332e+01,-7.190579004861131551e+00,-1.745576468596135911e+00,-1.026992791065567801e+01,-1.086139134773042869e+01,-2.045751845476812747e+01,-1.377500647319245353e+01,-1.116323955543468216e+01,-8.054006466067885839e+00
-2.684691252413108131e+00,-1.742995138813766332e+01,-7.190579004861131551e+00,-1.745576468596135911e+00,-1.026992791065567801e+01,-1.438827323134141345e+01,-2.178529054981810731e+01,-1.377500647319245353e+01,-1.116323955543468216e+01,-8.054006466067885839e+00
-2.684691252413108131e+00,-1.742995138813766332e+01,-7.190579004861131551e+00,-1.745576468596135911e+00,-1.026992791065567801e+01,-1.438827323134141345e+01,-2.178529054981810731e+01,-1.377500647319245353e+01,-1.116323955543468216e+01,-8.054006466067885839e+00
-2.684691252413108131e+00,-1.742995138813766332e+01,-7.190579004861131551e+00,-1.745576468596135911e+00,-1.026992791065567801e+01,-1.943040546489522313e+01,-2.178529054981810731e+01,-1.377500647319245353e+01,-1.116323955543468216e+01,-9.821018003446436495e+00
-2.684691252413108131e+00,-1.745075155729524496e+01,-7.505797387762744854e+00,-1.745576468596135911e+00,-1.026992791065567801e+01,-1.943040546489522313e+01,-2.183039422862618650e+01,-1.377500647319245353e+01,-1.116323955543468216e+01,-1.386063732392922176e+01
-2.684691252413108131e+00,-1.745075155729524496e+01,-7.505797387762744854e+00,-1.745576468596135911e+00,-1.026992791065567801e+01,-1.943040546489522313e+01,-2.183039422862618650e+01,-1.472591830749936825e+01,-1.116323955543468216e+01,-1.386063732392922176e+01
-2.684691252413108131e+00,-1.745075155729524496e+01,-8.049566587881043844e+00,-1.745576468596135911e+00,-1.026992791065567801e+01,-1.943040546489522313e+01,-2.362002870035676239e+01,-1.631833833195430117e+01,-1.116323955543468216e+01,-1.386063732392922176e+01
-2.684691252413108131e+00,-1.745075155729524496e+01,-8.049566587881043844e+00,-4.778582155733942294e+00,-1.026992791065567801e+01,-1.943040546489522313e+01,-2.362002870035676239e+01,-1.631833833195430117e+01,-1.116323955543468216e+01,-1.386063732392922176e+01
-2.684691252413108131e+00,-1.745075155729524496e+01,-8.049566587881043844e+00,-4.778582155733942294e+00,-1.026992791065567801e+01,-1.943040546489522313e+01,-2.408186978453579741e+01,-1.631833833195430117e+01,-1.116323955543468216e+01,-1.386063732392922176e+01
-2.684691252413108131e+00,-1.745075155729524496e+01,-8.049566587881043844e+00,-4.778582155733942294e+00,-1.026992791065567801e+01,-1.943040546489522313e+01,-2.408186978453579741e+01,-1.631833833195430117e+01,-1.116323955543468216e+01,-1.386063732392922176e+01
-2.684691252413108131e+00,-1.745075155729524496e+01,-8.764859997094767152e+00,-5.846393272310356437e+00,-1.026992791065567801e+01,-1.943040546489522313e+01,-2.408186978453579741e+01,-1.631833833195430117e+01,-1.116323955543468216e+01,-1.386063732392922176e+01
-2.684691252413108131e+00,-1.745075155729524496e+01,-8.818144528623268030e+00,-5.846393272310356437e+00,-1.026992791065567801e+01,-1.943040546489522313e+01,-2.408186978453579741e+01,-1.631833833195430117e+01,-1.116323955543468216e+01,-1.386063732392922176e+01
-2.684691252413108131e+00,-1.745075155729524496e+01,-1.084865813084631903e+01,-5.846393272310356437e+00,-1.026992791065567801e+01,-1.943040546489522313e+01,-2.546129177276299771e+01,-1.631833833195430117e+01,-1.116323955543468216e+01,-1.386063732392922176e+01
-2.684691252413108131e+00,-1.745075155729524496e+01,-1.084865813084631903e+01,-5.846393272310356437e+00,-1.026992791065567801e+01,-1.943040546489522313e+01,-2.546129177276299771e+01,-1.631833833195430117e+01,-1.116323955543468216e+01,-1.386063732392922176e+01
-2.684691252413108131e+00,-1.745075155729524496e+01,-1.084865813084631903e+01,-6.113910264896924573e+00,-1.026992791065567801e+01,-1.943040546489522313e+01,-2.546129177276299771e+01,-1.631833833195430117e+01,-1.116323955543468216e+01,-1.386063732392922176e+01
-2.684691252413108131e+00,-1.745075155729524496e+01,-1.084865813084631903e+01,-6.113910264896924573e+00,-1.026992791065567801e+01,-1.943040546489522313e+01,-2.554856897388873449e+01,-1.656652229685649758e+01,-1.116323955543468216e+01,-1.386063732392922176e+01
-2.684691252413108131e+00,-1.745075155729524496e+01,-1.084865813084631903e+01,-6.113910264896924573e+00,-1.026992791065567801e+01,-1.943040546489522313e+01,-2.554856897388873449e+01,-1.656652229685649758e+01,-1.116323955543468216e+01,-1.386063732392922176e+01
-2.684691252413108131e+00,-1.745075155729524496e+01,-1.084865813084631903e+01,-6.113910264896924573e+00,-1.026992791065567801e+01,-1.943040546489522313e+01,-2.554856897388873449e+01,-1.667283731582820394e+01,-1.116323955543468216e+01,-1.386063732392922176e+01
-2.684691252413108131e+00,-1.745075155729524496e+01,-1.084865813084631903e+01,-6.113910264896924573e+00,-1.026992791065567801e+01,-1.943040546489522313e+01,-2.554856897388873449e+01,-1.667283731582820394e+01,-1.116323955543468216e+01,-1.479885759968169978e+01
-2.684691252413108131e+00,-1.745075155729524496e+01,-1.084865813084631903e+01,-6.113910264896924573e+00,-1.026992791065567801e+01,-1.943040546489522313e+01,-2.554856897388873449e+01,-1.667283731582820394e+01,-1.116323955543468216e+01,-1.479885759968169978e+01
-2.684691252413108131e+00,-2.052502068664868773e+01,-1.084865813084631903e+01,-6.113910264896924573e+00,-1.026992791065567801e+01,-1.943040546489522313e+01,-2.554856897388873449e+01,-1.667283731582820394e+01,-1.116323955543468216e+01,-1.479885759968169978e+01
-2.684691252413108131e+00,-2.052502068664868773e+01,-1.206918285964076176e+01,-6.113910264896924573e+00,-1.026992791065567801e+01,-1.943040546489522313e+01,-2.554856897388873449e+01,-1.667283731582820394e+01,-1.116323955543468216e+01,-1.479885759968169978e+01
-2.684691252413108131e+00,-2.052502068664868773e+01,-1.225742700228072657e+01,-6.113910264896924573e+00,-1.026992791065567801e+01,-1.943040546489522313e+01,-2.554856897388873449e+01,-1.667283731582820394e+01,-1.116323955543468216e+01,-1.479885759968169978e+01
-2.684691252413108131e+00,-2.052502068664868773e+01,-1.399587113356558099e+01,-6.113910264896924573e+00,-1.026992791065567801e+01,-1.943040546489522313e+01,-2.554856897388873449e+01,-1.667283731582820394e+01,-1.116323955543468216e+01,-1.479885759968169978e+01
-2.684691252413108131e+00,-2.052502068664868773e+01,-1.399587113356558099e+01,-6.113910264896924573e+00,-1.026992791065567801e+01,-1.943040546489522313e+01,-2.554856897388873449e+01,-1.667283731582820394e+01,-1.116323955543468216e+01,-1.479885759968169978e+01
-2.684691252413108131e+00,-2.052502068664868773e+01,-1.399587113356558099e+01,-6.113910264896924573e+00,-1.026992791065567801e+01,-1.943040546489522313e+01,-2.554856897388873449e+01,-1.667283731582820394e+01,-1.116323955543468216e+01,-1.479885759968169978e+01
-2.684691252413108131e+00,-2.052502068664868773e+01,-1.399587113356558099e+01,-6.113910264896924573e+00,-1.026992791065567801e+01,-1.943040546489522313e+01,-2.554856897388873449e+01,-1.714985540472705949e+01,-1.116323955543468216e+01,-1.479885759968169978e+01
-3.525879183445685516e+00,-2.052502068664868773e+01,-1.399587113356558099e+01,-6.113910264896924573e+00,-1.026992791065567801e+01,-1.943040546489522313e+01,-2.554856897388873449e+01,-1.714985540472705949e+01,-1.116323955543468216e+01,-1.514032281415313186e+01
-3.525879183445685516e+00,-2.052502068664868773e+01,-1.399587113356558099e+01,-6.113910264896924573e+00,-1.026992791065567801e+01,-1.943040546489522313e+01,-2.554856897388873449e+01,-1.714985540472705949e+01,-1.116323955543468216e+01,-1.514032281415313186e+01
-3.525879183445685516e+00,-2.052502068664868773e+01,-1.399587113356558099e+01,-6.113910264896924573e+00,-1.026992791065567801e+01,-1.943040546489522313e+01,-2.554856897388873449e+01,-1.714985540472705949e+01,-1.116323955543468216e+01,-1.514032281415313186e+01
-3.525879183445685516e+00,-2.334447137844365372e+01,-1.399587113356558099e+01,-6.113910264896924573e+00,-1.026992791065567801e+01,-1.943040546489522313e+01,-2.554856897388873449e+01,-1.714985540472705949e+01,-1.182840425912164406e+01,-1.514032281415313186e+01
-3.525879183445685516e+00,-2.334447137844365372e+01,-1.399587113356558099e+01,-6.113910264896924573e+00,-1.026992791065567801e+01,-1.943040546489522313e+01,-2.554856897388873449e+01,-1.714985540472705949e+01,-1.182840425912164406e+01,-1.514032281415313186e+01
-3.525879183445685516e+00,-2.334447137844365372e+01,-1.439714965997408669e+01,-6.234090658362459791e+00,-1.026992791065567801e+01,-1.943040546489522313e+01,-2.554856897388873449e+01,-1.714985540472705949e+01,-1.446594732916527093e+01,-1.514032281415313186e+01
-3.525879183445685516e+00,-2.334447137844365372e+01,-1.439714965997408669e+01,-6.234090658362459791e+00,-1.026992791065567801e+01,-1.943040546489522313e+01,-2.554856897388873449e+01,-1.714985540472705949e+01,-1.446594732916527093e+01,-1.514032281415313186e+01
-3.525879183445685516e+00,-2.334447137844365372e+01,-1.443765482549417811e+01,-6.234090658362459791e+00,-1.026992791065567801e+01,-1.943040546489522313e+01,-2.554856897388873449e+01,-1.714985540472705949e+01,-1.557433309573954006e+01,-1.514032281415313186e+01
-3.525879183445685516e+00,-2.334447137844365372e+01,-1.443765482549417811e+01,-6.234090658362459791e+00,-1.026992791065567801e+01,-1.943040546489522313e+01,-2.554856897388873449e+01,-1.714985540472705949e+01,-1.963225188438277868e+01,-1.514032281415313186e+01
-3.525879183445685516e+00,-2.334447137844365372e+01,-1.443765482549417811e+01,-6.234090658362459791e+00,-1.026992791065567801e+01,-1.943040546489522313e+01,-2.554856897388873449e+01,-1.714985540472705949e+01,-1.963225188438277868e+01,-1.514032281415313186e+01
-3.525879183445685516e+00,-2.334447137844365372e+01,-1.443765482549417811e+01,-6.234090658362459791e+00,-1.026992791065567801e+01,-1.943040546489522313e+01,-2.554856897388873449e+01,-1.714985540472705949e+01,-1.963225188438277868e+01,-1.514032281415313186e+01
-3.525879183445685516e+00,-2.334447137844365372e+01,-1.443765482549417811e+01,-6.234090658362459791e+00,-1.026992791065567801e+01,-1.943040546489522313e+01,-2.554856897388873449e+01,-1.714985540472705949e+01,-1.963225188438277868e+01,-1.514032281415313186e+01
-3.525879183445685516e+00,-2.334447137844365372e+01,-1.443765482549417811e+01,-6.496760742967907731e+00,-1.026992791065567801e+01,-1.943040546489522313e+01,-2.554856897388873449e+01,-1.714985540472705949e+01,-1.963225188438277868e+01,-1.514032281415313186e+01
-3.525879183445685516e+00,-2.334447137844365372e+01,-1.443765482549417811e+01,-6.496760742967907731e+00,-1.026992791065567801e+01,-1.943040546489522313e+01,-2.554856897388873449e+01,-1.714985540472705949e+01,-1.963225188438277868e+01,-1.514032281415313186e+01
-3.525879183445685516e+00,-2.334447137844365372e+01,-1.443765482549417811e+01,-6.496760742967907731e+00,-1.026992791065567801e+01,-1.943040546489522313e+01,-2.554856897388873449e+01,-1.714985540472705949e+01,-1.963225188438277868e+01,-1.514032281415313186e+01
-3.525879183445685516e+00,-2.574244332325856277e+01,-1.443765482549417811e+01,-6.496760742967907731e+00,-1.026992791065567801e+01,-1.943040546489522313e+01,-2.554856897388873449e+01,-1.714985540472705949e+01,-1.963225188438277868e+01,-1.514032281415313186e+01
-3.525879183445685516e+00,-2.574244332325856277e+01,-1.443765482549417811e+01,-6.496760742967907731e+00,-1.026992791065567801e+01,-1.943040546489522313e+01,-2.554856897388873449e+01,-1.714985540472705949e+01,-1.963225188438277868e+01,-1.514032281415313186e+01
-3.525879183445685516e+00,-2.574244332325856277e+01,-1.443765482549417811e+01,-6.496760742967907731e+00,-1.026992791065567801e+01,-1.943040546489522313e+01,-2.554856897388873449e+01,-1.714985540472705949e+01,-1.963225188438277868e+01,-1.514032281415313186e+01
-3.525879183445685516e+00,-2.574244332325856277e+01,-1.443765482549417811e+01,-6.496760742967907731e+00,-1.026992791065567801e+01,-1.943040546489522313e+01,-2.554856897388873449e+01,-1.714985540472705949e+01,-1.963225188438277868e+01,-1.514032281415313186e+01
-3.525879183445685516e+00,-2.574244332325856277e+01,-1.443765482549417811e+01,-6.496760742967907731e+00,-1.026992791065567801e+01,-1.943040546489522313e+01,-2.554856897388873449e+01,-1.714985540472705949e+01,-1.963225188438277868e+01,-1.514032281415313186e+01
-3.525879183445685516e+00,-2.574244332325856277e+01,-1.443765482549417811e+01,-6.496760742967907731e+00,-1.026992791065567801e+01,-1.943040546489522313e+01,-2.554856897388873449e+01,-1.714985540472705949e+01,-1.963225188438277868e+01,-1.514032281415313186e+01
-3.525879183445685516e+00,-2.574244332325856277e+01,-1.443765482549417811e+01,-6.496760742967907731e+00,-1.026992791065567801e+01,-1.943040546489522313e+01,-2.554856897388873449e+01,-1.714985540472705949e+01,-1.963225188438277868e+01,-1.514032281415313186e+01
-3.525879183445685516e+00,-2.574244332325856277e+01,-1.443765482549417811e+01,-6.496760742967907731e+00,-1.026992791065567801e+01,-1.943040546489522313e+01,-2.554856897388873449e+01,-1.714985540472705949e+01,-1.963225188438277868e+01,-1.514032281415313186e+01
-3.525879183445685516e+00,-2.574244332325856277e+01,-1.443765482549417811e+01,-6.496760742967907731e+00,-1.026992791065567801e+01,-1.943040546489522313e+01,-2.554856897388873449e+01,-1.714985540472705949e+01,-1.963225188438277868e+01,-1.514032281415313186e+01
-3.525879183445685516e+00,-2.574244332325856277e+01,-1.443765482549417811e+01,-6.496760742967907731e+00,-1.026992791065567801e+01,-1.943040546489522313e+01,-2.554856897388873449e+01,-1.714985540472705949e+01,-1.963225188438277868e+01,-1.514032281415313186e+01
-3.525879183445685516e+00,-2.574244332325856277e+01,-1.443765482549417811e+01,-6.496760742967907731e+00,-1.026992791065567801e+01,-1.943040546489522313e+01,-2.554856897388873449e+01,-1.714985540472705949e+01,-1.963225188438277868e+01,-1.514032281415313186e+01
-3.525879183445685516e+00,-2.574244332325856277e+01,-1.443765482549417811e+01,-6.496760742967907731e+00,-1.026992791065567801e+01,-1.943040546489522313e+01,-2.554856897388873449e+01,-1.714985540472705949e+01,-1.963225188438277868e+01,-1.514032281415313186e+01
-3.525879183445685516e+00,-2.574244332325856277e+01,-1.443765482549417811e+01,-6.496760742967907731e+00,-1.026992791065567801e+01,-1.943040546489522313e+01,-2.554856897388873449e+01,-1.714985540472705949e+01,-1.963225188438277868e+01,-1.514032281415313186e+01
-3.525879183445685516e+00,-2.574244332325856277e+01,-1.443765482549417811e+01,-6.496760742967907731e+00,-1.026992791065567801e+01,-1.943040546489522313e+01,-2.554856897388873449e+01,-1.714985540472705949e+01,-2.245644312047130597e+01,-1.514032281415313186e+01
-3.525879183445685516e+00,-2.574244332325856277e+01,-1.443765482549417811e+01,-6.496760742967907731e+00,-1.026992791065567801e+01,-1.943040546489522313e+01,-2.554856897388873449e+01,-1.714985540472705949e+01,-2.245644312047130597e+01,-1.514032281415313186e+01
-3.525879183445685516e+00,-2.574244332325856277e+01,-1.519376348367948282e+01,-6.496760742967907731e+00,-1.026992791065567801e+01,-1.943040546489522313e+01,-2.554856897388873449e+01,-1.714985540472705949e+01,-2.245644312047130597e+01,-1.514032281415313186e+01
-3.525879183445685516e+00,-2.574244332325856277e+01,-1.519376348367948282e+01,-6.496760742967907731e+00,-1.026992791065567801e+01,-1.943040546489522313e+01,-2.554856897388873449e+01,-1.714985540472705949e+01,-2.245644312047130597e+01,-1.514032281415313186e+01
-3.525879183445685516e+00,-2.574244332325856277e+01,-1.519376348367948282e+01,-6.496760742967907731e+00,-1.026992791065567801e+01,-1.943040546489522313e+01,-2.554856897388873449e+01,-1.714985540472705949e+01,-2.245644312047130597e+01,-1.514032281415313186e+01
-3.525879183445685516e+00,-2.574244332325856277e+01,-1.519376348367948282e+01,-6.496760742967907731e+00,-1.026992791065567801e+01,-1.943040546489522313e+01,-2.554856897388873449e+01,-1.714985540472705949e+01,-2.245644312047130597e+01,-1.514032281415313186e+01
-3.525879183445685516e+00,-2.574244332325856277e+01,-1.519376348367948282e+01,-7.226059938844370478e+00,-1.026992791065567801e+01,-1.943040546489522313e+01,-2.554856897388873449e+01,-1.726058533042407106e+01,-2.245644312047130597e+01,-1.514032281415313186e+01
-3.525879183445685516e+00,-2.574244332325856277e+01,-1.519376348367948282e+01,-7.518736727481138082e+00,-1.026992791065567801e+01,-1.943040546489522313e+01,-2.554856897388873449e+01,-1.726058533042407106e+01,-2.245644312047130597e+01,-1.514032281415313186e+01
-3.525879183445685516e+00,-2.574244332325856277e+01,-1.519376348367948282e+01,-7.518736727481138082e+00,-1.026992791065567801e+01,-1.943040546489522313e+01,-2.554856897388873449e+01,-1.726058533042407106e+01,-2.245644312047130597e+01,-1.514032281415313186e+01
-3.525879183445685516e+00,-2.574244332325856277e+01,-1.519376348367948282e+01,-7.518736727481138082e+00,-1.026992791065567801e+01,-1.943040546489522313e+01,-2.554856897388873449e+01,-1.726058533042407106e+01,-2.245644312047130597e+01,-1.514032281415313186e+01
-3.525879183445685516e+00,-2.574244332325856277e+01,-1.519376348367948282e+01,-7.518736727481138082e+00,-1.026992791065567801e+01,-1.943040546489522313e+01,-2.554856897388873449e+01,-1.726058533042407106e+01,-2.245644312047130597e+01,-1.514032281415313186e+01
-3.525879183445685516e+00,-2.574244332325856277e+01,-1.519376348367948282e+01,-7.518736727481138082e+00,-1.026992791065567801e+01,-1.943040546489522313e+01,-2.554856897388873449e+01,-1.726058533042407106e+01,-2.245644312047130597e+01,-1.514032281415313186e+01
-3.525879183445685516e+00,-2.574244332325856277e+01,-1.519376348367948282e+01,-7.518736727481138082e+00,-1.026992791065567801e+01,-1.943040546489522313e+01,-2.554856897388873449e+01,-1.726058533042407106e+01,-2.245644312047130597e+01,-1.514032281415313186e+01
-3.525879183445685516e+00,-2.574244332325856277e+01,-1.519376348367948282e+01,-7.518736727481138082e+00,-1.026992791065567801e+01,-1.943040546489522313e+01,-2.554856897388873449e+01,-1.726058533042407106e+01,-2.245644312047130597e+01,-1.514032281415313186e+01
-3.525879183445685516e+00,-2.574244332325856277e+01,-1.519376348367948282e+01,-7.518736727481138082e+00,-1.026992791065567801e+01,-1.943040546489522313e+01,-2.554856897388873449e+01,-1.726058533042407106e+01,-2.245644312047130597e+01,-1.514032281415313186e+01
-3.525879183445685516e+00,-2.574244332325856277e+01,-1.519376348367948282e+01,-7.518736727481138082e+00,-1.026992791065567801e+01,-1.943040546489522313e+01,-2.554856897388873449e+01,-1.726058533042407106e+01,-2.245644312047130597e+01,-1.514032281415313186e+01
-3.525879183445685516e+00,-2.574244332325856277e+01,-1.519376348367948282e+01,-7.518736727481138082e+00,-1.026992791065567801e+01,-1.943040546489522313e+01,-2.554856897388873449e+01,-1.726058533042407106e+01,-2.245644312047130597e+01,-1.514032281415313186e+01
-3.525879183445685516e+00,-2.574244332325856277e+01,-1.519376348367948282e+01,-7.518736727481138082e+00,-1.026992791065567801e+01,-1.943040546489522313e+01,-2.554856897388873449e+01,-1.726058533042407106e+01,-2.245644312047130597e+01,-1.514032281415313186e+01
-3.525879183445685516e+00,-2.574244332325856277e+01,-1.519376348367948282e+01,-7.996027485357140030e+00,-1.026992791065567801e+01,-1.943040546489522313e+01,-2.554856897388873449e+01,-1.726058533042407106e+01,-2.245644312047130597e+01,-1.514032281415313186e+01
-3.525879183445685516e+00,-2.574244332325856277e+01,-1.519376348367948282e+01,-7.996027485357140030e+00,-1.026992791065567801e+01,-1.943040546489522313e+01,-2.554856897388873449e+01,-1.726058533042407106e+01,-2.245644312047130597e+01,-1.514032281415313186e+01
-3.525879183445685516e+00,-2.574244332325856277e+01,-1.519376348367948282e+01,-7.996027485357140030e+00,-1.026992791065567801e+01,-1.943040546489522313e+01,-2.554856897388873449e+01,-1.726058533042407106e+01,-2.245644312047130597e+01,-1.514032281415313186e+01
-3.525879183445685516e+00,-2.574244332325856277e+01,-1.519376348367948282e+01,-7.996027485357140030e+00,-1.026992791065567801e+01,-1.943040546489522313e+01,-2.554856897388873449e+01,-1.726058533042407106e+01,-2.245644312047130597e+01,-1.514032281415313186e+01
-3.525879183445685516e+00,-2.574244332325856277e+01,-1.519376348367948282e+01,-7.996027485357140030e+00,-1.026992791065567801e+01,-1.943040546489522313e+01,-2.554856897388873449e+01,-1.726058533042407106e+01,-2.245644312047130597e+01,-1.514032281415313186e+01
-3.525879183445685516e+00,-2.574244332325856277e+01,-1.519376348367948282e+01,-7.996027485357140030e+00,-1.026992791065567801e+01,-1.943040546489522313e+01,-2.554856897388873449e+01,-1.726058533042407106e+01,-2.245644312047130597e+01,-1.514032281415313186e+01
-3.525879183445685516e+00,-2.574244332325856277e+01,-1.519376348367948282e+01,-7.996027485357140030e+00,-1.026992791065567801e+01,-1.943040546489522313e+01,-2.554856897388873449e+01,-1.726058533042407106e+01,-2.245644312047130597e+01,-1.514032281415313186e+01
-3.525879183445685516e+00,-2.574244332325856277e+01,-1.519376348367948282e+01,-7.996027485357140030e+00,-1.026992791065567801e+01,-1.943040546489522313e+01,-2.554856897388873449e+01,-1.726058533042407106e+01,-2.245644312047130597e+01,-1.514032281415313186e+01
-3.525879183445685516e+00,-2.574244332325856277e+01,-1.519376348367948282e+01,-7.996027485357140030e+00,-1.026992791065567801e+01,-1.943040546489522313e+01,-2.554856897388873449e+01,-1.726058533042407106e+01,-2.245644312047130597e+01,-1.514032281415313186e+01
-3.525879183445685516e+00,-2.574244332325856277e+01,-1.519376348367948282e+01,-7.996027485357140030e+00,-1.026992791065567801e+01,-1.943040546489522313e+01,-2.554856897388873449e+01,-1.726058533042407106e+01,-2.245644312047130597e+01,-1.514032281415313186e+01
-3.525879183445685516e+00,-2.574244332325856277e+01,-1.519376348367948282e+01,-7.996027485357140030e+00,-1.026992791065567801e+01,-1.943040546489522313e+01,-2.554856897388873449e+01,-1.726058533042407106e+01,-2.245644312047130597e+01,-1.514032281415313186e+01
-3.525879183445685516e+00,-2.574244332325856277e+01,-1.519376348367948282e+01,-8.386258513880278542e+00,-1.026992791065567801e+01,-1.943040546489522313e+01,-2.554856897388873449e+01,-1.726058533042407106e+01,-2.245644312047130597e+01,-1.514032281415313186e+01
-3.525879183445685516e+00,-2.574244332325856277e+01,-1.519376348367948282e+01,-8.386258513880278542e+00,-1.026992791065567801e+01,-1.943040546489522313e+01,-2.554856897388873449e+01,-1.726058533042407106e+01,-2.245644312047130597e+01,-1.514032281415313186e+01
-3.525879183445685516e+00,-2.574244332325856277e+01,-1.519376348367948282e+01,-8.386258513880278542e+00,-1.026992791065567801e+01,-1.943040546489522313e+01,-2.554856897388873449e+01,-1.726058533042407106e+01,-2.245644312047130597e+01,-1.514032281415313186e+01
-3.525879183445685516e+00,-2.574244332325856277e+01,-1.519376348367948282e+01,-8.386258513880278542e+00,-1.026992791065567801e+01,-1.943040546489522313e+01,-2.554856897388873449e+01,-1.726058533042407106e+01,-2.245644312047130597e+01,-1.514032281415313186e+01
-3.525879183445685516e+00,-2.574244332325856277e+01,-1.763613362453601496e+01,-8.386258513880278542e+00,-1.026992791065567801e+01,-1.943040546489522313e+01,-2.554856897388873449e+01,-1.726058533042407106e+01,-2.246613068044904793e+01,-1.514032281415313186e+01
-3.525879183445685516e+00,-2.574244332325856277e+01,-1.763613362453601496e+01,-8.386258513880278542e+00,-1.026992791065567801e+01,-1.943040546489522313e+01,-2.554856897388873449e+01,-1.726058533042407106e+01,-2.246613068044904793e+01,-1.514032281415313186e+01
-3.525879183445685516e+00,-2.574244332325856277e+01,-1.763613362453601496e+01,-8.386258513880278542e+00,-1.059025227454286622e+01,-1.943040546489522313e+01,-2.554856897388873449e+01,-1.726058533042407106e+01,-2.364641074627877515e+01,-1.514032281415313186e+01
-3.525879183445685516e+00,-2.574244332325856277e+01,-1.763613362453601496e+01,-8.386258513880278542e+00,-1.059025227454286622e+01,-1.943040546489522313e+01,-2.554856897388873449e+01,-1.727030533980573423e+01,-2.364641074627877515e+01,-1.514032281415313186e+01
-3.525879183445685516e+00,-2.574244332325856277e+01,-1.763613362453601496e+01,-8.386258513880278542e+00,-1.059025227454286622e+01,-1.943040546489522313e+01,-2.554856897388873449e+01,-1.727030533980573423e+01,-2.364641074627877515e+01,-1.514032281415313186e+01
-3.525879183445685516e+00,-2.574244332325856277e+01,-1.763613362453601496e+01,-8.386258513880278542e+00,-1.059025227454286622e+01,-1.943040546489522313e+01,-2.554856897388873449e+01,-1.727030533980573423e+01,-2.364641074627877515e+01,-1.514032281415313186e+01
-3.525879183445685516e+00,-2.574244332325856277e+01,-1.763613362453601496e+01,-8.386258513880278542e+00,-1.059025227454286622e+01,-1.943040546489522313e+01,-2.554856897388873449e+01,-1.727030533980573423e+01,-2.364641074627877515e+01,-1.514032281415313186e+01
-3.525879183445685516e+00,-2.574244332325856277e+01,-1.763613362453601496e+01,-8.386258513880278542e+00,-1.059025227454286622e+01,-1.943040546489522313e+01,-2.554856897388873449e+01,-1.727030533980573423e+01,-2.364641074627877515e+01,-1.514032281415313186e+01
-3.525879183445685516e+00,-2.574244332325856277e+01,-1.763613362453601496e+01,-8.386258513880278542e+00,-1.059025227454286622e+01,-1.943040546489522313e+01,-2.554856897388873449e+01,-1.771011087931675831e+01,-2.364641074627877515e+01,-1.514032281415313186e+01
-3.525879183445685516e+00,-2.574244332325856277e+01,-1.763613362453601496e+01,-8.386258513880278542e+00,-1.059025227454286622e+01,-1.943040546489522313e+01,-2.554856897388873449e+01,-1.771011087931675831e+01,-2.364641074627877515e+01,-1.514032281415313186e+01
-3.525879183445685516e+00,-2.574244332325856277e+01,-1.763613362453601496e+01,-8.386258513880278542e+00,-1.059025227454286622e+01,-1.943040546489522313e+01,-2.554856897388873449e+01,-1.771011087931675831e+01,-2.364641074627877515e+01,-1.514032281415313186e+01
-3.525879183445685516e+00,-2.574244332325856277e+01,-1.763613362453601496e+01,-8.585596868345080068e+00,-1.293162444012959966e+01,-1.943040546489522313e+01,-2.554856897388873449e+01,-1.771011087931675831e+01,-2.364641074627877515e+01,-1.514032281415313186e+01
-3.525879183445685516e+00,-2.574244332325856277e+01,-1.763613362453601496e+01,-8.585596868345080068e+00,-1.293162444012959966e+01,-1.943040546489522313e+01,-2.554856897388873449e+01,-1.771011087931675831e+01,-2.364641074627877515e+01,-1.514032281415313186e+01
-3.525879183445685516e+00,-2.720901359235079653e+01,-1.763613362453601496e+01,-8.585596868345080068e+00,-1.293162444012959966e+01,-1.943040546489522313e+01,-2.554856897388873449e+01,-1.771011087931675831e+01,-2.364641074627877515e+01,-1.514032281415313186e+01
-3.818280841798378678e+00,-2.720901359235079653e+01,-1.763613362453601496e+01,-8.585596868345080068e+00,-1.293162444012959966e+01,-1.943040546489522313e+01,-2.554856897388873449e+01,-1.771011087931675831e+01,-2.364641074627877515e+01,-1.514032281415313186e+01
-3.818280841798378678e+00,-2.720901359235079653e+01,-1.763613362453601496e+01,-8.585596868345080068e+00,-1.293162444012959966e+01,-1.943040546489522313e+01,-2.554856897388873449e+01,-1.771011087931675831e+01,-2.364641074627877515e+01,-1.514032281415313186e+01
-3.818280841798378678e+00,-2.720901359235079653e+01,-1.763613362453601496e+01,-8.585596868345080068e+00,-1.293162444012959966e+01,-1.943040546489522313e+01,-2.554856897388873449e+01,-1.771011087931675831e+01,-2.364641074627877515e+01,-1.514032281415313186e+01
-3.818280841798378678e+00,-2.720901359235079653e+01,-1.763613362453601496e+01,-8.585596868345080068e+00,-1.293162444012959966e+01,-1.943040546489522313e+01,-2.554856897388873449e+01,-1.771011087931675831e+01,-2.364641074627877515e+01,-1.514032281415313186e+01
-3.818280841798378678e+00,-2.720901359235079653e+01,-1.763613362453601496e+01,-8.585596868345080068e+00,-1.293162444012959966e+01,-1.943040546489522313e+01,-2.554856897388873449e+01,-1.771011087931675831e+01,-2.364641074627877515e+01,-1.514032281415313186e+01
-4.202505530066448003e+00,-2.720901359235079653e+01,-1.763613362453601496e+01,-8.585596868345080068e+00,-1.293162444012959966e+01,-1.943040546489522313e+01,-2.554856897388873449e+01,-1.771011087931675831e+01,-2.364641074627877515e+01,-1.514032281415313186e+01
-4.202505530066448003e+00,-2.720901359235079653e+01,-1.763613362453601496e+01,-8.585596868345080068e+00,-1.293162444012959966e+01,-1.943040546489522313e+01,-2.554856897388873449e+01,-1.771011087931675831e+01,-2.364641074627877515e+01,-1.514032281415313186e+01
-4.202505530066448003e+00,-2.720901359235079653e+01,-1.763613362453601496e+01,-8.585596868345080068e+00,-1.293162444012959966e+01,-1.943040546489522313e+01,-2.554856897388873449e+01,-1.771011087931675831e+01,-2.364641074627877515e+01,-1.514032281415313186e+01
-4.202505530066448003e+00,-2.720901359235079653e+01,-1.763613362453601496e+01,-8.585596868345080068e+00,-1.293162444012959966e+01,-1.943040546489522313e+01,-2.554856897388873449e+01,-1.771011087931675831e+01,-2.364641074627877515e+01,-1.514032281415313186e+01
-4.202505530066448003e+00,-2.720901359235079653e+01,-1.763613362453601496e+01,-8.585596868345080068e+00,-1.293162444012959966e+01,-1.943040546489522313e+01,-2.554856897388873449e+01,-1.771011087931675831e+01,-2.364641074627877515e+01,-1.514032281415313186e+01
-4.202505530066448003e+00,-2.720901359235079653e+01,-1.763613362453601496e+01,-8.585596868345080068e+00,-1.293162444012959966e+01,-1.943040546489522313e+01,-2.554856897388873449e+01,-1.817785235267705701e+01,-2.364641074627877515e+01,-1.514032281415313186e+01
-4.202505530066448003e+00,-2.720901359235079653e+01,-1.763613362453601496e+01,-8.585596868345080068e+00,-1.293162444012959966e+01,-1.943040546489522313e+01,-2.554856897388873449e+01,-1.921225931892344718e+01,-2.364641074627877515e+01,-1.514032281415313186e+01
-5.387939459557087751e+00,-2.720901359235079653e+01,-1.763613362453601496e+01,-8.585596868345080068e+00,-1.293162444012959966e+01,-1.943040546489522313e+01,-2.554856897388873449e+01,-1.921225931892344718e+01,-2.364641074627877515e+01,-1.514032281415313186e+01
-5.387939459557087751e+00,-2.720901359235079653e+01,-1.778705565746543016e+01,-9.338838146233044313e+00,-1.293162444012959966e+01,-1.943040546489522313e+01,-2.554856897388873449e+01,-1.921225931892344718e+01,-2.364641074627877515e+01,-1.514032281415313186e+01
-5.387939459557087751e+00,-2.720901359235079653e+01,-1.778705565746543016e+01,-9.338838146233044313e+00,-1.293162444012959966e+01,-1.943040546489522313e+01,-2.554856897388873449e+01,-1.921225931892344718e+01,-2.364641074627877515e+01,-1.514032281415313186e+01
-5.387939459557087751e+00,-2.720901359235079653e+01,-1.778705565746543016e+01,-9.338838146233044313e+00,-1.293162444012959966e+01,-1.943040546489522313e+01,-2.554856897388873449e+01,-1.921225931892344718e+01,-2.364641074627877515e+01,-1.514032281415313186e+01
-5.387939459557087751e+00,-2.720901359235079653e+01,-1.778705565746543016e+01,-9.338838146233044313e+00,-1.293162444012959966e+01,-1.943040546489522313e+01,-2.554856897388873449e+01,-1.921225931892344718e+01,-2.364641074627877515e+01,-1.514032281415313186e+01
-5.387939459557087751e+00,-2.720901359235079653e+01,-1.778705565746543016e+01,-9.338838146233044313e+00,-1.293162444012959966e+01,-1.943040546489522313e+01,-2.554856897388873449e+01,-1.921225931892344718e+01,-2.364641074627877515e+01,-1.514032281415313186e+01
-5.387939459557087751e+00,-2.720901359235079653e+01,-1.778705565746543016e+01,-9.338838146233044313e+00,-1.293162444012959966e+01,-1.943040546489522313e+01,-2.554856897388873449e+01,-1.921225931892344718e+01,-2.364641074627877515e+01,-1.514032281415313186e+01
-5.387939459557087751e+00,-2.720901359235079653e+01,-1.778705565746543016e+01,-9.338838146233044313e+00,-1.293162444012959966e+01,-1.943040546489522313e+01,-2.554856897388873449e+01,-1.921225931892344718e+01,-2.364641074627877515e+01,-1.514032281415313186e+01
-5.387939459557087751e+00,-2.720901359235079653e+01,-1.778705565746543016e+01,-9.338838146233044313e+00,-1.293162444012959966e+01,-1.943040546489522313e+01,-2.554856897388873449e+01,-1.921225931892344718e+01,-2.364641074627877515e+01,-1.514032281415313186e+01
