2.179948351228857994e+00,-6.153618440460906225e-01,-1.397624340304893131e+00,-2.168564455111698486e+00,-5.480263803837971182e+00
5.779582993055378815e-01,-1.903890221702762453e+00,-1.397624340304893131e+00,-2.168564455111698486e+00,-5.480263803837971182e+00
5.633907870727326017e-01,-1.903890221702762453e+00,-1.397624340304893131e+00,-2.168564455111698486e+00,-5.844301449027830664e+00
3.504223579792022925e-01,-1.903890221702762453e+00,-1.397624340304893131e+00,-3.654961611569544022e+00,-5.844301449027830664e+00
4.690649752988651500e-02,-1.903890221702762453e+00,-1.397624340304893131e+00,-3.654961611569544022e+00,-5.844301449027830664e+00
3.460315035714553455e-02,-1.903890221702762453e+00,-1.397624340304893131e+00,-3.654961611569544022e+00,-5.844301449027830664e+00
3.460315035714553455e-02,-1.903890221702762453e+00,-1.397624340304893131e+00,-3.654961611569544022e+00,-5.844301449027830664e+00
3.460315035714553455e-02,-2.993864631630743123e+00,-1.567942214394218325e+00,-3.654961611569544022e+00,-5.844301449027830664e+00
-5.124051910752772110e-02,-2.993864631630743123e+00,-1.567942214394218325e+00,-5.874507622444544275e+00,-5.844301449027830664e+00
-5.124051910752772110e-02,-2.993864631630743123e+00,-1.567942214394218325e+00,-5.874507622444544275e+00,-5.844301449027830664e+00
-5.124051910752772110e-02,-2.993864631630743123e+00,-1.567942214394218325e+00,-5.874507622444544275e+00,-5.844301449027830664e+00
-5.124051910752772110e-02,-2.993864631630743123e+00,-2.748648191061414003e+00,-5.874507622444544275e+00,-5.844301449027830664e+00
-7.749194337716205916e-02,-3.659519091733797858e+00,-2.748648191061414003e+00,-5.874507622444544275e+00,-5.844301449027830664e+00
-7.749194337716205916e-02,-3.659519091733797858e+00,-2.748648191061414003e+00,-1.143848356727509064e+01,-5.844301449027830664e+00
-7.749194337716205916e-02,-3.659519091733797858e+00,-2.748648191061414003e+00,-1.143848356727509064e+01,-5.844301449027830664e+00
-7.749194337716205916e-02,-3.659519091733797858e+00,-3.469824527621561572e+00,-1.143848356727509064e+01,-5.844301449027830664e+00
-7.864076368216776913e-01,-9.819741998465012500e+00,-3.469824527621561572e+00,-1.143848356727509064e+01,-5.844301449027830664e+00
-7.864076368216776913e-01,-9.819741998465012500e+00,-3.469824527621561572e+00,-1.143848356727509064e+01,-5.844301449027830664e+00
-7.864076368216776913e-01,-9.819741998465012500e+00,-3.469824527621561572e+00,-1.143848356727509064e+01,-5.844301449027830664e+00
-7.864076368216776913e-01,-9.819741998465012500e+00,-3.469824527621561572e+00,-1.143848356727509064e+01,-5.844301449027830664e+00
-7.864076368216776913e-01,-9.819741998465012500e+00,-3.469824527621561572e+00,-1.143848356727509064e+01,-5.844301449027830664e+00
-7.864076368216776913e-01,-9.819741998465012500e+00,-3.469824527621561572e+00,-1.143848356727509064e+01,-5.844301449027830664e+00
-7.864076368216776913e-01,-9.819741998465012500e+00,-3.469824527621561572e+00,-1.143848356727509064e+01,-5.844301449027830664e+00
-7.864076368216776913e-01,-9.819741998465012500e+00,-3.469824527621561572e+00,-1.143848356727509064e+01,-5.844301449027830664e+00
-8.850078482398037183e-01,-9.819741998465012500e+00,-3.469824527621561572e+00,-1.143848356727509064e+01,-1.103977135497610895e+01
-8.850078482398037183e-01,-9.819741998465012500e+00,-3.469824527621561572e+00,-1.143848356727509064e+01,-1.103977135497610895e+01
-8.850078482398037183e-01,-9.819741998465012500e+00,-3.469824527621561572e+00,-1.143848356727509064e+01,-1.103977135497610895e+01
-8.850078482398037183e-01,-9.819741998465012500e+00,-3.469824527621561572e+00,-1.143848356727509064e+01,-1.103977135497610895e+01
-8.850078482398037183e-01,-9.819741998465012500e+00,-3.955621678901644067e+00,-1.143848356727509064e+01,-1.103977135497610895e+01
-8.850078482398037183e-01,-9.819741998465012500e+00,-3.955621678901644067e+00,-1.143848356727509064e+01,-1.103977135497610895e+01
-8.850078482398037183e-01,-9.819741998465012500e+00,-3.955621678901644067e+00,-1.259729296737561555e+01,-2.315806097426732535e+01
-8.850078482398037183e-01,-9.819741998465012500e+00,-3.955621678901644067e+00,-1.259729296737561555e+01,-2.315806097426732535e+01
-1.144440153241674363e+00,-9.819741998465012500e+00,-3.955621678901644067e+00,-1.259729296737561555e+01,-2.315806097426732535e+01
-1.224794212830204287e+00,-9.819741998465012500e+00,-3.955621678901644067e+00,-1.259729296737561555e+01,-2.315806097426732535e+01
-1.224794212830204287e+00,-9.819741998465012500e+00,-3.955621678901644067e+00,-1.259729296737561555e+01,-2.315806097426732535e+01
-1.224794212830204287e+00,-9.819741998465012500e+00,-4.481980293061807785e+00,-1.259729296737561555e+01,-2.315806097426732535e+01
-1.224794212830204287e+00,-9.819741998465012500e+00,-4.481980293061807785e+00,-1.259729296737561555e+01,-2.315806097426732535e+01
-1.224794212830204287e+00,-9.819741998465012500e+00,-4.481980293061807785e+00,-1.259729296737561555e+01,-2.315806097426732535e+01
-1.224794212830204287e+00,-9.819741998465012500e+00,-4.481980293061807785e+00,-1.259729296737561555e+01,-2.315806097426732535e+01
-1.330052324810503617e+00,-9.819741998465012500e+00,-4.481980293061807785e+00,-1.259729296737561555e+01,-2.315806097426732535e+01
-1.330052324810503617e+00,-2.468860663566853297e+00,-1.931751126358586701e+00,-1.632805269247766589e+01,-1.562280231951224563e+00
-1.330052324810503617e+00,-2.468860663566853297e+00,-1.931751126358586701e+00,-1.632805269247766589e+01,-1.562280231951224563e+00
-1.330052324810503617e+00,-2.468860663566853297e+00,-2.188693113830325387e+00,-1.632805269247766589e+01,-2.602134746197878989e+00
-1.330052324810503617e+00,-1.355736680953123141e+01,-2.188693113830325387e+00,-1.632805269247766589e+01,-2.602134746197878989e+00
-1.330052324810503617e+00,-1.458903105107108189e+01,-2.188693113830325387e+00,-1.632805269247766589e+01,-2.602134746197878989e+00
-1.462402625215414309e+00,-1.458903105107108189e+01,-2.188693113830325387e+00,-1.632805269247766589e+01,-4.126979321121897470e+00
-1.462402625215414309e+00,-1.458903105107108189e+01,-2.188693113830325387e+00,-1.632805269247766589e+01,-4.126979321121897470e+00
-1.462402625215414309e+00,-1.458903105107108189e+01,-3.401034741548643492e+00,-1.632805269247766589e+01,-4.126979321121897470e+00
-1.462402625215414309e+00,-1.458903105107108189e+01,-3.401034741548643492e+00,-1.632805269247766589e+01,-4.126979321121897470e+00
-1.462402625215414309e+00,-1.458903105107108189e+01,-3.401034741548643492e+00,-1.632805269247766589e+01,-4.126979321121897470e+00
-1.462402625215414309e+00,-1.572372142062556044e+01,-3.401034741548643492e+00,-1.632805269247766589e+01,-4.126979321121897470e+00
-1.462402625215414309e+00,-1.572372142062556044e+01,-3.401034741548643492e+00,-1.632805269247766589e+01,-4.126979321121897470e+00
-6.291450557152732159e+00,-1.572372142062556044e+01,-3.401034741548643492e+00,-1.632805269247766589e+01,-4.126979321121897470e+00
-6.291450557152732159e+00,-1.572372142062556044e+01,-3.401034741548643492e+00,-1.632805269247766589e+01,-4.126979321121897470e+00
-6.291450557152732159e+00,-1.572372142062556044e+01,-3.401034741548643492e+00,-1.632805269247766589e+01,-5.402899663588088153e+00
-6.291450557152732159e+00,-1.572372142062556044e+01,-3.401034741548643492e+00,-1.632805269247766589e+01,-5.402899663588088153e+00
-6.291450557152732159e+00,-1.572372142062556044e+01,-3.401034741548643492e+00,-1.632805269247766589e+01,-5.402899663588088153e+00
-9.341256332228645931e+00,-1.572372142062556044e+01,-3.401034741548643492e+00,-1.632805269247766589e+01,-5.402899663588088153e+00
-9.341256332228645931e+00,-1.572372142062556044e+01,-3.401034741548643492e+00,-1.632805269247766589e+01,-5.402899663588088153e+00
-9.341256332228645931e+00,-1.572372142062556044e+01,-3.401034741548643492e+00,-1.632805269247766589e+01,-5.402899663588088153e+00
