-4.722449769317450752e+00,9.334526237070569721e+00,3.677898935372255096e+00,1.159780709895747774e+00,-1.951631886795304194e-01,-1.407763132072153534e+00,2.063964765152616287e+00,-1.194986184741944069e+00,-4.141851615856262381e-02,-9.853972045353043274e-02
-5.534653999342950215e+00,-1.256588595875175685e+00,-4.268183536257062372e+00,1.083985005743073549e+00,-9.050508971917160528e-01,-1.407763132072153534e+00,2.063964765152616287e+00,-3.023741477805844458e+00,-9.191893231784636242e+00,-1.549625014745895868e+00
-5.534653999342950215e+00,-1.723205857390611495e+00,-4.268183536257062372e+00,1.083985005743073549e+00,-1.719738680114127005e+00,-1.407763132072153534e+00,2.063964765152616287e+00,-3.023741477805844458e+00,-9.191893231784636242e+00,-1.657309468379219997e+00
-5.534653999342950215e+00,-3.236725395420508633e+00,-4.268183536257062372e+00,8.204544325550664485e-01,-1.898702839219094773e+00,-1.407763132072153534e+00,2.063964765152616287e+00,-3.023741477805844458e+00,-9.191893231784636242e+00,-1.657309468379219997e+00
-5.534653999342950215e+00,-3.236725395420508633e+00,-4.268183536257062372e+00,8.204544325550664485e-01,-2.643182726065518295e+00,-1.407763132072153534e+00,1.582472344218731841e+00,-3.023741477805844458e+00,-9.191893231784636242e+00,-1.657309468379219997e+00
-5.534653999342950215e+00,-3.236725395420508633e+00,-4.268183536257062372e+00,8.204544325550664485e-01,-4.676955937448266098e+00,-1.907903312193853118e+00,-6.528140401814511051e+00,-1.170320646127502684e+01,-9.191893231784636242e+00,-3.010881245738762146e+00
-5.961805502042846427e+00,-3.631214456557110282e+00,-4.268183536257062372e+00,8.204544325550664485e-01,-4.676955937448266098e+00,-1.907903312193853118e+00,-6.528140401814511051e+00,-1.356051245901227098e+01,-9.191893231784636242e+00,-3.010881245738762146e+00
-5.961805502042846427e+00,-3.631214456557110282e+00,-4.268183536257062372e+00,8.204544325550664485e-01,-5.432395467243713583e+00,-1.907903312193853118e+00,-6.528140401814511051e+00,-1.767780643227490600e+01,-9.191893231784636242e+00,-3.010881245738762146e+00
-7.005866171946706800e+00,-3.631214456557110282e+00,-4.268183536257062372e+00,5.954525771983475435e-01,-5.432395467243713583e+00,-1.907903312193853118e+00,-6.528140401814511051e+00,-1.767780643227490600e+01,-9.191893231784636242e+00,-3.010881245738762146e+00
-7.005866171946706800e+00,-3.631214456557110282e+00,-4.268183536257062372e+00,-6.441019922924378083e-01,-5.432395467243713583e+00,-1.907903312193853118e+00,-6.528140401814511051e+00,-1.767780643227490600e+01,-9.191893231784636242e+00,-3.010881245738762146e+00
-7.005866171946706800e+00,-3.631214456557110282e+00,-4.268183536257062372e+00,-2.758687499745688054e+00,-5.432395467243713583e+00,-3.119042895363807411e+00,-6.528140401814511051e+00,-1.767780643227490600e+01,-9.191893231784636242e+00,-3.042763418419561106e+00
-7.005866171946706800e+00,-3.631214456557110282e+00,-4.268183536257062372e+00,-2.820335259423265128e+00,-5.432395467243713583e+00,-3.119042895363807411e+00,-6.528140401814511051e+00,-1.767780643227490600e+01,-9.191893231784636242e+00,-3.042763418419561106e+00
-7.005866171946706800e+00,-3.631214456557110282e+00,-4.268183536257062372e+00,-3.378865658289470275e+00,-5.432395467243713583e+00,-3.119042895363807411e+00,-6.565438748165713712e+00,-1.767780643227490600e+01,-9.191893231784636242e+00,-5.220972190162749271e+00
-7.005866171946706800e+00,-3.631214456557110282e+00,-4.268183536257062372e+00,-3.378865658289470275e+00,-5.432395467243713583e+00,-3.119042895363807411e+00,-6.565438748165713712e+00,-1.781174674776340083e+01,-9.191893231784636242e+00,-5.220972190162749271e+00
-7.005866171946706800e+00,-3.631214456557110282e+00,-4.268183536257062372e+00,-3.378865658289470275e+00,-5.432395467243713583e+00,-3.425962722006798522e+00,-6.953518268328637397e+00,-1.781174674776340083e+01,-9.191893231784636242e+00,-5.220972190162749271e+00
-7.005866171946706800e+00,-3.631214456557110282e+00,-4.268183536257062372e+00,-3.378865658289470275e+00,-5.432395467243713583e+00,-3.425962722006798522e+00,-6.953518268328637397e+00,-1.781174674776340083e+01,-9.191893231784636242e+00,-5.220972190162749271e+00
-7.005866171946706800e+00,-3.631214456557110282e+00,-4.268183536257062372e+00,-3.378865658289470275e+00,-5.432395467243713583e+00,-3.425962722006798522e+00,-6.953518268328637397e+00,-1.919665587126972994e+01,-9.191893231784636242e+00,-5.220972190162749271e+00
-7.005866171946706800e+00,-3.631214456557110282e+00,-4.268183536257062372e+00,-3.473845057832047001e+00,-5.432395467243713583e+00,-3.425962722006798522e+00,-6.953518268328637397e+00,-1.971623895606504107e+01,-9.191893231784636242e+00,-5.220972190162749271e+00
-7.005866171946706800e+00,-3.631214456557110282e+00,-4.732894256964642388e+00,-3.473845057832047001e+00,-5.432395467243713583e+00,-3.425962722006798522e+00,-6.953518268328637397e+00,-1.971623895606504107e+01,-9.191893231784636242e+00,-5.220972190162749271e+00
-7.005866171946706800e+00,-1.496260353331654791e+01,-4.732894256964642388e+00,-3.582145160116407823e+00,-5.432395467243713583e+00,-3.425962722006798522e+00,-6.953518268328637397e+00,-1.971623895606504107e+01,-1.097175328693608165e+01,-5.220972190162749271e+00
-7.005866171946706800e+00,-1.496260353331654791e+01,-4.904814779502356004e+00,-3.582145160116407823e+00,-5.432395467243713583e+00,-3.425962722006798522e+00,-6.953518268328637397e+00,-1.971623895606504107e+01,-1.097175328693608165e+01,-5.220972190162749271e+00
-7.005866171946706800e+00,-1.496260353331654791e+01,-4.904814779502356004e+00,-3.582145160116407823e+00,-5.432395467243713583e+00,-3.425962722006798522e+00,-7.704692366697188710e+00,-1.971623895606504107e+01,-1.097175328693608165e+01,-5.220972190162749271e+00
-7.005866171946706800e+00,-1.496260353331654791e+01,-4.904814779502356004e+00,-3.582145160116407823e+00,-5.432395467243713583e+00,-3.425962722006798522e+00,-7.704692366697188710e+00,-1.971623895606504107e+01,-1.097175328693608165e+01,-5.220972190162749271e+00
-7.294689247207739591e+00,-1.496260353331654791e+01,-4.904814779502356004e+00,-3.905970000192738212e+00,-5.432395467243713583e+00,-3.425962722006798522e+00,-7.704692366697188710e+00,-1.971623895606504107e+01,-1.097175328693608165e+01,-5.220972190162749271e+00
-7.294689247207739591e+00,-1.496260353331654791e+01,-4.904814779502356004e+00,-3.905970000192738212e+00,-5.432395467243713583e+00,-3.425962722006798522e+00,-7.704692366697188710e+00,-1.971623895606504107e+01,-1.097175328693608165e+01,-5.220972190162749271e+00
-7.294689247207739591e+00,-1.674666041386611326e+01,-4.904814779502356004e+00,-3.905970000192738212e+00,-8.207052533947976514e+00,-3.425962722006798522e+00,-7.704692366697188710e+00,-1.971623895606504107e+01,-1.097175328693608165e+01,-5.220972190162749271e+00
-7.294689247207739591e+00,-1.674666041386611326e+01,-4.904814779502356004e+00,-3.905970000192738212e+00,-8.207052533947976514e+00,-3.425962722006798522e+00,-7.704692366697188710e+00,-2.069521876666361138e+01,-1.097175328693608165e+01,-5.220972190162749271e+00
-7.294689247207739591e+00,-1.674666041386611326e+01,-4.904814779502356004e+00,-3.905970000192738212e+00,-8.207052533947976514e+00,-3.425962722006798522e+00,-7.704692366697188710e+00,-2.069521876666361138e+01,-1.097175328693608165e+01,-5.220972190162749271e+00
-7.294689247207739591e+00,-1.674666041386611326e+01,-4.904814779502356004e+00,-3.905970000192738212e+00,-8.207052533947976514e+00,-3.425962722006798522e+00,-7.704692366697188710e+00,-2.069521876666361138e+01,-1.097175328693608165e+01,-5.220972190162749271e+00
-7.294689247207739591e+00,-1.674666041386611326e+01,-4.904814779502356004e+00,-3.905970000192738212e+00,-8.207052533947976514e+00,-3.425962722006798522e+00,-7.704692366697188710e+00,-2.157273007818792365e+01,-1.097175328693608165e+01,-5.220972190162749271e+00
-7.294689247207739591e+00,-1.674666041386611326e+01,-4.904814779502356004e+00,-3.905970000192738212e+00,-9.358986836233711415e+00,-3.425962722006798522e+00,-7.704692366697188710e+00,-2.235178330168650973e+01,-1.097175328693608165e+01,-5.220972190162749271e+00
-7.294689247207739591e+00,-1.674666041386611326e+01,-4.904814779502356004e+00,-3.905970000192738212e+00,-9.358986836233711415e+00,-3.425962722006798522e+00,-8.378943870869207444e+00,-2.235178330168650973e+01,-1.097175328693608165e+01,-5.220972190162749271e+00
-7.294689247207739591e+00,-1.674666041386611326e+01,-4.904814779502356004e+00,-3.905970000192738212e+00,-9.727640968162916124e+00,-3.425962722006798522e+00,-8.378943870869207444e+00,-2.235178330168650973e+01,-1.097175328693608165e+01,-5.220972190162749271e+00
-7.294689247207739591e+00,-1.674666041386611326e+01,-4.904814779502356004e+00,-3.905970000192738212e+00,-1.086548287883842612e+01,-3.425962722006798522e+00,-8.378943870869207444e+00,-2.235178330168650973e+01,-1.097175328693608165e+01,-5.220972190162749271e+00
-7.294689247207739591e+00,-1.674666041386611326e+01,-8.604209127797538770e+00,-3.905970000192738212e+00,-1.086548287883842612e+01,-3.425962722006798522e+00,-8.378943870869207444e+00,-2.235178330168650973e+01,-1.097175328693608165e+01,-5.220972190162749271e+00
-7.294689247207739591e+00,-1.674666041386611326e+01,-8.604209127797538770e+00,-3.905970000192738212e+00,-1.086548287883842612e+01,-3.425962722006798522e+00,-8.378943870869207444e+00,-2.235178330168650973e+01,-1.097175328693608165e+01,-5.220972190162749271e+00
-7.294689247207739591e+00,-1.674666041386611326e+01,-8.604209127797538770e+00,-3.905970000192738212e+00,-1.086548287883842612e+01,-3.616560298035747856e+00,-8.378943870869207444e+00,-2.235178330168650973e+01,-1.097175328693608165e+01,-5.220972190162749271e+00
-7.294689247207739591e+00,-1.674666041386611326e+01,-8.604209127797538770e+00,-3.905970000192738212e+00,-1.120840007648962811e+01,-3.616560298035747856e+00,-8.378943870869207444e+00,-2.235178330168650973e+01,-1.097175328693608165e+01,-5.220972190162749271e+00
-7.294689247207739591e+00,-1.674666041386611326e+01,-1.635526675269302999e+01,-3.905970000192738212e+00,-1.120840007648962811e+01,-3.616560298035747856e+00,-8.378943870869207444e+00,-2.235178330168650973e+01,-1.097175328693608165e+01,-5.220972190162749271e+00
-7.294689247207739591e+00,-1.674666041386611326e+01,-1.635526675269302999e+01,-3.905970000192738212e+00,-1.120840007648962811e+01,-3.616560298035747856e+00,-8.378943870869207444e+00,-2.235178330168650973e+01,-1.097175328693608165e+01,-5.220972190162749271e+00
-7.294689247207739591e+00,-1.674666041386611326e+01,-1.635526675269302999e+01,-3.905970000192738212e+00,-1.120840007648962811e+01,-3.616560298035747856e+00,-8.378943870869207444e+00,-2.235178330168650973e+01,-1.097175328693608165e+01,-5.220972190162749271e+00
-7.294689247207739591e+00,-1.674666041386611326e+01,-1.711970927138716903e+01,-3.905970000192738212e+00,-1.157328880886711531e+01,-3.616560298035747856e+00,-8.378943870869207444e+00,-2.235178330168650973e+01,-1.097175328693608165e+01,-5.220972190162749271e+00
-7.294689247207739591e+00,-1.674666041386611326e+01,-2.100532850553305408e+01,-3.905970000192738212e+00,-1.157328880886711531e+01,-3.616560298035747856e+00,-8.378943870869207444e+00,-2.235178330168650973e+01,-1.097175328693608165e+01,-5.220972190162749271e+00
-7.294689247207739591e+00,-1.674666041386611326e+01,-2.100532850553305408e+01,-3.905970000192738212e+00,-1.157328880886711531e+01,-3.616560298035747856e+00,-8.378943870869207444e+00,-2.235178330168650973e+01,-1.097175328693608165e+01,-5.220972190162749271e+00
-7.294689247207739591e+00,-1.674666041386611326e+01,-2.270310358445227195e+01,-3.905970000192738212e+00,-1.157328880886711531e+01,-3.856327893249442251e+00,-8.378943870869207444e+00,-2.235178330168650973e+01,-1.097175328693608165e+01,-5.220972190162749271e+00
-7.294689247207739591e+00,-1.674666041386611326e+01,-2.270310358445227195e+01,-3.905970000192738212e+00,-1.157328880886711531e+01,-3.856327893249442251e+00,-8.378943870869207444e+00,-2.235178330168650973e+01,-1.097175328693608165e+01,-5.220972190162749271e+00
-7.294689247207739591e+00,-1.674666041386611326e+01,-2.270310358445227195e+01,-3.905970000192738212e+00,-1.157328880886711531e+01,-3.856327893249442251e+00,-8.378943870869207444e+00,-2.235178330168650973e+01,-1.097175328693608165e+01,-5.220972190162749271e+00
-7.294689247207739591e+00,-1.861170395100069186e+01,-2.270310358445227195e+01,-3.905970000192738212e+00,-1.157328880886711531e+01,-3.856327893249442251e+00,-8.378943870869207444e+00,-2.235178330168650973e+01,-1.097175328693608165e+01,-5.220972190162749271e+00
-7.294689247207739591e+00,-2.652285726639017582e+01,-2.302680842897938973e+01,-4.188343456994162217e+00,-1.157328880886711531e+01,-3.856327893249442251e+00,-8.378943870869207444e+00,-2.235178330168650973e+01,-1.097175328693608165e+01,-5.220972190162749271e+00
-7.294689247207739591e+00,-2.652285726639017582e+01,-2.302680842897938973e+01,-5.028769156609739888e+00,-1.157328880886711531e+01,-4.616293581711342853e+00,-8.378943870869207444e+00,-2.235178330168650973e+01,-1.097175328693608165e+01,-5.857812910278484608e+00
-7.294689247207739591e+00,-2.652285726639017582e+01,-2.558955882996513509e+01,-5.028769156609739888e+00,-1.157328880886711531e+01,-4.616293581711342853e+00,-8.378943870869207444e+00,-2.235178330168650973e+01,-1.097175328693608165e+01,-5.857812910278484608e+00
-7.294689247207739591e+00,-2.652285726639017582e+01,-2.635597032423871511e+01,-5.028769156609739888e+00,-1.186368773887816452e+01,-4.616293581711342853e+00,-8.378943870869207444e+00,-2.235178330168650973e+01,-1.097175328693608165e+01,-6.651371776248796053e+00
-7.294689247207739591e+00,-2.652285726639017582e+01,-2.635597032423871511e+01,-5.028769156609739888e+00,-1.211275970900166321e+01,-4.616293581711342853e+00,-8.378943870869207444e+00,-2.235178330168650973e+01,-1.097175328693608165e+01,-8.404496521635969941e+00
-7.294689247207739591e+00,-2.652285726639017582e+01,-2.635597032423871511e+01,-5.028769156609739888e+00,-1.502182370084283569e+01,-4.616293581711342853e+00,-8.378943870869207444e+00,-2.235178330168650973e+01,-1.097175328693608165e+01,-8.404496521635969941e+00
-7.294689247207739591e+00,-2.652285726639017582e+01,-2.635597032423871511e+01,-5.028769156609739888e+00,-1.502182370084283569e+01,-4.616293581711342853e+00,-8.378943870869207444e+00,-2.235178330168650973e+01,-1.097175328693608165e+01,-8.404496521635969941e+00
-7.294689247207739591e+00,-2.652285726639017582e+01,-3.224419600544805320e+01,-5.028769156609739888e+00,-1.502182370084283569e+01,-4.616293581711342853e+00,-8.378943870869207444e+00,-2.235178330168650973e+01,-1.097175328693608165e+01,-8.404496521635969941e+00
-7.294689247207739591e+00,-2.652285726639017582e+01,-3.224419600544805320e+01,-5.028769156609739888e+00,-1.502182370084283569e+01,-4.616293581711342853e+00,-8.378943870869207444e+00,-2.235178330168650973e+01,-1.097175328693608165e+01,-8.404496521635969941e+00
-7.294689247207739591e+00,-2.652285726639017582e+01,-3.224419600544805320e+01,-5.028769156609739888e+00,-1.710684301782995931e+01,-4.616293581711342853e+00,-8.378943870869207444e+00,-2.235178330168650973e+01,-1.097175328693608165e+01,-8.404496521635969941e+00
-7.294689247207739591e+00,-2.652285726639017582e+01,-3.224419600544805320e+01,-5.028769156609739888e+00,-1.710684301782995931e+01,-4.616293581711342853e+00,-9.114498426267729769e+00,-2.235178330168650973e+01,-1.097175328693608165e+01,-8.404496521635969941e+00
-7.294689247207739591e+00,-2.652285726639017582e+01,-3.311770184452875299e+01,-5.028769156609739888e+00,-1.710684301782995931e+01,-4.616293581711342853e+00,-9.114498426267729769e+00,-2.235178330168650973e+01,-1.097175328693608165e+01,-8.404496521635969941e+00
-7.294689247207739591e+00,-2.652285726639017582e+01,-3.311770184452875299e+01,-5.028769156609739888e+00,-1.710684301782995931e+01,-4.616293581711342853e+00,-1.239922687718161498e+01,-2.309675820106969013e+01,-1.097175328693608165e+01,-8.404496521635969941e+00
-7.294689247207739591e+00,-2.652285726639017582e+01,-3.311770184452875299e+01,-5.028769156609739888e+00,-1.710684301782995931e+01,-4.616293581711342853e+00,-1.239922687718161498e+01,-2.309675820106969013e+01,-1.097175328693608165e+01,-8.404496521635969941e+00
-7.294689247207739591e+00,-2.652285726639017582e+01,-3.311770184452875299e+01,-5.028769156609739888e+00,-1.710684301782995931e+01,-4.616293581711342853e+00,-1.239922687718161498e+01,-2.309675820106969013e+01,-1.097175328693608165e+01,-8.404496521635969941e+00
-7.294689247207739591e+00,-2.652285726639017582e+01,-3.311770184452875299e+01,-5.028769156609739888e+00,-1.710684301782995931e+01,-4.616293581711342853e+00,-1.239922687718161498e+01,-2.309675820106969013e+01,-1.097175328693608165e+01,-8.404496521635969941e+00
-7.294689247207739591e+00,-2.652285726639017582e+01,-3.311770184452875299e+01,-5.028769156609739888e+00,-1.710684301782995931e+01,-4.616293581711342853e+00,-1.239922687718161498e+01,-2.309675820106969013e+01,-1.097175328693608165e+01,-8.404496521635969941e+00
-7.294689247207739591e+00,-2.652285726639017582e+01,-3.311770184452875299e+01,-5.028769156609739888e+00,-1.710684301782995931e+01,-4.616293581711342853e+00,-1.239922687718161498e+01,-2.309675820106969013e+01,-1.097175328693608165e+01,-8.404496521635969941e+00
-7.294689247207739591e+00,-2.652285726639017582e+01,-3.311770184452875299e+01,-5.172638919768485444e+00,-1.710684301782995931e+01,-4.616293581711342853e+00,-1.239922687718161498e+01,-2.309675820106969013e+01,-1.097175328693608165e+01,-8.404496521635969941e+00
-7.294689247207739591e+00,-2.652285726639017582e+01,-3.311770184452875299e+01,-5.172638919768485444e+00,-1.710684301782995931e+01,-4.616293581711342853e+00,-1.314026420669216044e+01,-2.309675820106969013e+01,-1.097175328693608165e+01,-8.404496521635969941e+00
-7.294689247207739591e+00,-2.652285726639017582e+01,-3.311770184452875299e+01,-5.172638919768485444e+00,-1.710684301782995931e+01,-4.616293581711342853e+00,-1.314026420669216044e+01,-2.309675820106969013e+01,-1.097175328693608165e+01,-8.404496521635969941e+00
-7.294689247207739591e+00,-2.652285726639017582e+01,-3.311770184452875299e+01,-5.172638919768485444e+00,-1.710684301782995931e+01,-4.616293581711342853e+00,-1.314026420669216044e+01,-2.309675820106969013e+01,-1.097175328693608165e+01,-8.404496521635969941e+00
-7.294689247207739591e+00,-2.652285726639017582e+01,-3.311770184452875299e+01,-5.172638919768485444e+00,-1.710684301782995931e+01,-4.616293581711342853e+00,-1.314026420669216044e+01,-2.309675820106969013e+01,-1.097175328693608165e+01,-8.404496521635969941e+00
-7.294689247207739591e+00,-2.652285726639017582e+01,-3.311770184452875299e+01,-5.172638919768485444e+00,-1.710684301782995931e+01,-4.616293581711342853e+00,-1.314026420669216044e+01,-2.309675820106969013e+01,-1.097175328693608165e+01,-8.404496521635969941e+00
-7.294689247207739591e+00,-2.652285726639017582e+01,-3.311770184452875299e+01,-5.172638919768485444e+00,-1.710684301782995931e+01,-4.616293581711342853e+00,-1.314026420669216044e+01,-2.309675820106969013e+01,-1.097175328693608165e+01,-8.404496521635969941e+00
-7.294689247207739591e+00,-2.652285726639017582e+01,-3.311770184452875299e+01,-5.172638919768485444e+00,-1.710684301782995931e+01,-4.616293581711342853e+00,-1.314026420669216044e+01,-2.309675820106969013e+01,-1.097175328693608165e+01,-8.404496521635969941e+00
-7.294689247207739591e+00,-2.652285726639017582e+01,-3.311770184452875299e+01,-5.172638919768485444e+00,-1.710684301782995931e+01,-4.616293581711342853e+00,-1.314026420669216044e+01,-2.309675820106969013e+01,-1.097175328693608165e+01,-8.404496521635969941e+00
-7.294689247207739591e+00,-2.652285726639017582e+01,-3.311770184452875299e+01,-5.172638919768485444e+00,-1.710684301782995931e+01,-4.616293581711342853e+00,-1.554999750811025372e+01,-2.309675820106969013e+01,-1.097175328693608165e+01,-8.404496521635969941e+00
-7.294689247207739591e+00,-2.652285726639017582e+01,-3.311770184452875299e+01,-5.172638919768485444e+00,-1.710684301782995931e+01,-4.616293581711342853e+00,-1.554999750811025372e+01,-2.309675820106969013e+01,-1.097175328693608165e+01,-8.404496521635969941e+00
-7.294689247207739591e+00,-2.652285726639017582e+01,-3.311770184452875299e+01,-5.172638919768485444e+00,-1.710684301782995931e+01,-4.616293581711342853e+00,-1.554999750811025372e+01,-2.309675820106969013e+01,-1.097175328693608165e+01,-8.404496521635969941e+00
-7.294689247207739591e+00,-2.652285726639017582e+01,-3.311770184452875299e+01,-5.172638919768485444e+00,-1.710684301782995931e+01,-4.616293581711342853e+00,-1.554999750811025372e+01,-2.309675820106969013e+01,-1.097175328693608165e+01,-8.404496521635969941e+00
-7.294689247207739591e+00,-2.652285726639017582e+01,-3.311770184452875299e+01,-5.172638919768485444e+00,-1.710684301782995931e+01,-4.616293581711342853e+00,-1.554999750811025372e+01,-2.309675820106969013e+01,-1.097175328693608165e+01,-8.404496521635969941e+00
-7.294689247207739591e+00,-2.652285726639017582e+01,-3.311770184452875299e+01,-5.172638919768485444e+00,-1.710684301782995931e+01,-4.616293581711342853e+00,-1.554999750811025372e+01,-2.309675820106969013e+01,-1.097175328693608165e+01,-8.404496521635969941e+00
-7.294689247207739591e+00,-2.652285726639017582e+01,-3.311770184452875299e+01,-5.172638919768485444e+00,-1.710684301782995931e+01,-4.616293581711342853e+00,-1.554999750811025372e+01,-2.309675820106969013e+01,-1.097175328693608165e+01,-8.404496521635969941e+00
-7.294689247207739591e+00,-2.652285726639017582e+01,-3.311770184452875299e+01,-5.172638919768485444e+00,-1.710684301782995931e+01,-4.616293581711342853e+00,-1.554999750811025372e+01,-2.309675820106969013e+01,-1.097175328693608165e+01,-8.404496521635969941e+00
-7.294689247207739591e+00,-2.652285726639017582e+01,-3.311770184452875299e+01,-5.172638919768485444e+00,-1.710684301782995931e+01,-4.616293581711342853e+00,-1.875590473291171989e+01,-2.309675820106969013e+01,-1.097175328693608165e+01,-8.404496521635969941e+00
-7.294689247207739591e+00,-2.652285726639017582e+01,-3.311770184452875299e+01,-5.172638919768485444e+00,-1.710684301782995931e+01,-4.616293581711342853e+00,-1.875590473291171989e+01,-2.309675820106969013e+01,-1.097175328693608165e+01,-8.404496521635969941e+00
-7.294689247207739591e+00,-2.652285726639017582e+01,-3.311770184452875299e+01,-5.172638919768485444e+00,-1.710684301782995931e+01,-4.616293581711342853e+00,-1.875590473291171989e+01,-2.309675820106969013e+01,-1.097175328693608165e+01,-8.404496521635969941e+00
-7.294689247207739591e+00,-2.652285726639017582e+01,-3.311770184452875299e+01,-5.172638919768485444e+00,-1.710684301782995931e+01,-4.616293581711342853e+00,-1.875590473291171989e+01,-2.309675820106969013e+01,-1.097175328693608165e+01,-8.404496521635969941e+00
-7.294689247207739591e+00,-2.652285726639017582e+01,-3.311770184452875299e+01,-5.172638919768485444e+00,-1.710684301782995931e+01,-4.616293581711342853e+00,-1.875590473291171989e+01,-2.309675820106969013e+01,-1.097175328693608165e+01,-8.404496521635969941e+00
-7.294689247207739591e+00,-2.652285726639017582e+01,-3.311770184452875299e+01,-5.172638919768485444e+00,-1.710684301782995931e+01,-4.616293581711342853e+00,-1.875590473291171989e+01,-2.309675820106969013e+01,-1.097175328693608165e+01,-8.404496521635969941e+00
-7.294689247207739591e+00,-2.652285726639017582e+01,-3.311770184452875299e+01,-5.172638919768485444e+00,-1.710684301782995931e+01,-4.616293581711342853e+00,-1.875590473291171989e+01,-2.309675820106969013e+01,-1.097175328693608165e+01,-1.009271906790722362e+01
-7.294689247207739591e+00,-2.652285726639017582e+01,-3.311770184452875299e+01,-5.172638919768485444e+00,-1.710684301782995931e+01,-4.616293581711342853e+00,-1.875590473291171989e+01,-2.309675820106969013e+01,-1.097175328693608165e+01,-1.009271906790722362e+01
-7.294689247207739591e+00,-2.652285726639017582e+01,-3.311770184452875299e+01,-5.172638919768485444e+00,-1.710684301782995931e+01,-4.616293581711342853e+00,-1.875590473291171989e+01,-2.309675820106969013e+01,-1.097175328693608165e+01,-1.009271906790722362e+01
-7.294689247207739591e+00,-2.652285726639017582e+01,-3.311770184452875299e+01,-5.172638919768485444e+00,-1.710684301782995931e+01,-4.616293581711342853e+00,-1.875590473291171989e+01,-2.309675820106969013e+01,-1.097175328693608165e+01,-1.009271906790722362e+01
-7.294689247207739591e+00,-2.652285726639017582e+01,-3.311770184452875299e+01,-5.172638919768485444e+00,-1.710684301782995931e+01,-4.616293581711342853e+00,-1.875590473291171989e+01,-2.309675820106969013e+01,-1.097175328693608165e+01,-1.009271906790722362e+01
-7.294689247207739591e+00,-2.652285726639017582e+01,-3.311770184452875299e+01,-5.172638919768485444e+00,-1.710684301782995931e+01,-4.616293581711342853e+00,-1.875590473291171989e+01,-2.309675820106969013e+01,-1.097175328693608165e+01,-1.009271906790722362e+01
-7.294689247207739591e+00,-2.652285726639017582e+01,-3.311770184452875299e+01,-5.172638919768485444e+00,-1.710684301782995931e+01,-4.616293581711342853e+00,-1.875590473291171989e+01,-2.309675820106969013e+01,-1.097175328693608165e+01,-1.009271906790722362e+01
-7.294689247207739591e+00,-2.652285726639017582e+01,-3.311770184452875299e+01,-5.172638919768485444e+00,-1.710684301782995931e+01,-4.616293581711342853e+00,-1.875590473291171989e+01,-2.309675820106969013e+01,-1.097175328693608165e+01,-1.009271906790722362e+01
-7.294689247207739591e+00,-2.652285726639017582e+01,-3.311770184452875299e+01,-5.172638919768485444e+00,-1.710684301782995931e+01,-4.616293581711342853e+00,-1.875590473291171989e+01,-2.309675820106969013e+01,-1.097175328693608165e+01,-1.009271906790722362e+01
-7.294689247207739591e+00,-2.652285726639017582e+01,-3.311770184452875299e+01,-5.172638919768485444e+00,-1.710684301782995931e+01,-4.616293581711342853e+00,-1.875590473291171989e+01,-2.309675820106969013e+01,-1.097175328693608165e+01,-1.009271906790722362e+01
-7.294689247207739591e+00,-2.652285726639017582e+01,-3.311770184452875299e+01,-5.172638919768485444e+00,-1.710684301782995931e+01,-4.616293581711342853e+00,-1.875590473291171989e+01,-2.309675820106969013e+01,-1.097175328693608165e+01,-1.009271906790722362e+01
-7.294689247207739591e+00,-2.652285726639017582e+01,-3.311770184452875299e+01,-5.172638919768485444e+00,-1.710684301782995931e+01,-4.616293581711342853e+00,-1.875590473291171989e+01,-2.309675820106969013e+01,-1.097175328693608165e+01,-1.009271906790722362e+01
-7.294689247207739591e+00,-2.652285726639017582e+01,-3.311770184452875299e+01,-5.172638919768485444e+00,-1.710684301782995931e+01,-4.616293581711342853e+00,-1.875590473291171989e+01,-2.309675820106969013e+01,-1.097175328693608165e+01,-1.009271906790722362e+01
-7.294689247207739591e+00,-2.652285726639017582e+01,-3.311770184452875299e+01,-5.172638919768485444e+00,-1.710684301782995931e+01,-4.616293581711342853e+00,-1.875590473291171989e+01,-2.309675820106969013e+01,-1.097175328693608165e+01,-1.009271906790722362e+01
-7.294689247207739591e+00,-2.652285726639017582e+01,-3.311770184452875299e+01,-5.172638919768485444e+00,-1.710684301782995931e+01,-4.616293581711342853e+00,-1.875590473291171989e+01,-2.309675820106969013e+01,-1.097175328693608165e+01,-1.009271906790722362e+01
-7.294689247207739591e+00,-3.426264895896475338e+01,-3.311770184452875299e+01,-5.172638919768485444e+00,-1.710684301782995931e+01,-4.616293581711342853e+00,-1.875590473291171989e+01,-2.309675820106969013e+01,-1.097175328693608165e+01,-1.009271906790722362e+01
-7.294689247207739591e+00,-3.426264895896475338e+01,-3.311770184452875299e+01,-5.172638919768485444e+00,-1.710684301782995931e+01,-4.616293581711342853e+00,-1.875590473291171989e+01,-2.309675820106969013e+01,-1.097175328693608165e+01,-1.009271906790722362e+01
-7.294689247207739591e+00,-3.426264895896475338e+01,-3.311770184452875299e+01,-5.172638919768485444e+00,-1.710684301782995931e+01,-4.616293581711342853e+00,-1.875590473291171989e+01,-2.309675820106969013e+01,-1.097175328693608165e+01,-1.009271906790722362e+01
-7.294689247207739591e+00,-3.426264895896475338e+01,-3.311770184452875299e+01,-5.172638919768485444e+00,-1.710684301782995931e+01,-4.616293581711342853e+00,-1.875590473291171989e+01,-2.309675820106969013e+01,-1.097175328693608165e+01,-1.009271906790722362e+01
-7.294689247207739591e+00,-3.426264895896475338e+01,-3.311770184452875299e+01,-5.172638919768485444e+00,-1.710684301782995931e+01,-4.616293581711342853e+00,-1.875590473291171989e+01,-2.309675820106969013e+01,-1.097175328693608165e+01,-1.009271906790722362e+01
-7.294689247207739591e+00,-3.426264895896475338e+01,-3.311770184452875299e+01,-5.172638919768485444e+00,-1.710684301782995931e+01,-4.616293581711342853e+00,-1.875590473291171989e+01,-2.309675820106969013e+01,-1.097175328693608165e+01,-1.009271906790722362e+01
-7.294689247207739591e+00,-3.426264895896475338e+01,-3.311770184452875299e+01,-5.172638919768485444e+00,-1.710684301782995931e+01,-4.616293581711342853e+00,-1.875590473291171989e+01,-2.309675820106969013e+01,-1.097175328693608165e+01,-1.009271906790722362e+01
-7.294689247207739591e+00,-3.426264895896475338e+01,-3.311770184452875299e+01,-5.172638919768485444e+00,-1.710684301782995931e+01,-4.616293581711342853e+00,-1.875590473291171989e+01,-2.309675820106969013e+01,-1.097175328693608165e+01,-1.009271906790722362e+01
-7.294689247207739591e+00,-3.426264895896475338e+01,-3.311770184452875299e+01,-5.172638919768485444e+00,-1.710684301782995931e+01,-4.616293581711342853e+00,-1.875590473291171989e+01,-2.309675820106969013e+01,-1.097175328693608165e+01,-1.009271906790722362e+01
-7.294689247207739591e+00,-3.426264895896475338e+01,-3.311770184452875299e+01,-5.172638919768485444e+00,-1.710684301782995931e+01,-4.616293581711342853e+00,-1.875590473291171989e+01,-2.309675820106969013e+01,-1.097175328693608165e+01,-1.009271906790722362e+01
-7.294689247207739591e+00,-3.426264895896475338e+01,-3.311770184452875299e+01,-5.172638919768485444e+00,-1.710684301782995931e+01,-4.616293581711342853e+00,-1.875590473291171989e+01,-2.309675820106969013e+01,-1.097175328693608165e+01,-1.009271906790722362e+01
-7.294689247207739591e+00,-3.426264895896475338e+01,-3.311770184452875299e+01,-5.172638919768485444e+00,-1.710684301782995931e+01,-4.616293581711342853e+00,-1.875590473291171989e+01,-2.309675820106969013e+01,-1.097175328693608165e+01,-1.009271906790722362e+01
-7.294689247207739591e+00,-3.426264895896475338e+01,-3.311770184452875299e+01,-5.172638919768485444e+00,-1.710684301782995931e+01,-4.616293581711342853e+00,-1.875590473291171989e+01,-2.309675820106969013e+01,-1.097175328693608165e+01,-1.009271906790722362e+01
-7.294689247207739591e+00,-3.426264895896475338e+01,-3.311770184452875299e+01,-5.172638919768485444e+00,-1.710684301782995931e+01,-4.616293581711342853e+00,-1.875590473291171989e+01,-2.309675820106969013e+01,-1.097175328693608165e+01,-1.009271906790722362e+01
-7.642644781826136047e+00,-3.426264895896475338e+01,-3.311770184452875299e+01,-5.172638919768485444e+00,-1.710684301782995931e+01,-4.616293581711342853e+00,-1.875590473291171989e+01,-2.309675820106969013e+01,-1.097175328693608165e+01,-1.009271906790722362e+01
-7.642644781826136047e+00,-3.426264895896475338e+01,-3.311770184452875299e+01,-5.172638919768485444e+00,-1.710684301782995931e+01,-4.616293581711342853e+00,-1.875590473291171989e+01,-2.309675820106969013e+01,-1.097175328693608165e+01,-1.009271906790722362e+01
-7.642644781826136047e+00,-3.426264895896475338e+01,-3.311770184452875299e+01,-5.172638919768485444e+00,-1.710684301782995931e+01,-1.060553400288077164e+01,-1.875590473291171989e+01,-2.309675820106969013e+01,-1.097175328693608165e+01,-1.009271906790722362e+01
-7.642644781826136047e+00,-3.426264895896475338e+01,-3.311770184452875299e+01,-5.172638919768485444e+00,-1.710684301782995931e+01,-1.060553400288077164e+01,-1.875590473291171989e+01,-2.309675820106969013e+01,-1.097175328693608165e+01,-1.009271906790722362e+01
-7.642644781826136047e+00,-3.426264895896475338e+01,-3.311770184452875299e+01,-5.172638919768485444e+00,-1.710684301782995931e+01,-1.060553400288077164e+01,-1.875590473291171989e+01,-2.309675820106969013e+01,-1.097175328693608165e+01,-1.009271906790722362e+01
-7.642644781826136047e+00,-3.426264895896475338e+01,-3.311770184452875299e+01,-5.172638919768485444e+00,-1.710684301782995931e+01,-1.060553400288077164e+01,-1.875590473291171989e+01,-2.309675820106969013e+01,-1.097175328693608165e+01,-1.009271906790722362e+01
-7.642644781826136047e+00,-3.426264895896475338e+01,-3.311770184452875299e+01,-5.172638919768485444e+00,-1.710684301782995931e+01,-1.060553400288077164e+01,-1.875590473291171989e+01,-2.309675820106969013e+01,-1.097175328693608165e+01,-1.009271906790722362e+01
-7.642644781826136047e+00,-3.426264895896475338e+01,-3.311770184452875299e+01,-5.172638919768485444e+00,-1.710684301782995931e+01,-1.060553400288077164e+01,-1.875590473291171989e+01,-2.309675820106969013e+01,-1.097175328693608165e+01,-1.102531641833132170e+01
-7.642644781826136047e+00,-3.426264895896475338e+01,-3.311770184452875299e+01,-5.172638919768485444e+00,-1.710684301782995931e+01,-1.060553400288077164e+01,-1.875590473291171989e+01,-2.309675820106969013e+01,-1.097175328693608165e+01,-1.102531641833132170e+01
-7.642644781826136047e+00,-3.426264895896475338e+01,-3.311770184452875299e+01,-5.172638919768485444e+00,-1.710684301782995931e+01,-1.060553400288077164e+01,-1.875590473291171989e+01,-2.376554279342988707e+01,-1.097175328693608165e+01,-1.102531641833132170e+01
-7.642644781826136047e+00,-3.426264895896475338e+01,-3.311770184452875299e+01,-5.172638919768485444e+00,-1.710684301782995931e+01,-1.060553400288077164e+01,-1.875590473291171989e+01,-2.376554279342988707e+01,-1.097175328693608165e+01,-1.102531641833132170e+01
-7.642644781826136047e+00,-3.426264895896475338e+01,-3.311770184452875299e+01,-5.172638919768485444e+00,-1.710684301782995931e+01,-1.060553400288077164e+01,-1.875590473291171989e+01,-2.376554279342988707e+01,-1.097175328693608165e+01,-1.102531641833132170e+01
-7.666671235465359224e+00,-3.426264895896475338e+01,-3.311770184452875299e+01,-5.172638919768485444e+00,-1.710684301782995931e+01,-1.060553400288077164e+01,-1.875590473291171989e+01,-2.376554279342988707e+01,-1.097175328693608165e+01,-1.102531641833132170e+01
-7.666671235465359224e+00,-3.426264895896475338e+01,-3.311770184452875299e+01,-5.172638919768485444e+00,-1.710684301782995931e+01,-1.060553400288077164e+01,-1.875590473291171989e+01,-2.376554279342988707e+01,-1.097175328693608165e+01,-1.102531641833132170e+01
-7.924880953924641425e+00,-3.426264895896475338e+01,-3.311770184452875299e+01,-5.172638919768485444e+00,-1.710684301782995931e+01,-1.060553400288077164e+01,-1.875590473291171989e+01,-2.376554279342988707e+01,-1.097175328693608165e+01,-1.102531641833132170e+01
-7.924880953924641425e+00,-3.426264895896475338e+01,-3.311770184452875299e+01,-5.172638919768485444e+00,-1.710684301782995931e+01,-1.060553400288077164e+01,-1.875590473291171989e+01,-2.376554279342988707e+01,-1.097175328693608165e+01,-1.102531641833132170e+01
-7.924880953924641425e+00,-3.426264895896475338e+01,-3.311770184452875299e+01,-5.172638919768485444e+00,-1.710684301782995931e+01,-1.060553400288077164e+01,-1.875590473291171989e+01,-2.376554279342988707e+01,-1.097175328693608165e+01,-1.102531641833132170e+01
-7.924880953924641425e+00,-3.426264895896475338e+01,-3.311770184452875299e+01,-5.172638919768485444e+00,-1.710684301782995931e+01,-1.060553400288077164e+01,-1.875590473291171989e+01,-2.376554279342988707e+01,-1.097175328693608165e+01,-1.329266597959500196e+01
-7.924880953924641425e+00,-3.426264895896475338e+01,-3.311770184452875299e+01,-5.172638919768485444e+00,-1.710684301782995931e+01,-1.060553400288077164e+01,-1.875590473291171989e+01,-2.376554279342988707e+01,-1.097175328693608165e+01,-1.329266597959500196e+01
-7.924880953924641425e+00,-3.426264895896475338e+01,-3.311770184452875299e+01,-5.172638919768485444e+00,-1.710684301782995931e+01,-1.060553400288077164e+01,-1.875590473291171989e+01,-2.376554279342988707e+01,-1.097175328693608165e+01,-1.854665302102337776e+01
-7.930703486621988318e+00,-3.426264895896475338e+01,-3.311770184452875299e+01,-5.172638919768485444e+00,-1.710684301782995931e+01,-1.060553400288077164e+01,-1.875590473291171989e+01,-2.376554279342988707e+01,-1.097175328693608165e+01,-1.854665302102337776e+01
-7.930703486621988318e+00,-3.426264895896475338e+01,-3.311770184452875299e+01,-5.172638919768485444e+00,-1.710684301782995931e+01,-1.060553400288077164e+01,-1.875590473291171989e+01,-2.376554279342988707e+01,-1.097175328693608165e+01,-1.854665302102337776e+01
-7.930703486621988318e+00,-3.426264895896475338e+01,-3.311770184452875299e+01,-5.172638919768485444e+00,-1.710684301782995931e+01,-1.060553400288077164e+01,-1.875590473291171989e+01,-2.376554279342988707e+01,-1.097175328693608165e+01,-1.854665302102337776e+01
-7.930703486621988318e+00,-3.426264895896475338e+01,-3.311770184452875299e+01,-5.172638919768485444e+00,-1.710684301782995931e+01,-1.060553400288077164e+01,-1.875590473291171989e+01,-2.376554279342988707e+01,-1.097175328693608165e+01,-1.854665302102337776e+01
-7.930703486621988318e+00,-3.426264895896475338e+01,-3.311770184452875299e+01,-5.172638919768485444e+00,-1.710684301782995931e+01,-1.060553400288077164e+01,-1.875590473291171989e+01,-2.376554279342988707e+01,-1.097175328693608165e+01,-2.078497334938197483e+01
-7.930703486621988318e+00,-3.426264895896475338e+01,-3.311770184452875299e+01,-5.172638919768485444e+00,-1.710684301782995931e+01,-1.060553400288077164e+01,-1.875590473291171989e+01,-2.376554279342988707e+01,-1.097175328693608165e+01,-2.078497334938197483e+01
-7.930703486621988318e+00,-3.426264895896475338e+01,-3.311770184452875299e+01,-5.172638919768485444e+00,-1.710684301782995931e+01,-1.060553400288077164e+01,-1.875590473291171989e+01,-2.376554279342988707e+01,-1.097175328693608165e+01,-2.078497334938197483e+01
-7.930703486621988318e+00,-3.426264895896475338e+01,-3.311770184452875299e+01,-5.172638919768485444e+00,-1.710684301782995931e+01,-1.060553400288077164e+01,-1.875590473291171989e+01,-2.376554279342988707e+01,-1.097175328693608165e+01,-2.078497334938197483e+01
-7.930703486621988318e+00,-3.426264895896475338e+01,-3.311770184452875299e+01,-5.172638919768485444e+00,-1.710684301782995931e+01,-1.060553400288077164e+01,-1.875590473291171989e+01,-2.376554279342988707e+01,-1.097175328693608165e+01,-2.078497334938197483e+01
-7.930703486621988318e+00,-3.426264895896475338e+01,-3.311770184452875299e+01,-5.172638919768485444e+00,-1.710684301782995931e+01,-1.060553400288077164e+01,-1.875590473291171989e+01,-2.376554279342988707e+01,-1.097175328693608165e+01,-2.078497334938197483e+01
-7.930703486621988318e+00,-3.426264895896475338e+01,-3.311770184452875299e+01,-5.172638919768485444e+00,-1.710684301782995931e+01,-1.060553400288077164e+01,-1.875590473291171989e+01,-2.376554279342988707e+01,-1.097175328693608165e+01,-2.078497334938197483e+01
-7.930703486621988318e+00,-3.426264895896475338e+01,-3.311770184452875299e+01,-5.172638919768485444e+00,-1.710684301782995931e+01,-1.060553400288077164e+01,-1.875590473291171989e+01,-2.376554279342988707e+01,-1.097175328693608165e+01,-2.078497334938197483e+01
-7.930703486621988318e+00,-3.426264895896475338e+01,-3.311770184452875299e+01,-5.172638919768485444e+00,-1.710684301782995931e+01,-1.060553400288077164e+01,-1.875590473291171989e+01,-2.376554279342988707e+01,-1.097175328693608165e+01,-2.078497334938197483e+01
