3.195344547153891341e-03,-1.447740221571571506e-01,3.873478173269990332e+00,-9.541819843183167379e-03,-1.756490325280221296e-02
-1.193331258714153131e-02,-1.458436064039439761e-01,3.728513739779120595e+00,-2.572047796990330204e-02,-1.756490325280221296e-02
-1.193331258714153131e-02,-1.458436064039439761e-01,-3.578824650548386721e+00,-2.592990455713317655e-02,-1.466201289430676680e-01
-1.193331258714153131e-02,-1.458983429557512423e-01,-5.071011681925254422e+00,-2.592990455713317655e-02,-1.466201289430676680e-01
-1.193331258714153131e-02,-1.458983429557512423e-01,-5.071011681925254422e+00,-2.592990455713317655e-02,-1.466201289430676680e-01
-8.470535938864304226e-01,-1.458983429557512423e-01,-5.071011681925254422e+00,-2.592990455713317655e-02,-1.466201289430676680e-01
-8.470535938864304226e-01,-1.458983429557512423e-01,-5.071011681925254422e+00,-2.592990455713317655e-02,-1.466201289430676680e-01
-8.470535938864304226e-01,-1.911301769383258742e-01,-5.071011681925254422e+00,-2.592990455713317655e-02,-1.466201289430676680e-01
-9.313972257623096551e-01,-1.911301769383258742e-01,-5.071011681925254422e+00,-2.592990455713317655e-02,-1.466201289430676680e-01
-9.528619679156193900e-01,-1.923043622731855362e-01,-5.754368535784158745e+00,-2.592990455713317655e-02,-1.466201289430676680e-01
-9.658083654792608552e-01,-1.923043622731855362e-01,-5.754368535784158745e+00,-2.592990455713317655e-02,-1.466201289430676680e-01
-9.658083654792608552e-01,-1.923043622731855362e-01,-5.754368535784158745e+00,-2.592990455713317655e-02,-1.466201289430676680e-01
-9.658083654792608552e-01,-2.004310287047975370e-01,-6.499095050403546736e+00,-2.592990455713317655e-02,-1.824972357390522160e-01
-9.658083654792608552e-01,-2.004310287047975370e-01,-6.499095050403546736e+00,-2.594311401291502645e-02,-1.824972357390522160e-01
-1.170378099980904141e+00,-2.004310287047975370e-01,-7.569185045448755034e+00,-2.594311401291502645e-02,-1.824972357390522160e-01
-1.170378099980904141e+00,-2.004310287047975370e-01,-7.569185045448755034e+00,-2.594311401291502645e-02,-1.824972357390522160e-01
-1.224185072604983215e+00,-2.004310287047975370e-01,-7.569185045448755034e+00,-2.594311401291502645e-02,-1.824972357390522160e-01
-1.224185072604983215e+00,-2.004310287047975370e-01,-9.812815914898473935e+00,-2.594311401291502645e-02,-1.824972357390522160e-01
-1.224185072604983215e+00,-2.004310287047975370e-01,-9.812815914898473935e+00,-2.594311401291502645e-02,-1.824972357390522160e-01
-1.224185072604983215e+00,-2.413673751668815315e-01,-9.812815914898473935e+00,-2.594311401291502645e-02,-1.824972357390522160e-01
-1.224185072604983215e+00,-2.436875830474789784e-01,-9.812815914898473935e+00,-2.594311401291502645e-02,-1.824972357390522160e-01
-1.224185072604983215e+00,-2.440087872206459785e-01,-9.812815914898473935e+00,-2.594311401291502645e-02,-1.824972357390522160e-01
-1.224185072604983215e+00,-2.440087872206459785e-01,-9.812815914898473935e+00,-2.594311401291502645e-02,-2.391580072468701967e-01
-1.224185072604983215e+00,-2.440087872206459785e-01,-9.812815914898473935e+00,-2.594311401291502645e-02,-2.391580072468701967e-01
-1.224185072604983215e+00,-2.440087872206459785e-01,-9.812815914898473935e+00,-2.594311401291502645e-02,-2.391580072468701967e-01
-1.224185072604983215e+00,-2.558631576405941410e-01,-9.812815914898473935e+00,-2.594311401291502645e-02,-2.391580072468701967e-01
-1.224325924801061616e+00,-2.558631576405941410e-01,-1.188059171395496705e+01,-2.594311401291502645e-02,-2.391580072468701967e-01
-1.237357551566820923e+00,-2.558631576405941410e-01,-1.188059171395496705e+01,-2.594311401291502645e-02,-1.097320458234770202e+00
-1.237357551566820923e+00,-2.558631576405941410e-01,-1.188059171395496705e+01,-2.594311401291502645e-02,-1.235683651690131724e+00
-1.237357551566820923e+00,-2.558631576405941410e-01,-1.188059171395496705e+01,-2.594311401291502645e-02,-1.235683651690131724e+00
-1.237357551566820923e+00,-2.558631576405941410e-01,-1.188059171395496705e+01,-2.594311401291502645e-02,-1.235683651690131724e+00
-1.387860721009629428e+00,-2.558631576405941410e-01,-1.188059171395496705e+01,-2.594311401291502645e-02,-1.235683651690131724e+00
-1.434627254592477197e+00,-2.558631576405941410e-01,-1.188059171395496705e+01,-2.594311401291502645e-02,-1.235683651690131724e+00
-1.434627254592477197e+00,-2.558631576405941410e-01,-1.280500172950184457e+01,-2.594311401291502645e-02,-1.235683651690131724e+00
-1.434627254592477197e+00,-2.558631576405941410e-01,-1.280500172950184457e+01,-2.594311401291502645e-02,-1.235683651690131724e+00
-1.434627254592477197e+00,-2.558631576405941410e-01,-1.280500172950184457e+01,-2.594311401291502645e-02,-1.235683651690131724e+00
-1.434627254592477197e+00,-2.563084104168491528e-01,-1.280500172950184457e+01,-2.603304222444819196e-02,-1.235683651690131724e+00
-1.434627254592477197e+00,-2.563084104168491528e-01,-1.280500172950184457e+01,-2.629767189998014759e-02,-1.235683651690131724e+00
-1.434627254592477197e+00,-2.572231369741736495e-01,-1.280500172950184457e+01,-2.629767189998014759e-02,-1.235683651690131724e+00
-1.434627254592477197e+00,-2.572231369741736495e-01,-1.280500172950184457e+01,-2.734417445406787939e-02,-1.235683651690131724e+00
