1.548666552243846417e-01,9.726869726857308995e-01,-3.634449842189253488e-01,-6.359550381853891210e-01,-3.507104403354618150e+00
1.548666552243846417e-01,9.726869726857308995e-01,-3.634449842189253488e-01,-6.359550381853891210e-01,-3.507104403354618150e+00
1.548666552243846417e-01,-7.893016945526996064e-01,-3.634449842189253488e-01,-6.359550381853891210e-01,-3.507104403354618150e+00
-4.047772117896061284e-01,-3.001027574586139224e+00,-3.634449842189253488e-01,-6.297163087020905436e+00,-3.507104403354618150e+00
-4.933350008828326638e-01,-3.001027574586139224e+00,-2.699593833902803830e+00,-6.297163087020905436e+00,-3.507104403354618150e+00
-4.933350008828326638e-01,-3.001027574586139224e+00,-2.699593833902803830e+00,-6.297163087020905436e+00,-3.753950304079328060e+00
-5.283777084103925548e-01,-3.001027574586139224e+00,-2.699593833902803830e+00,-7.353133685169460421e+00,-1.000372413806614169e+01
-1.010710007465060123e+00,-3.001027574586139224e+00,-2.699593833902803830e+00,-7.353133685169460421e+00,-1.000372413806614169e+01
-1.010710007465060123e+00,-3.001027574586139224e+00,-2.699593833902803830e+00,-8.879851361394347720e+00,-1.000372413806614169e+01
-1.741453329645014758e+00,-3.001027574586139224e+00,-2.699593833902803830e+00,-8.879851361394347720e+00,-1.000372413806614169e+01
-1.741453329645014758e+00,-1.306914935641735376e+01,-2.699593833902803830e+00,-8.879851361394347720e+00,-1.000372413806614169e+01
-1.741453329645014758e+00,-1.306914935641735376e+01,-2.699593833902803830e+00,-8.879851361394347720e+00,-1.000372413806614169e+01
-1.741453329645014758e+00,-1.306914935641735376e+01,-2.699593833902803830e+00,-8.879851361394347720e+00,-1.000372413806614169e+01
-1.741453329645014758e+00,-1.306914935641735376e+01,-2.699593833902803830e+00,-9.908365362997912484e+00,-1.000372413806614169e+01
-2.939128439895509093e+00,-1.306914935641735376e+01,-2.699593833902803830e+00,-9.908365362997912484e+00,-1.000372413806614169e+01
-2.939128439895509093e+00,-1.306914935641735376e+01,-3.490233704402916359e+00,-9.908365362997912484e+00,-1.000372413806614169e+01
-2.939128439895509093e+00,-1.306914935641735376e+01,-3.490233704402916359e+00,-9.908365362997912484e+00,-1.000372413806614169e+01
-2.939128439895509093e+00,-1.306914935641735376e+01,-3.490233704402916359e+00,-1.189460936718298889e+01,-1.000372413806614169e+01
-2.939128439895509093e+00,-1.306914935641735376e+01,-3.490233704402916359e+00,-1.189460936718298889e+01,-1.000372413806614169e+01
-2.939128439895509093e+00,-1.306914935641735376e+01,-3.490233704402916359e+00,-1.189460936718298889e+01,-1.000372413806614169e+01
-2.939128439895509093e+00,-1.306914935641735376e+01,-3.490233704402916359e+00,-1.189460936718298889e+01,-1.000372413806614169e+01
-2.939128439895509093e+00,-1.306914935641735376e+01,-3.490233704402916359e+00,-1.189460936718298889e+01,-1.000372413806614169e+01
-2.939128439895509093e+00,-1.306914935641735376e+01,-3.490233704402916359e+00,-1.189460936718298889e+01,-1.000372413806614169e+01
-2.939128439895509093e+00,-1.306914935641735376e+01,-3.490233704402916359e+00,-1.284457607463465401e+01,-1.000372413806614169e+01
-2.939128439895509093e+00,-1.306914935641735376e+01,-3.490233704402916359e+00,-1.284457607463465401e+01,-1.000372413806614169e+01
-2.939128439895509093e+00,-1.306914935641735376e+01,-3.490233704402916359e+00,-1.284457607463465401e+01,-1.000372413806614169e+01
-2.939128439895509093e+00,-1.306914935641735376e+01,-3.490233704402916359e+00,-1.284457607463465401e+01,-1.000372413806614169e+01
-8.535687287351397146e+00,-1.306914935641735376e+01,-3.490233704402916359e+00,-1.284457607463465401e+01,-1.000372413806614169e+01
-1.091818410729887212e+01,-1.306914935641735376e+01,-3.490233704402916359e+00,-1.284457607463465401e+01,-1.000372413806614169e+01
-1.091818410729887212e+01,-1.306914935641735376e+01,-3.490233704402916359e+00,-1.284457607463465401e+01,-1.159700996059513933e+01
-1.091818410729887212e+01,-1.306914935641735376e+01,-3.490233704402916359e+00,-1.284457607463465401e+01,-1.159700996059513933e+01
-1.091818410729887212e+01,-1.306914935641735376e+01,-3.490233704402916359e+00,-1.284457607463465401e+01,-1.159700996059513933e+01
-1.091818410729887212e+01,-1.306914935641735376e+01,-3.490233704402916359e+00,-1.284457607463465401e+01,-1.159700996059513933e+01
-1.091818410729887212e+01,-1.306914935641735376e+01,-3.490233704402916359e+00,-1.364034849026094953e+01,-1.159700996059513933e+01
-1.091818410729887212e+01,-1.306914935641735376e+01,-3.490233704402916359e+00,-1.364034849026094953e+01,-1.159700996059513933e+01
-1.091818410729887212e+01,-1.306914935641735376e+01,-3.490233704402916359e+00,-1.364034849026094953e+01,-1.159700996059513933e+01
-1.091818410729887212e+01,-1.306914935641735376e+01,-3.490233704402916359e+00,-1.541534399776021758e+01,-1.159700996059513933e+01
-1.091818410729887212e+01,-1.306914935641735376e+01,-3.490233704402916359e+00,-1.541534399776021758e+01,-1.159700996059513933e+01
-1.091818410729887212e+01,-1.306914935641735376e+01,-4.114359047751424470e+00,-1.541534399776021758e+01,-1.159700996059513933e+01
-1.091818410729887212e+01,-1.306914935641735376e+01,-4.114359047751424470e+00,-1.541534399776021758e+01,-1.159700996059513933e+01
