3.565890758407441741e+00,-4.662239746776715710e-01,-6.052876851321192797e-01,7.172060092126779196e+00,9.686881730229535137e+00
4.560719899639561481e-01,-7.771306366336791172e+00,-2.518127341240865569e+00,5.407456579908743066e+00,3.634400322789964832e+00
4.560719899639561481e-01,-9.255357784591792480e+00,-2.518127341240865569e+00,5.407456579908743066e+00,3.634400322789964832e+00
4.560719899639561481e-01,-9.847548408239799045e+00,-5.898014523719140811e+00,-2.397046963084598303e+01,3.634400322789964832e+00
4.560719899639561481e-01,-9.847548408239799045e+00,-5.898014523719140811e+00,-2.397046963084598303e+01,3.634400322789964832e+00
4.560719899639561481e-01,-9.847548408239799045e+00,-8.925305077048122371e+00,-2.397046963084598303e+01,2.593101957673063840e+00
4.560719899639561481e-01,-1.400360441359059038e+01,-8.925305077048122371e+00,-2.397046963084598303e+01,2.593101957673063840e+00
4.560719899639561481e-01,-1.400360441359059038e+01,-1.180281382222023900e+01,-2.397046963084598303e+01,1.951952260915537085e+00
7.460470800771512589e-02,-1.400360441359059038e+01,-1.180281382222023900e+01,-2.397046963084598303e+01,1.951952260915537085e+00
-9.736558983212170171e-01,-1.400360441359059038e+01,-1.180281382222023900e+01,-2.397046963084598303e+01,2.258848136249706484e-01
-9.736558983212170171e-01,-1.400360441359059038e+01,-1.180281382222023900e+01,-2.397046963084598303e+01,2.258848136249706484e-01
-1.930854032331317915e+00,-1.400360441359059038e+01,-1.180281382222023900e+01,-2.397046963084598303e+01,2.258848136249706484e-01
-4.048040893958555486e+00,-1.400360441359059038e+01,-1.356020385240901049e+01,-2.397046963084598303e+01,2.258848136249706484e-01
-4.048040893958555486e+00,-1.400360441359059038e+01,-1.356020385240901049e+01,-2.397046963084598303e+01,-1.704343189630187716e+00
-4.048040893958555486e+00,-1.400360441359059038e+01,-1.356020385240901049e+01,-2.397046963084598303e+01,-1.704343189630187716e+00
-4.048040893958555486e+00,-1.400360441359059038e+01,-1.356020385240901049e+01,-2.397046963084598303e+01,-1.704343189630187716e+00
-4.048040893958555486e+00,-1.400360441359059038e+01,-1.356020385240901049e+01,-2.397046963084598303e+01,-1.704343189630187716e+00
-4.048040893958555486e+00,-1.400360441359059038e+01,-1.837076483120883807e+01,-2.397046963084598303e+01,-3.040456036184825628e+00
-4.048040893958555486e+00,-1.400360441359059038e+01,-1.837076483120883807e+01,-2.397046963084598303e+01,-3.040456036184825628e+00
-4.048040893958555486e+00,-1.400360441359059038e+01,-1.837076483120883807e+01,-2.397046963084598303e+01,-3.040456036184825628e+00
-4.048040893958555486e+00,-1.400360441359059038e+01,-1.837076483120883807e+01,-2.397046963084598303e+01,-3.040456036184825628e+00
-4.048040893958555486e+00,-1.400360441359059038e+01,-1.837076483120883807e+01,-2.397046963084598303e+01,-3.040456036184825628e+00
-4.048040893958555486e+00,-1.400360441359059038e+01,-1.837076483120883807e+01,-2.397046963084598303e+01,-3.040456036184825628e+00
-4.048040893958555486e+00,-1.400360441359059038e+01,-1.837076483120883807e+01,-2.397046963084598303e+01,-3.040456036184825628e+00
-4.048040893958555486e+00,-1.400360441359059038e+01,-1.837076483120883807e+01,-2.397046963084598303e+01,-3.040456036184825628e+00
-4.048040893958555486e+00,-1.400360441359059038e+01,-1.837076483120883807e+01,-2.983141966138511236e+01,-3.040456036184825628e+00
-4.048040893958555486e+00,-1.400360441359059038e+01,-1.837076483120883807e+01,-2.983141966138511236e+01,-3.068296149817983043e+00
-4.048040893958555486e+00,-1.475605676857788673e+01,-1.837076483120883807e+01,-2.983141966138511236e+01,-4.571866386055029707e+00
-4.048040893958555486e+00,-1.475605676857788673e+01,-1.837076483120883807e+01,-2.983141966138511236e+01,-4.571866386055029707e+00
-4.048040893958555486e+00,-1.475605676857788673e+01,-1.837076483120883807e+01,-2.983141966138511236e+01,-4.571866386055029707e+00
-4.048040893958555486e+00,-1.475605676857788673e+01,-1.837076483120883807e+01,-2.983141966138511236e+01,-4.571866386055029707e+00
-4.048040893958555486e+00,-1.475605676857788673e+01,-1.837076483120883807e+01,-2.983141966138511236e+01,-4.571866386055029707e+00
-4.048040893958555486e+00,-1.475605676857788673e+01,-1.980854924179546828e+01,-2.983141966138511236e+01,-4.571866386055029707e+00
-4.048040893958555486e+00,-1.475605676857788673e+01,-2.124881425961897463e+01,-2.983141966138511236e+01,-4.571866386055029707e+00
-4.048040893958555486e+00,-1.475605676857788673e+01,-2.124881425961897463e+01,-2.983141966138511236e+01,-4.571866386055029707e+00
-4.048040893958555486e+00,-1.475605676857788673e+01,-2.124881425961897463e+01,-2.983141966138511236e+01,-4.571866386055029707e+00
-4.048040893958555486e+00,-1.475605676857788673e+01,-2.124881425961897463e+01,-2.983141966138511236e+01,-4.571866386055029707e+00
-4.048040893958555486e+00,-1.475605676857788673e+01,-2.591674700047406787e+01,-2.983141966138511236e+01,-4.571866386055029707e+00
-4.048040893958555486e+00,-1.475605676857788673e+01,-2.591674700047406787e+01,-2.983141966138511236e+01,-4.571866386055029707e+00
-4.048040893958555486e+00,-1.475605676857788673e+01,-2.591674700047406787e+01,-2.983141966138511236e+01,-4.571866386055029707e+00
-4.048040893958555486e+00,-1.475605676857788673e+01,-2.591674700047406787e+01,-2.983141966138511236e+01,-4.571866386055029707e+00
-4.048040893958555486e+00,-1.475605676857788673e+01,-2.591674700047406787e+01,-2.983141966138511236e+01,-4.571866386055029707e+00
-4.048040893958555486e+00,-1.475605676857788673e+01,-2.619033884634812281e+01,-2.983141966138511236e+01,-4.571866386055029707e+00
-4.048040893958555486e+00,-1.475605676857788673e+01,-2.797184775905284582e+01,-2.983141966138511236e+01,-4.571866386055029707e+00
-4.048040893958555486e+00,-1.475605676857788673e+01,-2.812004139229729915e+01,-2.983141966138511236e+01,-4.571866386055029707e+00
-4.048040893958555486e+00,-1.824126652280740757e+01,-2.812004139229729915e+01,-2.983141966138511236e+01,-4.571866386055029707e+00
-4.048040893958555486e+00,-1.824126652280740757e+01,-2.812004139229729915e+01,-2.983141966138511236e+01,-4.571866386055029707e+00
-4.048040893958555486e+00,-1.824126652280740757e+01,-2.812004139229729915e+01,-2.983141966138511236e+01,-4.571866386055029707e+00
-4.048040893958555486e+00,-1.824126652280740757e+01,-2.812004139229729915e+01,-3.101566878591070875e+01,-4.571866386055029707e+00
-4.048040893958555486e+00,-1.824126652280740757e+01,-2.812004139229729915e+01,-3.101566878591070875e+01,-4.571866386055029707e+00
-4.048040893958555486e+00,-1.824126652280740757e+01,-2.812004139229729915e+01,-3.101566878591070875e+01,-4.571866386055029707e+00
-4.048040893958555486e+00,-1.824126652280740757e+01,-2.812004139229729915e+01,-3.101566878591070875e+01,-4.571866386055029707e+00
-4.048040893958555486e+00,-1.824126652280740757e+01,-2.812004139229729915e+01,-3.101566878591070875e+01,-4.571866386055029707e+00
-4.048040893958555486e+00,-1.824126652280740757e+01,-2.812004139229729915e+01,-3.101566878591070875e+01,-4.571866386055029707e+00
-4.048040893958555486e+00,-1.824126652280740757e+01,-2.812004139229729915e+01,-3.101566878591070875e+01,-4.571866386055029707e+00
-4.048040893958555486e+00,-1.824126652280740757e+01,-2.816055328202096675e+01,-3.101566878591070875e+01,-4.571866386055029707e+00
-4.048040893958555486e+00,-1.824126652280740757e+01,-2.816055328202096675e+01,-3.101566878591070875e+01,-4.571866386055029707e+00
-4.048040893958555486e+00,-1.824126652280740757e+01,-2.816055328202096675e+01,-3.101566878591070875e+01,-4.571866386055029707e+00
-4.048040893958555486e+00,-1.824126652280740757e+01,-2.816055328202096675e+01,-3.101566878591070875e+01,-4.571866386055029707e+00
-4.048040893958555486e+00,-1.824126652280740757e+01,-2.816055328202096675e+01,-3.133442968373612558e+01,-4.571866386055029707e+00
-4.048040893958555486e+00,-1.824126652280740757e+01,-2.816055328202096675e+01,-3.133442968373612558e+01,-4.571866386055029707e+00
-4.048040893958555486e+00,-1.824126652280740757e+01,-2.816055328202096675e+01,-3.133442968373612558e+01,-4.571866386055029707e+00
-4.048040893958555486e+00,-1.824126652280740757e+01,-2.816055328202096675e+01,-3.133442968373612558e+01,-4.571866386055029707e+00
-4.048040893958555486e+00,-1.824126652280740757e+01,-2.816055328202096675e+01,-3.133442968373612558e+01,-4.571866386055029707e+00
-4.048040893958555486e+00,-1.824126652280740757e+01,-2.816055328202096675e+01,-3.133442968373612558e+01,-4.571866386055029707e+00
-4.048040893958555486e+00,-1.824126652280740757e+01,-2.816055328202096675e+01,-3.133442968373612558e+01,-4.571866386055029707e+00
-4.048040893958555486e+00,-1.824126652280740757e+01,-2.816055328202096675e+01,-3.133442968373612558e+01,-4.571866386055029707e+00
-4.048040893958555486e+00,-1.824126652280740757e+01,-2.816055328202096675e+01,-3.133442968373612558e+01,-4.571866386055029707e+00
-4.048040893958555486e+00,-1.824126652280740757e+01,-2.816055328202096675e+01,-3.133442968373612558e+01,-4.571866386055029707e+00
-4.048040893958555486e+00,-1.824126652280740757e+01,-2.816055328202096675e+01,-3.133442968373612558e+01,-4.571866386055029707e+00
-4.048040893958555486e+00,-1.824126652280740757e+01,-2.816055328202096675e+01,-3.133442968373612558e+01,-4.571866386055029707e+00
-4.048040893958555486e+00,-1.824126652280740757e+01,-2.816055328202096675e+01,-3.133442968373612558e+01,-4.571866386055029707e+00
-4.048040893958555486e+00,-1.824126652280740757e+01,-2.816055328202096675e+01,-3.133442968373612558e+01,-4.571866386055029707e+00
-4.048040893958555486e+00,-1.824126652280740757e+01,-2.816055328202096675e+01,-3.133442968373612558e+01,-4.571866386055029707e+00
-4.048040893958555486e+00,-1.824126652280740757e+01,-2.816055328202096675e+01,-3.133442968373612558e+01,-4.571866386055029707e+00
-4.048040893958555486e+00,-1.824126652280740757e+01,-2.816055328202096675e+01,-3.133442968373612558e+01,-4.571866386055029707e+00
-4.048040893958555486e+00,-1.824126652280740757e+01,-2.816055328202096675e+01,-3.133442968373612558e+01,-4.571866386055029707e+00
-4.048040893958555486e+00,-1.824126652280740757e+01,-3.084962015728244822e+01,-3.133442968373612558e+01,-4.571866386055029707e+00
-4.048040893958555486e+00,-1.824126652280740757e+01,-3.084962015728244822e+01,-3.133442968373612558e+01,-4.571866386055029707e+00
-4.048040893958555486e+00,-1.824126652280740757e+01,-3.084962015728244822e+01,-3.133442968373612558e+01,-4.571866386055029707e+00
-4.048040893958555486e+00,-1.824126652280740757e+01,-3.084962015728244822e+01,-3.133442968373612558e+01,-4.571866386055029707e+00
-4.048040893958555486e+00,-1.824126652280740757e+01,-3.084962015728244822e+01,-3.133442968373612558e+01,-4.571866386055029707e+00
-4.048040893958555486e+00,-1.824126652280740757e+01,-3.084962015728244822e+01,-3.133442968373612558e+01,-4.571866386055029707e+00
-4.048040893958555486e+00,-1.824126652280740757e+01,-3.084962015728244822e+01,-3.133442968373612558e+01,-4.571866386055029707e+00
-4.048040893958555486e+00,-1.824126652280740757e+01,-3.084962015728244822e+01,-3.133442968373612558e+01,-4.571866386055029707e+00
-4.048040893958555486e+00,-1.824126652280740757e+01,-3.084962015728244822e+01,-3.378456024849314332e+01,-4.571866386055029707e+00
-4.048040893958555486e+00,-1.863042903252358684e+01,-3.084962015728244822e+01,-3.378456024849314332e+01,-4.571866386055029707e+00
-4.048040893958555486e+00,-1.863042903252358684e+01,-3.084962015728244822e+01,-3.378456024849314332e+01,-4.571866386055029707e+00
-4.048040893958555486e+00,-1.863042903252358684e+01,-3.084962015728244822e+01,-3.378456024849314332e+01,-4.571866386055029707e+00
-4.048040893958555486e+00,-1.863042903252358684e+01,-3.084962015728244822e+01,-3.378456024849314332e+01,-4.571866386055029707e+00
-4.048040893958555486e+00,-1.863042903252358684e+01,-3.084962015728244822e+01,-3.378456024849314332e+01,-4.571866386055029707e+00
-4.048040893958555486e+00,-1.863042903252358684e+01,-3.084962015728244822e+01,-3.378456024849314332e+01,-4.571866386055029707e+00
-4.048040893958555486e+00,-1.863042903252358684e+01,-3.084962015728244822e+01,-3.378456024849314332e+01,-4.571866386055029707e+00
-4.145967454756820381e+00,-1.863042903252358684e+01,-3.084962015728244822e+01,-3.378456024849314332e+01,-4.571866386055029707e+00
-4.145967454756820381e+00,-1.863042903252358684e+01,-3.084962015728244822e+01,-3.378456024849314332e+01,-4.571866386055029707e+00
-4.145967454756820381e+00,-1.863042903252358684e+01,-3.084962015728244822e+01,-3.378456024849314332e+01,-4.571866386055029707e+00
-4.145967454756820381e+00,-1.863042903252358684e+01,-3.084962015728244822e+01,-3.378456024849314332e+01,-4.571866386055029707e+00
-4.145967454756820381e+00,-1.863042903252358684e+01,-3.084962015728244822e+01,-3.378456024849314332e+01,-4.571866386055029707e+00
-4.145967454756820381e+00,-1.897540879816457249e+01,-3.084962015728244822e+01,-3.378456024849314332e+01,-4.571866386055029707e+00
-4.219792584564491023e+00,-1.897540879816457249e+01,-3.084962015728244822e+01,-3.378456024849314332e+01,-4.571866386055029707e+00
-4.219792584564491023e+00,-1.897540879816457249e+01,-3.084962015728244822e+01,-3.378456024849314332e+01,-4.571866386055029707e+00
