-1.542631391047981637e-01 -7.517199477376741434e-01 3.131894525208360758e-01 -2.662103782209370717e-01 5.524738095218419964e-01 5.176061710720603060e-03 -1.222501255345413984e-01 -4.248150601934683745e-01
-9.823695711219651017e-01 -1.013391722317480426e-01 -4.229898136228051886e-01 1.739508754843392957e-01 -6.764550623875198454e-01 -9.510612318060800430e-01 2.052008204289041959e-01 1.650618060754380778e-01
-6.534935410556481639e-01 -1.318903827381470162e-01 -2.187495008616862080e-01 2.201232766234098026e-01 4.062775902418269691e-01 7.975403973156200976e-01 5.777228770068936203e-01 2.683930385744834890e-01
-2.256456505307464777e-01 7.229170552242982772e-01 -9.579607208446523359e-01 -9.635843106242387712e-01 9.118679524350690180e-01 -6.690900554323067073e-01 7.382867853328420882e-01 7.133629046885638925e-01
-1.429740601733506811e-01 2.637931832985225267e-01 8.351839439014814293e-01 1.692849938931910714e-01 -5.832248628237932664e-01 4.388541014945712693e-01 -3.152515987551409715e-01 9.384457060372053405e-03
9.870399461612826553e-01 6.263102634456865214e-01 4.574689394512223561e-01 -9.348675372004295880e-01 6.433032860258307561e-01 -4.641769122928776081e-01 7.517170682618361521e-01 -7.051617100770415369e-01
-7.666069626089651035e-01 -4.195244196051699515e-01 8.580878681543109288e-01 -2.983765155340374342e-01 -7.377899530733049716e-01 6.877014432712644787e-01 -5.205438202683643212e-02 2.641482467540119394e-01
-5.858874880258266860e-01 -1.731604334729193173e-01 5.970212991965933025e-01 5.342506778997435646e-02 -8.938843205036772765e-02 9.767952644612964974e-02 -3.876105064467005867e-01 8.339940624419450721e-02
-7.101910367257413537e-01 5.287054503567374386e-01 3.094622758313778643e-01 -8.246958880337407205e-01 3.978366701604614253e-01 -9.661627328065329756e-01 7.263646956638940555e-01 -2.647548501031813384e-01
8.112809948939583293e-01 5.754690825560632161e-01 5.310513180708502645e-01 7.869104759152524275e-01 8.304253665519116812e-01 8.976249614223835716e-01 8.795689769114880541e-01 1.044325780778539325e+00
