4.109541196675863262e-01 -3.624442391054942814e-01 9.670879841923325504e-01 3.144291077149314884e-01 8.921447155509931726e-02 3.525716387901627336e-01 8.882488358498914494e-01 -1.660269813648487247e-01
1.307676617163753274e-01 7.066633536688562423e-01 8.330071727236740831e-01 -1.187799541288470095e-02 -2.641595191694663392e-01 -8.810386798378186946e-01 3.189423721900188635e-01 5.747705335221076073e-01
-8.022812869072988295e-01 -9.134119193033054529e-01 -6.576935669630268322e-01 -8.768836687444780953e-01 -7.491752097864321502e-01 -8.898347700132671623e-01 -6.753674864854422033e-01 -8.058685974947445985e-01
8.541171093289914307e-01 3.379102659718278279e-01 2.124504576769115083e-01 -8.610807226977494899e-01 -5.923062040307014442e-01 -8.436813784642127612e-01 -7.877243791062100708e-01 4.625994746318462525e-02
5.921593102061128988e-02 -8.544628163670000554e-01 -9.808431246520115110e-01 -9.767111718310366175e-01 -9.376602957855295628e-02 -1.179059983961925351e-01 -3.295058514234714409e-01 6.012582129624177707e-01
-7.020956973478291729e-01 8.183426784419347566e-01 2.778000992021272264e-01 -7.855259134068064419e-01 -7.128506127926301783e-01 8.251415706186380206e-01 4.949214124926171188e-02 8.397069029156785103e-01
7.485222617850839644e-01 -5.996367285943002834e-01 -1.526576133156289927e-01 2.225050158092811703e-01 8.774952904447290702e-01 6.379781452709787359e-01 7.262435017420365568e-02 3.008886718305370245e-02
5.615093602796163985e-01 1.078266218815213673e-01 8.863263720623510977e-01 -1.990036048136634150e-01 -7.214732197711397621e-01 -1.109553587861387136e-01 -7.866162021737057586e-01 2.147517373672034324e-01
2.959154127563308201e-01 -4.504775203565773989e-01 -6.010386839677051007e-01 -9.277529708254608209e-01 -3.378331180668681100e-02 -6.903801145367489678e-01 -4.530631783089988929e-02 7.020185179977156409e-02
1.296318879448862260e+00 1.442889705099522413e+00 5.188737397072898938e-01 8.950199393046992524e-01 1.377406444353212356e+00 1.423474852335535612e+00 9.071574123373309373e-01 1.088048034022181199e+00
