-7.515642097606076710e-01 -1.449485139763542207e-01 -6.311141474166575005e-01 1.973939300715035206e-01 5.939110238709144340e-01 -1.838937653694241448e-01 -7.159592020306202453e-01 -3.368618610288049986e-01
7.484229240191839772e-01 3.007505955495686223e-01 -7.971337756879603997e-01 -9.578726018200918180e-01 -3.988159714887484775e-02 -5.235691902841854706e-01 4.488356396653310210e-01 1.899914948492873457e-01
-6.400824884689413352e-01 5.879682980570437589e-01 -6.254764338209426455e-01 1.880623582518055059e-01 2.388540250951840527e-01 1.509296402329143305e-01 -9.643253117896615212e-01 3.972271629414514393e-01
3.531831070711233256e-01 9.996878388585752617e-01 -2.230040715106806903e-01 -2.202379761527499813e-01 9.145251925405919469e-01 6.449967572340087330e-02 -7.379109247590704967e-01 -9.053619213287833478e-01
2.160521414157372533e-01 -1.763225406818684782e-01 3.364090601807423475e-02 4.004746613565928204e-01 -6.098420385645531017e-01 4.500859738393274689e-01 9.942215624232526583e-01 -3.019197738401699915e-01
-5.817505607240709420e-01 3.243773379044192495e-01 -9.280590569970672554e-01 6.731803338903947775e-01 6.965124913970943688e-02 2.710212455430993650e-01 -4.891830107665613436e-01 6.427591800966385716e-01
-8.713888769797062395e-01 5.032127420509322491e-01 -3.168775630719444791e-02 -6.278831384407943528e-01 9.326259154332838808e-01 5.758483488093393277e-01 -2.630065647358275083e-01 9.055239326417470203e-01
-9.897728470566009573e-01 3.288582737227094821e-01 -4.806031340927816586e-01 -7.969452477202076945e-01 -6.464478367500166023e-01 -9.762324404296012226e-01 -4.290452158253565962e-02 -6.022029952566310129e-01
5.088387116513382047e-02 6.232197789150442091e-01 1.295388474493288644e-01 8.644632966962435550e-01 4.602663157535418215e-01 -4.646250783772991610e-01 -6.982362247350293316e-01 -6.600278611800105555e-01
1.410179633475488359e+00 1.475650593389548515e+00 1.232779791858217733e+00 1.470156262655710311e+00 1.261173512254739393e+00 6.353997470774153111e-01 1.361484615598894443e+00 9.549676540589879803e-01
