2.568407245205817091e-01 -8.191892382909229386e-01 4.159512306900630119e-01 3.352699273874004682e-02 -3.458845317141434617e-01 6.119018677947065665e-01 7.076741979373581959e-01 -2.867498068275569079e-01
7.063935163920660454e-01 -1.544203483364796625e-01 1.364395500404251838e-01 1.337156393215761518e-01 -6.653339320918369992e-01 8.006652540174485910e-01 -5.820473834442485561e-01 6.117727410193163351e-01
6.253202668368753603e-01 9.738416505638316512e-01 -3.879191593184960762e-01 -4.302612827804996876e-01 7.684322100268441424e-01 4.697588323127082077e-01 1.293545903404973441e-01 -3.821711392902105153e-01
1.314927000741439311e-01 4.121502769045544134e-01 9.931032595199094093e-01 1.952978030490850614e-01 2.864214346053082227e-01 7.438904918169473302e-01 -5.578457069034667981e-01 -3.531519386424739615e-01
8.553040468371728711e-01 8.473220766915203761e-01 4.378919540604813143e-01 4.880006042009439327e-01 -7.864511587244862323e-01 -6.132435170682617454e-01 -7.059753740373098108e-01 -9.219510699488431271e-01
5.830824824531295469e-01 1.607838995963732920e-01 -9.552100559650311684e-01 -2.428351747162909025e-01 -6.388806105013422609e-02 -9.283922042382486417e-02 -1.183786288266244213e-01 1.455755484166068037e-01
-3.341783913792939487e-01 -7.444537545578973070e-01 -6.925375050052797743e-01 -6.146950750294906118e-01 3.559885044925723552e-01 6.344265678035836409e-01 5.141484245002954090e-01 8.295536903690616803e-01
4.779230129269451677e-01 -3.165575902563371180e-01 -7.130578825657152287e-02 4.004686819646108287e-01 5.807934738671076680e-01 1.847241328382471792e-01 2.947352799213984742e-01 -5.978840303674120005e-01
-6.318307933277063082e-01 1.302817505055489100e-01 -6.112262011970930331e-01 -3.373127729926532758e-01 -6.783793000238271809e-01 2.097167132893607011e-02 -1.605621385171318583e-01 8.792373388056073935e-02
-1.270502284993098030e-01 6.751845610543447673e-01 -2.910621163483797513e-01 8.572493640700975526e-01 8.520575041105125091e-01 1.890852654440577929e-02 -1.865024669922068501e-01 -7.036503941427807440e-01
