2.381418740100249565e-02 -2.946265318572818259e-01 -4.174532065396767688e-01 -9.589246068032886150e-02 -3.162712515346877140e-02 -2.265382347933908580e-01 8.400681899821715870e-01 -7.973427184032686466e-01
-9.124696764536230909e-01 6.462352352060898308e-01 5.483188811724080125e-01 2.655069895299697613e-01 6.248248294191343088e-01 8.825933099744764920e-01 1.021387431162872339e-01 -1.337075057137397938e-01
2.946448276645496911e-01 8.445161932905291824e-01 -6.091569551347377764e-01 2.352984015643024840e-01 3.386247721656572285e-01 -8.831359885958489642e-02 -2.431107077552248086e-01 6.573608283847791611e-01
6.105839221819375773e-01 1.194611778548602121e-01 5.880964088480897800e-01 -2.693139807159163901e-01 3.636344650945104728e-01 1.187504908674272830e-01 -3.870610931266851296e-01 1.962975895360918877e-02
8.943266724782279464e-01 -2.861832246539723901e-01 4.567976888595988161e-01 8.674932212781572005e-01 5.384847091940081487e-01 -3.337769788707587448e-01 -1.676087059733240014e-01 7.289601414745563446e-01
-2.343764814215949510e-01 4.674343777757776763e-01 3.707054686659529974e-01 2.026349317857321086e-01 -1.021391106505757929e-01 7.665343238347217536e-01 -4.838633212233967029e-01 2.421331842713492222e-01
8.665596379594491250e-01 -8.222735163506473821e-01 8.060080946831598148e-01 -3.314298586704076399e-01 8.884533402777750055e-02 7.784061856169948168e-01 4.397633709856616502e-01 -6.764994646761879338e-02
-5.224962677642508435e-01 1.160325379132354229e-01 9.549706176436714156e-01 -1.341383638619166874e-01 3.893851535790513463e-01 -7.368616691662375207e-01 6.716337525297420008e-01 -7.883429628818170443e-01
9.452163955672334694e-01 4.353013465629498313e-01 -6.584552394498845995e-01 -8.848163853962511816e-01 -2.405522230376369031e-01 -7.474067643566557617e-01 6.309783034251981171e-02 1.890874768632095915e-01
-6.122941026732737768e-01 -3.046631804329558157e-01 1.340183839978272839e-01 -9.939316182823982881e-01 8.895146693326925202e-01 -4.376318966882470907e-01 8.846799538497343018e-01 2.735325009007238961e-01
