-1.128290547278822942e-01 5.110532800976161916e-01 -3.532209518747955190e-01 -6.917689018069699269e-01 -8.709109423716732135e-01 -6.325536654696519712e-01 -3.981017361459548987e-01 -8.877085848873125240e-01
2.288686776653534594e-01 9.814633606189901993e-01 5.200843166611854862e-01 3.234506893633575242e-01 -3.875196798370010853e-01 4.925692875926324099e-01 7.207080087384427625e-01 1.367907673875712327e-01
-4.444923178155752996e-01 3.521957016379653194e-01 4.380601321625294808e-01 6.691626592380142124e-01 -6.950721998290965153e-02 7.415905853054549635e-01 8.238219759240617002e-01 4.682581303422235219e-01
7.038948437182912521e-01 -8.011063156739248736e-01 6.213980178594924464e-01 2.995341842345198291e-01 9.800024536747258264e-01 6.623227983578683364e-01 -4.445435927121177411e-01 5.925284243665696060e-01
-1.050396262629642585e-01 -1.223887399071612592e-01 -4.654449772242761352e-01 -8.309481404145930838e-01 -8.267788001625087091e-02 2.258844310540608635e-01 4.379623930579112923e-03 -2.675344478641765722e-01
5.852508227330976975e-01 -4.931029413701704112e-01 7.730325574685803502e-02 -1.412003196629563195e-01 -1.159422511508476639e-01 3.616486545201649250e-01 4.389300399006523801e-01 9.914152284066970466e-01
1.389536938741291472e-01 3.126992737845646353e-01 7.723645931880556148e-01 5.022475870017411026e-01 5.720361238744064991e-01 1.746295826898980330e-01 -9.714838483266328151e-01 1.543797136892921529e-02
4.883016429362698752e-01 7.168689649852622026e-03 4.661890372711221531e-01 9.117387452419254412e-01 -4.679161529717512646e-01 9.264840825971740745e-01 -3.593184427756757060e-02 7.892328021785852687e-01
2.754493177336894139e-01 4.436680458798236693e-02 1.029573762164344153e-01 -2.122883129301025296e-01 7.613843467254490793e-01 -3.306325523680553324e-01 8.933282762038787794e-01 -1.901103977590321570e-01
5.755638465038673823e-01 1.272089359396650909e+00 1.092335240057400014e+00 1.091121370613598485e+00 1.332106999439280903e+00 7.708821644339916013e-01 7.992976404006090219e-01 1.211783441503864189e+00
