6.820410557615095293e-01 -4.551799032242453968e-01 4.160605672813706413e-01 -7.777836317518824760e-01 5.505244908938000670e-01 2.230401990282975255e-01 -5.533854483388458423e-01 4.457302073166413692e-02
3.018789206531333758e-01 -8.956927488120491887e-01 -4.805095157687946372e-01 -5.921508649784446021e-01 -6.155526329612206471e-01 -3.562293432464600507e-01 9.474870577348784018e-01 -8.743052670016369099e-01
2.296772502365198587e-01 3.866623428664419659e-01 -7.101674820092724882e-01 -9.437911040229345350e-01 7.872498763021829049e-01 1.912501591775432885e-01 -5.595970835796952869e-01 2.831833711735458614e-01
4.956974340769391141e-01 -7.052178708716188016e-01 -3.649079549904321595e-01 8.650493183429086574e-01 -4.699879608208323845e-02 5.413374431449513580e-03 6.707743153622680587e-02 -4.193916661155661085e-01
-7.361652565004241922e-01 -7.077856568143097160e-01 -7.051224413198653451e-01 -4.140957365450830263e-01 2.433287043318432818e-01 -6.650428778162469357e-01 5.215523532675740981e-01 8.000844112477332182e-01
4.980362739164019281e-01 -4.719044314078482127e-01 3.041951280343826447e-01 3.441738686774549194e-01 -3.034509111195566877e-01 -4.294168474687911630e-01 4.825787741562714839e-01 -7.691836856529428168e-01
1.043529492229240407e-01 -4.147156849943696155e-01 -7.550786856391411561e-02 3.262233047409650588e-01 6.656444403113113140e-01 4.734026686659484895e-01 -1.060663127129697347e-01 -9.356563132400501637e-01
3.456534054451085858e-01 6.171656689200608614e-01 -1.906117149773038921e-01 -4.788511295769886100e-01 7.157729108895560799e-01 5.344945309780002596e-01 -4.076472044124692662e-01 -7.245683043813344604e-01
-4.140324403500912354e-01 1.010471198759388400e-01 2.779544407747767121e-01 -1.463069649931325600e-02 -8.630757217767970335e-01 7.098631066077025764e-01 -6.469406464041211891e-01 1.502482696565403675e-01
9.737500870852399126e-01 9.084473406639825832e-01 6.010258020248117061e-01 1.030403310781836224e+00 1.048628659346953151e+00 1.096258594993199997e+00 1.424100789868727901e+00 5.449726630693589868e-01
