-9.599024617175100360e-03 -4.521704291871235792e-01 3.326464779081796941e-01 1.474242110212522494e-01 6.031562938762202730e-01 -5.339734975647494331e-01 6.987194794025131106e-01 -6.273485388297710408e-01
2.728740888069003390e-01 -8.153187189234891719e-01 -5.885690608579274841e-01 -3.956534667149835816e-01 -2.832715691209950482e-01 -5.367105688369786520e-01 -3.141171075475768237e-01 8.968488048747738084e-01
9.399040993465763716e-01 -1.851780982981103829e-01 6.331690818521931163e-01 -8.967454170033748451e-01 2.671697696660637611e-01 1.725352779701525563e-01 6.734118148461116782e-01 -9.959584279696223064e-01
8.943362953043350050e-01 -7.522544336773240303e-04 3.894088991158362045e-01 -6.729371227633429431e-01 -7.786416442185346565e-01 -5.911507057075191529e-01 -3.767193615477821833e-01 -8.958579042087029265e-01
2.907249322912246470e-01 -7.622157532330133822e-01 3.042222496292166234e-01 5.800882474966058133e-01 6.118422356224550995e-01 7.434677997960610352e-01 6.673447495345126157e-01 4.830001270885260212e-01
5.030157087835038787e-01 -5.986319647695084178e-01 -8.593589279546565152e-01 3.412035520188265725e-01 3.884518725501791003e-01 3.022498234820953922e-01 -6.532120735241344622e-01 4.396352257489848370e-01
-4.315115441717913836e-01 -1.887041443544601460e-01 4.920641966392977906e-01 -1.672148487699969266e-01 1.201987171491629702e-01 -1.139028219545472620e-01 6.235149024729402800e-01 2.264246454603509040e-01
6.332715885693540603e-01 3.452755916563250427e-01 7.138487413501071188e-01 1.798739545946048679e-02 3.553219565398990643e-01 7.761362255876314009e-01 -9.023229089508209011e-01 4.219041299058812200e-02
-7.242857792479890922e-01 -3.057655233271034945e-01 -4.988659379347899492e-01 -8.238207732691815721e-02 -1.857098197545770102e-01 5.786399012335539105e-01 -8.611551815244462560e-01 5.835989080563677156e-01
-7.485116943832450520e-01 -9.195780755362141790e-01 4.578081776078635201e-02 -9.775360527708509828e-01 -5.693383955441433386e-01 9.433462355904527197e-01 -6.427235504105319741e-01 -4.381460677560318207e-01
