4.536184504137492635e-01 5.160569850086156318e-01 4.811497551599175360e-01 -2.232652272391388859e-01 -5.136299366106835684e-01 -5.152244402814880608e-01 6.386064372314432802e-01 6.209909844222722963e-01
3.871093666628138141e-01 7.719312387373076234e-01 9.919386580769029571e-02 -8.361363144566769101e-01 -3.278946066826504691e-02 -6.153032658103534391e-01 -4.188708569609844723e-01 -8.540640659434644011e-01
3.001869094889084710e-01 2.993284801338467194e-01 6.156560094615124434e-01 -3.137294787284390374e-01 -8.165239753431083880e-01 1.330779798223957755e-01 9.441001295324731313e-01 4.133880699211061049e-01
-8.748342424471040601e-01 -7.539841955423520758e-02 -4.934349600471927833e-01 4.124203576150053951e-01 6.091254353666661903e-01 -9.562777330098515272e-01 7.819789561603927019e-01 -4.617421024716965583e-01
-6.917686172433514802e-01 1.603256778805817184e-02 -7.930864851299230800e-01 9.058701797984580750e-01 2.099119906957482851e-01 -7.337027134610618617e-01 6.090155356361588446e-01 7.853702614253488257e-01
3.490009727096721193e-02 8.027119168290801632e-01 -6.006763877808538599e-01 1.992582673794502934e-01 1.477154464332943729e-01 1.729844598684506796e-01 -7.225445918230284370e-01 8.399574967723000274e-01
-7.122361313646234926e-01 8.144031822531390130e-01 8.183006669987715753e-01 4.958125758787479409e-01 4.990248874554039649e-01 -4.691108389521188027e-01 -3.515716035500651149e-01 -2.785596384347988064e-02
6.947278037744952783e-01 -6.217001042389460608e-01 -5.658898798102169891e-01 -5.279824118259068833e-02 -9.374812467145356987e-01 -5.363207992285277115e-01 -9.805594995695690042e-01 8.537181055273137531e-01
9.877899313243638790e-01 9.402193045047051445e-01 -3.176159578993444921e-01 8.434150884764077816e-01 -9.861137359820804082e-01 -9.691495409859265386e-01 7.287778819658778939e-01 6.227214693077243179e-01
7.252943272799251551e-01 7.082769055562379013e-01 1.226062164596376958e+00 8.601893542741786414e-01 7.513048067358784055e-01 1.290390096817257248e+00 6.030876037549266488e-01 1.085365092062052783e+00
