1.087203387255746279e-01 -8.898790441710298094e-01 9.717306304459705224e-01 -3.138524308120138606e-01 1.824885918020973108e-01 1.498289332784707995e-02 9.904703805247110360e-01 -1.655562897508471298e-01
-1.688979308830109716e-01 -8.514926166963645571e-01 6.630003498955716612e-01 -7.423275907241333460e-01 9.094219492261277349e-01 -2.461048304192956504e-01 9.976981391901715845e-01 -4.507386124353121026e-01
3.790499614730038491e-01 -8.505944258166597827e-01 5.427931840774484762e-01 8.138005006885948855e-01 -5.716880017107059953e-01 -6.807596551631018844e-01 3.423108319195027338e-01 -9.389091505738054177e-01
-7.647196703903154091e-01 -4.505736489637679476e-02 -9.950787656681845395e-01 3.135905265705238865e-01 8.567990893610726300e-01 1.510810660785837367e-01 -6.696681795797880810e-01 9.019896521677197576e-01
-9.324753950408832814e-01 6.718457703067231002e-01 -6.400548932479099840e-01 6.227187198698709292e-01 9.336843554871867568e-01 -8.238461215724897091e-01 4.037900418945954417e-01 9.268891196946378308e-01
-9.071396906699433771e-01 -1.671661398248112107e-01 -4.117595035034740114e-01 -2.475304923968213444e-02 1.695474428533072508e-01 3.785542624470359385e-01 -2.161045796469740488e-01 -9.512566403080042754e-01
1.588727155621683096e-02 6.307403039406054290e-01 -4.952294268178689673e-01 9.387628400420946484e-01 -4.683972985114996934e-01 3.529129076869685910e-02 9.080533865921127656e-01 8.351417850261411147e-01
-7.335192530917937770e-01 -5.903905143634324837e-01 -4.890072322007412708e-01 -2.397534449602669593e-01 1.521032079849624630e-01 -7.146575819255303053e-01 -8.996938938551259923e-01 7.231720795362626131e-01
-9.737153349837273097e-01 -9.207437680514063416e-01 -2.120709857865166192e-02 5.843148197332970195e-01 -6.579349069612931977e-01 -2.962570836287785614e-01 -6.200861492168157074e-01 6.739463679569315246e-01
8.551808255561950123e-01 -2.986366481237969772e-01 3.078916888004903374e-01 -5.071514674643076148e-01 -6.793564653484436278e-01 4.529263216947476689e-01 -9.644009208524044752e-01 -7.484492494098702320e-01
