-2.822207105032976671e-01 9.254878699432749212e-01 9.622935296873862399e-01 3.696931131280667415e-02 -2.652220108557532541e-01 2.412162152158545680e-01 -5.947348567968149258e-01 -8.839761154837335599e-01
-1.642572982266228276e-01 -5.497264752310480063e-01 1.132046257290399982e-01 7.922262692017310037e-01 -3.475846503023660716e-01 9.190351179650477764e-01 9.824347936397062053e-01 -3.820478580803712276e-01
7.463949102196183460e-01 -2.460295082585697291e-01 -7.822141831935709444e-01 3.231007363194040582e-01 7.904031805842766101e-01 -6.463663349043458073e-01 9.463368019797120390e-01 1.886725940651199362e-01
-2.681508925803757215e-01 1.598210831407578247e-01 -5.199813598479001708e-01 2.068187445532192470e-01 5.624604202937297792e-01 -5.323331708617955460e-01 -3.532463170134130248e-01 4.298913506272743490e-01
6.792115248514751791e-01 6.047480636521056496e-01 9.554617168773669178e-01 -4.759762070503050779e-01 3.775866141885630967e-01 -5.985037690156409518e-01 -1.425418938307438932e-01 -8.408115630180903466e-01
-9.625033239072324776e-01 -1.056272431579288185e-01 6.485715130260483186e-01 7.175412995230214808e-01 6.866874664858804156e-01 5.732477724347491144e-01 3.432149069208012548e-01 -8.345760832817867847e-01
6.622196799149622226e-01 -5.177444049465396159e-01 5.385933936094500218e-01 6.614303742247085172e-01 3.188989898153216096e-01 -5.831803021341870341e-01 -9.790899135423563049e-01 -6.772187569364100934e-01
9.450706076700328140e-01 -1.568876421059732795e-01 -2.723788714250399146e-01 6.986709113612663558e-01 1.862415965893990943e-01 -8.333092394833354621e-01 -9.304107637471259462e-01 9.442344400937119353e-02
-3.020908890294722315e-01 -2.805046383390377152e-01 -2.431917044115261550e-01 8.481082454244679436e-01 4.984785035043368673e-01 3.216031953682190192e-01 9.677018287802316987e-01 -9.715167255739398655e-01
1.127824783226121674e+00 1.260011060731456967e+00 7.430225828604690719e-01 1.283158032797421244e+00 1.336413938880812946e+00 1.047649891301887237e+00 1.171237144082700965e+00 1.368655716921328036e+00
