-5.077667243446770673e-01 -1.396423546533531734e-02 -3.614149861935345154e-01 4.857255014737533738e-01 7.626720880470461150e-01 -3.455248089222702212e-01 5.709515277701902036e-01 -5.447851258826241772e-01
5.784320348495466391e-01 -2.676972011052558553e-01 3.127655073983204304e-01 -3.712355975681831399e-01 -6.486593352497949105e-02 4.731215645672082193e-01 3.408342904260253103e-01 -7.710131593597158162e-01
-9.070807442904249562e-02 8.475634634261139944e-01 -1.265607856166810485e-01 6.408912487576130523e-01 -4.746359329222071821e-03 -8.061913989585600682e-01 -7.758622756867405990e-01 3.752269917269144273e-01
-5.777940853321692494e-01 2.269403507981311297e-01 6.201166950142169565e-01 8.359592446975758762e-01 5.507081979191488230e-01 -3.146798654037816778e-01 6.296065133293393679e-01 6.330363564371288554e-01
4.071811121371737840e-02 3.171135797652082644e-01 -7.464924039563405334e-01 -4.479759191030812104e-01 1.845838851049739215e-01 3.383900794604139950e-01 -9.202758927392096222e-01 8.206542352841892374e-01
8.502361258665713795e-01 -1.450946789959253191e-01 -1.119116268280042625e-01 8.403866165720081938e-01 1.016618049328052997e-01 -7.630702714794008745e-01 -1.347978682287167551e-01 -7.534879314659419514e-01
-2.583564415154744331e-01 -4.053112678010608594e-01 5.606248306645982282e-01 -1.524731886905723588e-01 -9.992053548432562327e-01 3.103525270471028108e-01 2.703121681195106429e-01 -9.196948280591530356e-01
8.289342686918887981e-01 -7.487977323077972258e-01 9.515245745473663863e-01 1.845861565431754503e-01 3.737553576353760398e-01 -1.058752788162504732e-01 4.261721395176985006e-01 -9.594816476044443210e-01
9.205988897457553222e-01 -1.526574135830303103e-01 6.928237070965086453e-01 7.070864098702247524e-01 9.652582802590210509e-01 6.230630273313719769e-01 2.717775027925444231e-01 8.153655596488234014e-01
6.564700243811251168e-01 1.175139450853570411e+00 1.217518354287256521e+00 6.086023613134148302e-01 1.032307115190699065e+00 5.723252600267149104e-01 6.236649257293821469e-01 1.339262014258775668e+00
