-2.075625218410974693e-01 6.447860678961070402e-01 -4.824058583596575467e-01 -5.189733376420961886e-01 4.950388595674479753e-01 -2.295854563210797394e-02 2.417386509852572640e-01 8.567080561367939051e-01
-1.209513210566284247e-01 7.106427179469931854e-01 -2.894214490151041375e-01 -6.383815209512724298e-01 -3.829839534013679270e-02 7.531919911767777087e-01 9.611976120385492539e-01 -2.404435669036719680e-02
2.365500032985041745e-01 6.079339679088535675e-01 6.997940038161531984e-01 9.436795860704316752e-01 5.999668575489547351e-02 -6.899017978394965667e-01 5.131980614950264474e-01 -5.685934894739455014e-01
-5.669054026283413261e-01 3.841855702172158882e-01 -5.386285762958262779e-01 -4.868665569920795910e-01 3.684133514493226347e-01 3.226802133634079084e-01 8.530987905008475813e-01 4.516917443999786119e-01
-6.512081049068092486e-01 -6.349063801247516459e-01 9.214435977977919467e-01 -8.673965566745143185e-01 6.419550465226713243e-01 -1.104937899217599551e-01 -9.490930248056261842e-01 4.690233275859256867e-01
-4.674348489796704698e-01 -6.688922198414142262e-01 -5.097207145796827099e-01 -4.186604331775938270e-01 8.113460813959110229e-01 3.309046627609875113e-01 4.236996283812342057e-01 2.595743970107573517e-01
3.781710201453258868e-02 3.094469484644373214e-01 -8.285721386622246776e-02 -3.625262676030673870e-01 -5.434289833889391907e-01 -9.546910510302819564e-01 2.461514627558203383e-01 6.457021295169067532e-01
4.979271433136738256e-01 -3.433220499120677172e-01 -3.484622732581201809e-01 -6.593179920160929797e-01 -8.067026114394302283e-01 8.899266592623791272e-01 -3.791586871400840497e-01 3.553664619813752257e-01
9.992516735755068158e-01 2.403535354787911249e-01 -1.165695565413771284e-01 2.795333622941904572e-01 -5.289619858475158587e-02 7.472228420544035910e-01 9.868664096312373957e-03 1.460218075768617840e-01
5.748821271767508012e-01 6.434253154645747097e-01 1.101673470342602545e+00 1.364415880316412366e+00 8.729785434410043399e-01 1.444865175844766370e+00 9.686568631297310938e-01 1.166867187617758317e+00
