6.687285885560791954e-01 6.089021345530092333e-01 -4.460384722409254099e-01 6.566632998887289574e-01 -3.856687671264447115e-01 8.016728744055476863e-01 4.164118314376945573e-01 -6.331763393336455881e-01
4.673743385626223379e-01 -6.547536616311289137e-02 -7.442607111127397257e-01 2.090135369020940104e-02 -1.830178371029365092e-01 -5.637993724094330084e-01 9.349359509280648073e-01 2.857132756577969168e-01
6.901324771301036165e-01 7.616876596901163143e-01 7.454222492392004185e-02 -6.854966802826625294e-01 -1.524741711757071627e-01 -6.636321432409950649e-01 2.398542324603485376e-01 8.052808859092317473e-01
-5.122642911075172556e-01 -2.463480887068385528e-01 -9.495180717537778925e-01 3.106015800907790947e-02 -2.267261247890091092e-01 -3.481036669591706101e-01 1.588473181798379930e-01 -4.279927388939603894e-01
6.201310417175800449e-01 -1.300000228383391132e-03 6.215119530723882679e-01 -3.591035022678967792e-01 -1.521675473493093733e-01 7.214953050586907501e-01 1.090415238130757469e-01 -9.600750947665492863e-01
9.059639523350908608e-01 -6.572107259042143657e-01 3.906299620027826602e-01 -9.469016121455209323e-02 -9.576074224810735558e-01 1.101445780386394180e-01 -5.979968983429468921e-01 -6.977436805792507357e-01
-7.995259729660733061e-01 -6.717982487090019550e-01 -3.488843015690881177e-01 8.424108054509473753e-01 6.064804022415892781e-02 5.374921856456158498e-01 -9.362733340411899530e-01 3.076759658267360642e-01
-9.557570912800874563e-01 -8.928167190944429343e-01 9.206364531297610565e-01 3.256669018123412584e-01 3.914948720973072671e-01 -8.427489358386561769e-01 1.781303361943775698e-02 -8.769912848664871419e-01
6.383309564544956682e-01 -8.631668309782769555e-01 5.606598557129076621e-01 3.027571168283793579e-01 -6.774854979171782698e-01 -5.858116090750029592e-01 8.358865514557380916e-01 2.444105831428062814e-01
7.712271804813164433e-01 -1.810903683180018486e-01 -1.938859982124860881e-01 7.219147843670705722e-01 2.874052519284098217e-02 -3.773123174239187971e-01 4.165070110984081531e-02 6.760692930780809462e-02
