3.749110150475893910e-01 8.518562649239942441e-01 -5.081469715987245728e-01 2.582386032088870298e-01 8.782240067794342409e-01 -9.859723066745926801e-01 -3.288100279931764902e-01 4.709226000248865063e-01
-4.448523773901198464e-01 -5.306802657963904934e-03 -2.657538621048955996e-01 -8.485510614853688516e-01 2.286901917513244342e-01 -5.236941777492998273e-01 9.160079768122020294e-01 4.153027571159237930e-01
-9.713847724338180445e-01 -9.517265306146462933e-01 -8.124024793973207981e-01 -4.797712743047664041e-01 -4.134658150208192495e-01 4.774597339835877641e-01 -3.749601373021025363e-01 5.625391158444505990e-01
8.612700766005274566e-01 -3.696524285139517474e-01 -8.244481523457765082e-01 9.213767655903191134e-01 7.913696747896568073e-01 -9.477855492661413361e-01 -6.102159727607725515e-02 6.755924398025239253e-01
-3.321528938396240971e-01 2.705073339426735668e-01 -4.097241088735248393e-01 6.856972791027813319e-01 -3.069818899966676451e-01 -1.204364316330823748e-01 2.636064948974234934e-01 5.695736882102622189e-01
-8.242823389981526194e-01 -8.735347356196612179e-01 2.632736504585253545e-01 3.783522875681302189e-01 5.257025002718365148e-01 8.894750242081876923e-01 1.784878796771449672e-02 5.315283872500469187e-01
2.927130684250289772e-01 -5.619889170813929802e-02 -9.576501759027613581e-01 -1.375404420931576333e-01 -6.871614058934725211e-01 -1.129725151891376456e-01 3.889404168684129637e-01 -8.190616692520065190e-01
8.767845056651102364e-01 3.722365941400449518e-01 2.109212832269817817e-01 4.416593614151707037e-01 -7.754678163890618148e-01 9.807526812222204793e-01 2.432556175424454015e-01 -5.236756818121448553e-01
-9.138546794787707483e-01 -4.797694540918253647e-01 5.080736934608522937e-01 6.509255682079830851e-01 7.638476345184828098e-01 -5.980666936102310149e-01 6.310095252093290696e-01 4.102486348770222335e-01
1.085875916422378129e+00 1.364740941253985262e+00 8.682575630226748720e-01 7.796749056561950164e-01 5.928045595528290690e-01 9.843591478452899945e-01 5.288937019641611892e-01 1.068156564297998656e+00
