9.242861080155193587e-01 -9.958902235135187464e-01 9.911369480893525985e-01 7.587236675608810543e-02 6.561957451320565848e-01 2.369558970833951506e-01 -9.738319345859931531e-01 3.144327964859772173e-01
1.713067724421386551e-01 7.819138697276373229e-02 -4.434939648988127647e-01 -6.521105069010333377e-01 3.589038229763286125e-01 9.076343861980951111e-01 8.521308254768458212e-01 7.129849312658049776e-01
8.727583399907996586e-01 -4.952738491777584073e-01 2.421006729339121311e-01 -1.221006850577492919e-01 9.408687965331647973e-01 -1.296663111011928660e-01 4.098045716662048754e-01 -7.058988686268796720e-02
7.006461725674082430e-01 6.674509537780310975e-01 1.012680133052523690e-01 6.245891358777404534e-01 -6.271249358148451858e-01 -2.984076784296367801e-01 -6.044801721685244544e-01 -5.824060231279182265e-01
-4.021797295374518466e-01 -5.858962557139715255e-01 4.465120139236955499e-01 1.134880200079302348e-02 -9.178972896040107354e-01 -8.525273925525467256e-02 5.778405350937751983e-01 -4.118685314360548411e-02
-3.881188727891671242e-02 -3.249497301478787570e-02 -8.575565910402913605e-01 -9.387260613189229996e-01 4.397933566424327978e-02 6.210752770648912957e-01 9.778731197749674919e-01 1.988276542765463617e-01
-5.587057219715774181e-02 -5.753462817629573234e-01 7.138498319166075579e-01 -6.201865914530455548e-01 2.206615760846644125e-01 2.137530852258451297e-01 3.440564801609795609e-01 4.809958552811837151e-01
3.521397403799693127e-01 -6.475003916144410621e-01 4.654510131469591361e-01 -6.025685694987545915e-01 -8.775778014423152307e-01 2.558188900958806578e-01 5.028914003844311420e-01 7.198869955488920169e-01
6.072427607493402490e-02 6.463700767247504420e-01 -4.823122768514487291e-03 7.104049076475060787e-01 3.116574033774954788e-01 2.133190544640324315e-01 -4.039124134361338214e-01 9.610243331540893053e-01
-2.662691553909031228e-01 8.499508583264341333e-01 8.556441665190199775e-01 -4.345781138961093415e-01 -9.496095913521744869e-01 9.428624242768530728e-01 -5.114097843232578988e-02 -3.081610338910305558e-01
