-9.022466126369541595e-01 -9.726318302563570217e-01 -9.054106347944186339e-01 -7.380941283157813615e-01 3.242893541665541335e-01 -1.448807823010147544e-01 -7.365510387452602892e-01 3.419767462965197513e-01
-1.912020880693818814e-01 7.881603120777391780e-02 9.491379368920151993e-01 8.456240330496798130e-01 1.745184534968129419e-01 -8.319015190000309534e-01 9.623170747335001440e-01 -8.437675831866930931e-01
-7.265974282281637553e-01 -3.591130766995129786e-01 -3.660832795147221930e-01 -2.156223001576900167e-01 3.540354641506731070e-01 1.878197748848000614e-01 8.212185052567866350e-02 -5.997311514557301937e-01
4.383907405452915906e-01 -7.722903580524911327e-01 5.515779775532774210e-01 -6.810856919332057835e-01 -8.500105418023506942e-02 -9.114614999254027072e-01 2.426586320354673365e-01 -5.407741945838191455e-01
-9.823492936284854427e-01 5.225037050368486202e-01 2.286427398869510519e-01 -9.320343271166544596e-01 -7.994264275424085575e-01 7.622832539116877193e-01 -4.550809426809632185e-03 -5.195670246112755741e-01
-1.467555364862072054e-02 -5.477253496896581364e-01 3.138205492209433789e-01 -1.222558264459450150e-02 -5.956177663939699052e-02 9.243125333337738336e-01 9.488137087743098164e-05 7.705332623145495496e-01
-5.004316182870547358e-01 7.251646047539823670e-01 -2.328000057100527709e-01 5.206706309557536105e-01 7.699329527048026645e-01 3.391420735682211252e-01 6.395203166600273992e-01 2.412415669171230626e-01
-3.911651760394510013e-01 -3.636631568954349358e-01 1.886940690076979177e-01 -5.038598687022606271e-01 -4.735863283441066329e-01 -5.846263368656838821e-01 -3.878722255203781444e-01 -5.957283568664242246e-01
8.106118525670280572e-01 5.687254026215355918e-01 9.933594751091734398e-01 -2.896385585916121386e-01 8.138207919427269399e-01 6.479519244182063709e-02 -7.785235017336904484e-01 -9.130165558438483320e-01
1.195999745598443464e+00 8.118631313020489015e-01 5.470414329969223166e-01 8.647653070755806359e-01 5.315204515227447413e-01 1.203163943905437350e+00 1.497821840696901496e+00 1.283968279778967325e+00
