-2.472026670644007496e-01 -3.652069261081081208e-01 6.920877720531679600e-01 6.624052195537397658e-01 -5.102931976987568063e-01 -3.914280776867846701e-01 8.431021465551433725e-01 -7.253164931051245823e-01
-1.673083255014535808e-01 -7.105175381658612732e-01 -1.870503674148273898e-01 -5.082915796282545529e-01 3.876248640449109217e-01 -9.024733991530897725e-02 -7.227354062083251041e-01 -7.136878339023753348e-01
-2.661647727647902251e-01 7.094088190809222372e-01 3.163623866180689248e-01 -1.137884019213020181e-02 2.721796510997740448e-01 -7.168899325416222545e-01 -9.051500474157911924e-01 -6.029455107467722730e-01
4.758552767308552589e-01 -9.503916162006569301e-01 -3.985902023846075171e-01 -1.558700186348809247e-01 -4.686157436605886684e-01 -9.650596107912274846e-01 -5.029577406161420683e-01 -4.707087775044309641e-01
-9.461974247846425268e-01 -6.051427972710277103e-02 -7.309178329463783541e-02 9.641586443772076631e-01 -8.900290263560557413e-01 6.307831985305267786e-01 -9.911658771011151448e-01 -6.587819230058218345e-01
8.487075155365471080e-01 3.654451962381419783e-01 -2.158053833865369864e-01 9.813928095033679355e-01 2.340518875297110668e-01 3.567745329531535337e-01 -6.833387466278151301e-01 -6.278293312902067935e-01
-4.075127702552565623e-01 5.887085873828521443e-01 1.080381242227810290e-01 5.960816251340879113e-01 -8.881247495843922479e-01 -6.031233130496116424e-02 3.132825187466270478e-03 1.410674642568199300e-01
7.935045814231598271e-01 2.509153617186887786e-02 -3.029328730819702553e-01 2.617122897837420581e-01 -7.678180023532179543e-01 6.667641773981607400e-01 -5.088963572222393594e-02 2.572822286599563135e-01
-3.321807253818409578e-01 -7.046068966718204152e-01 -3.275297957764942147e-01 -7.246701719361245964e-01 9.249081266555061465e-01 -7.917815881477630047e-01 -7.621432573050084258e-01 7.279707440996419088e-01
-8.427372225720375365e-01 -2.888552761496754329e-02 -9.399240717547030499e-01 7.434876515631603233e-01 3.440146043292735545e-01 -4.463959221495350516e-01 -4.355686595120040749e-01 -1.522061702194006383e-01
