9.233644094902748733e-02 5.124604601553104377e-01 -1.635221811009031079e-01 -7.449142436151812152e-01 -8.787157776289278299e-01 1.040465977786642071e-02 7.224531975611450108e-01 -8.217987828908823733e-01
4.383552508013597304e-01 1.058428435206113516e-01 -9.278928801179064934e-01 -1.160991343090134187e-02 -9.891402953544845555e-01 -7.522414807197768116e-01 8.680671166045377252e-01 -2.096801495558566764e-01
-3.563542950616285232e-01 -3.040133958759285715e-01 8.166955778821025635e-01 9.616511725282961276e-01 2.152447895908853326e-01 -8.155494969392977911e-01 -4.488220543270577956e-01 -4.201039256880527706e-01
-2.841251790988867931e-01 -8.728694966029448832e-01 -9.462458931323911582e-01 -7.706391565289767431e-01 1.296401855985047646e-01 6.340786718830513369e-01 8.706564772529388208e-01 -5.159199834999064205e-01
-5.689327404455892800e-01 -7.571762179571603912e-01 -8.615242017354483028e-01 4.175424732284409579e-01 -4.600219079325729155e-03 6.932716673560939125e-01 4.659414995990331931e-01 -1.341557645184705549e-01
1.478742122390941383e-01 5.275823194342654787e-02 -5.219911845947307061e-01 -3.069541541850890898e-01 1.576612767028913176e-01 -2.318363397669027659e-01 8.174582871227453751e-02 3.110797123573145750e-01
5.298412624103951973e-01 -6.826317446839154091e-01 8.555598369159409522e-01 -8.577736266697630896e-01 8.096772838288681662e-01 6.591399420719807889e-01 -9.217289094452132403e-01 7.746497448210416525e-01
7.696718017961752256e-01 -2.164069380169086898e-01 -8.271162639553877316e-01 9.603081729193150284e-01 -3.821079671937166466e-02 -5.826305970749019458e-01 2.804033456221941556e-01 -4.504978280057052586e-01
9.911323613753364459e-01 -7.284152807124955054e-02 -3.750291402129581897e-01 1.837353122053433374e-01 -1.385761506041134350e-01 -1.795759951302973167e-01 7.734408502415401898e-01 4.572223204434613386e-01
-4.837984827464647530e-01 -8.963313213410901703e-01 7.906692490794575701e-01 3.035719715725619938e-01 -1.185234565538550999e-01 8.897877722297025116e-01 -4.826295626692833629e-01 1.045759229651421762e-01
