-1.202735221562150070e-01 -8.118174796516908209e-02 7.021066328230924913e-01 -2.493043800104393082e-01 -3.968366823973099589e-01 -9.573340120620952298e-01 7.670273901424240481e-01 7.007537705365693981e-01
-3.790153944304539557e-01 7.029327236720410710e-01 -9.364785465892424554e-01 -3.849517907664063987e-01 2.599140354913347384e-01 3.233256295780537748e-01 -7.717863962735034278e-01 3.445071656442335595e-01
-8.798059711034578179e-02 -5.980982516168726892e-01 7.268189240090947578e-01 -8.806636490585841859e-01 8.938815531523669478e-02 -6.427629896867799175e-01 -6.631271966664118445e-01 2.964883973735676914e-01
-3.835029358021964097e-01 4.182145147445548439e-01 2.118244652852041554e-02 8.177551831271065996e-01 -3.987017442472469142e-01 -1.990308820758976971e-01 -6.332207261496827222e-01 -4.935827511873529527e-01
-1.873125040294945087e-01 -4.426054096798264226e-01 -2.105336828826733786e-01 4.825873440092605104e-01 6.020310952795748793e-01 -1.199958995241559023e-01 7.713029213354598568e-01 -1.663359046400605390e-01
-5.581482548154399481e-01 3.512623064829027975e-01 1.711603128019194564e-01 3.102446090009483015e-01 3.047280677241535063e-01 6.118034642289762459e-01 4.135628610670774030e-01 5.389428255797199530e-01
-1.420616296672754242e-01 5.663876030375432080e-01 -3.483734646445677541e-01 6.031357194901487695e-02 -4.733942231315424465e-01 4.632448405504252520e-03 2.643689307491716711e-01 5.272701908428112372e-01
7.816601841689816421e-01 -9.140385607472689689e-01 -2.211693158389256286e-01 5.201876406563505917e-01 -5.080035836831375828e-01 2.982085489980736970e-01 7.645800909186055705e-01 -5.252437018583746564e-01
2.107907234971273525e-02 7.282459853895486557e-01 4.426790367135926552e-01 2.218054648787917138e-01 5.891454581419164338e-01 -1.445945736094378375e-02 -9.516586181417765467e-01 -9.815594922098884734e-01
-1.898515734517125519e-01 3.556562273763641535e-02 4.309552350264365117e-01 -4.859631453857478078e-01 3.991254876001464336e-01 1.558589717415925779e-01 -6.774789200137874001e-01 6.628065058678906940e-01
