5.744356177799629926e-01 5.145848165389785844e-01 2.778626018390195629e-01 6.339755089127723231e-01 -3.236836476732112278e-01 1.353183117765170973e-01 -5.643655809130458945e-01 1.468184543429964517e-01
1.582298686144554267e-01 2.577476338502853181e-01 -8.818932187242805032e-01 -5.673352545710441674e-01 -4.871656047887220620e-01 2.492021553421763791e-01 7.693119905470326980e-01 8.055072154957869657e-01
2.732217038908710816e-01 -1.679501481583678402e-01 6.004223617250690204e-01 -9.474051900262203674e-02 8.057908530433126604e-01 5.254559102377776014e-02 -1.323284691185377948e-01 -3.828567562106155453e-01
3.657229219966255940e-01 -4.433241688255844526e-01 -5.185538969803122900e-01 8.997732155472957238e-01 -2.282575880281456637e-01 1.333402643650989372e-01 1.139671619053252982e-01 -9.242292040840860423e-02
-9.148362848150521920e-01 4.581678392178356596e-02 -9.427710665605888440e-01 -6.226515232384464138e-01 -1.973594428695932823e-01 -4.289812469606040235e-01 -2.573599024314741079e-01 9.436901415662972692e-01
6.581251152362810330e-02 -2.529289428574057474e-01 -2.964850893107544572e-01 -1.806735066900162501e-01 -8.275599438569654076e-01 4.023347743169316537e-01 -4.196743954046953107e-01 -8.832223874209419456e-01
-7.683520559717764709e-01 8.163536282878685046e-01 -8.596841281833254023e-01 -4.541829394094478722e-01 -2.411240775515537393e-01 5.056680518073233266e-01 -9.115675241794374273e-01 -9.452356843367908379e-01
3.895683945267098824e-01 -1.308638783237792147e-01 3.124427003711498507e-01 -9.679652739546429352e-02 3.405095546102021586e-01 -1.188887450055120532e-01 6.772446049977736138e-01 1.143340092436864186e-01
-4.169893063155227786e-02 -3.389559504775983001e-01 -1.596681180159311708e-01 -3.591419978132510682e-01 8.862300973343002486e-01 -4.765630056202829756e-02 -5.111802950679600333e-01 -2.735907344871066904e-01
-1.316005064245595602e-01 -7.643517743018215516e-01 4.397421147683819864e-01 -6.639409210092250824e-01 2.443727665285735373e-01 2.479873597092630000e-02 6.055298984275658825e-01 -1.255789107907829827e-01
