-9.445262177637261392e-01 7.282242137429426609e-01 4.596264484996668287e-01 4.223302063746929846e-01 3.921728472412688848e-01 6.948748430267832621e-01 -6.753652441290045605e-01 7.182009150955350751e-01
7.064840800880545224e-02 -8.379780995991472636e-01 -3.469016681763414933e-01 -7.748062698103546087e-01 -4.889284562678390955e-01 9.282582234844660718e-02 -2.507140927074802406e-02 -3.486300795265968588e-01
9.798427936557794204e-01 -1.863968874966026590e-01 -7.698493865039999218e-01 9.350531352133082397e-01 6.897788941099218807e-01 -7.451286597284589863e-01 -8.280962526593551587e-01 -7.154800101822227365e-01
1.207916980425287612e-01 8.052551803851784040e-01 -5.342991956033933398e-01 5.836985607246898411e-01 -4.747863884853278371e-01 9.820543104171723936e-01 -6.640358005752380333e-01 -3.839326630127120055e-01
9.323570082802692394e-01 3.484106625064427032e-01 -3.269613665240098666e-01 3.820041954754094249e-02 -5.569364357592323511e-01 1.643762192745743533e-01 -2.458283194319812459e-01 -2.863103801278723548e-01
-2.101623891396879884e-01 2.331183880715714807e-02 -4.208860485219070302e-01 3.653589254895894811e-01 -4.600131058800012163e-01 3.621110920133343569e-01 -9.831946281384242869e-01 -3.355364777530527309e-01
-1.840572236241437842e-01 9.197294082969147411e-01 -7.941988208583972142e-01 3.839161652982532313e-01 -8.038597996522036659e-01 6.153913591151276563e-01 -5.075768086628253961e-01 6.294997136163344997e-01
4.708938765997341402e-01 5.288506370870462714e-01 9.913814751303435813e-01 6.826332851205141328e-01 -8.007436623509818219e-01 6.962328764230341083e-01 -3.969099046686994647e-01 2.073527724393373628e-01
7.626250372442431313e-01 5.243668893946829002e-01 5.606130274431464500e-03 -6.746094615786617510e-01 9.284476261795582275e-02 -8.833991287574372020e-01 6.591503102744378229e-01 4.315457952901475824e-01
-4.934317715824692030e-01 -9.344738823174467690e-01 2.396129373798090434e-01 1.190493591841719212e-01 4.503560076963777359e-01 4.042697556720005192e-01 -3.230027976798677258e-01 -6.305425093906802392e-01
