4.942352813283568125e-01 -7.120341833169201440e-01 5.521685679898824528e-01 -2.874145207835339111e-01 1.337579102496628813e-01 2.362964959818367738e-01 2.209452648926808482e-01 7.581789699979171182e-01
2.856554690766928140e-01 -1.417270886395405327e-01 -6.997348997459746922e-01 -3.342148098303576731e-02 6.791071741775369652e-01 5.034641038622869047e-01 -9.109955101120470466e-01 9.624286499110483728e-01
-3.903596458341258568e-01 -1.806046920736090744e-01 2.736888802033277113e-01 3.630831232354931881e-01 -1.187450855705947106e-01 -9.394594534488389659e-01 -9.410926293559558342e-01 3.271932175002780774e-01
6.804535870859296232e-01 -6.181744113205538405e-01 4.112253492998960702e-01 -4.442803046950225543e-01 -1.922855160253604812e-01 2.546542643884843748e-01 -9.275378488581604852e-01 3.252291192641127981e-01
6.921390250481131989e-01 2.471992697392482174e-01 -1.428384881029265419e-01 3.105997696817619502e-01 2.845690283444606283e-01 -5.765455345484273852e-01 1.950798455136517617e-01 2.422371695098086697e-01
3.023926158023602095e-01 -8.875034647852804159e-01 -6.254992766155558215e-01 -6.460215781265388202e-02 -7.983418635623527049e-01 4.596178234323360368e-01 8.892623077615160465e-01 -2.598671510153005570e-01
-9.469834832767145549e-01 5.259522214426202158e-01 -5.884095719603512631e-01 -2.604552709557514945e-01 -9.200075940261127627e-01 -3.572800279508869803e-01 -1.094182204180997875e-01 -4.013709516716028602e-01
4.403125852972860077e-01 -4.658717227744837430e-01 5.822111775627558661e-01 5.637285487807632833e-01 -7.914561525437813216e-02 -2.050516481194677443e-01 -5.271990887577793217e-03 -5.338284006188580566e-01
6.555828868842368262e-01 -5.826276900246734058e-01 -8.194804264627908452e-01 -6.257349145695860759e-01 4.934615684433123484e-01 -1.076108077249642303e-01 6.117887249632063540e-01 -4.382790183770735037e-01
1.471383753257953231e+00 7.224668662679597508e-01 1.094250347384061683e+00 1.264556279568674224e+00 9.771476851679394837e-01 1.294254917712769348e+00 1.301562973943966917e+00 1.325967977583338619e+00
