-3.846387222770768499e-01 3.601791180193509856e-01 -9.901668936993990311e-01 -7.629535939054663540e-01 1.170865479110470009e-01 -5.479065990131610775e-01 -3.200169958709064844e-01 -1.665248625839603758e-01
-3.114772496542794755e-01 5.658477469136269367e-01 8.294193616485021625e-01 -8.436046970598587436e-02 -6.214327481714316814e-01 -6.852147328554858419e-01 4.822841228551677517e-01 3.659782738038279692e-01
-9.322370047299577411e-01 -5.225148907909289431e-01 -2.674574822523465567e-01 7.379524710823330835e-01 -3.950858640555263701e-01 -8.426546405659816052e-01 5.841879062159351932e-01 2.992234679603482661e-01
5.616624456448393587e-03 1.081187320136676178e-01 -9.161843821286748124e-01 6.458167111935335658e-01 -9.073020695430300542e-02 5.798134569254917992e-01 7.672703688473307970e-01 -1.576303396297631387e-01
-8.779150672201869732e-01 2.093278771791944326e-01 2.929842360653169830e-01 2.356427491145565156e-01 -8.257202501164231379e-01 -8.609023283791801262e-01 -2.329184389619156637e-01 2.683263193712761563e-01
2.588312759606874458e-01 4.414314400155574525e-01 -3.361482401727655667e-01 -4.924573831555973946e-01 -5.500929656670872081e-01 8.448709160091885106e-01 3.103405052003775921e-01 -2.270013903264544997e-01
-4.256792701544331869e-01 4.612916252939849304e-01 -2.913480039791767062e-01 3.240588511187947329e-01 2.963600016123975056e-01 1.863538217837090727e-02 6.272874747514067817e-01 -5.871360586311036300e-01
-7.446198733025481964e-01 -9.960220121797755954e-01 1.393775794600518037e-01 -9.739833788932534819e-01 -6.374760623086039857e-01 5.636207421375671878e-01 -7.633586775481537856e-01 6.348293197355703299e-02
-1.001880208364736013e-01 -4.841554095580415940e-01 5.429840106030348057e-01 6.963955023772681052e-01 4.017858116236168176e-01 4.631718259725181586e-01 3.019762154884402250e-01 3.975488515394198785e-01
1.147948177685004900e+00 1.297463287348013194e+00 9.537268162471808086e-01 1.290441870157580606e+00 1.056526727156852141e+00 6.908381678226442890e-01 5.609918023039776047e-01 7.105332004046824856e-01
