6.829184762428506250e-01 -7.136987103145449041e-01 -4.060350304853808101e-01 9.360026786218507144e-01 8.974074637488904660e-01 3.281943808729894663e-01 -9.093349878116732121e-01 -8.173266209030947138e-01
-4.466770385404503774e-01 -1.604988523670527467e-01 -4.183220827283269383e-01 -8.110944808494922054e-01 5.950707943256516863e-02 -4.960277390208511772e-01 -2.024913080890438088e-01 -8.377137660616622572e-01
-9.479341449520155560e-01 1.363595116483657943e-01 5.793669587387229036e-01 -9.304333202407428782e-01 6.097382846142362922e-01 -7.749606018661343576e-01 7.370742091045980882e-01 8.222845503102798048e-01
9.369976878603727410e-01 -4.282446407902327223e-01 4.711753180656608198e-01 6.603843342863933152e-01 -2.256455345779189159e-01 5.746603841351023423e-01 5.680081335441777846e-02 -8.974954507198857900e-01
5.979081431891404286e-01 -5.372975058779301261e-01 1.125971085693018292e-01 5.317584626935072389e-01 6.394154771102309454e-01 -4.763943009244564486e-01 5.875752145795916093e-01 1.703607565894382780e-02
-1.776769156246853498e-01 -4.980526762707038202e-02 -3.393230727583991246e-01 6.380816333800247708e-01 7.393223300084508232e-01 -4.006273789422876153e-01 -3.267491040460146490e-01 5.616173357718752257e-01
4.543787003212305109e-01 9.427816247187834620e-01 2.200293026898851867e-01 -5.117958880901696261e-02 -1.028989859252038563e-01 -5.003545612852569047e-01 8.520366085868629202e-01 8.844948438171886806e-01
-1.274158740498061437e-01 -4.471629171005164771e-02 3.090602553260286545e-01 -6.294407098562908587e-01 2.553528771554316457e-01 -7.284233854324431157e-01 5.236742491769947883e-01 9.591481580505072380e-01
-4.970622099982267006e-01 -2.038540651452496189e-01 8.304029944232498295e-01 -8.108476545906193600e-01 -1.756266751276736038e-01 7.684477809417153971e-01 2.713407661351920908e-01 2.307132487755532146e-01
7.546808523557437809e-01 -6.603862718297575096e-01 -4.492911602697737816e-01 9.971600239617082195e-01 4.198458151814659089e-01 -5.838983236116928044e-01 -2.194043631256070714e-01 -5.250285417662277077e-01
