-9.733948405472299115e-01 8.720739218867405995e-01 -6.239699853020226339e-01 -8.240133736455936830e-01 7.299695976863376234e-01 5.690317156590007919e-01 -4.771651785369113163e-02 -5.350432507437625773e-01
6.691685491727892288e-01 -8.662061555991693584e-01 -2.586191175939189790e-01 -5.559940448722322515e-01 2.000959338030277035e-01 7.935255776740419709e-01 7.915050117122879314e-01 7.756684890397165244e-01
7.238210503634523452e-01 5.571500287785540184e-01 -4.756926208644580711e-01 -9.845047947711698111e-01 4.959743787904904444e-01 4.481833162802368875e-01 -7.024529688966967278e-01 9.401382661685662168e-01
-8.835278635488166277e-01 5.799368384799803433e-01 7.393264046263960942e-01 -1.846718450988404925e-01 -1.841526418814001254e-01 -9.944766045988020498e-01 -5.424310288869425012e-01 2.952055153863328840e-01
2.024710441228363411e-01 -2.851242444985224722e-01 9.752125199622054819e-01 1.549542703734720916e-01 -6.508864304126538158e-02 1.077379722467990408e-01 -8.166021361269473200e-01 -8.403833207542448225e-01
9.717746250112040407e-01 -6.557618868702881354e-01 7.110156443167170437e-02 7.548437048917415737e-01 -9.265343642778882671e-01 -9.458982338989101457e-01 -3.269924512347843759e-01 9.158404126267256640e-01
8.849937412213668697e-01 -4.991443906193546720e-01 -2.569195545650397872e-01 5.058713900521398799e-01 -7.976617301308419616e-01 -8.070456060248729635e-01 5.554837336817881610e-01 7.645196140917809302e-01
2.365368134251863985e-01 6.809600133827453661e-02 -8.407704397288395803e-02 1.152243683632199200e-01 4.141789788581198284e-01 9.110374657510655894e-02 -6.328924908864999033e-01 -3.199019806396654619e-01
2.370504066309451208e-01 9.911839874205563561e-01 -6.926738455905161462e-01 8.173852445248670495e-01 6.398358321754669120e-01 1.116709887491089681e-01 -6.792469470541357968e-01 -1.589939188538140868e-01
6.127519619103773962e-01 -8.558178391781277039e-01 5.980982587882377466e-01 3.445695745238084307e-01 2.437983865948381013e-01 8.640441061920778321e-01 2.306214776763855223e-01 4.317883896727812143e-01
