5.859938302924860842e-02 1.562538556268326939e-01 2.075066033322516823e-01 5.818193174561092640e-02 5.795431435962170585e-01 6.681700275927400234e-01 2.976057564803324951e-01 2.593812596496072320e-01
-3.441926483307566897e-02 -5.133483245119774274e-02 2.263394296985947740e-01 -3.148474425528171583e-01 6.476950551357805175e-01 -8.930648614180245470e-01 5.253795870733832807e-01 -3.687768486854343664e-01
-6.216788272906139667e-01 6.541433992555603094e-01 -8.269587577923647181e-01 -1.122280514874651747e-01 4.926156609501404215e-01 9.248233316050180619e-02 -9.188695062994576279e-01 -7.242388020536407733e-01
9.852423621486536831e-01 2.560276033391069017e-01 5.145773895152849775e-01 9.588548458354144710e-01 -1.169054429449409849e-01 6.905945278097411766e-01 4.616676109434589836e-01 -7.093624863978662543e-01
-5.575596328749947705e-01 -9.534614955374673961e-01 9.497023285942374216e-03 -1.322279524314633470e-01 -9.923215265386600148e-01 2.104097992407190088e-01 5.504529453478408385e-01 2.190321482234969253e-03
-8.655266399312797621e-01 -6.649269922086993301e-01 7.469319865085342069e-01 5.307897137753081473e-01 8.677424374802962248e-01 5.379628101596303225e-01 4.686209011571351724e-03 6.910210291371654545e-01
-6.349089525470699158e-01 -1.698001909977686630e-01 3.216211936596933274e-01 -5.148475291082001970e-01 -9.199931436033514931e-01 2.378841910335236509e-01 -3.079481440208551302e-01 9.954626737789364910e-01
8.847123427453729150e-01 -9.985138862195481746e-01 4.767691758275804936e-02 9.254454722511975540e-01 -7.930629221480816060e-01 5.383351850726956211e-01 -2.971965405315819542e-01 -6.341177660146954942e-01
-7.185760059022716639e-02 3.143440893097482203e-02 -3.519748457075995152e-01 9.417466142401580420e-01 -7.089136547195753479e-01 2.142785714465191838e-01 -4.876591087245336631e-01 -5.335432706783815870e-01
1.456715869000825059e+00 6.288981918575822228e-01 1.242348636799135431e+00 1.008429731299676835e+00 1.454030615836077622e+00 7.821389041754791549e-01 9.348957651391336388e-01 1.035309359430891085e+00
