6.312584707721105026e-01 -2.047661692490747587e-01 7.918046922787984609e-01 -2.071774303371773929e-01 6.928828359709169327e-01 3.716270351806088001e-01 8.264524657275973407e-01 -4.956460244267626436e-01
-9.151720844860218307e-01 -2.369733885998019929e-01 -2.606569308083483971e-01 -8.215001365930796329e-01 9.397637950844213162e-01 -5.326983556262487873e-01 -9.652984399352833034e-01 6.139616155099085759e-01
-6.167728194212485082e-01 1.804499215631043540e-01 1.554141819580778794e-02 -1.522075061767957926e-01 9.386748107292497423e-02 -5.207093816599113190e-01 -3.909543091323726127e-01 7.544844857379542358e-01
2.760483379604057319e-01 -6.670959303172354637e-01 4.417355921531638252e-01 -5.161512910646337549e-01 -7.791706584841848748e-01 -3.578848665384577465e-01 7.897268436257220969e-02 9.724311868842689943e-01
-1.917188867178438727e-01 -4.857232973537852772e-01 1.513821882650723261e-01 -6.957911272615475706e-01 -7.639265925504017396e-01 7.190438040563542632e-01 2.889760124637881233e-01 -2.024006004399603320e-01
-8.394005229981429395e-01 2.140802059387025835e-01 -9.764634482144631811e-01 4.211658907155180209e-01 -1.479033305768298057e-01 8.364652486534529530e-02 -3.284872888402134983e-01 7.887045344341803155e-01
-5.036851023993804688e-02 -5.468495005567732825e-01 9.992986350850767696e-01 8.941016212936765406e-01 9.381686090860077432e-01 -8.207219093814717148e-01 -3.328959547517129636e-01 -8.940301454617511911e-01
7.980043862333607851e-01 4.451664289361543236e-01 -3.811877444570597184e-01 -5.741193481154354128e-01 1.516573294955114726e-01 -6.839738557608454617e-01 1.126037858318307272e-02 -4.053741117612168487e-01
-7.686165693577668989e-01 -6.954020208836255712e-01 3.209386761298325119e-01 6.394375772287983484e-01 -6.206504315641492298e-01 7.717838463949013850e-01 4.369335889598040534e-01 -8.060535863586277827e-01
-3.130596284091988757e-01 -6.715706579525635433e-01 2.631482342089073168e-01 -1.897364602179796300e-01 3.409572991833289546e-01 3.184581454999648731e-01 -1.876277899874632116e-01 -8.816800309292545101e-01
