9.594663610792100172e-01 1.170066374264810971e-01 4.196317647896423697e-01 7.380517039923872868e-01 -1.686835214576631881e-01 9.795399031698674985e-01 2.193595231116307609e-01 -5.580382516321169550e-01
-3.462523817406368831e-01 -5.968440877344867168e-01 4.893667961616747775e-01 -6.996258062625189122e-01 4.489324837386128308e-01 -8.947307139629614436e-01 2.647982391478638231e-01 -4.226506426295715269e-01
4.542244425342545355e-02 3.082666753055363085e-01 -3.722714928508787935e-01 -1.002354958672293517e-01 -2.552086266916175905e-01 8.124282581821002935e-01 6.111836321345720524e-01 6.690240451304323432e-01
-6.013799910322710218e-01 8.926023584941320532e-01 -5.979231993329954253e-01 9.713236305079246957e-01 -1.423643372522249706e-01 -5.773590081449613276e-01 -7.420833985624215590e-01 -6.297050859529582656e-01
7.324031053016410997e-01 -7.032243080308728800e-01 3.765001607261251326e-01 8.362354465307693108e-01 -5.685975797845155277e-01 -2.654033373983162303e-01 7.256143072314158449e-01 7.397632049632647533e-01
4.574623575729241942e-01 8.412244966680486602e-01 7.230639503129483447e-01 -7.256694139340704730e-01 -3.083267267290130675e-01 4.150912471614212063e-01 -5.308655396590600262e-02 -1.203611614576984845e-01
3.884290760208166660e-01 9.514150432566323978e-01 9.780723684949954588e-02 -1.609592008865883273e-01 8.521100481727819087e-01 3.159251290835496384e-01 4.918367711398019537e-01 -5.619483810316983075e-01
5.613707582475775393e-01 -9.205872501682956788e-01 6.975811376441554135e-01 3.027073714707804175e-01 -5.267080001538049228e-01 -6.067325150624596208e-01 5.368120791196284713e-01 1.616836241280861231e-02
4.411200985371201977e-01 6.389454829126766100e-01 -3.244301034643020110e-01 -9.233614274772761199e-02 8.935096233658588183e-01 4.380454258244981247e-02 -1.979304207670824489e-01 -1.119828867781413884e-02
5.138795333601240412e-01 -1.839124806355374453e-02 1.953652789328432782e-01 -7.298438915326779242e-01 -7.177191826571438504e-01 -3.986727946963664060e-02 6.498379808298420102e-01 -1.583725813054506215e-01
