-3.247502471161047843e-01 5.476433879827433682e-01 9.944889011783424326e-01 -5.418542349692123672e-02 -2.744901856091681580e-01 8.222229056729402075e-01 -3.480500941634572243e-01 2.669062546308682560e-01
7.421067802323884077e-01 8.962621013422156224e-03 -2.996328962493224335e-01 2.504915624293742038e-01 -5.402132526772285281e-01 -8.579741929345039431e-01 -4.670691175314245491e-02 -4.037188139345260218e-02
6.671723369357649425e-01 2.082346247367525827e-01 6.981059982509474349e-01 -2.060583036023813097e-01 -4.328352720104238216e-01 -1.524283482800383727e-01 -1.137439326567382114e-01 8.159424186845780635e-01
9.193041979740619318e-01 8.210922919817662535e-01 9.132949480799124053e-01 4.037886008191327036e-02 6.409137217654614638e-02 2.591465006271129745e-01 -6.233889660498705965e-01 -2.576205715330541768e-01
-8.026570714675829166e-02 4.553457937225557917e-01 -2.772025756920026840e-01 -6.502721164164904089e-01 -7.842365767073580241e-01 2.623264025667808585e-01 4.753882944297547208e-01 -5.071845263171474993e-01
-1.158722243388059514e-01 -1.115920668345389277e-01 -6.951282681093677862e-01 -1.884515506355377568e-01 9.312417527866396760e-01 6.252476955424728366e-01 -1.994443707688584588e-01 -9.325993169730262267e-01
8.081064033381295530e-01 7.621641470652691375e-01 1.437630794209867613e-01 2.812238804327336084e-01 4.651702397660408828e-01 1.732256247915122671e-01 -4.287467027534590525e-01 7.441839995834007571e-01
-7.103077331406191242e-01 -3.309940182301804867e-01 8.315389535132602372e-01 -2.864325837939591946e-01 1.427515885245262961e-01 7.904776768519792274e-01 -8.107665141759941019e-01 3.316629556981069982e-01
5.127667282721486419e-01 -5.944429241858901758e-01 -7.277563207545747481e-01 -5.880378376252191064e-01 -5.595822887756674024e-01 -2.685122754919682109e-01 4.512259882859170901e-01 1.833679551084084203e-01
-1.399933525731749118e-01 -4.704094627443180521e-01 1.712319665288106751e-01 3.900801385242318453e-01 -6.884803471862541713e-01 3.046539131470795692e-01 -8.060546853175805104e-01 -8.683872051909782286e-01
