-7.595453413818848976e-01 7.539640825044016115e-01 5.122557565829286563e-01 -9.652013553761285003e-02 1.037349065037107554e-01 -1.461708709672857598e-01 8.084795015549528507e-02 6.898722139319066748e-01
6.217840816413935379e-01 3.779267239033692327e-01 3.282140325066127406e-01 1.426924790624659600e-01 -7.488554214216991411e-01 -2.426401578924597402e-01 1.390081693650495609e-01 3.436744827421334136e-01
9.316893559200434272e-01 4.200568874252552654e-02 1.092291420300208760e-01 -4.761216719562564315e-01 -8.394099802767527319e-01 -5.011229875615019758e-02 8.342564329404025258e-01 2.997714575012804250e-01
1.902799516357547294e-01 9.084210218561317163e-02 -5.366131102826867671e-01 1.320086197769121394e-01 -3.278400370151346443e-02 6.379311015296864618e-01 4.502407889199431246e-01 8.808650670516948722e-03
-2.194383752043338465e-01 -8.370662783599507328e-01 -6.366532950827623605e-01 9.952764546973758009e-01 -1.425919436254652339e-01 7.190289526995687908e-01 -2.993475272154737521e-01 1.169173808715606722e-01
4.474044887469919018e-02 -4.596035878121518259e-01 -2.699350607598651752e-01 5.970407802069817027e-01 -7.442488928302175566e-01 -6.689647735191865952e-01 -8.849841879590036875e-01 1.906247206194826571e-01
5.092877553919463729e-01 -2.681448978700473607e-01 9.194666364128942782e-01 -6.634288442571332212e-01 8.894582929324785781e-01 -2.288365393043541030e-01 -1.336381758195470670e-01 -7.650092567697253099e-01
-4.856523918076336432e-01 2.466557123963792897e-01 3.520113745614970036e-01 2.003491077766927919e-01 -5.191979025662649683e-01 -1.960740234699691609e-01 -4.678528048034973352e-01 -2.330725124204837684e-01
5.843641938715911088e-01 7.569726062006743028e-02 -7.556670690242632826e-01 3.828433537200079950e-01 3.681001595032127316e-01 2.521091234982317797e-01 -2.325556768712349065e-01 -1.815188726900649474e-01
-2.329276930728210182e-01 -9.201203801503776702e-01 2.591498616098171226e-01 -9.900463361744165081e-01 2.060980903204212566e-02 -5.146861183835551579e-01 2.075461043389150717e-01 -9.235832867975868332e-02
