-7.575188808728290368e-01 9.303284760752550397e-01 3.234948174910687868e-01 -2.751083809474406117e-01 -3.937285361800171302e-01 8.864760408196297181e-01 7.642030151151157913e-01 -9.652174669552113784e-01
6.801604785576802481e-01 -6.085150609675651356e-01 -7.732508547397931586e-01 -2.676864739118123282e-01 3.079069230494759779e-01 3.581851016689392431e-01 -9.081818689249827603e-01 -1.341965363238686315e-01
-3.433289566869881515e-01 -3.961219815445171655e-01 4.557571114299998616e-01 3.189650801436993977e-01 4.747449966997048243e-01 7.725566423522314263e-01 -6.912330832811095505e-01 -5.409122574668172589e-01
-1.313617980723433831e-01 -9.287916851078257263e-01 8.891784467308812001e-01 -5.888979560918021772e-01 -3.451608004415449571e-01 -1.543748414262597901e-01 -7.532220151109121353e-01 9.045578186279930044e-01
-4.421332579269316998e-01 -8.831575583334294599e-01 -4.386000038981017202e-01 -2.486303328983718863e-01 5.295617342309022479e-01 9.832521177435060711e-01 9.194904711823239651e-01 7.784859502415149013e-01
6.742506939272614463e-01 2.818255413232975126e-01 -1.971398168905662551e-01 2.761782071332656852e-01 6.908557078089512249e-01 4.177875551693008838e-01 2.399952955105155716e-01 -2.656522153722247204e-01
3.026754329569971702e-01 -4.958456907095329935e-01 2.648603420559862975e-01 9.753674809110950417e-01 -2.677881248530831204e-01 7.606223015414252941e-01 3.717903316094872679e-02 -4.240992142982087376e-01
-1.758023127917580641e-01 -2.804814587323389841e-01 8.120647505963445312e-01 -5.404034101850396787e-02 -6.660067375780882593e-01 3.658109081941141039e-01 4.600658143438087766e-01 8.625875203812072289e-01
6.023663774519982805e-01 -7.095970756809766300e-02 2.562744247448911494e-02 8.740587803852730708e-01 7.200741240656913789e-01 -3.938161125892847281e-02 8.818351459241680068e-02 -4.467613899086622098e-01
-4.143320967167716251e-01 -5.344341059970310059e-01 -9.287510326127399463e-01 -7.395307372992028228e-01 -7.998976309045071620e-01 -3.047695005071111574e-01 6.862958563177201654e-02 -9.257351913042535241e-01
