1.308952056019192511e-01 7.036715959443589075e-01 1.883116249944243314e-01 2.334356980577110274e-01 -5.811043088639753496e-01 -7.705181613948717256e-01 -5.300622369311367432e-01 -8.283502273088008128e-01
-5.178224956617965002e-01 3.211340015617620836e-01 2.334324176616238145e-01 -7.133111989420342081e-01 -9.872847726005216096e-01 3.966087526700605714e-01 9.778446598810204282e-01 8.866912281824936848e-01
9.821789759620340732e-01 -6.965032417711891632e-01 -9.180630252528199087e-02 9.614397850095763864e-01 -7.862198367924011499e-02 2.509601169618236316e-01 4.394116632470230766e-01 8.963160415694630956e-01
2.599596361285094748e-01 2.294169037957574098e-01 -7.837866049248243261e-01 8.774169566043221735e-01 7.474168959041547211e-01 -3.064107772710131794e-01 -5.415485827675918795e-01 8.539041045426365439e-01
-2.113743006450330419e-02 -1.049627373963641919e-01 3.015032210799202250e-01 -1.626977685808455032e-01 3.774949081128009531e-01 5.868111276134180265e-01 -6.202734321220977343e-01 -4.109388297543845603e-01
9.359781396090658401e-01 -8.594869398697593255e-01 3.056759044782690893e-01 -7.269310527081458417e-01 -1.989602017183456084e-01 9.993551085263912004e-01 1.871860991071838676e-02 2.866919289791227676e-01
-2.372097294917638877e-01 -5.234784823442251156e-01 -8.925049784167904399e-01 6.564321485197495143e-01 -1.976754962745292943e-01 7.794117019779318589e-01 5.125788352305749029e-01 -4.159755877975654936e-01
-2.126843379422223013e-01 -9.216765552533598971e-01 -9.124553563078261487e-01 -7.469891016173075826e-01 6.229027213928275408e-01 4.480883804340223264e-01 6.804546925136467639e-01 9.922044239441825120e-01
-6.842571807801220984e-01 4.474970284671693221e-01 -6.792705751421841409e-01 6.808615341588719616e-02 -4.664773812297671185e-01 6.425852727481573545e-01 -8.393065563860784284e-01 -7.765675003095384721e-01
-1.209463374315022932e-02 -5.532032363893595317e-01 5.939754371908820829e-01 9.249724018980753915e-01 -8.924316073467006838e-01 1.897277508956110026e-01 4.687385327073467778e-04 -2.693573003891189810e-01
