3.067312396094443727e-01 -5.792695368577738257e-02 8.530487547422747063e-01 8.392170795982909492e-01 4.713268215774844005e-01 -7.510658093444224637e-01 5.199216721781207973e-01 -1.856400233221733309e-02
-8.375179731106590086e-01 6.912635804811881890e-01 -4.290201302480152190e-01 -6.643842669251478483e-01 1.236810190608974569e-01 -2.780172501423590070e-01 -4.009696987747579655e-01 -9.499027860221640474e-01
6.124939905388353534e-01 -5.357146411063056224e-01 -1.155642688863907086e-01 -2.076889958950012272e-01 -7.767691801585978606e-01 -6.009490167145246087e-01 3.947025145052991402e-01 7.278933041863373532e-01
-1.416088280564546942e-01 -7.669822240265296021e-01 7.590497285370076952e-01 -6.750873238416621458e-01 -2.529437506047889084e-01 9.660825633324738870e-01 5.685268557089098174e-01 -3.402477980786753342e-01
-4.248342312426751644e-01 -6.955359633489512916e-01 -5.567985909552475299e-01 6.150021240265708400e-01 -2.159389319989222233e-01 2.775616917662926397e-04 5.922507263390424104e-01 -2.335110394718482585e-01
-6.393588115521886550e-01 4.918138589896681179e-01 -7.816172916328523179e-02 6.729985622911189846e-01 4.112015046607870872e-01 4.688482651800107703e-03 -6.410554250666478104e-02 5.634981722731198239e-01
-9.191180667326899201e-01 2.470939735455977004e-01 -6.148453262127133723e-01 4.381478530680116279e-02 8.620688841834076577e-01 5.829535411065924766e-01 -2.027838547747518039e-01 -3.604217500728212897e-01
-7.530246213149038859e-02 5.941197165403779845e-01 -2.359477983940787560e-01 7.649291302364813472e-01 9.636688257686067960e-01 1.935228830379485121e-01 -8.615899857263351613e-01 6.472531191562103103e-01
-7.919392967769391944e-01 -9.899456854746533363e-01 8.289605503555481647e-01 -2.025945361348722162e-01 1.756713772456188760e-01 2.052619421828050239e-01 -7.265291846382913032e-01 7.072685640887519387e-01
-9.218707066549469697e-01 3.282352284516827368e-01 -9.788148220280767919e-01 -3.787976882981198834e-01 1.617477124020094692e-01 -4.248562536362001651e-01 -1.742752010735451051e-01 3.477209522667124020e-01
