9.240514209169874427e-01 4.780875545419178696e-01 -6.040267164523793753e-01 -6.942819213308240034e-01 9.685942964393181587e-01 1.939985530521521895e-01 -3.888649144166089755e-01 1.134611478188869427e-01
9.359673064504114848e-01 1.586594742797859947e-01 -3.575347016546162049e-01 3.948876860787242649e-01 5.235266737446306884e-01 2.748226703458043207e-01 -2.017944318196864817e-01 -5.866748347689245691e-01
-4.142099317659257984e-01 -8.972769096580281989e-01 -2.519020185174809523e-01 1.876626839859383278e-01 3.886267215422023469e-01 -1.043359643759780298e-01 -3.876137000280588385e-01 -2.896041470630135173e-01
8.000489318076915435e-01 4.963951527584300472e-01 -9.547697722314636426e-01 -7.364951395443004589e-01 -4.252277068789869219e-01 6.151708022640531848e-01 5.108343422055203753e-01 -5.973966857184567214e-01
4.040828576333304056e-01 -6.204318621934457045e-01 8.362944275905448421e-02 9.281588330725956126e-01 3.736497894708017409e-01 3.064446660459321237e-01 6.395103088289910698e-01 -5.979572731148055098e-01
1.292350360299259204e-01 3.139382836577435665e-01 6.125950391982328824e-01 6.849190154356736837e-01 -8.364626997115023332e-01 1.468344331233462086e-02 9.868051308256471366e-01 -6.303836131057753978e-01
-2.806028732452650054e-01 1.179626229740089460e-01 3.188794881047127827e-01 -1.613947188975961566e-01 -8.768379922169116103e-01 8.915497477885039324e-01 4.737167066348018096e-01 -8.507894659968486817e-01
-3.695904764711244184e-02 4.877415407571992212e-01 1.548406330030585032e-01 -1.536037103653824509e-01 9.826124245041827354e-01 4.822302290786333323e-01 4.853923339369601297e-01 5.347728222251710850e-01
-1.506279779856563028e-01 6.551379337898657340e-01 -5.663423350018970126e-01 2.500333304714279503e-01 4.172477318458953643e-01 5.721553646667520976e-01 -9.046439909094552423e-01 -8.528734232768719892e-02
8.356425911821124819e-01 5.524805294014524248e-01 1.201283298880811534e+00 6.471849426528993865e-01 9.532806456961164798e-01 9.108062162930157246e-01 1.046237335584315753e+00 1.465499594130675209e+00
