-3.293183884670480843e-02 -5.054838154402987449e-01 2.579956212185035014e-01 -9.879116561824023979e-01 -6.199802435118231259e-01 -5.039751684755784389e-01 1.316249970916272272e-01 1.215509202691340551e-01
2.119712655100580712e-01 -8.569662064830407822e-02 6.145526062736874628e-01 -9.169630021232739736e-01 -9.899004607344579210e-01 -5.418471931303339151e-01 -8.336039750093551248e-01 -8.553289490892219682e-01
-8.599437246417918068e-01 1.936740614061180921e-01 3.959352765709653887e-01 -2.136523631999114325e-01 6.196596011497395029e-01 -7.895926604805323379e-01 9.339393704108716054e-01 5.444976583980480900e-01
4.115618480834712933e-01 -2.468223488988217085e-01 9.515459219655313383e-01 -8.075912419706055001e-01 3.251571295259103600e-01 7.171863131194391450e-01 9.989895433141879888e-01 5.523681801705566663e-01
-7.496686808108128375e-01 5.002974116102822943e-01 -6.324324877450857585e-01 4.500507831834243966e-01 -7.468967995429069973e-01 -5.525098256283966780e-01 -2.400213264062693863e-01 -9.648493635286661263e-01
-1.676344027800631409e-01 -8.032922574174585773e-01 -6.678653750443570569e-01 2.082953260841666765e-01 8.950014982292451293e-01 6.554186546125964075e-01 7.531307384175442987e-01 9.331653081233497460e-01
-4.028740493998017591e-01 -1.461175434364947456e-02 4.435045216732527162e-01 -2.027060028366594047e-01 1.042230245292923296e-01 7.800067862689028519e-01 2.562767107892858220e-01 3.662803942765473497e-01
-5.215535100731898410e-01 -9.297780019910084626e-02 -7.179235617194137387e-01 2.323591433898597458e-03 5.387656337041362153e-01 4.580799970005315913e-01 6.286896446220879842e-01 -1.492188896955142230e-01
2.160781366406976378e-01 -7.951323548228694804e-01 2.632230199040173080e-01 5.852675190219607249e-01 9.821394394870142097e-01 -4.340238413735819645e-01 -7.403186316123611110e-01 -9.787904400970806051e-01
-8.100955732474532933e-01 -6.687979208405683273e-01 -9.926532314438230031e-02 -8.819770741585941654e-01 9.748683534014825902e-01 -5.995474628919359450e-01 8.421302579192020410e-01 -4.232493334026439236e-01
