7.298984282825999870e-01 3.312834371761459451e-01 -1.264282926818711683e-01 7.791385577417142549e-01 -6.870799878994808818e-01 2.907784117904184118e-01 -1.634865192613730311e-01 -4.362428540586524850e-01
4.836978311508326467e-01 5.575062439369422584e-01 4.579437042227005872e-01 3.043989721770596901e-01 3.356616546784878530e-01 -5.873344417059451761e-01 9.829977543346601898e-01 -4.940722433280697601e-01
-9.698991183199545674e-02 9.674842109212435926e-01 -4.107032274376192227e-01 -2.428257565454918776e-01 -5.499711299210097160e-02 1.072878951772149314e-02 -2.104976860412377526e-01 3.195841389910034636e-01
2.937744106044166692e-01 -3.890346851218979829e-01 1.372997816117103032e-01 4.293387757928099902e-01 -7.808550101684308409e-02 -7.991140223417338984e-01 -8.254695685710267128e-01 5.575936011639828216e-01
-2.445419014551135639e-01 3.309039725563331924e-01 5.917894188347481155e-01 -1.557359177768335989e-01 5.525123181306474951e-01 6.716455415531967788e-01 2.097363840442545424e-01 6.552044659453424291e-01
-2.530158879331760868e-01 3.003330739814271677e-01 3.529291013577906533e-02 4.858855645679560631e-01 -4.310572109236936456e-01 -8.454867400308030412e-02 5.114741591445182145e-01 9.879570508033053144e-02
8.282014170719085300e-01 9.120731888375144258e-02 -4.774579517739998558e-01 9.283405212714601618e-01 7.376095110178004788e-01 6.890528753783864424e-01 5.097967202638504780e-01 -7.292531763724789950e-01
-5.421604344960477828e-01 8.170581936595111561e-01 6.725090967031395195e-01 1.428142942221910516e-02 -9.282610794762893303e-01 4.131094285000245225e-01 -8.119442561354257570e-01 -1.092444881232548237e-01
-8.307502411960934197e-01 -1.240347057775197381e-01 -5.634163689231623806e-01 -7.070243666644377978e-01 7.233233430667351804e-01 -8.668222375936585067e-01 -3.113432690172077688e-01 6.286859267160911369e-01
9.982206832828577348e-01 1.185863037914919538e+00 1.376895418877269517e+00 1.340004419765916666e+00 6.002855440468390924e-01 7.239338294209923808e-01 1.349040038897335592e+00 6.483883970630872629e-01
