-2.140429782833725980e-01 -4.207552532699709857e-01 -1.284963024343310778e-01 1.113980923181228100e-01 -4.427028972249069660e-01 -1.104579695511196391e-01 -7.706101852986972922e-01 -7.115959507857754218e-01
2.170763848662675688e-01 9.610614535507495670e-01 1.237753365248024373e-01 -7.940313694924849841e-01 -9.203493105447333456e-01 7.552773861780008868e-01 4.626148962374900808e-01 -1.754492477575153586e-02
1.970878893708267743e-01 8.518962195709141039e-01 -3.768130358676657909e-01 -3.068209262903500711e-01 -4.858018820578118291e-01 5.962031331142541024e-01 1.804769779988701917e-01 4.540281088977835555e-01
-7.016792909539255607e-01 2.897409109217889966e-01 -2.898557582669982757e-01 -8.806606346485212899e-01 -6.739651560470880653e-01 6.179051455102047008e-02 -2.017170750055985451e-02 4.299880478313888865e-01
-6.045138397713389899e-02 -6.352135051428493551e-01 -8.538646938006131393e-01 -7.120994106750562214e-01 3.014796112388886673e-01 -6.143082074762626910e-01 8.911687561475889474e-01 -6.469187344540383577e-03
-1.661559318171983435e-01 1.463692877657876146e-01 -3.743624697494114528e-01 2.210102304530250361e-01 6.117567342949197240e-01 8.185879383478380511e-01 7.125243300378321099e-01 -5.858133259332478637e-01
-4.213927705792357425e-01 -8.726325580430904783e-01 -5.855749418444402554e-01 -1.665149083249202189e-01 3.067956821813797585e-01 9.329774674558410918e-01 1.779111603556557952e-01 1.258562932884084162e-01
-8.568524613566084192e-01 8.782510152884659416e-01 3.198947668687905921e-01 3.117457881921796847e-01 -5.118762176357338767e-02 3.996753055783155428e-01 8.052956374000610484e-01 -5.245657030086749995e-01
-9.966979564400804126e-01 8.310982998511118325e-02 -2.962662934017146199e-03 -9.994917280179038688e-01 6.515013376154330516e-01 8.078921909551777247e-01 -4.233411282411110310e-01 -9.261821846888729226e-01
1.479722279445138344e+00 6.623519028589401891e-01 1.162930716143152132e+00 1.414119868252610601e+00 1.285291814570999058e+00 1.454726855089671256e+00 1.261671284495522460e+00 7.176914307963638828e-01
