-8.597826010500855265e-01 -7.980387063252014634e-01 2.061650288980307888e-01 -5.830754758868936793e-01 6.815793958650917528e-01 2.174722284695000951e-01 9.239232564928077096e-01 1.796386986420885901e-01
4.378790879644294254e-01 3.438623614351630220e-01 9.926277943112831181e-01 -9.320481416546408937e-01 -4.349401206788969798e-01 -3.549310059464378941e-01 -1.972221347454035101e-01 9.184503663306808896e-02
-1.966508240802558038e-01 5.744044719753249595e-02 1.387845847598740967e-01 6.542011986774205479e-01 -9.224403371555087716e-01 6.744263066358637815e-01 -9.409458167434394671e-01 -9.827014515570966502e-01
2.790466397715591906e-01 -2.958951876592186281e-01 4.919478364182645613e-01 -1.076297743753578118e-01 5.797673837458467982e-01 -6.807868135328665193e-01 3.981245350251836346e-01 5.432144481782361645e-01
1.699416271348703766e-01 -3.892558754439303659e-01 -1.795590793931676199e-01 -9.118517129534207122e-01 -4.728732998397460197e-01 6.125675124589144982e-01 -3.136971505476777722e-01 -2.024366045942656012e-01
6.355696205817435995e-01 3.419816792349907875e-01 -1.295475880155114723e-01 -8.878900571308281364e-01 -3.394840647356482943e-01 7.642278271048987826e-01 4.101832478266509430e-01 8.304831269605885691e-01
8.543264086270749846e-01 8.727821948128089424e-01 -5.843596560775585758e-01 -3.879691529518525250e-02 2.743482594316430934e-01 -5.021657038700111375e-01 2.268297023573959681e-01 9.100743101672237323e-01
-6.560766033262743768e-01 -3.480726411083583383e-01 -4.351006068968632512e-02 4.032785140237682420e-01 -4.578875203797827531e-02 -9.214042806378417438e-01 7.092967450036018473e-01 -5.160854420626661554e-01
3.865942881721062818e-02 -1.830303210503758660e-01 -2.342995518607278171e-01 3.792414290282020151e-01 -6.639634468399377987e-01 -8.861579337198843831e-01 9.379422763045630607e-01 -1.940319965622270271e-01
1.006073726142963753e+00 1.387006985978909146e+00 1.124923800317906064e+00 5.265044341299722763e-01 1.475241649579114744e+00 1.187379667672370687e+00 6.866916146794714848e-01 1.328812958295119362e+00
