-6.751172327079486557e-01 -8.787262166523595042e-01 -9.819931536028840835e-01 -7.228983747638366708e-01 3.309628298621745124e-01 8.436850009640983750e-01 -4.474246929402023731e-01 7.105672352652172563e-01
1.206189270230122457e-01 5.531722507837748548e-01 -1.102436544330476220e-01 -9.977970511511067286e-01 -2.423672695411727140e-02 -1.855866093154456831e-01 -4.259840881885876840e-01 7.011514699490879465e-01
-1.256201346277490138e-01 -5.017803989956235444e-01 -7.116026956396492853e-01 -7.159106249538740308e-01 -4.566074361500740419e-01 1.637087916900847873e-02 -6.805305388662874488e-01 3.929082737361222488e-01
-7.674295166076035013e-01 4.686813464284338426e-01 -7.749521604271825126e-02 1.790502496121479936e-01 -6.637648612118589586e-01 -8.142722460873077495e-01 -8.627844814088083680e-01 -1.178635656812985211e-01
-6.408982122517008495e-01 -3.751610135913243660e-01 -9.907877184966062956e-02 -6.337265675950123356e-01 -1.402769362104800965e-01 -7.008478736901873063e-01 6.402904113232823491e-01 -9.822126034212987911e-01
2.453084242224428113e-01 -6.275487982584084801e-01 -9.975087390704073798e-01 -7.750351710444554065e-01 5.924792450794791332e-01 -1.798985874635299353e-01 5.479886518875087820e-01 -9.386364812711671668e-01
3.482112479734307264e-01 -6.169899298857037806e-01 2.431177454745048205e-01 -1.280630476650279626e-01 -1.319352618281535161e-01 4.530895494423767822e-01 2.577906592629040095e-01 9.777451797651925958e-01
1.135226583076101026e-01 5.302999680438014174e-01 -5.438964510750252668e-01 7.115049007552840532e-01 8.437872615333184001e-01 -6.829360535660975451e-01 8.052403260089395776e-01 7.989010285618982632e-01
-9.355651481140743186e-01 6.272901297189552583e-01 3.435961944392624812e-01 4.266933555273155765e-01 7.172689996338159624e-01 -9.602214872744831986e-01 2.975269925400017001e-01 -8.400510148434352509e-01
-5.571857162333915259e-01 -9.535887962330225065e-02 -9.684446630143861423e-01 6.377934719026687738e-01 -3.208603681493282789e-01 -9.716391968870827789e-01 -7.094877190494515151e-01 8.639968816310061861e-01
