2.813982796734801894e-01 2.593332119742330910e-01 9.743730054191914736e-01 -6.954746957547772723e-01 4.723846643859399563e-01 5.257468369480124970e-01 -3.378246890787048873e-01 8.597478913309481996e-01
6.096629983903092409e-01 4.889558446598925023e-01 5.619644739359985763e-02 3.815968994730627450e-01 5.806861597137367159e-01 3.248802750999486566e-01 8.851094065043425552e-01 4.819274703278342287e-02
-3.517892107331728191e-01 -2.226218469528671307e-01 6.591441362009502480e-01 -3.073926692040223063e-01 -1.601017151970689500e-01 7.919074291733501081e-01 -9.352645988312089376e-01 5.230213781146182406e-01
7.435605288334343754e-01 -6.060858242637505722e-01 8.388660309003719284e-01 9.924754518495257916e-01 8.966238980025682537e-01 7.685529796972137007e-01 -6.638290156352675275e-01 -3.791077808544918160e-01
-6.415894850107661807e-01 2.371123204051823752e-01 8.977120666864299992e-01 -8.661203193756490393e-01 5.803354676669025825e-01 -8.613958511149546471e-01 -7.590245062718414815e-01 -5.034104775833680989e-02
3.547244646323441941e-01 6.713041265077033248e-01 -5.442070546773216666e-01 7.170574483603431304e-02 -4.787143052530273835e-02 -2.342432575082453727e-01 -7.297413575033337985e-01 4.569010410140412759e-01
-3.557185606457491378e-01 5.401420068753690629e-01 8.299520940611131437e-01 -6.600390490761494089e-01 -2.678488536939784836e-01 8.296410689413995510e-01 -1.406412955650979679e-01 7.134712284351449885e-01
-6.266879922323782548e-01 -9.189637444722944526e-01 -4.557474456885901581e-01 1.103144647970704106e-01 9.009248356151493553e-01 -9.554797002738757428e-01 7.071948649058965586e-01 8.943430037581603376e-01
-6.278776759001316599e-01 -6.549203401632439636e-01 -4.692677912273219842e-01 6.320681600430526625e-01 8.182778502442691337e-01 7.807327280690352644e-01 4.089666632428330395e-01 5.611628543606954622e-01
-8.478399577101181084e-01 7.580186384334839378e-01 8.591682822673591957e-01 -1.914619098146577159e-01 2.874721386422249836e-01 3.492298527072668080e-02 1.032509860973636062e-01 6.362148560675118247e-01
