-2.789185604649793149e-01 -7.969976510686405113e-01 -9.074673848567245127e-01 -6.853035180526731995e-01 -7.712847019485955524e-01 5.639966685665509516e-01 -8.064231536217407736e-01 4.612123975230228989e-01
-6.709844293519455771e-01 -6.524999265128861303e-01 7.113705577961335624e-01 -1.761516546109653802e-02 -5.109173912797488892e-01 5.326427639197321984e-01 4.637880989466893755e-01 2.610893615123299760e-02
7.955908816087906565e-01 7.981545327000016954e-02 -4.100546454951952136e-01 -2.187306355487124154e-01 -3.487792359460404334e-01 -3.613268949763568383e-01 4.566990913390767126e-02 -1.619146433544107477e-01
-6.832284465175675336e-01 7.022156014742508834e-01 -1.535654309991481004e-01 -6.476947606483121067e-01 2.807558117569295408e-01 -5.637247749839440214e-01 -3.962079760377270610e-01 -3.834572142040042486e-01
-9.867027491470834466e-01 -6.951336540106489714e-02 8.312091584535175048e-01 3.742179351359906647e-01 -9.943063607583209063e-01 1.650357714584462787e-01 -4.820008606832031361e-01 -4.440506995710176152e-01
8.299991942911213449e-01 -8.020482027499549194e-01 4.407758929029514938e-02 3.607858471724134652e-01 1.848432741920720268e-01 5.855491549635205573e-01 -8.973324633975758857e-01 9.747421052288944843e-01
-3.019832044340173827e-01 -3.065594202639347898e-01 5.614088436455175746e-01 -5.470759760896724000e-01 -8.467679764660163144e-01 1.708018268578053167e-01 7.811519925646692730e-01 7.324502444898572939e-01
-9.840486486144282008e-01 9.084273975546792723e-01 5.721615668687896061e-03 7.242837576379030917e-01 -3.307195436772438768e-01 6.769342814551690957e-01 8.301677022433777697e-01 -4.651593894460011036e-01
5.080207485796610634e-01 7.881716730724177555e-01 8.916707118365789775e-01 6.181264596559594704e-01 -1.312374908683762165e-01 -1.628070075359799862e-01 -9.690097975714204726e-01 -8.810815667327633882e-01
1.295861875860192525e+00 1.169814279087169062e+00 6.854315057540327771e-01 1.153675307238306580e+00 1.143213467721347909e+00 1.196081024148077265e+00 9.974670959151382688e-01 7.705684979325154726e-01
