4.472778282045295484e-01 -2.203344883205764493e-01 -6.108187741390824765e-01 -6.351566812345086355e-01 -7.721853454295559693e-01 -2.254145884525295962e-01 5.618152689403599354e-01 1.074718400946093055e-01
-4.935920906719493129e-01 -8.327081347170919301e-01 9.518030118305154108e-01 -9.068748478022985449e-01 -4.204940044508156394e-01 -2.439103285619850237e-01 -1.501006414254031363e-01 1.709485989691206242e-02
7.617132543175486603e-01 -3.180276751874622221e-01 -4.581693927121932575e-01 9.383563479071230784e-01 7.449163387616120069e-02 -3.219178749096218706e-01 8.096828373697484427e-01 -1.408832990369983662e-01
2.432528896693260112e-01 -1.147429614322901248e-01 -5.856079458374250368e-01 -5.510107094912857217e-01 5.725462434329617878e-01 -8.533623446331857210e-01 3.097806220240035824e-01 7.257767029187673913e-01
-9.352374280311304133e-02 -2.517846877006515438e-01 -5.920913206402855788e-01 -8.975263933302404240e-01 2.850947612895622374e-01 2.746809350470276190e-01 -9.465116845182539596e-01 -9.105332908017047533e-01
-9.664215858106588453e-01 -4.999732389893523088e-01 -6.976524129059653578e-01 7.614176242595185329e-01 2.121089881739346428e-01 -1.137236297783599248e-01 -8.645148610487751739e-02 -5.308509022146725709e-01
-2.807204771866798065e-01 7.018605873011560803e-01 1.856140247799142884e-02 7.854530308429750196e-01 -8.796348188476759145e-01 -3.576533025438592972e-01 -6.958049194694664319e-01 4.020497337259785198e-01
-2.807634887507508559e-01 6.379125477174423242e-01 -7.681159080307520259e-01 -5.780720389017712790e-02 -7.066765052480881160e-01 -1.803559860209500432e-01 -1.118241350321613758e-01 -3.927005202286848462e-01
1.268234263408787310e-01 6.584410651214551713e-01 -1.746193013067054434e-01 -9.267484701166379679e-01 -9.918116030806956029e-01 -6.780292765954980538e-01 -8.765536049766688986e-01 9.494279411672468250e-02
7.200972864753051317e-01 7.299109888535755264e-01 7.208912949047362462e-01 9.005219710277275746e-01 8.371834717652845148e-01 1.078476814191739575e+00 1.306561549215673024e+00 5.945527546885237546e-01
