-3.859802802128446952e-01 9.772240549016411038e-01 -1.717892512864758192e-01 9.346932251439012962e-01 -7.079560247742338053e-01 1.556547910534735735e-01 -1.634116526709106232e-01 -7.202336590899394153e-01
-5.833737735975774719e-02 -9.910158774463988518e-01 -8.758615598563255222e-01 9.167885553385823894e-01 3.982723071949592075e-01 7.099762316098392478e-01 -9.087384965443441320e-01 6.098912047984967888e-01
-2.116667269067842305e-01 2.205339117044140540e-01 -4.493058910456588784e-01 9.907764149763866879e-01 -9.507406621484613130e-01 -1.385718143339829123e-01 -8.707253400354277861e-01 8.246897919270730348e-01
9.261685245334683181e-01 -3.017095691449165340e-01 -5.297080995781235924e-01 -7.103486147244975069e-01 3.224700613151358919e-01 -7.729197818815869425e-02 -7.884326455131940303e-01 3.458818237853058530e-01
5.325759454959428929e-01 1.121512760923095708e-01 -5.925043988760954061e-01 -2.726995164263517069e-01 -5.786103392988430905e-01 -3.919878703104564543e-01 -7.724898151534920210e-01 -8.342722958653283616e-01
-5.008049222402741751e-01 -4.622074910754252475e-01 -8.852713620075041145e-01 2.627582378508226402e-01 2.844605261787711559e-01 -3.000217180844571008e-01 1.578324927033090130e-01 6.929449433283196846e-01
-7.296353767596630568e-02 4.164666686932552153e-01 5.560540153552571141e-01 -4.437881616035821430e-02 9.854178406242393162e-01 -2.478142663987159544e-02 -9.399793843770789525e-01 1.343626095671273113e-01
-3.389044806539633914e-01 -6.387992387708485431e-02 -5.992536485274180258e-01 2.427625151041068463e-01 5.795490315139102400e-01 -8.101318093450704527e-01 3.691140804955093113e-01 -2.641526709634089976e-01
-6.511563537341857888e-02 -1.401182067921029617e-01 -3.187100522928552060e-01 -2.584957706627946106e-01 -3.091086795623725347e-01 -8.633186544432314147e-01 6.157930976464500716e-01 4.355867985649053420e-01
1.049332856414369353e+00 5.090044904449348984e-01 1.093207690099636809e+00 5.639714846176810958e-01 1.181116401002950900e+00 1.339145997489436413e+00 8.118509649212616308e-01 1.183444921262728933e+00
