8.278181929041723564e-01 -1.935647846461501231e-01 3.962265670914757454e-01 -4.354838017638251735e-01 -5.168771569631807061e-01 -5.610990364790104934e-01 8.019676295495805629e-01 4.331385509542311496e-01
5.998946394310049612e-01 -7.870629503087500645e-02 -9.432879475691591242e-01 -4.258654882794472574e-01 -8.951012499043675685e-01 1.297304931685809848e-01 4.086821129830624511e-01 -2.209651554083011948e-01
6.368853522867548023e-01 -8.626200291121621788e-01 -5.398260197600157628e-01 3.047405669918323845e-01 -9.793714573952125857e-01 1.426382947841033921e-01 6.933025911975396749e-01 -2.494795897534292095e-01
-5.491523515446805614e-01 6.700885782305869842e-01 -6.356977588875993845e-01 1.049269205181591058e-01 1.652993707597421036e-01 2.233846921661040152e-01 -6.084433936465094561e-02 -4.161019206599227971e-01
-4.349166593040176831e-01 3.164225032562653084e-01 -9.382537024636332657e-01 3.743241941465771383e-01 8.045242771715663821e-01 8.370164434773428308e-01 -4.278381774829551620e-01 -2.554312827803673080e-02
5.647603704130230717e-01 -6.737480620361706585e-01 -6.216801156132734096e-01 -9.112862793663978334e-01 -1.621009971390068305e-01 2.181240576870784320e-01 -8.818088698091641753e-01 -3.827482230246137540e-02
-8.945115418273641428e-01 -2.039196905874165466e-01 -7.251008176652180559e-01 -3.768718343848129759e-01 8.178391699660478853e-01 -2.954382022250534590e-02 -1.571661535834389944e-01 7.222231654342752272e-01
7.152697621271248973e-01 -2.659012444643149564e-01 -2.406085372635049513e-01 3.198437249774930269e-01 8.262440870459952791e-02 -4.791963817476097010e-01 8.700470711402625845e-01 -8.595453879996317603e-02
-8.354884090810907882e-01 -2.612920603539554687e-01 8.572095179157421807e-01 2.551697667485637311e-01 -7.704727579818464456e-01 1.865268306197356285e-01 5.786898575186363303e-01 -9.891348070586427621e-01
2.017627087791200591e-01 3.176790579193864428e-01 -1.089852518212259813e-01 -9.201224458147638785e-03 3.163103944489571440e-01 -3.041754128420144365e-01 -6.403833762614710157e-01 -2.470420421700820768e-01
