-3.433886716592855493e-01 3.297889020151811845e-01 5.321882860281041960e-01 -6.633195085758554210e-01 -8.866661580768655515e-01 5.642380377698970051e-01 7.478901539843818558e-01 -5.426001760301895072e-01
-6.914488141436956337e-01 -5.119208558292320799e-01 -7.009992323647096235e-02 4.298920927311007389e-01 -9.399530357133554226e-01 -3.871454388415356274e-01 1.686712364216473858e-01 5.578927647596223505e-01
9.339989207926049364e-01 3.610434867944993798e-01 9.011410123134493411e-01 9.706184013224661289e-01 -4.575144222819769180e-01 5.152957625775389516e-03 -5.167659335449059643e-01 -1.437966723872132757e-01
3.036536948348818044e-01 -3.417326060390872833e-01 4.916563535039064625e-02 -9.817389992097964591e-01 -2.825804623329675191e-01 -6.463422019535656204e-01 2.136172799631852470e-01 -5.388204855444556074e-03
-1.628777872083035927e-01 -6.238520458274654512e-01 -7.002441055792951730e-02 -5.851896062277242017e-01 3.420827290206771565e-01 8.549619003956723251e-01 -8.413782611100866227e-01 -6.432196239447263153e-01
3.190969862642623056e-02 5.870175763319718243e-01 8.499200274720524195e-01 -8.776705154897794792e-01 2.082311904666027669e-01 7.336177467164655130e-01 4.763807661544672278e-02 -3.641800940481012550e-01
-8.860187292756955824e-01 -8.000220336925600861e-04 5.580428655984190911e-01 -8.997809520751944845e-01 5.857147888170561867e-01 -6.256902259024710311e-02 8.168261085078580841e-01 -4.482613240458477311e-01
-8.523102510665556686e-01 3.025654674010720413e-01 -3.572740371780493973e-01 -2.886255997461690814e-01 4.110819785868073950e-01 -8.521025808171112104e-01 -8.150079675804988710e-01 -9.639020194232506000e-02
2.289909007792620965e-01 6.108820509672345800e-01 -9.778844029587594466e-01 -1.448366225640820293e-01 1.096645776890976531e-01 2.570761812244817257e-01 3.135396270684633890e-01 6.489076043251988946e-01
9.939505544532138970e-01 -7.414774948090205875e-01 5.828814557720596312e-02 -6.329700603413059845e-01 3.698872935056884970e-02 9.441191923719960410e-01 -3.918953886095200012e-02 -9.576400086625769248e-01
