-6.088352550295510479e-01 5.080562599341740260e-01 7.144864396157126762e-01 -2.532650127431645970e-02 8.178702463124234434e-01 -1.861943615602736912e-01 1.389283844544781932e-01 1.138451876062340773e-01
-8.873991193449444204e-01 -7.381554326541341915e-01 1.720973951441371330e-01 -2.726517987699139667e-01 1.061829277786521253e-01 -8.675425024560725618e-01 2.236643684687125155e-01 -5.041256312426469766e-01
-5.258105054927915134e-01 8.290018615263836654e-01 9.512992980813890220e-01 -6.421531286589716725e-01 9.445474679277174879e-01 6.767314347862867230e-01 5.997599198402114862e-01 7.530738994900176841e-02
-1.826247787945700640e-01 -5.111836661812880767e-01 -5.263882395823449301e-01 5.131512295113827005e-01 -9.855070155876952676e-01 9.679876296610667730e-02 5.817383443929302622e-01 -6.760419757141762354e-01
2.713105236567630030e-01 3.027091054776895884e-01 -8.392217921888407428e-01 -2.943564057159588909e-01 1.848751878340970656e-02 2.662245180154567681e-01 -5.793761852523215961e-01 5.267189145489628022e-01
7.491802204679534061e-01 -2.974320013820435094e-01 -8.025983483436922583e-01 4.936776072513557878e-01 4.288595695422090515e-01 1.374980269330434712e-01 -9.109815018881506354e-02 1.101701063070885667e-01
-4.268931091068279837e-01 -3.178957905000598938e-01 9.054993340024395376e-01 -6.801439052393598583e-01 -1.401855466876955614e-01 -8.739995591382552220e-01 2.653624197357244974e-01 -3.030097350365894560e-01
-6.638340843568470984e-01 7.563588671920269402e-01 5.722901853913575643e-02 -1.274914647655025490e-01 -9.768400891833550759e-02 4.786544275844091256e-01 6.586024081474313174e-01 -2.056106307250813447e-01
-8.752600042726355056e-02 -4.448840044875927990e-01 7.713464255636364175e-01 6.068340946113059964e-01 -7.629122641454908482e-01 -9.037890907394507956e-02 5.538352548678397991e-01 -8.556209885110199753e-01
-3.762200668145567750e-01 -3.499291982287728864e-01 4.408366634844036458e-01 7.510833994953745041e-01 3.685910454151077875e-01 -9.893307548544734153e-01 -4.580860516104776625e-01 -7.835092261194032126e-02
