-6.118996342323450577e-01 4.933683377926436631e-01 7.060591904889435000e-02 -2.979369214633431628e-01 5.359455152821523960e-01 9.945853325607325601e-01 2.086190483442156296e-01 -1.424365587001696909e-02
5.642658469251282671e-01 3.477171403258756399e-01 -1.197694994906279842e-01 3.374025801656297396e-01 -6.064701625638972970e-01 9.483739861542905825e-01 -4.093037257687746067e-01 8.841802821848387950e-01
-2.217846852829834514e-01 -7.687676200208766186e-01 -4.967428055076636984e-01 2.556042989042299762e-01 5.456142828570644809e-01 -2.781441702689309015e-01 -9.770707672206244698e-01 6.374245893553975861e-01
9.119751914153257921e-01 9.721614943774279372e-01 7.600283179974784975e-01 7.011453759003716257e-01 8.900507270966340201e-01 7.365180510035536088e-01 7.797159272206395375e-01 -6.437790228064423914e-01
-2.707583902832610967e-01 2.062571412424012429e-01 -7.546354386115443624e-01 -1.782011554826672395e-01 6.198908271637448841e-02 6.546412616754673230e-01 2.139816151429179136e-01 -1.228813593480393429e-02
-8.785055337656060281e-01 -5.737353826562963111e-01 -3.437757727719674694e-01 -7.051142231382092618e-01 1.962483004355903837e-01 -7.756521066019734789e-01 -2.736016206287679164e-01 -2.043530330544127693e-01
-8.570822499555241780e-01 -7.636333665608945331e-01 8.349805713979372435e-01 3.576230919598970548e-01 9.763270352905240035e-01 8.763000457707137425e-01 -9.501389192560583119e-01 -6.760786512696312922e-01
-8.878777238886672585e-01 9.250693790739501488e-01 7.212511077079675204e-02 -5.191222229466498916e-01 -2.666297723352029081e-02 9.646298527781151932e-01 1.962225992321646739e-01 -9.271255469716521702e-02
-1.649089376083701097e-02 -4.227755961843420174e-01 4.631614195479376583e-01 5.685463021157259877e-01 -8.103809981907774684e-01 1.101607089192000455e-01 8.406093905644740349e-01 -1.940032358910377397e-01
5.324035531759643280e-01 1.233657339812470166e+00 1.335662681761325743e+00 1.075711893469061931e+00 1.424077612029702067e+00 1.002205546501574229e+00 8.092254873337343390e-01 1.455022028705385218e+00
