-5.263567619684645926e-01 -6.355010996375303201e-01 -2.220143593563237427e-01 -6.804027573743609558e-01 -2.436026850808170607e-02 -2.729908821310074174e-01 5.350228816071729288e-01 1.699620199524876085e-01
-2.067228581728368653e-01 7.120873276558274956e-01 2.987722338777163422e-01 8.453534747059761045e-01 -5.204960144274948242e-01 7.124840210746870017e-01 -3.712250285134137684e-01 2.372019644699574492e-01
-6.418645516066066037e-01 -6.075935792911939526e-01 3.783355074298893062e-01 1.933813182975196998e-01 6.984613147961662438e-01 -5.802815195825039574e-02 4.942554558935032816e-01 -5.788481556267306427e-01
-4.685966436166784099e-01 -7.879657003569371376e-01 -5.570235235380087691e-01 -2.314758501438134441e-01 -8.795365027585755335e-02 -2.355070169051147744e-01 9.446355654974263327e-01 1.365976955037160323e-01
8.752864956456432033e-01 -6.211058867689405183e-01 -8.531837536486999163e-01 -9.572118437039403016e-01 -3.234760697466265711e-02 3.532710049282508091e-01 -6.362319879651581189e-01 -2.006194058432975158e-01
8.519569592688853721e-01 6.052153440943031093e-01 -9.186959928278712884e-01 6.159509901465027859e-01 -6.116460298652355299e-01 -7.141075165925412360e-01 8.863035284716054285e-01 2.297845295869593851e-01
3.329636600908747468e-01 4.561124529334323885e-01 3.507546129915193323e-01 5.254525286883422464e-01 -7.123120342075250910e-02 7.037375686288704912e-01 1.006419870079469092e-01 -6.033955584906096625e-01
-5.680317514264714429e-01 -9.896775711937630948e-01 -1.273141233249088788e-01 7.624203903191002496e-01 -6.200358276302109228e-01 6.015963079591823970e-01 7.330187269545684892e-02 7.997978621579806546e-01
2.649679792141987900e-01 -5.303808659985769225e-01 -2.500194209510275822e-01 7.444446549953285253e-01 -7.667971463989762260e-01 -5.502846978314210880e-01 -7.980911235902563572e-01 6.527757108855047896e-01
8.310222598356835633e-01 8.068493133616332358e-01 1.468328145832949350e+00 9.426074117774770889e-01 1.399598442039797108e+00 5.815899802546667940e-01 1.425514879257885559e+00 8.783250630649788171e-01
