-9.996872838889472312e-01 -2.788150725083984316e-01 8.512013259393016451e-01 -6.367803061774623963e-01 8.437510958797234117e-02 9.423631488802612921e-01 -3.821770496918754922e-01 4.097093425005526868e-03
-9.977301952965156318e-02 -3.369452818446847520e-01 9.162491978382538704e-01 7.170891229663551858e-01 -2.382780016900598596e-02 -2.382959934402839597e-01 -3.931837261586288435e-01 -7.827731431512066074e-01
-5.822176724388894442e-01 3.384778900857949857e-01 -4.025747406651154492e-01 3.334612458534600421e-01 -6.902890336193867604e-02 -8.342206036961783422e-01 -8.565007822356807132e-01 -2.070488624927027121e-01
-9.532800827792622389e-01 1.566737531771424941e-01 1.185083086861000723e-01 3.219019826287226049e-01 5.707007963009467222e-01 9.355560383362730992e-01 4.020938424453579518e-01 8.067071075439697925e-01
-7.661520267338528534e-01 -5.496172367970884043e-01 7.577694055095229864e-01 6.576266647104553886e-01 4.955294992717353963e-01 5.690877008167936069e-01 9.579028444747035298e-01 -7.694248588072618578e-01
-9.664814590038051101e-02 5.288399545127315804e-01 -7.708746187536656969e-01 -1.956427093280472818e-01 5.342755655023212480e-01 1.544259623985626551e-01 4.156176970180913699e-02 -7.417174130922825626e-01
-2.046141305882427375e-01 -9.628651126457501430e-01 6.911656280803581964e-01 4.944512818561497269e-01 -1.092226268393494681e-01 -2.848642895402067055e-01 -5.203075596746726816e-01 -6.409214397578826272e-01
9.778653326903907761e-02 -9.794818824908728683e-01 -7.476218300819326146e-02 -9.619033465599950983e-01 7.664859844085136764e-02 8.605305125788451637e-01 -9.047226485453365719e-01 8.701573040937076176e-01
3.554024884680513363e-01 3.477770355207050468e-01 9.876359384084110182e-01 8.126420291645899407e-01 1.587290779713930178e-01 -5.397082520233986713e-02 5.838866622714231625e-01 5.419934515276627618e-01
2.275971128014677713e-01 9.628004452896723464e-01 1.047568466640573792e-01 8.389183230355770071e-01 6.271906379612959270e-01 5.181323681702250106e-01 7.963757362779437798e-01 -5.833260756197182761e-01
