3.341409380849333921e-01 1.332733213922996374e-01 7.613264276258209229e-01 -5.984723734415775542e-01 -1.081853266112875467e-01 -6.663675556723980264e-04 -8.422633194773838650e-01 5.953429782487800193e-01
3.236027417151299268e-01 -7.864193532134318154e-01 8.490560593514198118e-01 9.572262848436912108e-01 -1.243497401094120214e-01 1.636645073569216180e-01 3.400588976707938915e-01 -1.951341260237540176e-01
-8.256580363369070419e-01 7.157433471809042658e-01 7.540670261298849653e-01 3.751435312318787130e-01 1.232957044000801972e-01 -2.026902662995180293e-01 4.885231530871587680e-01 -4.649231990391711200e-01
-4.686676204237703036e-01 -3.269575547173011465e-01 4.261816827139661701e-01 -9.879968862966925780e-01 9.736499718923965485e-01 -9.889062508325230372e-01 -1.701310429796065726e-01 9.024469269357959789e-01
-2.496004399501994264e-01 -2.558878803845525685e-01 -5.258544348255229650e-01 -1.462712150390772514e-01 2.751268260497541362e-02 3.352302853147921535e-01 -9.285635735494390808e-02 7.405869343018984807e-01
6.936952092207120391e-01 2.029101394306347395e-01 -7.366198351654684728e-01 -1.125673906975079852e-01 -3.873164014280858769e-01 -8.816693162221136415e-01 8.085745981317056241e-01 -1.000235529535609125e-02
4.167645913212958408e-01 -7.670305685440865773e-01 -2.108170552557386834e-01 -3.438643621134522821e-01 1.344377186148149050e-01 5.175565078151196374e-01 -5.662132945976177112e-01 -4.986342852728302688e-01
-3.800212107989027199e-01 3.789862268942909562e-01 4.002050338697971110e-01 -1.978397914969114435e-01 5.303934620135257738e-01 2.564626591082259655e-01 -9.191591232926712429e-01 -2.655674395133234000e-01
9.870563129559606352e-02 -3.687410532286912179e-01 -6.856299176189895039e-01 -5.649664898368911281e-02 -8.448983662712519216e-01 -7.284559276940090200e-01 -6.701623016059179427e-01 6.890903351582795544e-01
5.154144422646713686e-01 8.504038286376379707e-01 1.002485802804176540e+00 8.960831939618764119e-01 6.949575673985274316e-01 1.220501600440392576e+00 1.081074882349375876e+00 1.359974926517414140e+00
