-9.785485016519368529e-01 -2.570514112870008194e-01 1.721061455322991929e-01 2.014381750494507184e-01 -5.870195562416624657e-01 2.631912919689693986e-01 -3.704905093319186271e-01 7.938662056958116775e-01
-3.468624477465465095e-01 -9.882382472214663593e-01 4.358738486922744126e-01 -8.625116216623940346e-01 -6.769370585971448140e-01 -3.186778187027861087e-01 6.692531033452442379e-02 5.013682705909261461e-01
-8.964911454727946261e-01 5.680839697475321692e-01 2.487339724535695407e-01 2.535013770442966496e-01 -2.464560022421515839e-01 -3.997541285551979851e-01 8.907369721142004426e-01 -2.991741889957655332e-02
8.178443095579239763e-01 -6.513803907455617548e-01 -8.622485053961339574e-01 8.548294118143300313e-01 6.140780478419527455e-02 -9.959719782703191360e-01 4.198134068952865672e-01 -2.741556902774817672e-01
-9.685360729356591314e-01 1.812418085517897293e-01 -5.976890939123584712e-01 5.390261196099837004e-01 3.690349310941336558e-01 3.438844643039749016e-01 8.109117662703746454e-02 -3.476954027693635041e-01
9.785561885227713752e-01 9.813979446709870658e-01 -8.301250432042175387e-01 8.698489544108345406e-01 4.112851056860700183e-02 7.392577167920335590e-01 -3.567276670920784820e-01 8.266058212784950232e-01
7.693951341187310611e-01 5.083201270708241903e-01 -5.905661738853422715e-01 -1.440677621312851375e-01 -5.653072769437106349e-01 1.496763481904401782e-01 -4.889554489671383841e-01 -9.534260932342308870e-01
-1.380308929063074341e-01 7.090942699756486167e-01 4.250958882229527447e-01 -9.873602807289711958e-01 9.827969314969133841e-01 -2.184119464367062502e-01 -5.291755245999429924e-01 7.009823748122117060e-01
4.094262264906707305e-01 -4.063723132419669870e-01 3.292304117245992146e-01 -4.522112140054597162e-01 6.317521049199175120e-01 2.673088597516704024e-01 -5.654878038319879341e-01 9.643450937850579496e-01
1.089651892873525707e+00 1.058990196062385980e+00 1.129078911800150298e+00 1.058825596683696801e+00 5.016618285036187341e-01 1.302899688101776032e+00 6.722247604554922873e-01 1.184860159218099396e+00
