-3.278634461827985014e-01 9.834771984511645471e-01 2.621540849824703923e-01 -8.518637328093618954e-01 -1.490749526815209336e-01 6.587925339351059506e-01 -7.919515592968373596e-01 6.251803768605586065e-01
-5.508255340994563376e-01 9.388809998925382594e-01 -2.553033813417797671e-01 -6.122194546430133055e-01 -2.350945467563860802e-01 -8.033407947260775561e-01 2.251138203432394569e-01 -2.703675853344771340e-01
-5.802673958038502278e-01 8.666335497863613124e-01 6.139422647669214861e-01 -4.837739625081021178e-01 -3.275182876861528758e-01 4.939859596338671555e-01 3.107198472185648264e-01 -5.518430561389280342e-01
9.553689231763244916e-01 -2.710512595005896141e-01 5.641917666232147965e-01 -4.544755871417640591e-01 6.054143293920370983e-01 -1.070102498450609119e-02 -1.925207116189311396e-01 -3.849149693751834356e-01
7.288173984010772877e-01 -5.636778066027425815e-01 -8.583351786168305075e-01 -8.632570100807339664e-01 -4.149216284930765664e-01 -6.408364440203568879e-01 -9.770222952245837256e-01 -7.757729533408670441e-01
9.539735230365711249e-01 -5.446790254270934550e-01 8.359404503934282360e-01 1.371440183207661700e-01 -3.318438276255810671e-01 -8.553762357590835030e-01 -8.383187570560268753e-02 -8.052906392666314694e-02
9.622936483375914563e-01 9.039341358949812832e-01 -4.769364797684410018e-01 -7.909882386659639053e-02 -3.822542685455343481e-01 -7.804229042997454791e-01 5.262599723647807259e-01 4.404833529695650896e-02
-8.419421367940345124e-01 -8.419987422999404281e-01 6.028443215549159628e-01 -4.120745997377639469e-01 -4.963414164747208535e-01 -2.047657923753654075e-02 -8.690235666505217171e-01 -7.812125370958979964e-01
6.508467161926247968e-01 7.045643142985280605e-02 -5.450668479528255617e-01 -2.964008113670133504e-01 -1.494975591056688646e-01 5.934382342037303193e-01 4.318810493205953449e-01 5.803739987829799052e-01
7.184063118389367730e-01 1.702040441141388083e-01 8.082581104577537534e-01 2.601331490468936636e-01 6.935016192814198455e-01 -7.254157674202954542e-01 -7.230677648728811580e-01 1.180348087468827689e-01
