6.846374167078670414e-01 9.578348827979710212e-01 6.904896088452554537e-01 -1.204435009245954369e-01 -2.796819606512745970e-01 -2.287280860368421376e-01 -1.063879253069064390e-01 9.652611687310221900e-01
-5.348859306089193133e-02 -6.632533327699707826e-01 -4.237408158697004712e-01 -2.660018986556542675e-01 -2.244277310671227710e-02 -3.409700084625575389e-01 1.988277027935023700e-01 -1.710522686801032588e-01
9.665286293803372342e-01 -2.073605976648702498e-01 5.217995383273275056e-01 -6.417638106089724737e-01 6.801612545891209116e-01 -2.287266317271998695e-01 -2.135623401961503909e-01 -2.635248314343834330e-01
9.469195275816357782e-01 -6.066376447911425718e-01 3.969060216574580302e-01 -9.770296757240797270e-01 -6.148339544809711121e-02 -5.758723863838735024e-01 -1.045581454682806832e-01 1.316027420806229475e-01
-8.776562113688759492e-01 7.337423003982679326e-02 -2.625051069323267594e-01 -5.350678025697017670e-01 -2.856431847873566188e-01 -4.477521284363727982e-01 6.198550020168542840e-01 -1.439920654279733814e-01
6.692816011722388936e-01 8.072151581372626339e-01 6.756687572785142759e-01 9.852836489683820531e-01 -6.869735271825603284e-01 -1.058958463598127508e-01 -3.158095316583038326e-01 3.921680548215509265e-01
-9.982730780215176569e-01 -1.903863241144536644e-01 2.970730925475804085e-01 7.886795505582184784e-01 -7.716735865623738366e-01 2.095653636169254597e-01 -7.170601411550592275e-01 8.544196882067067733e-02
6.871844027547389100e-01 2.567605554289447145e-01 1.697946792353548506e-01 -3.742000313352213947e-01 7.197111597469256772e-01 -2.980134574959845128e-01 -4.477486204149005999e-02 3.815592084842462928e-01
7.975184844051534938e-01 -4.264574029992607151e-02 -5.543533799542694762e-01 -1.132213950654665791e-01 2.662517568286959513e-01 1.701550330505559039e-01 -7.636886063060073226e-01 1.656379773767790997e-01
1.036024201883730012e+00 8.489176143311171208e-01 1.267350189038574992e+00 5.163858114015830170e-01 1.364465052304771664e+00 9.934283747725095592e-01 1.154774462686365633e+00 1.375341227616266870e+00
