-8.493207575034134038e-01 1.771931462173554905e-01 5.364090493251758573e-01 7.179544621707576457e-01 3.887893448263626262e-01 4.535353132454575942e-01 -1.380709579147243460e-01 4.997034024599427138e-01
4.049843722209993668e-01 -4.084260309001510603e-01 -7.145057776388330506e-01 -9.871607190539122278e-01 -8.417508345261992542e-01 7.917325513480149013e-01 7.621693377340958975e-01 -7.029097882789698826e-01
5.094062676886366159e-01 8.538404976838922522e-01 9.851156965976000102e-01 -4.780392150706933574e-01 6.481619454139275760e-01 4.080250314475513118e-01 8.649541520802452865e-01 -6.539873557515469837e-01
9.358353308173434915e-01 9.734090006806188633e-01 1.438191544802844835e-01 2.710173002970739375e-01 3.269869583168929505e-01 6.701989918461916940e-01 -1.062508038219966977e-02 7.458958675380242820e-01
4.899602408619538885e-01 3.523053525197792357e-01 -1.140739228084748369e-01 7.812376537635714602e-01 9.521890853962748924e-01 -2.702007886223536381e-01 2.042965674623828942e-01 -5.027193065215906920e-01
7.285191103139565527e-02 7.870219910627003213e-01 1.146499690968647567e-01 -9.041750538802879600e-01 5.765550222426529814e-02 9.308740038858904775e-01 4.506344184530617358e-01 4.594642377622368823e-01
-1.668150651999311673e-01 -1.950840309666068695e-01 -5.916035205272689446e-01 -7.773833740273075055e-01 4.568888442451053411e-01 3.600979703959141798e-01 -2.999554374296029557e-01 -1.996131460734309471e-01
7.502819718190334441e-04 7.457081437421395620e-01 7.024668930879831574e-01 7.909421900282134210e-01 2.271153744336897873e-01 6.152901541576509814e-01 8.667594477764151151e-01 6.195192252972592240e-01
-7.503132774110976566e-01 -7.737358050690945621e-01 5.361181615103938203e-01 -3.917673508902923540e-01 8.511291834125529476e-01 8.295742507668719679e-01 -1.503637999278002457e-01 -6.597550766901738584e-02
-6.073888728629228684e-01 -2.230964226366765057e-01 -7.925453839901122066e-01 -9.578073309768997401e-01 -9.342060344215141754e-04 -1.270102330962101789e-01 -7.678794274306806056e-01 8.167394866979522661e-01
