-9.884053883104664262e-01 -3.349859187085355572e-01 8.567422264827073697e-02 -5.029821347587335456e-01 -2.637698675767996548e-02 -1.316084167025577401e-02 2.714484690095317898e-01 6.867822634747660082e-01
2.627198457219643846e-01 9.645028594365743224e-01 1.450410353255926488e-01 -9.004068536157798786e-01 -6.532795550243759575e-01 -8.348437272518856034e-01 8.657655175980905060e-01 -4.173939139371973805e-01
-1.266932499560839975e-01 -2.818733443657071014e-01 6.779346360192335386e-01 -3.953880687749211642e-01 9.256885923986990505e-02 -5.490368585048517325e-01 5.506456793735703403e-01 -5.691217110632138532e-01
-2.359591550518362890e-01 -2.805174407156518779e-01 -4.292327492452783222e-01 -5.335760319861984069e-01 -2.980526655058191032e-02 -1.846860026279812939e-01 -2.868906199561083170e-02 -2.240656051851119823e-01
1.558699821395665985e-01 1.432754967068086138e-01 -2.859476016365658513e-01 -9.452276257223855005e-01 -1.035789654201457743e-02 1.984537630559681798e-01 -7.988855799655281142e-01 -2.279896250145241332e-02
2.008583722271362060e-01 -2.115994287032318955e-01 -1.735029627173878541e-01 -1.335833309578189354e-01 3.121329372902064136e-01 -9.714603919355480066e-01 3.119784314032891803e-01 -2.813733142718648494e-01
-1.194786090995356709e-01 -8.110419100774559631e-01 -2.015483582734645118e-02 -5.681116905533256656e-01 -8.844308896451662516e-01 -2.788121947722312921e-01 -6.029003065333471412e-01 -1.893241858060394911e-01
7.064663980915832919e-01 4.175969349801467168e-01 9.037743557144315432e-01 -8.531970205270849039e-01 -3.914872612492821258e-01 6.832368108035775656e-01 8.257243656634862816e-01 -2.590134845081042414e-01
-9.039889765121149612e-01 6.504291802228419073e-01 -8.525994554040876583e-01 9.637481646306511607e-02 -6.887076894083623557e-01 6.349720659055404504e-01 -3.137036155089985012e-01 -5.835101594068148323e-02
-6.643741573657115929e-01 2.416671677966155674e-01 -3.813935523376570380e-01 -4.022640119845817264e-01 -4.757692924445349192e-01 -9.099118779158874570e-01 7.396333151558485142e-01 8.817623997492125554e-01
