-5.843282752738965247e-01 6.381732479046109408e-01 -9.518412705810599395e-01 9.325779459975462871e-01 -7.481301848485200079e-01 5.771766689992883226e-01 -1.484231791660159949e-01 8.650358384600946859e-01
6.554788767646777536e-01 4.883796199855012787e-01 7.690637167312732725e-01 -2.452752939870159743e-01 -4.379064728294048692e-01 -6.529034018196175904e-01 2.950532662785749771e-01 5.181935188089448197e-02
6.031640054637044113e-01 6.261709214153277081e-01 3.044654127306056779e-01 9.140836102038167876e-01 -3.621715005081200811e-01 8.360033935985722309e-03 9.568605624406318899e-01 -1.987617168291904157e-01
8.786741754337501487e-01 9.594428849588605424e-01 -5.867551166754658709e-01 -6.076399009370616611e-01 -8.210891279218541783e-01 -7.858161531167462410e-01 7.779153287410047746e-01 -5.515413113954010793e-01
5.304102288372822827e-01 4.488836166914405013e-01 -9.257882033520317133e-01 2.196286701141780817e-01 6.640014394670024078e-01 2.922598122669304299e-01 8.499888661630761177e-03 -8.091778375766578435e-02
-9.826319911579617372e-01 -7.021753810876063540e-01 9.220337182624467331e-01 -4.547301185960581638e-01 -4.271198679335335147e-01 -3.225402647851423055e-01 -4.768852816389039795e-01 9.341981246550350448e-01
9.802823761305765604e-01 4.019000286130363087e-01 -1.916356223392257085e-01 5.051161266450585607e-01 -1.093893476472544979e-01 1.516418351756465555e-02 2.153001726592886911e-01 9.282845926859712993e-01
-3.386518319904752161e-02 9.272768537314397541e-01 -4.368518056362122870e-01 7.786016598605847161e-01 -2.966673430974464676e-01 5.282133108488982209e-01 3.655503123716026259e-01 -6.060560037778928155e-02
4.760150344772691167e-01 2.141615969173888967e-01 9.672925060971060418e-02 -7.438665869351290816e-01 9.157759811619847756e-01 -7.035665499569947468e-01 -6.579932208645093983e-01 4.202583565409219180e-01
3.107064298145283399e-01 -7.601440800823047184e-01 6.590122416634696112e-01 5.851211513779472906e-01 -6.511050345059368194e-01 -5.462820632649272312e-01 6.400009895101621549e-01 4.447700179317757296e-01
