6.884959663414695896e-01 6.069975383265642233e-01 -9.344508896378163065e-01 5.676965211376674425e-01 -5.118035132632170470e-01 3.268501449443552698e-01 -3.093858582522068801e-01 -9.379975842863359503e-01
-5.553431383462430482e-01 6.878969530436114255e-01 -9.819852737071799176e-01 7.595348143540703312e-01 -9.561190844454976467e-01 -3.985407160958911454e-01 8.546420079488930011e-01 3.615403268683849980e-01
2.341957753661669805e-01 -2.343950295119667793e-01 8.982431549772034174e-01 -2.750315305594803750e-01 -3.938489374086509009e-01 -1.815697588969600318e-01 8.218474009858547369e-01 -8.396783229934756676e-02
5.068723592039046100e-01 -6.265289602230073029e-01 -2.114158464072044552e-01 -1.783342648810088971e-01 3.124570399490698147e-01 -2.903780613173876368e-01 5.998709834385107520e-01 7.408583723091144435e-02
1.720057076060224066e-01 9.602802365162612652e-01 1.367588354869575529e-01 4.153715348600042212e-01 1.586983062327456118e-01 8.566095815982621708e-02 -3.262803637311371130e-01 5.243024887565828074e-01
-8.592653716824663057e-01 -7.270334099247217630e-01 -9.022669684358683995e-01 7.058811371514202015e-01 8.850602020382680735e-05 -2.779579025283176463e-01 6.375651024238648823e-01 1.525420159878565496e-01
2.089518373434340326e-02 3.206681173347261105e-01 -5.478108492174413868e-01 5.543228685774581610e-01 -4.313402972961417614e-01 -9.430691726804190100e-01 -9.972284292298057018e-01 -5.567893522512432636e-01
5.905450740513367158e-01 -7.823078654190114278e-01 -2.484269542113053397e-01 3.825059320349342151e-01 4.323840468597854869e-01 3.654880836130922628e-01 1.359061856925742884e-01 9.707902614167096544e-02
2.949354777551345119e-01 -9.054521272185860337e-01 1.501737803454883391e-02 -8.226214589924425447e-01 5.194359322681791902e-01 7.404890297736013149e-01 6.169182546975344739e-01 9.809059724813429249e-02
4.277329954870598971e-01 -5.848233353073539753e-02 6.009642839077466991e-01 2.206407919434674181e-01 8.564997632699398178e-01 4.245625825271974740e-01 -6.931513344255912923e-01 -4.597468072002834916e-01
