3.054029086634351131e-01 4.904494931517016099e-01 -4.809271619133086428e-01 -3.715903810632830151e-01 4.373492924394624115e-01 1.883236771206129312e-01 -7.229061065765736149e-01 -1.124927761254139735e-01
-6.907547412415215859e-01 5.111140339283777312e-01 -8.691129789092002511e-01 -6.032042682806777467e-01 3.453686245041569514e-01 -8.090380842494448999e-02 -5.994856925115541468e-01 3.294932188910608684e-01
-2.884245267195995055e-01 -1.590006235404892720e-01 1.682132167672982792e-01 2.889802749623533451e-01 -4.015602314204393952e-01 6.803242788937469143e-01 -3.787847364878262901e-01 -4.204687172905285930e-01
5.475699875397326277e-01 -8.564498020885700225e-01 -1.684005527448428907e-02 -1.484793246397109190e-01 -3.037630110454703214e-02 -5.297368654128913334e-01 6.559532314959459764e-01 -7.042253204082313811e-01
-5.737987109212685510e-01 4.183581856744140737e-01 5.262852473141377274e-02 3.310079140569055500e-01 -5.957322313555322157e-01 -4.496009411427059899e-01 -7.254807025488478889e-01 -4.398868734186067719e-01
6.895325141233987765e-01 -1.438086408567249563e-01 -3.272942519364105962e-01 2.417812226524935770e-01 -3.297368659392665435e-01 5.370594912389810016e-01 -9.734877237624950386e-01 5.027944631842056200e-01
7.852528336818225263e-01 6.103428055201476354e-01 -7.348255433204304854e-01 -9.165889514624527834e-01 6.650992246921549889e-01 1.721137228100007022e-01 5.175382417808054303e-01 -6.179094135616380878e-01
-1.914991932023368815e-01 5.698001664823344470e-01 4.829871138070798153e-01 7.684655030052398583e-01 -9.637531520962205889e-02 7.407090354314196379e-01 -1.934140047640742210e-01 -6.481014386636061442e-01
1.543042506036074180e-01 -8.974835922849266900e-02 -5.943998949399644793e-01 -5.589843542969250567e-01 7.893859952012070025e-01 -1.241843377108104995e-01 -1.877263059808169654e-01 8.772005121850101617e-01
9.963595339720376920e-02 -5.297497410746434543e-01 7.833977947704253708e-01 -4.532268294142423048e-01 -6.824819912630979424e-01 -1.325037363327103979e-01 -1.253272275769568012e-02 9.144833835326189320e-01
