-7.991080273265969147e-01 4.493208605170049275e-01 -2.016594295355913502e-01 3.755980355106744994e-01 -4.546504344674651144e-02 -2.015983118324848888e-03 -8.548785377308125710e-01 -2.817783472194790306e-01
4.400036178218913463e-01 7.494067324410540465e-01 2.480780216894546975e-01 -5.086844607901719328e-01 -5.094811433293910952e-01 -3.438430521141013774e-01 -9.278913872561200815e-01 8.831533942959275407e-01
8.809261587096892665e-01 -1.648454843097193478e-01 -6.561288558651121594e-01 -5.690303282252211492e-01 -7.086458071603893849e-01 5.213269535365496754e-01 -2.576123749831695786e-01 -2.080924035213966850e-01
-2.823876393177624511e-01 4.436684348367248010e-01 -7.434236690537294745e-01 -7.282745001216153202e-01 2.171177161937367650e-01 -6.741674209907033699e-01 2.364729191972685385e-01 5.764939829152846418e-01
3.398178369757416384e-01 -6.198826633346035120e-01 2.505629616491606981e-01 6.430416681252915101e-01 2.487466684479555656e-01 3.943480915682935350e-01 -9.707731231991862941e-01 1.710195225397315166e-01
7.291111558685943184e-01 -9.233719737377161785e-01 -2.003091588695538050e-02 -3.272801802910176860e-01 4.314180043737887438e-01 1.227269177013960988e-01 -3.684988752901103837e-01 9.788898309793920838e-01
7.945750022803850232e-01 2.270303554891641706e-01 9.498499075732027563e-01 -8.199798217716172122e-01 -9.459243744651117947e-01 -3.592300657392437646e-01 -4.044895946017510457e-01 5.995868691611272450e-01
-6.032913775866897144e-01 7.866587886921379003e-01 5.495659079344086262e-01 6.025721090638911370e-01 -3.438876019956853547e-01 -3.374613624309570348e-01 1.593942129169991784e-01 2.274713609944076786e-01
-1.508668604418732517e-01 -8.858138650707378936e-01 -8.804918599308215743e-01 6.674083701706152727e-01 5.247662557165793107e-01 -4.710059788548093263e-01 7.333484846859665840e-01 -7.188718571019996340e-01
9.036575815512462029e-01 4.546540331434705262e-01 -7.601850494919890622e-01 3.348182458110309234e-01 3.983416962031383068e-01 -1.585299106268276415e-01 4.678270087472877758e-01 4.473825400558260057e-01
