3.927222429728582931e-02 -4.441568766703622995e-01 5.099856900559465167e-01 6.044851562786477395e-01 3.566558818236105211e-01 -4.960852135741886659e-01 5.259882290105499791e-01 5.584362986190654077e-01
3.236835295892022124e-01 3.635396698846131702e-01 -4.281386281193950705e-01 4.412014481687838163e-01 -8.730398273626294170e-02 1.034970807061330600e-01 -9.540669947429714082e-01 -4.429856609162898806e-01
4.379146751563660622e-01 8.383240300070462503e-01 8.676854818854551343e-01 7.144211145272101326e-01 2.613502647426719783e-01 -9.698933941843861373e-01 -1.407824856823136628e-02 -6.479743287713390920e-01
7.718688873763450697e-01 -1.855751467360147178e-01 -2.246025346452196203e-02 6.470528484131721214e-02 -6.847549448258889448e-01 -8.993128503198828394e-01 -5.089355210979529254e-01 -3.000681323794753830e-01
-4.535299214652899202e-02 -9.072086656422244655e-01 -7.926292666598311332e-01 -5.101880807915397664e-01 5.454407171569086721e-01 9.655200727233612668e-01 -8.997989690309837751e-01 6.432572718272222545e-01
8.642020959933420787e-01 -2.973429006861789681e-01 3.910352133119914253e-01 7.077141036316569878e-01 3.103443525276750048e-01 5.532264891751741409e-01 8.415401200843064533e-01 6.319120466792425006e-01
4.722781285464865419e-01 -5.839812963589663397e-02 6.921522723883244410e-01 -7.788526053078053124e-01 6.740714833672691864e-01 5.136335596786343327e-01 8.409629510575873379e-01 -6.488923550069150004e-01
3.433807043323757746e-01 9.917978111194392099e-01 -3.839280695921765130e-03 -1.689512295290971355e-01 8.852702234713401008e-01 -5.667403189762900695e-01 2.891793407144502837e-01 3.953609775597952680e-01
6.336989732578544032e-01 7.334877927872074377e-01 -5.898741232978488291e-02 -4.275518270109082142e-01 -2.845354833268303185e-01 9.527980231035995118e-01 -7.443809288560905291e-01 -9.796611579938261372e-01
-7.545423656122962619e-01 -1.317331749975838573e-01 8.031884413751302354e-01 7.396508411096440749e-01 -4.633392349770808494e-01 -8.080231550805989649e-01 -1.110295790030138008e-01 5.702337730743129995e-01
