7.258481520638595530e-01 7.334141485730438781e-01 9.207335155020723860e-02 8.487663516274079889e-01 7.668708478844177279e-01 4.263331521320850026e-01 4.803160030402764402e-01 -3.085441727538160706e-01
2.107652785183946609e-01 5.364478789969726602e-01 8.979303708812778062e-01 -3.017798960434454614e-01 9.372765158836882105e-01 -2.046503160477990413e-01 -6.725436153651012106e-01 4.073572137160295092e-01
-1.221838093545037918e-01 -8.781655876575229502e-01 -3.592253485187884010e-01 4.135704550242917943e-01 3.792736811982302392e-01 -6.841986748131223539e-01 -1.008674581563588912e-01 -1.816023871840677373e-02
-7.829997002238600068e-01 1.242505222064549386e-01 8.550248188234927937e-01 -9.021294865459958956e-01 9.261029047228521716e-01 -7.438019160977780153e-01 -3.199557009771369920e-02 -5.743443210343039951e-01
-1.230376052319792635e-02 3.642857685647349353e-01 1.360901849433204802e-02 -4.619066997110556905e-01 7.950597644827608335e-01 2.811655473032985686e-01 -8.409656844083390759e-02 2.125654901678353248e-02
-9.905158785669749832e-01 6.765813706189629517e-01 -7.714168269371595166e-01 -6.830618649172532919e-01 5.402334546263118931e-01 1.846814751990615289e-01 9.956756135775584049e-01 6.917525664657575568e-02
7.426400398300547767e-01 8.672949585433744613e-01 -5.072705666631751598e-01 3.205645513011010639e-01 5.546057743428136622e-01 4.351784727215244342e-01 4.551919317892110239e-01 -1.132807289427248953e-01
8.000859777461106770e-01 -9.939897245521946978e-01 -9.516061850273884737e-01 7.000181710078161590e-01 7.564257633690476545e-01 -7.589519975159071397e-01 -7.723183518339440390e-01 -4.226203996211570502e-01
-7.745688965234664991e-01 -9.032692014627579091e-01 -9.910428908131074799e-01 -2.395818367718105524e-01 -5.988725527199965093e-01 5.060150371464895436e-01 -1.893731512624248214e-01 2.401620445642527191e-01
-1.258394016478363575e-01 -6.203072654383268159e-01 -9.017852105295434129e-01 9.654516213638679734e-01 -9.331835381590065648e-01 -2.793580746975898865e-01 -9.657828785141897576e-01 8.966685445493465245e-01
