-6.847981691284996675e-01 8.433529971337234699e-01 4.455709782860759471e-01 -4.892523369241525977e-01 4.704499853737944548e-01 -4.829824202583221648e-01 -9.668240033553410218e-01 -9.431739038950384124e-01
4.233270267679734022e-01 -2.094856998405374426e-01 -5.514115217985948725e-02 -7.404275758350091774e-01 2.050800901036953228e-02 -8.348851398172207894e-04 -2.188736421062804638e-01 4.208322973552347523e-01
-3.918337342233459974e-01 6.861021888501974697e-01 6.388910212437692859e-01 -4.965898655721885380e-01 -9.821734841321105858e-01 -1.400149770057312892e-01 8.805933905554119701e-01 4.550726810057461602e-01
-7.025738196445996397e-01 1.906451477733348554e-01 -4.461335795033471996e-01 3.326567571695175918e-01 -6.747924574924746288e-01 2.602344039250976682e-01 -9.500615727148473688e-01 -2.024503898502165722e-01
8.827176591130050376e-01 4.219658194522495354e-01 -5.542169897672977186e-01 -6.709083556338917287e-01 -8.492326346407961246e-01 8.876702775836962100e-01 -1.647754525864606467e-01 5.036008176421846727e-01
2.163966084015522817e-01 1.188203898167492500e-01 4.446365925219433191e-01 -2.192466870336757800e-01 -2.556620739383932417e-01 -2.170539518660710154e-01 3.015736239447217581e-01 -1.654750151532624614e-02
7.115345670591946003e-01 8.003267407434102587e-01 2.465016003487050522e-01 -3.583548880569145112e-01 6.428896813216966599e-02 9.552018570524669627e-01 -2.534909452489004789e-01 1.539365333031845751e-01
-3.179266081177618553e-01 7.132812763584983617e-01 5.196003226180709866e-01 -9.673137359272554470e-02 -4.598920003429083359e-01 7.146962257706330757e-01 7.785408728993876704e-01 6.673912607460452673e-01
-4.862033599430144459e-01 6.254552493986975659e-01 -9.527478874390999941e-01 -8.362547528487394022e-01 6.908554748290536285e-01 6.486109402170003868e-02 -9.351143538399493416e-01 -2.390041730877601189e-01
-7.544557098284478958e-01 -7.526803320895798510e-01 -3.547912832508330894e-01 -8.961263662248288853e-01 7.760887705424475147e-01 -6.729328813248212082e-01 -5.136413775119847980e-01 8.340302839843618532e-01
