-2.991318944015974868e-01 3.895140030312977952e-01 3.371691772723794944e-01 8.380368748446165306e-01 5.448853819207923888e-01 -7.202142792551451400e-01 8.891652546827910619e-02 -4.413309374258873596e-01
3.781834336011034026e-01 7.562845244138285405e-01 -9.909090740182691093e-02 3.506824728305844019e-01 -8.007390769287285881e-01 5.393812490891363165e-01 -4.037095652578497340e-01 -2.538973736477934118e-02
-1.560636245487201368e-01 2.062681516805753290e-01 -7.540475467461793535e-02 7.530554320234079668e-01 -1.634205712695528945e-01 5.130013581516583709e-01 -3.653457647384052986e-01 4.833518243575987139e-01
-9.678483660271324229e-01 -3.851649450223448845e-02 -1.899115629894838619e-01 -2.177623145952916062e-01 1.480812376338778158e-01 1.127288730733235766e-01 8.565034781621989612e-01 6.211044438141231083e-01
4.619719535264015242e-01 3.928310568822397375e-01 2.508214813645901486e-01 3.243423089370633949e-01 6.501486245620387017e-01 -3.567912066944316507e-01 -7.101605367704089122e-01 -1.017324897429019437e-01
-9.332560612784657206e-01 -1.579375881822155936e-01 -1.649353514446194602e-02 1.358024425039647820e-01 -5.051136600671386478e-01 -9.240992547912385557e-01 -7.959657939674344984e-01 6.876967686004675784e-01
3.393003151931248684e-01 8.377834699435959820e-01 -8.214463855632900824e-01 -2.976545806194297317e-01 4.281929125437371475e-01 1.480156221882984457e-01 5.973148127774632332e-01 -8.574971192963141142e-01
9.232490687418031250e-01 -3.986240964069607262e-01 2.400771347415988632e-01 5.261577464218210043e-01 -6.361998631141867477e-01 -4.328092093369260152e-01 -2.064290763825971098e-03 4.884572977327468202e-01
-7.221417300548127471e-01 -2.007820405675384556e-01 1.792310853193719300e-01 1.224482000333935172e-01 1.897450057599052720e-01 3.417469544289490901e-01 3.976296715455605035e-01 1.777069347214534911e-01
1.162872022669502847e+00 5.549081259862206350e-01 7.693649194251137580e-01 1.164176713680590503e+00 9.223171978979601837e-01 5.299952681237687369e-01 9.201756505300437983e-01 1.308642950172219432e+00
