-8.122116854905694350e-01 5.724321253702282508e-01 7.713493703028564408e-01 7.944692139135500764e-01 4.580243780306985091e-01 -6.946133549901143400e-01 2.425890922893203516e-02 -5.066768137384569659e-01
-9.416832670745802769e-01 -6.693880689367528447e-01 -3.523192636270489064e-01 -6.845840079683627177e-01 6.090569266217176203e-01 7.254492498436151404e-01 -2.371251423371016909e-01 6.030769805334506017e-01
-8.692033815882194148e-02 -2.840063319773080686e-01 -8.407596586595180721e-01 -4.626122080399148739e-01 -1.010796529986544012e-01 2.195102318639277073e-01 -1.594175779256090664e-02 6.719529851201389015e-02
9.978367980369373669e-01 8.722423543635893228e-01 -5.005595052513085452e-01 3.376100873870222507e-01 -3.845728012329714396e-01 -2.755789427876835784e-01 4.792532561042013306e-01 -5.004956466483718724e-01
-8.730085260070972186e-01 1.942746542523554609e-01 4.181033015644053386e-01 -6.124801300986724151e-01 7.085814237368683877e-01 -6.364894994538463635e-01 7.839620960539261940e-01 2.686185931115270265e-01
1.890256515139980831e-01 6.234139595514620602e-01 2.265402852796860600e-03 -4.366571098177478572e-01 7.747229659789622858e-01 -5.555101409271903101e-01 7.053833560065694286e-01 3.701587698649531077e-01
-8.238976378817470803e-01 -6.163209854971116730e-01 1.277350121505975711e-01 7.445601530696226433e-01 -1.408345256675356261e-01 -2.400308264099479949e-01 -2.533376569395515698e-01 -7.453559042677122548e-01
-4.355453579228352190e-02 6.418688019868405981e-01 7.676636473407911776e-01 -8.946982979806301639e-01 7.566334271792602983e-01 -5.023464045676080403e-01 -3.239649276645575338e-01 -6.742376301152388507e-01
8.997698636050488474e-01 6.494312311286234429e-01 6.409858346773451565e-01 1.128080519090679523e-02 2.781296362667964317e-01 1.383451889998814632e-01 7.374791663155753074e-01 7.614767027814548506e-01
5.151320252087772111e-01 8.136492391717788930e-01 5.197555595771806702e-01 1.464376482227006226e+00 1.003470213998564731e+00 1.295642345513630111e+00 7.398042734178390534e-01 1.178818115406546685e+00
