-2.209051477575421085e-01 -6.581676532243596611e-01 -4.511928601865029531e-01 -2.438741422737087383e-01 -8.045266145636102983e-01 9.011039808700054277e-01 6.569406371116530696e-01 -6.223628254373971824e-01
-2.106870402521607843e-01 -7.785722452673260463e-02 -4.196671219447378753e-02 -6.426135356368616325e-01 2.561839929100231394e-01 3.854938147352460209e-01 -1.065592002613171552e-01 3.533810711929552539e-02
2.580005696989109421e-01 -9.627088113584436613e-02 -5.565799718619288683e-01 -3.325007317917041405e-01 -1.932542797189773509e-02 3.675512887162648568e-01 -4.833945828734662609e-01 4.532168056755576657e-01
-8.555912112133425840e-01 -9.768509886495801986e-01 -1.921615205800741855e-01 -8.126910082713267869e-02 -5.899736007871929644e-01 -9.193314978273425808e-02 -5.808919460461803297e-01 8.122990970501127173e-01
-8.522582107170946220e-01 8.194926923770260441e-01 -8.810064890637616664e-01 -6.698438755268256717e-01 -5.182208823035003853e-01 6.480519830503113088e-01 -6.707642569174554481e-03 1.679184856206550336e-02
8.149808331081791479e-01 7.719007858278321699e-01 -7.356671411707687014e-01 -3.403582239227809225e-02 -1.400841859533095146e-01 5.231119216128141680e-01 -8.486244283156145762e-01 -8.148575135609004150e-01
-5.740182628522694230e-02 6.340615638432789414e-01 4.920143405771608691e-01 -9.668058584365701869e-01 -6.758065557201520246e-01 9.791902479274312565e-01 -4.068654235911124406e-01 -3.525503687157649502e-01
6.694649505017002955e-01 4.542567758129976152e-01 -3.138284754500286766e-01 4.980933445384203573e-01 1.539413689540938268e-01 -9.195295073704714550e-01 3.957466086135830174e-02 -2.265467483022973738e-01
2.363718389316895596e-01 -4.910956238549391006e-01 7.975945056523126020e-01 -6.359357996023400350e-01 -2.126365669579839413e-01 2.952442159416341916e-01 1.544464707959283256e-01 -1.529847067300986740e-01
6.671769074866882310e-01 -3.272481933906066232e-01 -1.019634201190515732e-01 1.385267291846552506e-01 5.192573525521611000e-01 1.020383835285012530e-01 -4.734158030833943709e-01 -8.473339468891927240e-02
