4.215872930369592986e-01 -2.780759810364175078e-01 2.284096628501817161e-01 -7.484966172275460128e-01 -3.125566372510426572e-01 -2.905208391459013217e-01 -2.785629270853431372e-01 9.588392081113648047e-01
3.871103839179546036e-01 -4.994671405599000469e-01 -3.314658816821025589e-02 -1.517085106849589415e-01 3.407330866029321115e-01 -3.791387956534872927e-01 7.818854149619112182e-01 -5.383938834815031882e-01
8.553435087234697587e-01 -9.720769511105546989e-01 -5.511888936961777397e-01 -7.480528938787822657e-01 8.939191729638424899e-01 -3.142260364193314448e-01 9.109798291259492142e-01 -8.513763161968685989e-01
3.735217572206552816e-01 -7.927563957733423372e-01 -7.889082679085139826e-01 -7.960247938886060304e-01 -4.193528604288918604e-01 -3.221162803082275872e-01 1.176662736858464786e-01 -5.266405879067415086e-02
4.297326757380246498e-01 5.183546745111613507e-01 6.073519265626923236e-01 -2.382731605848320555e-02 -5.984921561898373099e-01 -4.451639043708497390e-01 6.190987075029990017e-01 4.624999691835975923e-01
-4.169945582784622129e-01 2.757005133797494345e-01 -4.124382947498239638e-02 -6.090180647111325118e-01 -1.377475225278463888e-01 -7.225737708009469795e-01 -8.080907213574699544e-01 -6.553548097821297880e-01
6.507728054957935271e-01 5.696724290603150109e-01 -2.396294908152760694e-01 9.045747367735363920e-01 4.319641395991746791e-01 -5.981088932224147836e-01 5.589962222691242655e-01 -7.136388323716413851e-01
-9.069243713205110691e-01 2.498399923963419145e-01 3.696955456990000943e-01 -9.120347946780085202e-01 -7.686204042774285039e-01 8.590620764369552020e-01 -6.722593194685106965e-01 3.989934286549390308e-01
-4.266695915943421458e-01 5.477667482260075715e-01 -3.931999237765579913e-01 -8.207084274643510202e-01 2.668974187210966242e-01 6.564897838848857692e-01 -8.501871089914192492e-01 -6.635691299631529816e-02
7.419202006426623974e-01 -2.076363434908112815e-01 -6.607290327345125558e-01 7.447962103345466822e-01 6.600937082940823153e-01 -5.341179525027150987e-02 -6.807574788761201479e-01 1.894832741009253585e-01
