-2.878319543594065610e-01 8.363908849375309984e-01 7.242643014257708067e-01 5.494221532121728035e-01 -6.935141983820904965e-01 5.699990462396764546e-01 -9.358171487708430991e-01 7.381666271465847640e-01
6.742167861519432481e-01 2.866553829167555190e-01 -7.137373521108125729e-01 -5.674135578191275009e-02 4.235539928098703832e-01 -9.373183096923110025e-01 9.205018342592685698e-01 -1.911118836664966736e-01
-3.919438423568992746e-01 4.024157916763007048e-01 -6.624498306626880328e-01 -5.762554394328849305e-01 -4.297960830147067313e-01 7.225147654418773158e-02 1.687845943761325795e-01 -8.034546296394393661e-01
-1.164863003364438043e-01 -7.473534637467995623e-01 3.593332391609527221e-02 2.029726114219707611e-01 -9.174861092406600971e-01 2.568168619119757246e-01 1.369261182886578609e-01 -1.357605853296373066e-01
4.617155098028074001e-01 -2.163717133021454408e-01 6.972117296071995707e-01 -9.853980895347154156e-01 -5.493054676286210913e-01 6.551367507968062220e-01 5.416314119309666442e-01 -7.900090057366220275e-01
-7.505008231404977082e-01 -4.354342871524303771e-01 -4.720392725116973054e-02 8.125334395844130420e-02 -5.475377181750915589e-01 -9.906532529028759804e-01 1.314585225172943961e-01 -5.998379530261055415e-01
1.539441777269892064e-01 1.166097186592396362e-01 -9.304013550546985645e-01 4.960906801457756199e-01 9.917785056845676017e-01 -2.185817613073519627e-01 -4.844427545453835471e-01 5.056762741774813996e-01
-3.268127563729235074e-01 -6.000175566944081496e-01 -7.151733940105748921e-01 -3.365868797374358401e-01 -8.411884988728886015e-01 4.843644990586604138e-01 -4.061898142977808934e-01 -9.630604720430793186e-01
-5.981113431150626436e-01 9.389039785399304616e-01 9.312176763222879128e-01 -7.274290854746165991e-01 -1.970286553191655798e-01 1.101178507511568760e-02 5.205176855872539754e-02 5.987917956357682314e-01
9.076151333911869346e-01 1.439964968150300173e+00 1.325948006455664574e+00 1.058911180939064112e+00 9.324142280444794872e-01 1.002688928358131282e+00 1.085637053460614343e+00 1.374198778137009302e+00
