-5.908934049566407776e-01 -3.991680280290021976e-02 1.504025167650950845e-01 -5.959711321053555722e-01 -3.054337527065000835e-01 6.330571895540697547e-01 1.838609535097657233e-01 9.514665671132049862e-01
-7.012924127922326445e-01 -8.388419450395701027e-02 -1.538576637174176032e-01 2.861843265248158463e-01 -1.876701002536096397e-01 -4.306520620164515645e-01 7.067450134152322150e-01 -8.371018915102821367e-01
1.521797917864149419e-01 6.385478416290792936e-01 5.948772885686135492e-01 2.786546876973099440e-01 8.109959316434121046e-01 8.829747377163508215e-01 9.094827619606908886e-01 4.091823494891293489e-01
8.669002363454825222e-01 -1.423030924868387004e-01 -7.185097358871670448e-01 3.616248953635377017e-01 8.701933226811071620e-01 -2.908420640749918018e-01 7.339019362469507701e-01 -8.810053571727267663e-01
2.540011110052005083e-01 7.117811293254685534e-01 3.629771932836816095e-01 1.570544765572932100e-01 -4.230862995092361523e-01 4.219543604384869973e-01 -9.919910258510784562e-01 -4.377489071550559885e-01
-4.421609639410750692e-01 2.950443220088261320e-02 -4.682342032692072831e-01 -5.621944914682774908e-01 2.203190467030327060e-01 -3.028978477463453167e-01 -2.880416711360029858e-01 4.327067606659436017e-01
-2.568894930225020801e-01 -8.283293685607877599e-01 1.343470508107325045e-02 -9.669387717880635336e-01 1.247088780708458522e-01 1.728763889264777198e-01 -1.594090637653395870e-01 -9.684306707183085727e-01
5.025065103314370063e-01 -2.331048300796307871e-01 -2.059143672544960779e-02 -8.769120475903646739e-01 -6.886367801306232383e-01 7.782399577706466953e-01 -2.624795684869680734e-01 -9.476541564307832122e-01
-9.246389705190318775e-01 6.723010890399609973e-01 7.653089860164983271e-01 -5.217848397283897377e-01 7.776059185326582579e-01 8.388698388095179315e-01 5.322904002950825664e-01 -6.164217989127220854e-01
1.160194338517864354e+00 7.395273518434004600e-01 1.131899721958259608e+00 9.489621262914731403e-01 6.870149778455101330e-01 1.327176482584943473e+00 6.522652379729839689e-01 1.413679004086133562e+00
