-5.519810473988389088e-01 -3.917961342315656736e-01 3.772746017888179981e-01 9.272043745831770600e-01 -9.237708938975728312e-01 3.428169048642384364e-01 1.385140801364348473e-01 -3.495405840323972946e-02
-3.887253171180085065e-01 7.409248320010104472e-01 -4.103286288589442776e-01 -8.080499723929699396e-01 6.418115028395674493e-01 -2.627369336243634557e-01 -2.687000427223720234e-01 3.803666525046625058e-01
7.823234086951700306e-01 -2.465670883993327234e-01 -1.641322001135105957e-01 3.286118342966013461e-01 2.410018181760167355e-01 -3.363259324605794021e-01 -6.540564509643833624e-01 9.592532776953903717e-01
3.800252400003683029e-01 7.225901968428452005e-01 8.909961522764322517e-01 6.148923877815200001e-01 -3.993468227524110681e-02 -4.024013455603083766e-01 7.406499865404159166e-01 4.971729288381949718e-01
-9.307952832068395743e-01 -1.436835426423010986e-02 1.329454900117865712e-01 4.271364601945670803e-01 -6.509613845133372934e-01 -5.742671808417816326e-01 9.546107947193105403e-02 -8.676564535026041192e-01
1.594399753931858843e-01 -4.821865827397404658e-01 6.557148720064116532e-01 2.715253992540105354e-01 -4.468648939096360184e-01 5.118962246852241105e-01 1.837294697700633250e-01 3.936584734479220415e-03
7.675236952671047330e-01 7.221097940046528052e-01 9.345476691628671340e-01 1.084675502439451655e-01 -8.718754841519853471e-01 -5.726386179326135029e-01 8.838609464198154964e-01 -9.062907964736965916e-01
-1.796962137896571665e-01 -5.858952736751508183e-01 -9.081883496413409862e-01 -2.573751296849762227e-01 -1.032189955239304346e-01 -5.386444449542373558e-01 5.601514585961699932e-01 1.369370096788413704e-01
-2.464307728510173323e-01 3.803554908841846327e-01 -2.265312553003220319e-01 4.699032524658282028e-01 -4.805398229205122274e-01 -7.178872670110303389e-01 -4.998854461791775172e-01 -2.349577156258142452e-02
-1.600693086249660446e-02 -6.735248993429630016e-01 -1.969669243861444929e-01 7.521268329157804189e-02 9.965724287597048647e-01 -7.156095960987913784e-01 9.107759144209919278e-01 5.435521312238216218e-01
