-3.719558405273795110e-01 8.331291239042351027e-01 5.641305329912840172e-01 -7.180667934236062422e-01 1.354596658287583466e-01 6.137728107504560882e-01 -8.516022421677169607e-01 4.606933789135148061e-01
7.574101771177104148e-01 5.296423841028450319e-01 -5.399416080970740328e-01 -6.266982317024958338e-01 -8.086834498708617147e-02 4.275272689660667425e-01 -9.404081410393978491e-01 -4.372178700991828926e-01
6.573710935304382108e-01 -9.376062494519519230e-01 -9.500530795984400978e-01 -6.451889240536736736e-01 -8.453495840484761548e-01 5.618953747819137590e-01 -6.462372629294668158e-01 -2.655061567680576662e-01
-3.457806552977873427e-01 6.562929448270491406e-01 -6.687030767971691159e-01 8.254013081271007746e-01 1.869126968020475843e-01 1.770220015769643496e-01 8.911179715596659889e-01 -3.746488172649011794e-01
-4.959895640106770642e-01 -1.746511728416173526e-01 -7.129931350628098130e-01 2.435391578132803936e-01 8.735995602994206521e-03 5.305413751893617302e-02 5.013051012148330710e-01 -7.576725117215357130e-01
-5.889929154551449830e-01 1.308183543362684276e-01 -2.540072487032491999e-01 7.329404012246094613e-01 -7.526522710881917710e-01 -2.998117597030798276e-01 -7.240673043724636937e-01 -8.275428769623311975e-01
6.968129606011383981e-01 -9.955973126812140972e-01 -6.155392311332195110e-01 -6.462414991492670957e-02 -1.516303156102762895e-01 -3.713293375376200967e-01 1.176477612840360898e-01 4.048399305933991776e-01
5.258794077462556338e-01 8.973526345615203681e-01 -1.644942027029401288e-01 -5.617449311607027873e-01 -5.772741394371365686e-01 7.307590717197798291e-02 6.404635571586621001e-01 -4.844663608097823371e-01
-7.930467364027928845e-01 9.593492508098164784e-01 -7.734631057999703518e-01 -8.578489703331384497e-01 3.036229987468510583e-01 2.938629222244502071e-01 -5.133151367000414744e-01 -7.088869111120355004e-01
1.223234021428151630e+00 1.385705633951248128e+00 9.362687451704001518e-01 1.055602200866464724e+00 1.293405870401623137e+00 6.936795749807806999e-01 7.560529200406310713e-01 9.333760537656266010e-01
