7.461781260020887707e-01 -1.509116933838621222e-01 -6.442166190086799915e-01 -4.481180813366036908e-02 -8.377507148459681918e-01 -1.647102499579042867e-01 -3.986463061324354573e-01 2.906710701092158899e-01
8.024868063934187390e-01 -3.256290283416118925e-01 6.330482229465432820e-01 4.314594466669552375e-01 3.234379790049650705e-01 2.139113316243335117e-01 9.941831189143710557e-01 -8.374202885618249326e-01
-4.080587275878153619e-01 -6.133762168572474138e-01 -1.924442814548747993e-01 3.201773411235391276e-01 3.576732783774512203e-01 -1.879179617933115498e-01 2.439330703915492116e-01 -5.837606210549133312e-01
1.176904593681755706e-01 -9.583125362297788552e-01 6.291755923314787946e-01 6.667972645999054038e-03 -9.361544275809539073e-01 -1.126155270542819054e-01 -2.693405863654463328e-01 -5.894606686103351922e-01
4.569552944376549242e-01 -8.360258827860327369e-01 -7.920049070267118907e-01 3.877746258657361889e-01 5.072924352075627308e-01 9.078308587472143643e-01 -1.843498676539438996e-01 6.670034857987896526e-01
8.313767670393319431e-01 -4.824962421146190561e-01 1.189656108796575129e-01 -6.146796109946774944e-01 1.747642551988919379e-01 2.455095883836337922e-01 -4.697663754240677392e-01 6.175505208592848572e-01
5.233335554170672754e-01 8.655352727471399277e-02 -8.698133010811013310e-01 -1.940980241363061687e-01 6.691363127066836114e-01 7.458769248876846447e-01 2.450150881501733657e-01 6.178174359966548401e-02
5.671615356379866579e-01 -9.064571162825385553e-01 6.626229312919029724e-01 -2.090544194819359269e-01 6.644826002146542177e-01 -4.719945020173021977e-01 -1.284839626356453213e-01 1.999912019410343689e-01
2.432727562628771434e-01 2.571384850709168557e-01 7.757525303174672704e-01 7.856877685563627978e-01 7.620444177213625547e-01 6.144924921222234548e-01 -4.561561708683241623e-01 -8.632200790153246039e-01
-3.403582152827167029e-02 6.796694124460946895e-01 -6.473515784799639405e-01 -9.738361573200433607e-01 3.724774276650555382e-01 7.231315993389511032e-01 -3.272208898581632219e-01 -9.502532414585851406e-01
