2.662597582534125262e-01 1.327230291008847374e-01 -8.867006988992516270e-01 1.653794368063641329e-01 -3.480089974435376377e-01 -4.386688168827257428e-01 -2.544359963670741465e-01 -8.653535086042212221e-01
7.964324388886825368e-01 -6.305350546934533895e-01 -5.206004969665471993e-01 6.832164920247227879e-01 7.832619625126713281e-01 -5.969199310718553697e-02 7.529529216787194112e-01 -1.444359757651001441e-01
-9.646150559258936941e-01 -8.235750275170157231e-01 6.129071488624744379e-01 5.031432645774636114e-01 9.829738744866989286e-01 3.464709311110512058e-01 3.406733659824192628e-01 -3.761137292828264922e-01
3.217175051533960328e-01 2.958066394756131423e-02 2.839337334207416852e-01 4.772668723109254607e-01 9.004017714176566489e-01 -3.718037969797469700e-01 1.608935622275020627e-02 6.189037237217571708e-01
2.197624051224220665e-01 8.862801994140079298e-01 -2.896430181106159907e-01 -8.835387578900406602e-01 -3.760787970946934955e-01 1.010633446510533773e-03 -5.752418265858572077e-02 -4.089392165161425119e-01
-6.940630446437385803e-01 -9.176328090506256085e-01 -6.274836217699633067e-01 2.751430426980583377e-02 5.692531797043764996e-02 -7.369593884902307934e-01 7.848798172318034450e-01 8.645533460445087304e-01
-8.871699630774136924e-01 -8.174965055384884050e-01 3.386176753342924339e-01 8.901246198488732553e-01 2.308515279421761157e-01 -6.511704658101700183e-01 8.538290665125303214e-02 -8.888576110450618906e-02
2.863613308423407222e-01 7.533223061310390101e-02 -2.167713085095397396e-01 -4.617716443125423620e-01 3.923587649525384080e-03 -1.715656665109737133e-01 -2.217715006865690341e-01 -5.791488826004931312e-02
-8.465899367317337720e-01 3.829856835834899442e-01 2.007213948412487348e-01 -6.727855259333410665e-01 -1.809627786280529893e-01 -1.224188296694395106e-02 9.741507776020548182e-01 3.499179929633708941e-01
1.110818870862851249e+00 5.959685246318872087e-01 1.029738524212690187e+00 1.273240186329239076e+00 6.879919885183368722e-01 1.026220668236808020e+00 5.756279548790265155e-01 1.436430673750596743e+00
