-2.339609492695480242e-01 8.509553892801073882e-01 -6.669776351135388026e-01 4.618141223269005557e-01 -9.354484142215990783e-01 8.467319232246637295e-01 6.049534431956615776e-02 -5.463327478258768188e-01
-9.876489047532137633e-01 -1.102987427209114468e-01 8.466686081692782473e-01 9.568928200522777150e-01 -1.116632508394688195e-01 -9.615967969435788021e-01 1.367890917022520636e-01 -1.716187932209838340e-01
-2.219370055457277058e-01 5.747317739047097529e-01 3.318781224495077620e-01 -8.604583275940695941e-01 -8.195685324612251854e-01 -7.403108266211817501e-01 2.170036877234582384e-01 3.051291390981134555e-01
2.310665702517717968e-01 9.615860335035737450e-01 6.505426800896101369e-01 6.789456984603092771e-02 -2.872473280572351850e-01 3.910894706171510471e-01 1.741072003935097978e-01 -2.448048009704903993e-01
-4.521449131232599949e-01 5.706496505079292625e-01 -3.107584157922171908e-01 -2.238357461175131125e-01 3.289913465541800530e-01 -5.710303346421636839e-01 -5.746081771359170531e-01 1.918876125696977741e-01
-9.342871201504499012e-02 9.892766508150763194e-01 5.634814583186513737e-01 2.364648238596418484e-01 -5.528229163004900748e-01 -7.044787782332453396e-01 3.535848455820620462e-01 4.439164504323822591e-02
7.943269457090789132e-01 -7.840934107563928279e-01 9.720033477063103611e-01 -4.904065083700808181e-01 7.486402952518336207e-01 -5.795100070723768759e-01 7.520515195688450838e-01 5.687047751981719745e-01
-5.635003903701709671e-01 9.272977953014009955e-01 -5.514863328642796159e-01 1.696686104187739019e-01 -4.564323522139612788e-01 -2.638645728158857118e-01 -4.071492911637513146e-01 7.515579049786813570e-01
-6.724189335176771198e-01 -9.883515198701215976e-01 -3.483786340339429799e-01 9.846542788025158810e-01 1.157567502079028809e-01 3.764116715692391590e-01 3.172651507729054021e-01 -1.278026529821798540e-01
-1.169793138300403434e-01 2.763798938184214293e-01 6.066042846369961161e-01 -8.079209978762613709e-02 6.885325199418861342e-01 -4.578569947511617055e-01 -5.039233071801092478e-01 -7.387111101855441397e-01
