-6.076858128986322161e-01 -6.455757458982493979e-01 4.894940077786302801e-02 -7.449667771347627809e-01 1.038002373903128550e-01 9.503350762715607747e-01 1.840784364087364455e-01 -2.059876064864802903e-01
5.347440560162390888e-01 4.407806253160757581e-01 -1.200459319550986059e-01 8.119025950335492237e-01 7.507804416656345126e-01 5.910459836677801615e-01 -9.050860551111712393e-01 3.097930847605456783e-01
3.202748600425668890e-01 2.014460942846278968e-01 2.184989041048646108e-02 -5.188184609685086990e-01 4.245890643546597065e-01 -6.872037640128121350e-01 4.394884100069071931e-01 -8.728284207656940019e-01
4.347233497905400590e-02 7.349369267385748028e-01 -1.330716303373991050e-01 2.392060991724749286e-01 -1.993864653904684481e-01 6.959499968881512899e-01 1.900627527990204069e-01 -5.236182678393555001e-01
-8.310612682954821029e-01 6.687362862080814541e-01 -7.379045106821668920e-01 -7.382126049080908192e-01 -8.119160408045649202e-01 8.648179579615284940e-01 -8.308728366285222933e-01 -6.085674932595446229e-01
-1.352690005506589355e-01 3.241535875782874943e-01 5.445323322502639840e-01 7.423987655045218848e-01 -3.218521773031786104e-01 -9.415676616621186934e-01 -9.145077824779854758e-01 -1.082242242095527995e-01
-8.891011881277846030e-01 8.644730561627405052e-01 -8.952583059790790720e-01 -5.199952369608591418e-01 5.704014104165959775e-01 8.882774220272040555e-01 -5.429386659549522154e-01 8.565754756345325127e-01
8.520200845869609907e-01 4.546925367567533627e-01 2.853410246278462736e-01 -8.708202341538526792e-01 1.308115995178193991e-02 -8.072589660680549173e-01 2.259604272661803748e-01 -9.133667838530421523e-01
-2.940039043829287824e-01 5.469415382198654640e-01 -2.427691600096979485e-01 3.202826151262754273e-01 -9.767802834784511390e-02 -4.663778971974039678e-01 9.025774146376954743e-01 -8.855021264348574839e-01
1.191864780669732671e+00 1.037711054807336497e+00 1.073543668402534568e+00 1.100906186207655457e+00 8.817872476865730169e-01 1.294508619384199255e+00 1.221308219315746735e+00 1.027111513517747099e+00
