4.685305596094953007e-01 -8.402656916443471680e-01 5.429506785239814892e-01 7.704477420052928682e-01 4.656536461160307727e-01 4.833614755159021392e-01 -5.951354362786107632e-01 5.158225656312871443e-01
-1.972961813338935944e-01 8.622702772403285643e-01 -1.051573068424993540e-01 -3.478687036370311514e-01 -8.527741162907078731e-01 -5.993157365661687663e-01 3.014151142330530053e-01 -2.630736853876844972e-01
8.404470432533235336e-01 6.401229082376747037e-01 -1.740278193956241726e-01 -1.911166427088466513e-01 -9.333895308067343688e-01 -3.190195057042919391e-01 -7.688720674954034884e-01 6.861878084491328522e-01
-2.128102347409883688e-01 7.134399853435333672e-01 -5.039386093820696910e-01 -5.862891906134721776e-01 -8.521167457088263397e-01 9.837842616175327404e-01 5.533406544772210278e-01 -8.200501645697391151e-01
8.573064426004493033e-01 -7.005970081341850175e-05 -7.517485824081693302e-01 -7.417398457834485370e-01 -2.166255047576195469e-01 -3.626312693996602832e-01 -6.500566365388198431e-01 -1.907887446296079315e-01
5.017352826200993654e-02 8.422612924801777812e-01 3.177186884011549139e-01 -2.021477243995011275e-01 9.667617493987279431e-02 -9.473392063598273793e-01 6.967183423928187125e-01 6.617276234848497030e-01
8.469848905869201694e-01 -3.065097673243999399e-01 -4.788543430894680597e-01 5.003992103317669304e-01 2.120549719517426102e-01 -3.965989341522502265e-02 6.675389796062891623e-01 7.104308376855583695e-01
7.739774857444410294e-01 3.361480276403510103e-01 5.861815898732150032e-01 6.462177957865811173e-02 -5.447995408147434659e-01 6.273572238925906319e-01 -1.359341631626964642e-01 9.487782589027973223e-01
-1.038835660752617240e-01 -6.947640437293554072e-01 3.949299278924451873e-01 -1.084998011787465799e-01 -6.194098042395657089e-02 -1.878740957610494089e-01 -3.842659803387971085e-01 -6.698502957725456231e-01
1.044871143389141110e+00 1.214853230714153964e+00 1.330307957230922433e+00 1.066516301234808228e+00 6.147119874921735949e-01 5.152172504031308220e-01 1.078314006707886907e+00 1.186281074243851208e+00
