-1.000644596542126230e-01 -9.351713357126221204e-01 -3.743287922171274484e-01 3.309197832034715958e-01 -5.498142861512049784e-01 -5.617342167155690014e-01 8.470267001462215006e-01 1.853868358796639804e-02
-9.463914966726421074e-01 8.348466586929474964e-01 6.373879663352726155e-01 -5.874332411289417966e-01 9.201917891763196078e-01 -1.978135109675687175e-01 4.900268824431537329e-01 -6.309306703585610965e-01
2.147964444917869198e-01 -2.667404894652376512e-01 -4.574319386087610795e-02 -1.508599002575055081e-01 6.855587301008410073e-01 -8.952442814571162089e-01 -9.198637088725047928e-01 4.252276453642354070e-01
-4.782846130862428158e-01 4.106892982002456893e-01 9.494347028579552816e-01 -1.113788835251483533e-02 -4.878175747007933438e-01 -3.349696542563189716e-01 -6.353303730677328787e-04 -4.550421931288286537e-01
-2.949523595768210882e-01 -5.682367559870504792e-01 -8.866830768418563213e-01 7.096203238219223053e-02 7.429000942699697241e-01 -6.571447585710121775e-01 -1.827261941943270074e-01 -8.196895912976729370e-01
5.785895284119024762e-01 5.116980835718638598e-01 -4.761945431655867367e-01 1.966153204703302571e-02 -2.573743131622632241e-01 -9.710049268268208245e-01 -6.888157018218798999e-01 6.042097805843955616e-01
1.551821736455583078e-01 4.128530334460778217e-01 -1.766686955298051309e-01 -9.471057408725276350e-01 2.952519112387086420e-01 -8.011072684358846452e-01 1.971527865463449380e-01 5.750202318264312495e-01
-7.529073716109031533e-01 9.181860824148551092e-01 -8.999133757983674986e-01 -1.140319707857730958e-01 -1.272366676843357247e-01 4.172367279059709944e-01 -7.670425947151113810e-01 -3.971030685294762996e-02
5.880669735694121769e-02 7.445336097342600823e-01 4.915498016626922428e-01 6.449593374701694248e-01 2.759315532891579714e-01 -7.691701714878809160e-01 4.165956262552492628e-01 3.970182470121907947e-02
5.422724404600688386e-01 1.297973850571401133e+00 1.124423100253906016e+00 1.443775460939203281e+00 6.975838076675833221e-01 5.739020471222906483e-01 9.631381900816960995e-01 1.454426527384173440e+00
