-5.805428614197833959e-01 1.797672514387849141e-02 7.129411873555795420e-01 8.232607323755978257e-01 8.960270081561900746e-01 4.828286109745385524e-01 7.538080319008721997e-01 -6.035590194774620443e-02
-2.657744374939381427e-01 -5.052442964684009663e-01 -2.919263811204635406e-01 7.814566239388665014e-01 -2.072468812250947146e-01 3.363304365330739287e-01 -8.170251585069125966e-01 2.758554638597636721e-01
3.129916142152298075e-01 -9.876278477074718065e-01 3.715809149463629169e-01 -6.008744534272829618e-01 9.356361691935852765e-01 6.199076651786905590e-01 8.009947494613001151e-01 -2.917531689588510613e-01
8.736533817162306370e-02 -2.079167455568953216e-01 -4.514803568485863394e-01 4.204144540300691624e-02 -8.579904082837175316e-01 4.454293402023632442e-01 7.601321447917852581e-01 -5.746098844854283794e-01
-5.345748063461568389e-01 4.975268893656605851e-01 4.614987998872077668e-02 -2.749628566948048025e-02 7.186693199321230185e-01 -5.779931901433270625e-01 -3.829859636535357659e-01 2.414270686930786169e-01
-2.714862310817423019e-01 7.790016742103276215e-01 -3.300788001353283097e-01 4.287622153206973596e-01 -9.990088116562465537e-01 5.924905612344322225e-01 -2.590233964528305677e-01 -9.473818166742020708e-01
-4.776971342529710007e-01 -7.208228300149559509e-01 -3.701048485178188852e-01 2.972116522060421762e-01 -9.039256242860029822e-01 -3.351211059511791657e-01 -5.763054456168665851e-01 6.455850751096816609e-01
9.391995319431640787e-01 2.737224960738249280e-02 -7.866180009264416295e-01 -5.069629049816919419e-01 9.940493285065257201e-01 2.822351434668446402e-02 -3.578019970128023530e-01 1.983457674137301119e-02
5.124735494382215428e-02 9.593729991956791991e-01 -6.328419830385334510e-01 -4.343854412990297842e-01 6.478536204281633015e-01 3.269230029463572329e-01 6.705224672408640618e-01 -4.411883795632158822e-01
2.173931942274163198e-01 8.683290862026544765e-01 6.431108295260306029e-01 8.540659718699679104e-01 5.937159802640494810e-01 6.034701342040040828e-01 1.529182392241268396e-01 1.511491752289553236e-01
