-5.880074933297319006e-02 -8.112357202592959116e-01 6.590981868302641100e-01 1.206504291054977251e-01 7.217852490557750134e-01 4.288759450150176900e-01 9.381881395207092300e-01 8.696027982568896864e-01
-1.217598603732519269e-01 -5.269855923984256840e-02 -1.058151805482283603e-01 -9.443085885058726259e-01 7.592478788878593843e-01 7.362723659865682002e-01 4.576080569162046530e-01 5.361212254714369241e-01
6.797324035787641883e-01 9.932476561474239407e-01 -3.379968928113552540e-01 -5.574453419832174905e-01 -6.367148720308648535e-01 8.974632853414339362e-01 1.288068590764648302e-01 -7.411578203710049717e-01
5.639704157935694351e-01 1.723500523177685650e-01 -6.538968616769156306e-01 6.879691047431977236e-01 -1.293672406449322132e-01 5.657167475587105976e-01 -9.309319836269385195e-01 9.231553041653599578e-01
-7.087638419944730650e-01 8.040163572869898356e-01 -2.430502005323997849e-02 6.155343975185034733e-01 4.376953663496394586e-01 9.796147891762783111e-01 -7.676754754872061604e-01 7.304270969777899580e-01
2.466195615216968395e-01 3.181583763823401245e-01 -7.619151208727061864e-01 -3.178981122049591157e-01 -8.820205263431737386e-01 -5.398483858702931570e-01 2.360797268109831037e-01 5.147465933185424447e-01
9.647600025358005205e-01 -5.723691979142375708e-01 4.550522448641149964e-01 2.913946389606969500e-01 -3.713054831895867824e-01 1.917504151738969043e-03 -5.623959218789307268e-01 3.332655226895862022e-01
9.829477308190424090e-01 2.915729288734014713e-01 8.595422915248018825e-02 -5.739635137791188058e-01 3.219512981752217229e-01 -2.551379211464277486e-01 7.592321527370371470e-02 -6.429961698761259559e-01
6.787032450117598259e-01 3.439303370044028973e-01 -1.845154418031413890e-02 1.055483388053888305e-01 4.244393094397374000e-01 1.191289147028167239e-01 4.238285670714321274e-01 -9.933939566531548859e-01
9.829450378762312202e-01 1.326735766602779254e+00 6.602979524982660609e-01 9.055173312318710588e-01 9.343800868413122407e-01 1.127964732501565814e+00 6.847419476619014400e-01 1.089686673529270067e+00
