-6.653503617205558385e-01 -6.630668529944627743e-02 9.642985528729042244e-01 -2.924930712240036978e-01 -9.442283386869996242e-01 2.168840445200725942e-01 -1.337494203097013834e-01 -1.802909386842805883e-01
3.890844162983853050e-01 -7.494999752210638189e-01 7.149374161300823260e-01 -7.403261639824021412e-01 9.669413824145145497e-01 7.547986090633338474e-01 5.636475357311137024e-01 9.948650134307259751e-01
-6.911299951981386691e-02 -5.749560263571906749e-01 -9.825659682775635950e-01 2.180025679897723556e-01 -6.807753522946806690e-01 8.666038842647465490e-01 -6.380583635051613189e-01 -3.386581617338619843e-01
8.521484135172323615e-01 -1.373648781395990781e-01 -8.333718747951712746e-01 -2.193297950961572429e-01 1.660916238854115434e-02 -4.505765120693501213e-01 -9.799558943712980419e-01 6.894388395497579314e-01
-9.863511394208852590e-01 -1.858530163280540659e-01 9.093518921255008269e-01 -3.524272018786291927e-01 8.814708550280678789e-01 -9.398256674199607641e-01 -4.894485551573615201e-01 7.197923656017826133e-01
2.681952953727226863e-01 -2.222069834092654794e-02 -5.419436621714099900e-01 5.606189976562030441e-01 5.537658053498661914e-02 -9.660237345127937747e-01 -1.938678601457577422e-02 -8.940084414331723739e-01
-3.467621193452614659e-01 2.827392013281551097e-01 6.624400008494595316e-01 3.195059959731010313e-01 -1.972118921971015570e-01 3.226029997484176626e-01 -2.086282825039498245e-01 -1.641755906090232031e-01
-3.944699249880514458e-01 -5.613848748025407343e-01 7.675257232066472479e-01 6.418370178454813058e-02 6.603601578296007801e-01 8.066613747275066526e-01 -6.332355827399296366e-01 -4.709882778724316932e-01
6.514614507570504198e-01 5.843598161234371258e-01 7.539288162879491662e-01 -9.407640647791248867e-01 -8.813436693594089988e-01 4.291757314155488778e-01 1.379880762929615035e-01 9.724072459827237669e-01
6.632341245162098886e-01 -8.280959966710310649e-01 7.742433281483451779e-02 -4.924325751868918744e-01 -1.046854818333780024e-01 -9.935348051350390008e-01 3.683003932181136975e-01 -8.806972274921314181e-01
