1.464522631035580780e-02 6.054363895002234930e-01 1.367753280229624391e-01 2.081396513346245314e-01 -4.629169221601723283e-01 -9.859818667050292973e-01 -5.200721775956564930e-01 7.099572731938721404e-01
2.972189080281293361e-01 8.576396173378160181e-01 -2.006678380836457443e-01 -1.308001671076388650e-01 -9.301516198717156847e-01 3.729256821009199196e-01 -1.980495871378717965e-04 -3.810019398136565982e-01
8.570752730518456097e-01 -6.057890652664947861e-01 6.087822326006508966e-01 -5.012754056541446346e-02 -3.343326061156377538e-01 6.325727295590333199e-03 -9.171943170279510671e-01 -5.499204761793423657e-01
-7.726179661018051092e-01 2.971283791214578418e-01 -8.053543642093508037e-01 4.915575875375921555e-01 5.650049285125668952e-01 9.673313143078239307e-01 3.053105139803788948e-01 5.399820433376079087e-02
-1.938262607752838651e-01 -3.442407950733321620e-01 6.604301761054440778e-01 -6.090947551861627396e-01 -5.949997652165444073e-01 -4.555961576918601263e-01 -4.779944280029009285e-01 -7.339004608522583517e-01
-8.455112391205084066e-01 -4.888707791298096961e-01 8.165290598918995002e-01 5.046033557687357174e-01 -1.432818466756315967e-01 3.280610347514612002e-01 -8.265986751093468143e-02 -1.484122174494713065e-01
-2.567925257628738134e-01 5.600986656887940729e-01 9.385704077200340834e-02 -3.774096117729921485e-01 -5.568357238070118509e-01 -8.052839016817192608e-01 -6.505879957956486326e-01 3.559006375264190947e-01
4.096425213905898755e-01 -8.338962415313111443e-02 2.049230740713818832e-01 -7.467506612420804490e-01 -7.894206559500354103e-01 -6.499810795591922652e-01 1.285226395822933743e-01 -7.733834807845898496e-01
-8.939021165994587292e-02 -1.434231454202985478e-01 3.792547294618124898e-01 4.579846917959284891e-01 -8.463517635910000614e-01 -6.021545716599912001e-01 8.484831923470204096e-01 9.661322669912921768e-01
-6.168574706215745884e-02 -4.530644094069944394e-01 -8.419880758321951486e-01 4.463065099825154203e-01 1.231589289152443811e-01 -5.231910980773619713e-01 5.071841064357220930e-01 -3.235350786690995850e-01
