9.118316507792754155e-01 7.288169282502154900e-01 2.681561028471717290e-01 8.718647674401389658e-01 4.950430545299768781e-01 2.239015163873836478e-02 -8.503059645510075981e-01 6.849374256544717987e-01
-7.043459623120884583e-01 4.205567619281753711e-01 6.860352264912783493e-01 -3.418591251870588543e-01 9.891913672203400676e-01 8.093809751282787790e-01 6.966583148163820738e-01 -9.405054356372617441e-01
7.809141889405106784e-01 -9.133238813412656310e-01 8.590373371912947142e-01 -2.726595073937643221e-02 1.923521891198811673e-01 1.703230979295389247e-01 8.589716007284691202e-01 9.136788151898449506e-01
6.163561044800647259e-01 -2.855265725758993067e-01 -4.337455243882526457e-01 4.778886544760678756e-01 9.685254668177929460e-01 6.219929602476172992e-01 3.952934663643550284e-01 8.634809989447185252e-01
-9.490200072234342699e-01 -5.579061458167768883e-01 -9.494935861652928910e-01 7.379899139721217693e-01 9.369847686006038678e-02 -9.286826264127072683e-01 6.396711138476751657e-01 9.625003444898183602e-01
-6.648067869177616274e-01 -9.878662985336494895e-01 -6.976283394495101930e-01 -5.535403614485645551e-01 -1.121171145172037420e-01 -7.210457480621346171e-01 8.513692899247060630e-01 -1.503246660358386055e-01
-7.157681312825887598e-01 6.305522173339035419e-01 2.560074186781284844e-01 -1.032737966951138286e-01 -9.316068135678321482e-01 9.259587371681119450e-01 7.306938323523670675e-02 -5.547325378749869973e-01
7.737004535163305441e-01 -9.968251021601013395e-01 -8.181344895313058529e-02 3.868473865173263082e-01 7.256941641637770779e-01 -6.987259181302389877e-01 5.828773513884533131e-02 -8.408808188750689361e-01
3.467344287207843045e-01 -4.723866630058348726e-01 -2.224772112825119663e-01 7.068069158667822371e-02 -4.276100049399800263e-01 -7.618636290465974348e-01 -1.386312105744305079e-01 -2.681155749751606976e-02
-1.399808763733105810e-01 2.256955612210058693e-01 -7.978785893169111354e-01 -8.565506453935265441e-01 -6.290527390641695860e-01 9.812468388696280464e-01 -8.101172336739905777e-01 -9.993705658411022874e-02
