-2.536149352069618779e-01 2.290927365571162611e-01 4.908633625752649721e-01 6.695031739903811729e-01 2.151751145737166304e-01 8.972170877253460297e-01 6.172049453217265391e-01 4.526739307832174930e-01
7.181821864511472864e-01 -3.817734299139019516e-01 7.992444271826133484e-01 1.567910009089268364e-01 -8.932400321112257124e-01 -3.176896966330144956e-01 -6.446964953926619391e-01 3.679108525742760261e-01
-3.763383117372058884e-01 6.467879803465002020e-01 2.833147009883190126e-01 -4.605876766634022790e-01 8.520883620326529240e-01 6.661389189257715948e-01 -6.599013173979064728e-01 -9.277454164978691242e-01
-1.323454470683049777e-01 2.254843138753188647e-01 -3.348162153417175713e-01 8.417183002200856468e-01 7.658469471713471588e-01 -1.018141066430853225e-01 2.768720146008407657e-01 3.254992896344752751e-01
2.991000280774385178e-01 2.658586659795512119e-01 4.957701442173354511e-01 -2.653050818175173298e-01 3.910527968535761900e-01 -4.987193520625439191e-01 5.767465189841847195e-01 -4.838628009094225746e-02
-8.804459846244516719e-01 7.675431030105908103e-01 -1.124334671601245894e-02 -6.002044058431854623e-02 -9.085841636235780783e-01 1.900553770913866458e-01 -4.323270758408130909e-01 -9.485471285579081258e-01
9.313246381391906414e-01 -7.213747949393247705e-01 7.128174072310677900e-01 -6.209786065022799839e-01 7.460162907596696868e-01 5.175258530798141354e-01 -6.330259499718964289e-01 6.098686243095310378e-01
-2.154767306824629802e-01 7.472323702262064771e-01 7.544924859680255391e-01 -7.250106114034455818e-01 -6.566017208768220037e-01 1.182966821291064896e-01 1.788050862193479862e-01 9.069787013445163026e-02
-8.960001674969646501e-01 4.005472564835788063e-02 -9.475529155795152647e-01 9.537206718142989814e-01 5.095490095801791242e-02 3.980718062924775147e-01 4.601615112324646262e-01 -6.487274593216465490e-01
2.209874553274384645e-01 -2.511397817725986581e-01 -8.241131402838210995e-01 -5.912551220303863264e-01 -8.663421675825422330e-01 8.212930641984492741e-01 -2.464256571726068934e-01 4.437372104753676272e-01
