-8.325939057962910006e-01 3.029823201134029809e-02 -4.049111809726606559e-01 7.324252076131421152e-01 8.761890056544758831e-01 4.985649979804263054e-01 -1.177420123346453185e-01 2.850576044298231970e-01
9.459726994257533494e-01 -1.272191395792936497e-01 -7.888986977349878860e-01 -6.731339827950024723e-01 -5.289422074349634517e-01 4.188621453733611943e-01 -1.880877517236576590e-01 8.934352654528840976e-01
1.455352194727281834e-01 3.941217480904335435e-01 6.204530877838554392e-01 -3.597064665360893976e-02 7.538030580938990255e-01 -2.869120623017402671e-01 3.055888749484871880e-01 2.171347538553214385e-02
-8.995593744233334466e-01 -8.611231181413669944e-01 -8.736878916926995586e-01 -7.801073178721373846e-01 -8.483429260016956963e-01 6.127458072891611707e-02 -1.713966549810042039e-01 -1.369564299207226554e-02
-8.785102339785511028e-02 6.452071810525477069e-01 -9.657483841100389377e-02 5.228356398464784061e-01 -8.043403149934125196e-02 -3.330825276555307024e-01 -7.806956653066219332e-01 1.176479679504625064e-01
2.600090947830788757e-01 8.232449372312238278e-01 7.621341312409259938e-01 -6.388866515802615886e-02 7.795589756024408068e-01 1.898155481731016447e-01 1.304260867903490606e-01 -9.997402330463733833e-02
3.173687761659520490e-01 8.376213093706044166e-01 7.648973711063959957e-01 -8.174686273551499127e-01 -9.314073789864314445e-01 -8.327807644126776765e-01 5.154277766676724770e-01 2.443376983972513905e-01
8.249371528521587393e-01 1.883844664712837069e-01 -4.078215479222495610e-01 5.602448520778935404e-02 -6.412241320033649217e-01 -4.918985844053158640e-01 4.049486038571581403e-01 -3.074044101852726474e-01
-9.187529062577541872e-01 7.745082244376444436e-01 -6.398479396513558903e-01 -4.955416301500488174e-01 3.091347654834937231e-01 9.118744984456148561e-01 9.546397487344373545e-01 -4.186912218759162307e-01
9.431884240558012777e-01 1.095249936465126694e+00 7.193977483691457175e-01 6.225687465245933749e-01 1.360182771878676089e+00 1.402426568122714157e+00 8.062760902396096663e-01 8.739399251845318961e-01
