1.516891277705012531e-01 -6.987779774748452688e-01 -6.363253163768347598e-01 -3.524466176304434928e-01 9.549475702870835470e-02 4.493593922786212058e-01 -2.830976129240994066e-01 -8.077366194225785723e-01
4.977467213550637037e-01 1.216320633306369192e-01 9.813187824011238014e-02 8.169902246394062928e-01 1.815717631190665315e-01 6.985289721577383482e-01 8.200789259909193607e-01 9.869289928377922294e-01
-9.008404198911643679e-01 -5.709300334025397827e-01 -2.785129780224040452e-01 -5.609178693216096967e-01 5.905052707180549199e-01 9.816261185099142139e-01 2.734708784247881219e-01 -3.909787635755372914e-01
-1.237713494331544872e-01 8.816715152762160113e-01 7.598100318766347616e-01 6.974880971349417536e-02 -6.004816456792998469e-01 -8.026007457516621812e-01 2.849259312550682655e-01 -8.183022042011005581e-01
4.864777864966884913e-02 -9.720197160676253834e-01 -2.063243687370688306e-01 2.581836145476690270e-02 -2.955646575586285962e-01 9.914155140942806366e-01 4.723022530690468290e-01 -2.206592199353833994e-01
-5.266548952597347455e-01 8.845723447377049631e-01 -1.617867357553950391e-01 -6.524388452632454705e-01 -7.954791676716257420e-01 9.191392839104448598e-01 -9.033826224774179625e-01 -1.201047910457684331e-01
-4.809838025542978457e-02 -6.474094109541506104e-01 5.288359731889977766e-01 1.203285079844484962e-01 1.182118441384538698e-02 3.419753801091829359e-03 -2.888067585121369962e-01 -9.592734361785271169e-01
6.235400768300565222e-01 8.336624644865906486e-01 -7.022467239326712907e-01 6.102898627297934642e-01 -9.736144257646457412e-01 7.189253436372851080e-01 8.830278245271487858e-01 9.142516525348858281e-01
-1.809554448327219678e-01 -5.789541828544098045e-01 5.323881075375396232e-01 -8.456102524104929241e-01 6.138559899180828783e-01 6.793720826527245293e-01 -4.811385994599468585e-01 -3.678327603603059881e-01
1.219596369004144476e+00 1.314932392550281381e+00 6.853952727254216670e-01 1.210739936459104049e+00 1.289039886397251866e+00 7.291766047989713950e-01 6.871307866138177678e-01 5.668624775419569550e-01
