3.005536060517302044e-01 -8.845742463453041271e-01 -9.521275597596945417e-01 3.687854775360912551e-01 -8.918374396642534396e-01 -6.737277744564367232e-01 3.739731630351819103e-01 8.263995001283357400e-01
-6.454731617930411502e-01 -4.081319602884514453e-01 8.063725710774898303e-01 -8.170363198255377046e-01 -2.519780778622289219e-01 5.729295234007061310e-01 -1.127646095456302788e-02 6.349517742265409215e-01
-4.655022651406148793e-01 3.790824884898236213e-01 7.753907217151811970e-02 -2.609542465126162281e-01 -9.356260974606231962e-01 -9.875846430820642841e-01 -3.288143498745741411e-01 6.931089317941252492e-01
5.624297975686507467e-01 -2.322608417139462311e-01 4.820121913900634603e-01 9.916778612488148514e-01 7.924547130430292796e-02 -8.982133983486055850e-01 6.301088340505458518e-01 -8.015519828400405888e-01
-2.637267878282947287e-01 1.996292332950975190e-01 -2.969874853271796677e-01 -5.646712604904720045e-01 9.161860141367901278e-01 -3.457365857095522355e-01 -9.335932336236689721e-01 9.306726449084707919e-01
-5.961645820374195104e-02 8.592483296472024357e-01 -9.392075854030494941e-01 1.907529587242919877e-01 6.727341485027535928e-01 -8.027260925569290606e-01 7.454663918132136136e-01 -5.347719859227804129e-01
2.501146877065574259e-02 2.794607017988446351e-01 -9.553849119832045211e-01 -7.567657840973240901e-01 -3.194082614000144371e-01 8.085336855436149328e-01 -9.066366750158201260e-01 -6.761751912318538782e-01
-4.363136775256959421e-01 -8.190899069189756521e-01 6.792473445958608913e-01 5.781370568935588761e-01 6.868294399116452453e-01 -3.413841012485354653e-01 -8.683567026827396784e-01 6.386962163279810145e-01
-4.519313317988191692e-01 -7.316082221137270025e-01 1.784924225435908784e-01 4.037762926695227517e-01 1.782606898945739982e-01 3.240433321506586140e-01 4.727092988381886851e-01 -3.969085459875758559e-01
1.249213454819900537e+00 1.390899133246823904e+00 1.264794030206028097e+00 1.085437025070059569e+00 8.712601218833384564e-01 1.347614712143744509e+00 7.355123491500665800e-01 7.389863122574196197e-01
