3.782105795603671883e-01 -1.837854362894633109e-01 -6.826901749250320339e-01 -5.453848445808304746e-01 2.230743262687637785e-01 3.852308396079788810e-01 6.921879925912184373e-01 -7.684042503936474588e-01
-5.377715612784208510e-01 -1.739548224956317668e-01 -1.904166503265696253e-01 -6.810512754595412499e-01 2.055273217984709966e-02 3.224113882649464191e-01 -1.289348507344671990e-01 7.639630549685056948e-01
-4.967379379252376825e-01 5.714046437485624796e-01 -7.570938919717422610e-01 -7.865389813078123016e-01 7.535890959580804349e-01 -9.458463689062157620e-02 2.361068278570939150e-01 -7.858867141936631828e-01
3.616835650503569255e-02 -3.635634744402342911e-01 7.273260530958338688e-01 -4.064265195307767975e-01 -6.476956028969096391e-01 8.990860821454045304e-01 -2.864773482617797296e-01 -1.004796336657893807e-01
4.182345756589758157e-01 1.154557371446338632e-01 8.598780976785067587e-01 7.217820273466615255e-01 9.512928573917966979e-02 -6.562996527923035117e-01 8.010690089301142347e-01 -4.286883291843048838e-01
-7.043020111849733755e-01 -7.180709708186592266e-01 -9.451457172346617863e-01 2.115601539745148862e-01 8.609578440882210693e-01 -1.517009978246590673e-01 -4.780957974009771849e-01 6.754298376849532382e-01
-3.508469154101327980e-01 8.909794399919974683e-01 -6.213039449784449886e-01 3.103244758861565256e-01 -9.736199596470482831e-01 1.448443197707982577e-02 -8.529848766961316553e-01 -9.437052761575892568e-02
3.773567868383405077e-01 -6.559612421792788695e-01 -4.104532914073235617e-01 -3.628694850052638365e-01 -7.646340348784075314e-01 -2.650377204238210105e-01 -1.966051490854605621e-01 7.746977152735154970e-01
5.193074535348636278e-01 -5.147852451244299132e-01 5.846241735965822528e-01 -4.059902835820456968e-01 -8.018461472943345658e-01 -4.625418361043347470e-01 -7.830903457682065749e-01 6.149468368821753295e-02
1.224559905753224154e+00 1.315894352273132561e+00 7.400035875339555647e-01 1.017196777101442962e+00 1.370476499045333085e+00 1.491948125762439847e+00 1.147935856005965594e+00 5.717462201109637654e-01
