8.023949435355586246e-01 3.290959413939300582e-01 1.272958204343681565e-01 -5.437417797470112113e-01 -2.918875166706167423e-01 2.908570110734487457e-02 4.789915701962157435e-01 3.633674538457811742e-01
1.001375013092542510e-02 -4.621035346114328313e-01 1.004424642523882305e-02 -5.451062929942986912e-01 -1.324137060228112173e-01 5.573752078000901999e-01 5.973384910102170764e-01 -6.246430286228097373e-01
-4.172841438456391661e-01 -9.960716536152076639e-01 -7.909525887126240828e-01 9.322656716393376009e-01 -9.730617620581580862e-01 4.146010976831413508e-01 3.907928756051290975e-01 -6.940675590811740125e-01
9.103782834395510726e-01 1.144041778748781102e-01 4.758522931575090986e-01 -1.632152179424513072e-01 -3.634704301740281362e-01 -4.887342227681343854e-01 -7.104933178107841751e-01 1.927730015217627990e-01
-4.867635222863664346e-01 -1.414913983348640159e-01 3.369072483505519688e-01 -5.035882187191391690e-01 -4.548418924409232122e-01 -3.815575384961922278e-01 5.264743769627184822e-01 -7.025404516657660636e-01
2.502382476759694718e-01 8.752308022892749673e-01 2.815324146729318855e-01 4.312031527638695572e-01 9.351584222860480633e-01 -3.056331403111320899e-01 -4.035741530358303297e-01 -8.272618068930093216e-02
6.410686318219600555e-01 -4.859640740959914051e-01 8.500011954445627627e-01 5.749587326401313092e-01 5.381816441810767238e-01 -3.119170557216655038e-01 -4.005003922843388686e-01 -9.746970543437716294e-02
6.678291889741705400e-01 3.012220653051522756e-01 -6.811516981601055676e-01 1.831331519227010762e-01 2.313501694459698665e-01 -9.618642118250877449e-01 2.726223731220023261e-01 -2.007920437940755587e-01
-7.942192211143317415e-02 2.612621753415589332e-01 -5.137119136345535964e-01 -1.517772862901476394e-01 9.149612517815208790e-03 -8.626714723706474519e-01 5.120951559617983317e-01 8.789695206569132502e-01
1.455835876298586573e+00 1.362563551511836835e+00 9.176152586163178748e-01 1.048469029488667381e+00 1.025458828999986194e+00 1.146557187730768979e+00 7.493220113167307073e-01 1.140067989138820348e+00
