8.277773110104933441e-01 -2.131402168172891187e-02 1.108716067567392383e-01 -9.613213119373040794e-01 -5.068887241481931927e-01 3.630078467026760514e-01 2.198170687850580229e-01 -6.910097884089410059e-01
-7.837183955719084771e-01 3.274570316557228189e-01 2.463523864464578494e-02 8.443149961073685983e-01 -1.010699331082096641e-01 -1.800652248369698505e-01 -6.112012464334732886e-01 5.486227603578031076e-01
1.142621020915766117e-01 1.187651048752806915e-01 7.251785373138801560e-01 8.421191517430461904e-01 1.838978202218055635e-02 -5.848350134125692712e-01 -3.590701744585722555e-01 6.750028646969525870e-01
3.202685233632651673e-01 -5.722149688112945221e-01 2.037662277079106410e-01 8.204760288192736173e-01 9.318099685037395385e-01 -8.820044611791475475e-01 7.199300382480986471e-01 -2.340061011656116019e-01
-5.524788138041769603e-01 1.865081081026833676e-01 -4.507754900236617956e-01 9.399701529516666376e-01 3.211483518211091237e-01 8.545381790274033662e-01 -8.424886394050021821e-01 1.878486580485816404e-02
-3.716624260511434130e-01 2.510595120230738608e-01 -9.432767588395827296e-01 -6.985718139627212775e-01 -8.592731950315317668e-01 8.287891215779925602e-01 6.573553147205093428e-01 -3.358299998470259951e-01
8.215429378501495350e-01 5.462783380642939335e-01 7.393406420600536766e-01 -4.760470655068360646e-01 -2.111580022256625000e-01 2.078481977306108064e-01 -1.125866038351965859e-01 7.115848739816348356e-01
-7.978964201177647375e-01 -9.004427040207896304e-01 9.320288652997981149e-01 -2.473779780981648635e-01 7.567045324489749536e-01 8.090531560428801949e-01 4.441457322302715394e-01 4.788381012242666213e-01
-8.231561433312548637e-01 -7.502249115704811011e-01 -5.534096901189495821e-01 -4.924888215383924628e-01 4.994384736161541216e-01 -5.106793275689678335e-01 -9.513111589684959402e-01 -8.476601930230625026e-01
8.345766407861882064e-01 1.295072102771757994e+00 6.233215769226211345e-01 6.139164232519755959e-01 1.264961975348140921e+00 1.329543267705844078e+00 1.213873898949103136e+00 8.148058787662282310e-01
