8.789243586930186591e-01 2.423551541570079237e-01 3.434814000974391046e-01 5.065188026464093607e-01 -4.547227310159269731e-01 -6.642166288265194396e-01 3.404550020268819477e-01 2.250738109168666234e-01
-8.111830641930914965e-01 7.385449885389647751e-01 7.458410103045318706e-01 8.350680588273440286e-02 1.070098595005313236e-01 4.558868272548739498e-01 -7.930395711566329275e-01 -1.669809445282286475e-01
9.486678093677807233e-01 8.836521386111648724e-01 -8.481718396947757199e-01 -9.397340097774220524e-01 6.110119092011676578e-01 6.581678427588499858e-03 -1.444130214788361677e-01 7.786656883666995821e-01
-2.051953395212149367e-01 -3.284177267251502386e-01 -8.073076279418187617e-01 -5.861546178994694323e-01 9.050182569935454335e-01 -9.847345532199585083e-01 5.644698752094368110e-02 -7.353637028884087989e-01
-3.944538914961115417e-02 3.115802350255119091e-01 3.400401585063939081e-01 -2.474229179945528490e-01 4.410439670937917889e-01 5.233929443817841864e-01 7.047202812445261255e-01 -2.124319328499719717e-01
-1.439178684904707239e-02 -7.939839311646077480e-01 -9.063367318438935172e-01 7.023710630388129150e-01 -7.458475359028475804e-01 5.600777919567367924e-01 8.176695040253680880e-01 6.011018691755549703e-01
7.639133094242407385e-01 -9.232490065486795849e-01 -8.686638462812694694e-01 2.081269924742454869e-01 8.188885983553104708e-01 -7.032903171647406637e-01 -5.970816860784133873e-01 -4.880740456768557500e-01
-3.325692616193216544e-01 -3.641067739543490944e-01 6.002731940030197055e-01 8.849380062469340835e-01 7.589505555287272553e-01 8.677942200687249752e-01 -7.483153240010107510e-01 -9.494907995675021528e-01
-9.107703272281628681e-01 -3.094162227263932419e-01 -4.010312298855311930e-02 8.966887698380188176e-01 -7.902838671821019734e-01 -7.437917217087020028e-02 2.562914771460065300e-01 2.156586248596643607e-01
-5.292058586493506578e-01 -4.840555285958836329e-02 -3.276837081966030851e-01 5.491722467926694051e-01 -9.301317379648055272e-02 1.702194176013185345e-01 -8.742274728889274371e-01 -1.385514193809918027e-01
