-3.478601469180497840e-01 -1.370035869943080353e-01 -2.480471516292375167e-01 3.590440757891093515e-01 3.095435973020812526e-01 -5.887404613856750402e-02 -4.880371078640499682e-01 -8.635192299189655696e-01
9.027328728208656727e-01 9.172926600175286271e-01 5.395005376834842714e-01 9.079161608509678238e-01 8.860759855959183806e-01 -3.006611191295434082e-01 2.823227563289185671e-01 9.735014057839843638e-01
1.302601259962663516e-01 -8.499038107267939957e-01 7.181201901728730963e-01 8.539887214915553582e-01 -1.013487197751996582e-01 -6.234293135935737862e-01 8.857206148846121785e-01 8.654506639837400428e-02
4.721337399035263616e-01 3.749935568489819460e-01 -7.709707462890291740e-01 3.321603502995629231e-01 5.406630619819812189e-01 -1.410818745893154258e-01 -8.954960104438927093e-01 -5.172784721348209214e-01
-7.484820026860639075e-01 3.977146225899452769e-01 5.622727173712867010e-01 -7.955069462778512346e-01 -9.073184600517556486e-01 -7.260195367169235414e-01 7.854590913173988831e-01 8.163504563570944672e-01
-3.217147713287102917e-01 3.681311332124590496e-01 2.293274775750286931e-01 -6.415263989985822146e-01 7.260018980798130794e-01 -5.754234278167800198e-01 -6.591506988907458453e-01 -9.982431947069561051e-01
-3.145066515513474936e-01 2.739941104532079841e-01 3.626443008921007571e-01 2.657735920793937723e-01 7.654080959483162694e-01 8.934112669079370406e-01 -5.752359974670699927e-01 -2.461597713924112973e-01
1.970737822599710753e-03 -7.870764536445924442e-01 1.915583406923870857e-01 -3.156055692452977013e-01 9.490085265874272924e-01 7.206287119712786460e-01 2.061718310534810250e-02 -8.462199380155766004e-01
6.340542815452996361e-01 9.661877889883951909e-02 -3.138828924641321461e-01 -9.695316479581634894e-01 8.239556313079452465e-01 4.012556529471502653e-01 -1.125033174435960959e-01 -3.046252985000406088e-01
1.495904223707515968e+00 1.440963734853782707e+00 1.461028881805654045e+00 6.825940158860057672e-01 7.230536251071525422e-01 1.053292523658523105e+00 9.212758211017577636e-01 8.255488556421016755e-01
