4.800425834821011595e-01 5.471112636230022197e-01 6.292418699046986585e-01 -1.318077616385351369e-01 5.168465428772517356e-01 -9.426408955395426670e-01 2.332413046131405210e-01 6.230501193304489593e-01
4.176213800609427373e-01 -8.547412024616529713e-02 1.782198578269578171e-02 -9.959140035593843088e-01 -9.804284742154658616e-01 -6.754526292181697311e-01 1.050803818722290117e-02 -9.845537902490699711e-01
-2.024816143238186150e-01 9.041629327636340197e-01 -7.360169347461344991e-01 4.480261711259809765e-01 -4.816895567526224831e-02 -8.549294824826327854e-01 -7.492717766607603913e-02 4.323752175754362881e-01
4.983393756967557930e-01 -4.246600163278375639e-01 9.299529520680691608e-01 -5.488533130611432664e-01 2.870232247600652542e-01 -9.949376999704919733e-01 5.176222107511476711e-01 -5.665204100575764734e-01
3.433700633038283545e-01 -8.346827466188979638e-01 5.580218581830156399e-01 7.240339962092225967e-01 6.333058731688878673e-01 2.196154145354101139e-02 5.178800008632775675e-01 4.659831879977154312e-01
-8.348539001580863594e-01 9.492112695255228161e-01 8.742091421903193105e-01 -9.554766045391642759e-01 9.290586074585180931e-01 -2.878768040233303793e-02 6.768914837936159667e-01 7.548776865050184082e-01
-7.135837115829519739e-01 -8.832046454588806661e-01 4.274488140496808253e-01 8.903757652298340819e-01 -9.232217726786728917e-03 -5.742833672472325013e-01 -3.435174205236246614e-02 -2.325530894600384979e-01
5.375941874736005488e-01 9.711742256994047029e-01 -5.924854336675615674e-01 -5.944187559275870836e-01 -7.022210847749728035e-01 5.313366202275069394e-01 -9.977390006205222317e-01 -8.908912784228810722e-01
3.297824519152334766e-01 -8.733328249526250975e-01 -1.346442492938353386e-01 3.182721878855663267e-01 6.968881229549439560e-02 8.426941588829659491e-01 7.321392137778317544e-01 -9.127521780859282341e-01
-8.804151554854393602e-01 1.045288966717357049e-01 7.772683193700871129e-01 -8.227252832940505911e-01 -8.733519747637217279e-01 9.324891645301531806e-01 9.486453882741907595e-01 3.083042633066577221e-01
