-4.392289367380868281e-01 -5.743905647424245586e-01 8.114441452356779827e-02 9.566374385889906407e-01 8.179689683508319931e-01 3.975197076163352605e-01 9.547199495582376905e-01 -7.324982084288857997e-01
-5.302391817036378185e-01 3.871986924917028006e-01 -2.859095728694560634e-01 7.994944542691317935e-01 -1.779756459068599916e-01 6.451974995690581416e-01 7.248644920791806889e-01 -6.141933830126147242e-01
-9.508042199532182881e-01 -4.274923455561510099e-01 -3.596550823228119587e-01 -3.650743453703884089e-01 2.046369735206921003e-01 -8.647258389611258700e-01 -6.404217189905334617e-01 6.258438831710664285e-01
2.140865318541518292e-02 -5.000680963050507799e-03 -3.111194309503404476e-01 -2.099077105174413926e-01 -2.399519981560493953e-01 6.084612249383916094e-01 6.436078334249899502e-01 4.037424926657151580e-02
-9.834689984594755519e-01 -8.464600503528931785e-01 -5.222910317381814771e-01 -7.446842490456968555e-01 9.671761246065322393e-01 2.787634120889437295e-01 3.511777578214483331e-01 6.243438745547000845e-01
8.450531545060402383e-01 2.102434138067850178e-01 -3.987683873601819418e-01 -2.280883100213326742e-01 7.504574549186293630e-02 -4.124588611211537081e-01 1.392781328340471081e-01 -5.352095056704249121e-01
-9.849716328010809097e-01 8.511917643072930417e-02 3.772047713780604106e-01 -2.359743440540353898e-01 9.732560076618954614e-01 7.717134325406767026e-01 -5.880077685097560014e-01 6.893707700120865756e-01
7.720604003808926308e-01 -8.223866045600263242e-01 4.244720384144782255e-01 2.167394611981527941e-01 9.825282920410447485e-01 3.012135461595573105e-01 5.765011115484552917e-01 -4.863655721486435102e-01
-8.094815351688708915e-01 -3.496858429309082084e-01 -8.156202093026385658e-01 5.141875412931564693e-01 4.329157105510210712e-01 7.978494454489266641e-01 -3.488326842091142854e-01 -6.002124291278665424e-02
1.264320063233624225e+00 8.541841306410382639e-01 5.600334782228555408e-01 5.584595280048904042e-01 7.983451193796855527e-01 1.091118749462366200e+00 1.106984581780851240e+00 1.353540765833951554e+00
