-2.725865214911233902e-01 -6.481091449121147985e-01 4.298827370011952809e-01 7.396836302525258144e-01 5.094420346713923742e-02 4.667685148096056835e-01 -4.775393003512324874e-01 -4.657099439242804451e-01
3.365842187761833859e-01 4.201651255609200053e-01 -1.620773509437043458e-01 1.537996441271598513e-01 6.740895430495053020e-01 -7.884044217262866638e-01 -6.875314076271734631e-01 1.497947953145974953e-01
5.793774637694790730e-01 -4.678645117295430200e-01 -9.302286746277310669e-02 -5.901648153846537070e-01 -6.694289247563183221e-01 5.128022186789826797e-01 -7.483181533341471958e-01 6.464060703934406682e-01
-9.499291742605422417e-01 -6.186169877045359922e-01 -3.895480686837489159e-01 -1.700774730644893928e-02 4.758383966412189636e-01 -5.047449915213046978e-01 9.884806746431054059e-01 -5.544143111787918077e-01
2.486526701521938332e-01 -5.757393170226983159e-01 -1.018610294564019636e-01 -2.166107078680536979e-01 -8.836325977777024221e-01 5.942711749988962566e-01 -3.117670193443722315e-01 -3.820253550839083356e-01
-1.266944650640688952e-01 -2.796026862901779264e-01 8.863736477110608636e-01 -6.873967676630838852e-01 -4.025748265556103878e-01 -4.425026931614015613e-01 9.990791004628924998e-01 6.993425087370663817e-02
-6.848371384785991722e-01 -9.445578697910337329e-01 -1.921645344809925771e-01 -6.487468714154172034e-01 9.672809184877060318e-01 -6.950245504279188857e-01 6.404542551874314871e-01 -2.676694046813536954e-01
2.533274779096483798e-02 -7.693934386305167905e-02 9.572610240874339649e-01 -7.928533464166012124e-01 4.347561405170308202e-01 9.368713039468949955e-01 -7.085198161551240492e-01 6.930078655083324879e-01
6.581330909264893059e-01 -3.181425260833354862e-01 2.556620920548480225e-01 -9.444435791712246786e-01 -7.576154036973530292e-01 -6.618452846275415524e-01 -5.807547690952656883e-01 -2.445692198253897054e-01
-2.208121162061871257e-01 -6.609649005745961148e-01 -8.299387164289837582e-01 8.849927037987781464e-01 8.043364202000820029e-01 4.142057896509407922e-01 6.353759807519443470e-02 4.117879270443560724e-01
