-7.938276655822262828e-01 -2.637064306241090339e-01 6.187507504975764405e-03 5.667898606461179156e-01 -7.399931316007781756e-01 -6.938216051033883058e-01 -3.222684930111636703e-01 -9.275008821176158325e-01
2.751662140861621531e-02 2.369106470738744363e-01 -2.415108576957434305e-01 2.015352418780527177e-01 4.732467651567331401e-01 -6.449603689886118651e-02 -6.567852788578376622e-01 -5.014477270728345815e-03
8.492001002143236832e-01 9.451288651039386757e-01 -2.959189658313456928e-01 -8.050365814943465370e-01 5.939903370817156691e-02 -2.718544908014657313e-01 -4.996738038434633822e-01 -3.041431718745153390e-01
-4.999293991744535592e-01 -9.908708276850670682e-01 -5.036339400532856558e-01 7.356119485364178701e-01 9.786292357437802458e-01 8.200434399532798846e-01 7.430782989022299834e-01 4.587317321124051439e-02
9.033575315301423103e-02 -1.058105997805132148e-01 -2.323840507556196311e-01 -3.238378880717629471e-02 -7.889011533713818913e-02 1.126508483307480102e-01 5.142127521258783585e-01 9.565661862396779291e-02
-6.106925655725761182e-01 -7.063118437621813683e-01 -1.879240861724222889e-01 -7.566684527441340791e-01 -6.941831580321480288e-01 -7.994703466541757120e-01 9.625376886614869232e-01 9.791143845370724463e-01
-5.830918816233867652e-01 1.399041412482306956e-01 -3.805985398903317662e-01 -4.504402375263523162e-01 -9.019725255996102753e-01 9.576231413612443788e-01 5.184000803824722059e-01 1.789914576590243556e-01
-9.074702688435192233e-01 -2.672613190429651286e-01 2.017536106462296530e-01 -3.141943893806986576e-01 -8.263653089403428798e-01 9.946122650656563646e-01 -5.324505221940765143e-01 -3.320386449200836143e-01
8.466998432845693756e-01 -7.092065799948905624e-01 9.042019300930101977e-01 -6.715856774674344720e-01 -9.947615371268978546e-01 -1.130101866632364782e-01 7.309415117399191697e-01 8.997338554401286270e-01
1.102026348968829339e+00 1.014146096333102598e+00 1.270448391386811426e+00 1.052375147339779105e+00 8.334400563253027139e-01 1.235446214006097332e+00 9.118547228739863897e-01 1.257461164013242705e+00
