-2.987267827978332679e-01 -3.252639180568484001e-01 7.828157536718682863e-01 9.242068209318270444e-01 -1.357339771644163751e-01 -8.101404824740838784e-01 -2.026721801672242140e-01 -3.132755336385499856e-01
-8.750821763520015839e-01 -1.119265253106018765e-01 3.365757757380547499e-01 9.384134627362643588e-01 9.922520849812066501e-01 -8.956531367236508778e-02 -6.029422418792904637e-01 5.001758396590028077e-01
-2.071234711896687841e-01 5.112176711932523432e-01 7.976735099881104851e-01 7.007288448327428920e-01 3.767962482458802054e-01 8.396299477389161936e-01 -6.983292850032207788e-01 1.658613083296467394e-02
5.556668853679149755e-01 3.637276324577871645e-01 -4.432542471306053500e-01 -2.710364474431903314e-01 5.955147425644693460e-01 -6.900387500076110570e-01 7.260764026688093509e-01 6.309157875971527218e-01
-2.637287046620813147e-01 4.939658577100796144e-01 3.058502519485832849e-01 -1.383425546650336457e-01 -6.307051677995123562e-02 -6.398769264115338196e-01 -5.929019993052662141e-01 9.927658724159349468e-01
3.752560468180645703e-01 3.311697893543685822e-02 -7.235128819686338364e-01 7.474474102998440728e-02 -9.373929827233076217e-01 8.160883116806048054e-01 6.826260695452364136e-01 -8.505418950281817825e-01
-5.865566647983604387e-01 -2.290162791951571020e-01 -2.408742288520002717e-01 -5.262718438666738052e-01 6.563571907599965449e-01 3.762648281035929632e-01 1.224587358772688539e-01 -1.282348506929684717e-01
1.268472588447611127e-01 -6.892799504689073320e-01 7.267766943014459802e-01 4.788338294102860715e-01 9.450385907782370420e-01 -6.594225387697920659e-01 1.341832227075567818e-01 7.906638314650866750e-01
-9.406899552450687096e-02 7.856741663353883354e-02 -6.848162370582173697e-01 -3.398921962021415055e-01 -8.787328057188845687e-01 -5.556645638252275532e-01 9.846523810577993974e-01 2.527601952243421213e-01
8.142917382342648169e-01 7.216547551979216601e-01 8.262114068774596420e-01 1.262115055596592761e+00 1.439627159249718957e+00 8.023870582743050095e-01 1.441473591173440649e+00 1.073157038763122184e+00
