6.796985835961777411e-03 -7.643649753393217949e-01 2.729440577512123323e-01 8.798066608152985690e-01 -5.157092085377079638e-01 7.924988045433023487e-02 -8.810981505943620284e-01 2.078993966582229902e-01
-6.567751485647697063e-01 -8.793333534515814787e-01 -7.633996312542046248e-01 6.355993176326648619e-01 5.489864748273400874e-01 -6.732259062857528509e-01 2.127777771387420191e-01 -9.140848449857157387e-01
-7.228442210924572731e-01 -7.931025725504832202e-01 -7.359549653816221948e-02 -8.371543003773940228e-01 -7.414939897274903657e-01 -1.827979385205624752e-03 -8.468534711470976362e-01 -5.294206678775781327e-03
6.405897474819901571e-01 -7.433780407552770253e-01 6.389801956883147671e-01 5.573527081618030454e-01 -5.188447833522480401e-01 -1.655861594762586542e-02 4.456927941092043710e-01 -8.103491791231096641e-01
-5.999809696686710936e-01 -1.890722179610513365e-01 4.934863845140877725e-01 5.996937187584607809e-01 8.206241483796288261e-01 5.549046130152455181e-01 -7.828894931328298501e-01 -6.664169445145555759e-01
7.841087950223444292e-01 6.377551554183016336e-01 3.738513031482135762e-01 1.197252783977660329e-01 5.711358599573501671e-01 4.139068091835913510e-01 -6.917237013541166490e-01 4.322806910845096162e-01
-4.864362521487335389e-01 3.504282526396262920e-01 -4.475445320697428730e-01 -8.924997651716910507e-01 6.422954777826728190e-03 -4.429090265188266873e-01 9.759121908027834635e-01 -3.472842392428776570e-01
-8.513412627276619737e-01 7.225225724544028783e-01 9.507269669623237274e-01 1.488623174071572741e-01 2.378949061543702559e-01 -7.570678472140530690e-01 -5.996869269855764628e-02 9.421522681046754499e-01
9.955389012577042784e-02 4.642554287658666734e-01 -7.704594412444052409e-01 -8.044336374708613846e-01 7.263233652489671233e-01 -8.516598244864390654e-01 6.988564678600817093e-01 -7.341486325100565757e-01
9.640192092213095698e-01 8.824534980389923122e-01 5.843001073936779921e-01 1.024753929594634627e+00 5.887683934536478425e-01 1.254133836471885921e+00 1.326718009403453191e+00 1.403090378687435358e+00
