-2.661033184768575310e-01 9.920019449529327016e-01 -9.781635917947313352e-01 3.931429306332208107e-01 -2.548289675567230184e-01 2.037575479865287864e-01 -9.692783667545490367e-02 -5.891745054169399420e-01
-4.013208623655601937e-01 6.609334152398800288e-01 -4.788138593248780772e-01 4.003379339782044966e-01 1.099473615773285395e-01 -7.982090694060746117e-01 5.228169666912354518e-01 7.654958786561920636e-01
8.874649053025334133e-01 1.979413190771834863e-01 -7.853031982794635990e-01 1.570370512056389334e-01 -7.157021420168814263e-01 -2.263053885295760459e-01 -9.010752161443473796e-01 7.821863750351891742e-01
-6.628864434032690767e-01 7.408040755906599717e-01 7.945115836134957199e-01 -9.682029467098447473e-01 -4.346919675892007007e-01 9.283467877178546157e-01 -5.799102835683083157e-01 9.279670710921192889e-01
-9.180666196046287642e-01 6.005192680901338953e-01 -9.189182175549068798e-01 -8.029529443755289986e-01 -8.544631399539039940e-01 9.924592994665433210e-01 -4.875468416529937787e-01 -6.217436766183142005e-01
-1.719142390790613373e-01 6.706824781492903842e-01 -1.167165118607402796e-01 -3.302340857446766087e-01 -8.975868938664430807e-01 4.268841000050793699e-01 4.530162665744872363e-01 -6.795254808532473767e-01
8.918071157327620568e-01 -7.846760251188589219e-01 -3.024827322109944205e-01 1.039945444834000643e-01 -5.168771446311553053e-01 4.971214786851223533e-01 6.050156995229274415e-01 -3.317869677803713113e-01
8.815123536795568260e-01 8.438869759817257954e-01 -1.367899127850069618e-02 3.831162172879021277e-02 -5.645602130450144696e-01 -3.698625298027176100e-01 3.886539695674946504e-01 4.729821400682920896e-02
-3.025497776211802936e-01 -7.996195897398894470e-01 6.469828094651870476e-01 -8.899384104513652360e-01 7.383089782180438654e-01 9.506449422679041916e-02 7.390118882899747721e-01 -7.067933346567767394e-01
9.249718422309511912e-01 6.182333068819418909e-01 -1.619856141917803694e-01 1.382093971145446076e-01 1.513538785954833266e-01 -2.676286915501036034e-02 -5.464233607381352442e-02 6.366521390110484457e-01
