-4.648735662080751840e-01 1.346202926148842849e-02 6.770346023349604891e-02 6.349775397185462023e-01 9.295994362935591226e-01 4.830697182464607220e-01 -6.858030210594099341e-01 -2.239913473846697478e-01
2.561129850387637852e-01 -2.978848853841187250e-01 5.239943629048220419e-01 8.230485421910760380e-01 3.082851519234690585e-01 6.425015637576689809e-01 -7.440792309105319635e-01 1.829893723814370876e-01
-8.475132704873316047e-01 2.142165111935148136e-01 -7.997366055391632589e-01 -7.001619626277679753e-01 6.328891983129072418e-01 -7.227855029657299646e-01 5.548821629895197560e-01 -8.177905140580825627e-01
-1.989486119509848994e-01 -2.202434107081077119e-01 8.682086088060430029e-01 3.519617643864791923e-02 3.950287706614497019e-02 -8.039108443976912266e-01 -8.819191750598303070e-01 -4.778081361935482274e-01
1.897477423281639375e-01 2.227782760451624267e-01 -3.448342633694023718e-02 4.664638140275345624e-01 -6.622286136274830870e-01 5.110158668012649841e-01 -2.255154985977729787e-01 -4.581736032669148084e-01
6.592958239629900241e-01 8.413033928657340788e-01 -4.450137791891051187e-02 -5.375057371244644777e-01 4.384635250370094717e-01 -6.785712571289526096e-01 9.841457231198336153e-01 9.644133707225852614e-01
5.262782998797810308e-01 -6.522074202925474129e-01 -1.412530928582136358e-01 2.728949653115513296e-01 5.174175450727180881e-01 -2.513654234171633917e-01 8.221854778533330688e-01 -6.376879141866553802e-02
-1.280582329293833421e-01 -2.619326558253500803e-01 1.301036667599739793e-01 -3.309521698581356919e-01 3.200204407628632897e-01 -3.096185751082012327e-01 -8.554113136302998743e-01 6.221703022922298043e-01
9.507902969155914707e-01 -3.378396419949891705e-01 7.741291117838116076e-01 4.245822401806302882e-01 -9.204935457788545605e-01 7.772406361255104201e-01 7.612067992892723733e-01 8.154276457199778338e-01
-5.036215979855680480e-01 2.264891217429538806e-01 -1.383528323981049191e-01 -4.541802217833112998e-01 1.101787692599254243e-02 -7.723027752436524285e-01 3.070303807236427485e-01 6.727717544366074165e-03
