-9.490312594809477975e-01 -9.894812224154563296e-01 9.423838533798505335e-01 7.992574844514497290e-01 -6.750230298076775881e-01 9.419403639669112760e-01 -5.018111441104173842e-01 -9.255587636769444515e-01
5.702515266268113336e-01 -9.086467117220582423e-01 7.739600577099519096e-01 -3.372755456276306241e-01 -3.675181406747438650e-01 -5.781661433836904340e-01 4.058198960594054938e-01 4.455811652482306595e-01
5.985856936750180157e-01 -2.079690768165687320e-01 3.425112734779360846e-01 -4.669742998243098242e-01 6.786650920033747703e-01 9.803115923300875778e-01 3.688110708671887839e-01 -5.655676549117987228e-01
-2.092414325511080531e-01 -9.542557819583823431e-01 9.652897701498304173e-01 1.571180618232026482e-02 -4.512952700599146549e-01 6.901857952869216994e-02 -4.387592235770392257e-01 -5.755878712409590037e-01
9.321769706335409911e-01 -9.413529144453314235e-01 -1.706829690428561808e-01 -3.526080092693464341e-01 5.486273834991113318e-01 -6.707050342466061021e-01 6.720556364527172644e-01 3.344214194650518834e-01
1.571257531432792565e-01 -1.199777012818947775e-01 -8.602371184882415811e-01 -4.989341859762543852e-01 -6.763218976456966125e-01 -8.589731048226822985e-01 4.305344421501984264e-01 3.953075062632598335e-01
-4.179110831299217566e-01 3.805260226132065604e-01 -5.997601186903465109e-01 2.971652901652337420e-01 -6.974755988250374017e-01 -1.371477333721773384e-01 7.971795282534885896e-01 3.737652314286528110e-01
-4.067312096731710014e-01 5.388307347322989216e-01 1.944877320345521632e-01 7.966805970885808552e-01 -5.176903771556482514e-01 -3.597130871946307984e-01 -1.915180918289769441e-01 7.783304627588685243e-01
7.275954804112796381e-01 5.881193329565914674e-01 4.211165704394892462e-01 -3.012342158904142142e-01 -8.097388468804105344e-01 -2.381661543716269147e-01 -4.246680422045723269e-02 -4.075586801154773564e-01
4.536103664077812958e-01 -9.597362856521565178e-01 2.451434210900986788e-01 4.242607988164461830e-01 4.382185861089042955e-01 1.226546184659538241e-01 2.060557467164179091e-01 -3.425121824576584650e-01
