8.235572228375489523e-01 4.303854967176776736e-01 -8.285639358572265412e-01 -4.506433405218810417e-01 -2.737582594662102409e-01 -7.567022108634726685e-01 4.852538088141566952e-02 8.897072865894140037e-03
2.221627028966879358e-01 -4.368213160975868981e-01 -4.066133460554295365e-01 -9.906186518155806198e-01 -9.188895318327174877e-01 -8.436955968891004520e-01 8.252409535398403939e-01 4.467106840917480781e-01
-2.082020614226360866e-01 -6.837829829935666570e-01 3.892529396311910084e-01 7.055318134617527548e-01 -1.323977326379983666e-01 -4.424099237040270971e-01 -8.169481671280043322e-01 -4.883507632982508895e-02
-5.598962488782253111e-01 6.856765376433493486e-02 7.973080739450915111e-01 -6.971516984511743065e-01 -1.752163771928458846e-01 -7.890830748110968518e-01 -9.917928475642729946e-01 3.163666370115674198e-01
5.885602313846596267e-01 -9.669790952878041246e-01 -1.294477074235349523e-01 8.478758047460916991e-01 -4.729448001212626096e-01 4.169647253448911517e-01 9.487296595207981298e-01 -3.678873611365398588e-01
-4.128692533749496185e-01 -9.846988924579092028e-02 -2.209181292965418653e-01 -6.056945860495230871e-01 -2.049841879847518200e-01 3.610545316305604491e-01 4.566032008905605011e-01 -6.446147802049673192e-01
-3.781649833225135815e-01 5.023408645117055649e-01 -5.906209256021324183e-01 -5.896394921719081417e-01 5.420149573961969836e-01 -9.840901193880926545e-01 -4.187926160537287501e-01 9.317289648507116606e-01
-6.427208366099337322e-01 -9.702145317337393937e-01 -2.089742152496429917e-01 8.101725706218481093e-01 1.182511858953172457e-01 1.216672542067926965e-01 -3.044765257116281987e-01 -4.104638918734211384e-01
2.353305892040808978e-01 -7.357819616287677444e-01 1.469406851890913135e-01 -2.944221960794262127e-01 6.172491357342186902e-01 4.632268625824169650e-01 -2.547171490770046010e-01 7.087793914659656913e-02
7.422243407710991114e-01 1.438583598490689619e+00 1.486185663595750661e+00 1.276806830977655238e+00 6.614536545422106117e-01 5.968154974056008033e-01 1.322069326569188741e+00 6.189957064014204313e-01
