-9.910191860015915566e-01 -5.547905128353110005e-01 -1.301640404400545847e-01 -3.699874442637955951e-01 4.429488438283826213e-01 -4.279628463514835168e-01 3.475997027291983787e-01 -7.851784963124155414e-01
9.559918926305537301e-01 -2.430121787115295806e-01 -8.089573554441662484e-01 7.533563095443096547e-01 5.825534896086981274e-01 -3.091921598112874481e-01 7.736964491873399297e-02 4.747306493326615140e-01
6.736951781974627185e-01 -6.638485287867856854e-01 -7.527524070694346925e-01 1.354034953672145214e-02 -9.255697379943954584e-01 8.098541627601749671e-01 -8.020474859913750976e-01 -5.328340519294898492e-01
5.067476918809044051e-03 8.684183840175168090e-01 -5.227512285424948946e-01 7.342964330125758554e-01 -5.174331209732450088e-01 -6.016429492583463823e-01 -9.356033101212701819e-01 -5.363571701608136344e-01
-3.173517442001618782e-01 9.160653119998161120e-01 -9.774587713374833786e-01 -7.203148452482230901e-01 -4.605750414120615144e-01 5.483735228635506775e-01 7.870734571312987260e-01 -2.298559603081835601e-01
6.122256804139816211e-01 -2.144174159693079673e-01 2.684763406050039158e-01 -5.768017784271384230e-02 2.185509708052344457e-01 4.670677937714304839e-01 -1.033408296965188100e-03 -9.117998200014914012e-01
-9.106377913555361303e-01 -6.100594066524323011e-02 -1.652844322748578954e-01 8.551872782824820884e-01 8.695829829308314718e-01 2.211406552282282334e-01 -3.044308456713751276e-02 4.873704924098249958e-01
3.848387743078374168e-01 7.200586240721569276e-01 1.641956260714296789e-01 7.113643412044174941e-01 -6.519209509303887096e-01 4.505377274781392494e-01 6.169342454897266403e-01 9.417879984143873173e-01
4.871491740718010277e-01 -3.631111844153345203e-01 1.684913348748751094e-01 -7.863852787251719434e-01 -3.337612719629390323e-01 -8.012619619229850443e-01 -5.015767180780184020e-02 -6.255546709343711154e-01
-5.197567627908286081e-01 5.809129689472301017e-01 6.882964584470954161e-01 3.812915945746182533e-01 -1.702492020500787628e-01 4.289290524283577710e-01 -8.065713557651250643e-01 -9.415600459746360507e-01
