-7.386983969239886427e-01 -9.635092454065969925e-01 -8.070083111832109246e-01 -2.371701330979791855e-01 1.640335937429517887e-01 2.783594981451360528e-01 -1.750500826536480758e-01 -9.336823738575001919e-01
-2.040994467692391900e-02 -5.495515849436083400e-03 -6.579091409798212275e-01 9.470578831603744252e-01 1.257664602940300469e-03 4.007847505146304723e-01 6.555378943646410494e-01 -3.958047314585650955e-01
6.952498684098353809e-01 -4.219338608718778971e-01 9.419272943034464607e-01 5.499349449152868274e-03 5.569330313713518610e-01 -8.197397656539879840e-01 -2.808180359708249973e-01 -3.199971199890776496e-01
-3.669223098305762765e-01 9.851965195978678036e-01 3.445618241137931026e-01 -9.417698749153236015e-01 -4.673840512608187225e-01 2.530313951595086763e-03 -7.042541637969934598e-01 -7.253595908503367440e-01
8.922553971557032337e-01 -7.748582843940774456e-01 -5.776553192465649911e-01 2.992977119525830343e-01 6.878082370528830758e-01 -5.677610620197131031e-01 5.992241484347573532e-01 -8.373572452400803723e-01
-6.439266027483581123e-01 -7.675848371391009728e-01 -1.558167352415074092e-02 7.931114445909119848e-01 -2.112058692876548349e-01 -5.983495742873741197e-01 4.935587802928957935e-01 9.180408979100553868e-01
-5.674258357540673536e-01 -1.421353184555160798e-01 -8.928758451586735756e-01 3.974357158812633628e-01 2.265168648960040887e-01 4.169025648147406393e-01 7.690637553012400485e-01 4.944575354428486502e-01
-5.096819504698784087e-01 3.515398697176697063e-02 -8.075182704910441878e-01 -7.242094809071679684e-01 6.752848966473072867e-01 8.350977496917548759e-01 9.524134104210841834e-01 -8.247493535605090464e-01
3.932045144226212763e-01 1.051090802771237342e-02 3.774997413577620975e-01 -3.446697286507116598e-01 -1.801989547266500402e-01 9.832329171002862633e-01 1.496566547843922734e-01 1.880139083914460496e-01
-7.167405057208491304e-01 -2.863488750627549706e-01 -8.146774582546045806e-02 5.795368664107436452e-01 3.065578417215306661e-01 -7.576785335075053585e-01 1.331089047088811483e-01 1.563143879592110430e-02
