-3.189668940811789533e-01 2.183438036003482186e-01 -7.158879159841300410e-01 -8.833868687574568668e-01 4.373323735912655330e-01 -6.817579356127170254e-01 9.678256135744958133e-01 -3.540691925016079544e-01
-4.189961197135874116e-01 -1.632116745752960618e-01 -2.535174992869784205e-01 -8.013429147858825985e-01 4.210344648995034689e-01 3.480727118059141478e-01 3.601534462762903122e-01 -4.915693484724650286e-01
4.726496370688568760e-01 2.431884744809416077e-01 -6.482995839603078458e-02 -8.166849723382980653e-01 -9.172241791521822396e-01 -3.729652930874700623e-01 5.025308374115906584e-01 6.937712946854217577e-01
8.171300997451649284e-01 5.271151814341812347e-01 -2.583240152832644299e-02 6.918697477443158661e-01 -1.139270032570172120e-02 -5.048355597366085412e-01 -5.872374053413516037e-01 3.042067817107676486e-01
-4.785030826088185751e-01 2.866977042311988910e-01 -7.443278372046422398e-01 4.451488329476753769e-01 4.338645947688088977e-01 4.118879647076851835e-01 -5.313422070177424850e-01 -3.653463574640802847e-02
-9.188184096468769990e-01 6.789144757826075516e-01 8.218935640021309830e-01 6.231537586083144564e-01 7.759170755076434389e-01 8.778828308318933349e-01 8.821604540626932778e-01 -5.295177514531497209e-01
6.282612853084525995e-01 8.568531748447363317e-01 -2.789097296718112684e-01 1.914583507501335102e-01 -5.820439090282438777e-01 -5.826994741004842826e-01 8.449253632165121264e-01 -7.598082810315485158e-01
-9.465004543795434433e-01 -1.365494388232093570e-01 -5.935744011466077552e-01 2.793835351374303055e-01 1.128343319678055678e-01 2.334759394684731149e-01 9.494478883844528205e-01 6.821130336768153057e-01
-6.110012995101736788e-01 -5.662154629283995266e-01 3.935213481243995393e-01 7.296407315728308252e-01 -2.654368534416504666e-01 -7.562434408286049514e-01 2.730404480817396617e-01 4.988022168874002293e-01
6.522180119241685059e-01 1.024799475070497401e+00 1.236517278189124047e+00 7.424112033397975985e-01 6.297408442022990327e-01 1.133101560142832698e+00 7.678497629621346965e-01 1.498640539784638515e+00
