-6.860342899346254519e-01 -8.066831442704300859e-01 6.533319617274413460e-02 -9.756269008676419219e-01 7.218981662340882011e-01 -9.826216157810447882e-01 -3.854605609439663017e-01 -8.953196507518137448e-01
-8.706232863994984861e-01 7.706234687695934227e-03 -7.454341533722130819e-01 -6.070944367610866532e-01 2.605865350325609064e-01 4.884439013261545615e-01 9.052276872308850919e-02 -9.427007440926469251e-01
-3.168204102663254584e-01 4.836763877165040082e-01 -5.162186224337199647e-01 -8.861916848187056939e-01 9.852493894590781398e-01 3.144606015849238378e-01 -7.869549235166723999e-01 9.986911308767087991e-01
-1.237665203200422059e-01 -7.492390739145078360e-01 9.821053576369269678e-01 9.212319549169414312e-01 3.839237805197721620e-01 -7.584078435236649707e-01 9.650832495338961259e-01 5.516412824567227258e-01
-3.783667515534050452e-02 1.275643232562218010e-02 5.466269436125072989e-01 7.381494714267362589e-01 -8.894870778368297870e-01 1.050591300940513229e-01 7.268802058304779656e-01 -3.936259237169827951e-01
-9.603255645275594610e-01 -6.401085459378390574e-01 -8.298894913144465590e-01 8.809911362789835110e-01 -7.889609494800462475e-01 -6.159212734662640187e-01 1.424026290797377747e-01 -1.140422059371499763e-01
-4.945349556223870291e-01 -9.358888123915807267e-01 6.344745979328372254e-01 1.676676410586197541e-02 -4.170035383965993159e-01 3.592178401716108471e-01 -5.416466923434575254e-01 -2.650481114976706021e-01
3.365392982316330883e-01 9.103982888637702775e-01 2.758718820940486705e-01 -2.057467226427485141e-01 4.702808086654091113e-01 -7.948435599676069163e-01 7.406253307877534997e-01 -7.565007585688792169e-01
6.178336032690123769e-01 7.458193066381184622e-01 -9.835965459970394953e-01 -9.876003551628658172e-01 -8.013720706363676172e-01 1.340987030118143686e-01 -1.843424041801717816e-01 6.471444205951131234e-01
-1.801763284699091638e-01 6.715497342533516267e-02 1.546111838150583395e-01 -2.237163271639495132e-01 -1.070298414895705097e-01 -3.807376167533746969e-01 -8.452956494322494407e-02 -9.794255308400872106e-01
