-6.855332285108692858e-01 2.750224602142561370e-01 -3.553598190564126735e-01 -4.416012401741802318e-01 1.551406666149186542e-01 3.497594150106866362e-01 -3.949346345029292049e-01 -9.488174455397972995e-01
3.287386873824531541e-01 7.875658065755497539e-02 -6.868596223544538582e-01 3.209471238573065044e-01 5.656290899202511824e-01 -9.558533574060179561e-01 1.148982315448503488e-01 7.559481259307823109e-01
-2.568316291489425307e-01 7.288170542850405109e-01 7.207930558744974903e-01 9.190560475970961374e-01 8.832061962295800761e-02 3.746168702400423101e-01 -5.685582117102829791e-01 -5.127672492548296379e-01
-5.180329697079839590e-01 -1.651452527249888114e-01 6.508032733357003163e-01 1.675561273675756357e-01 7.033247725433395825e-01 -1.463606021763679266e-01 4.286670340601239637e-02 9.724621477229635769e-01
4.874339929035411689e-01 3.168992452611507638e-01 -5.327313391062182824e-02 9.562167100895662131e-01 -4.322823888484248478e-01 4.138307592625878328e-02 -5.012332380858823822e-01 -5.402882687097709802e-01
-4.430555359680601324e-01 3.620830782305872741e-01 -1.708756346277298110e-01 -5.129111891541002777e-01 2.720454724677063840e-01 5.046910043483521235e-01 -2.213776086835534951e-01 -7.038866969144685903e-01
8.776713935569435687e-01 1.864383286125772532e-01 -2.412280994905284803e-01 2.370697647663126961e-01 -8.302738593593479433e-01 9.997901074815316314e-01 5.942306820574838611e-03 5.081532978087315300e-01
4.003193368595132640e-01 -4.924949554403776908e-01 1.760818347801935690e-01 -2.518881485380750629e-01 -2.371374385001259188e-01 1.114952862085634155e-01 6.208582805819162775e-01 2.843932991301401092e-01
7.089644423263976591e-01 5.972911933092481807e-01 -5.447361054582209317e-01 -4.207796577830620333e-01 -1.156135618896894091e-01 -3.848964980063158681e-01 -7.522496303997645573e-01 4.134252073698458929e-01
6.267208859451046665e-01 1.042734321937771380e+00 8.427483244196020129e-01 9.834984705077032263e-01 7.213816152112980662e-01 1.326557360835962207e+00 7.248792553424856511e-01 1.081726455974333145e+00
