6.119587262965051622e-01 3.752428947560280115e-01 -7.583200066357109748e-02 5.441428984900740229e-01 7.573045700027800642e-01 -9.190866876535119800e-02 9.021087343778841916e-01 -4.428370886527293049e-01
-2.219189762907460839e-01 9.922525052827213532e-01 7.112400782064582927e-01 1.984493392858432959e-01 1.525237381660717872e-01 6.031960023801623549e-01 -1.757304575841223127e-03 -4.066089178247760394e-01
-1.537132252102475505e-01 5.020103397045896365e-01 -8.832001756006839788e-01 8.061769406224204015e-01 -4.505721992115918617e-02 3.123297328814835794e-01 -6.470240095234225386e-02 7.312223629185261586e-01
3.843527862345208490e-01 -3.227397148938224714e-01 -2.145079263091855815e-01 4.552103993645184588e-02 7.513859539428313639e-01 3.288858958706069036e-01 8.142807577124711038e-02 -3.266279528944460164e-01
3.006690500332152016e-01 -9.513407031172258499e-01 -7.481035201816590430e-01 6.236589002489003608e-01 -5.562587057081949116e-01 -2.550541547678271126e-01 7.474240607181084073e-01 8.069089113244192202e-01
1.504953278570000386e-01 -2.009328825069340851e-01 -3.240213754140370828e-01 6.081366872523565892e-01 5.688732596321144364e-01 -4.290211698475170365e-01 -8.232070936912736503e-01 3.275528096466029382e-03
1.189134462021816940e-01 6.146023908956161907e-01 -5.510272903592856597e-01 2.104613148713032622e-01 1.662326401547531418e-01 -3.324741476037089694e-01 9.009497962062573695e-01 4.478239792777325423e-01
9.849358541941417577e-01 -3.671195202883628106e-01 4.521066344436173168e-01 5.891059458410419225e-01 2.779514527095705567e-01 1.471715400386457429e-01 -5.802264239459953288e-01 8.682678803876915374e-01
-3.383699210389337075e-01 -1.179255420179547986e-01 2.769388633362153129e-01 1.585881090094223289e-01 9.746491190540595984e-01 -2.462830125961530392e-01 9.856307009969142996e-01 7.921146418776319198e-01
-5.162435863619418974e-02 -4.282957697929421492e-01 2.717451326552744462e-01 4.552794279152678758e-01 9.740580612615075129e-01 -3.502963327699422091e-01 8.450579081022067118e-01 -1.494137305920919534e-01
