-3.285812634282636591e-01 1.622020782538782235e-01 -8.186672052781169828e-01 3.679924337740105855e-01 -2.376741139872569075e-01 -8.788729171662046369e-02 -9.290661054715827483e-01 -9.103376665742977103e-01
-2.267193979627057931e-01 -8.872231857635670682e-01 8.924491580198585794e-01 8.451060294451915311e-01 -4.037756471508202605e-01 -9.930549184454942058e-01 9.301455648701801859e-01 -9.471096426710896576e-01
5.509293309730776134e-01 -3.400840560206437324e-01 4.280428060357572839e-01 -7.235057895863987731e-01 7.456500280772726530e-01 9.684577274114172241e-01 6.224440918255289557e-01 6.486038049338993527e-01
-1.144440855297752524e-01 1.493300358924767313e-01 7.751509318846132590e-01 -4.939188608495614918e-01 -8.636317918873228638e-01 -8.531538887566640916e-01 -4.880611225079123372e-02 7.664813390815969907e-01
9.608640760023099414e-01 7.185035634229914869e-01 -1.581188074551289624e-01 -4.247691267826581019e-01 3.148028358107564095e-01 -9.031951543488259126e-02 7.607351106475392921e-01 -3.265311050591419573e-01
-5.065855470827307361e-01 1.741390708933745479e-01 2.061382194650482891e-01 -3.823568975730642361e-01 -2.916855344718400911e-01 6.902756666192755297e-02 -9.516203790483586111e-01 7.695486872603780615e-01
-6.917496221729633188e-01 -7.330159613211177927e-01 6.881637525427737323e-01 -9.224043936541097555e-01 -1.393790449605192272e-01 -1.626393251594429046e-01 -7.542107441594354533e-01 1.532011317861072808e-01
9.573408181928007021e-01 7.830260207981771803e-01 7.859587330095649804e-01 -8.862114083058536540e-01 -9.429421728895428512e-01 -1.600780005267927741e-01 3.318463625933412153e-01 -7.254486406205669091e-01
-5.606476884771469660e-01 4.566840324909726689e-02 -2.893104931503538424e-01 8.387834083878888958e-01 -9.870037723205924429e-01 -7.441532369479737508e-01 -8.660797576912366846e-01 1.707603222567142254e-01
-7.625505797979572620e-01 -3.233661897170005961e-01 -4.561668019593789758e-01 1.551207166244417124e-02 -5.393762154279304610e-01 -7.838840288318491556e-01 -1.555191867279215323e-02 -5.109624126359884055e-01
