8.167242051663170521e-02 -2.086665317103937323e-01 6.082326474480781453e-01 9.781802655110689582e-01 -3.886056097643937335e-01 2.578260758216521786e-02 6.304382165129247539e-01 6.751639038454615438e-02
9.781410394636862460e-01 -6.916770661150613009e-01 8.239969130476043624e-02 5.018096392477908729e-01 -8.999254791247048857e-01 6.111769449851915947e-01 -5.342787668590442962e-01 5.887450132233862377e-01
6.924590064848090698e-02 -8.503953065362768182e-01 5.166215168578975891e-01 -8.025873308958995089e-01 -3.818219343514699382e-01 -4.489568825209639957e-01 7.549692987366380947e-01 -2.221544357811666703e-01
3.678406937690243961e-01 3.763376212972584511e-01 8.826542990922383591e-01 -5.448311256600864017e-01 -2.304542643299338778e-01 3.613638992615486600e-02 -3.136832279283605640e-01 7.079391609564398280e-01
-9.758754168516925454e-02 -4.581582826916443807e-01 6.625071750223838762e-01 2.042409043545319047e-01 -7.848888501579402988e-01 -1.239826258283522886e-01 -8.572193762191415711e-01 -6.244533424716747216e-01
-9.347220151433193180e-01 -9.183783299560013269e-01 6.954698127249272499e-01 -2.541387127510275068e-01 5.083128820913063173e-02 -8.945409929869589938e-01 4.566982499924658878e-01 7.864353322650119438e-01
-2.023659574654206317e-01 -3.497261511241858134e-01 -9.444616864424970615e-02 7.182950516760628901e-01 8.501060336170909171e-01 6.497190098685123871e-02 5.941759496056109313e-02 -1.280266075043376972e-01
-5.906709614642400297e-01 -2.394158895815055033e-01 3.999015543706181397e-01 6.069403744697381420e-01 3.579290697762778084e-01 8.789586742285318000e-01 2.244909987852834465e-01 -2.933082179578854198e-01
-2.070545553243263726e-02 5.924172778404905859e-01 1.582155523205115433e-01 9.530221393060875901e-01 -4.228647951212587408e-01 1.249984564932631326e-01 9.167299156170494179e-02 -6.909337791820846508e-01
-3.300637596433719789e-01 3.111796236693296080e-01 4.956960195811199732e-02 -1.255212666003402422e-01 -9.263317141974580782e-01 7.423114201507547971e-01 1.064859281945904623e-01 5.120183068170633955e-01
