-9.544726638176992406e-01 5.530893169604755855e-01 9.609804360793001710e-01 -9.596675657594857523e-01 -3.678595063116374408e-01 8.783999907967241505e-01 -6.112804361623243032e-01 2.668792736100655816e-01
8.444967413301975867e-01 -2.284910449314714320e-02 2.640815297431009512e-02 4.746112009867460291e-01 2.112926455663064473e-01 -6.198896082529903317e-01 -6.968031961917118267e-01 2.443471971778294893e-01
2.193063147443961025e-01 -2.869211188641527244e-01 -2.927006565114604886e-01 -8.187694524728761358e-01 -8.320568121165419218e-01 -9.210979861722885520e-01 -3.615563032295312507e-01 3.654314051472207225e-02
8.521177322011310729e-01 -1.657731780965177038e-02 -3.452583022845214789e-01 1.692550706505966396e-01 2.581074057528469634e-01 6.066476266938882755e-01 1.413168537723688001e-01 -5.052631873030377641e-01
-3.795558721307557004e-01 6.516608127223302294e-01 -4.266730145471391289e-01 -7.234550249209308337e-01 -1.803537307644176302e-01 9.260613742778132096e-01 -3.344102067624943331e-01 8.862213331623671753e-01
-4.031065280870429479e-01 2.078658104225226122e-01 -9.875085063938870977e-01 5.234678047896135222e-01 -7.234995782797852826e-01 -6.252125317004872951e-01 -3.690922084114054424e-01 6.816189335312801134e-01
9.404132771387103684e-01 -3.360613089543289522e-01 -2.765885208705056719e-01 -5.289200012517440985e-01 6.962402140677628193e-01 -4.672442626357338202e-01 6.016079341267843716e-02 -4.575884479824308126e-01
9.537547078717536486e-01 -7.339246897839879491e-01 6.794494336833549752e-01 9.341050052165804640e-01 1.319845011576843419e-01 -9.022186677778996078e-01 4.302471002300369829e-01 -7.518677190328335591e-01
4.863155313292495396e-01 5.438886294713378700e-01 8.290707137071360311e-01 1.470867735020309208e-01 9.441177765185591042e-01 -8.684606682506963438e-01 -2.968583913936837515e-01 -1.257431705124856247e-01
7.821286927919457455e-01 1.481304727203213822e+00 9.696526330890310463e-01 1.199387222952003507e+00 9.490511307018364429e-01 1.010020696632074610e+00 1.352018295625120770e+00 1.247295532254778072e+00
