-6.026172300926477821e-01 -1.545784044967040138e-01 -1.289410208681451842e-02 -9.264362797671048533e-01 6.276048799209990037e-01 7.996529275126400549e-01 8.965793546217197818e-01 3.832513459242503640e-01
-5.714043705677411822e-01 -3.993448057892345915e-02 3.857387704663979289e-01 -2.415832480722956976e-01 -5.080162308347808686e-01 9.885246340834348278e-01 -8.977306521286299024e-01 -1.274957171700357161e-01
4.195092817714898281e-01 -1.907913929342530679e-03 -7.341173317131679532e-01 8.036492865975073396e-01 8.926238491912217299e-01 -4.494645639085215194e-01 2.012673256055579341e-01 -3.912131223659069956e-01
-6.769953071548384660e-01 8.590521685001386576e-01 8.658511620453448465e-01 6.634491797632962040e-01 4.651776090001504826e-01 6.829038604417594360e-01 9.975549027113084222e-01 -6.181977295038842968e-02
1.198324901534664200e-01 -5.515682925420639648e-02 7.000245660642392398e-01 3.158154585513737178e-01 -6.149823126070674828e-01 6.687617167107484661e-02 -9.161148451448508645e-02 -5.465577055922805627e-01
4.846814340014249378e-01 6.712548865865308745e-01 2.155106240433970477e-01 -1.855020867768146786e-01 -3.402879639669453837e-03 -5.257330304637646279e-01 -7.755473432072574891e-01 -7.424622339769535451e-01
8.332956690924555598e-01 -6.930777532149818843e-01 -9.351790456804176532e-01 5.031938063363987634e-01 -3.488272765941313747e-01 -5.373396317675265266e-01 8.821600273624650157e-01 1.353808584343700883e-01
7.879246399909163312e-01 6.634142931678677080e-02 -8.941516376263256571e-01 9.346153807430155336e-01 -3.771275921456562763e-01 4.689476821844940080e-01 4.391123273115304926e-04 -9.711564995637198550e-01
-6.177322658003170375e-01 -7.460056034024153959e-02 -9.972570187631757399e-02 -7.979170607108561075e-01 -7.824637734181072446e-01 6.607064690721164979e-02 -6.462727275042163821e-01 -2.101013696389504304e-01
1.259111802420637805e+00 6.791179381929239867e-01 9.452781951340740729e-01 1.069186906609237431e+00 5.573371621606524329e-01 6.291662165575222510e-01 6.125924021633671890e-01 1.027326178428555004e+00
