9.129921105477214471e-01 2.750826712318177325e-01 1.241496128855104075e-01 6.190706892762194435e-01 2.350484779669830271e-01 5.524013819479194343e-01 7.807443338873554239e-01 -2.426872745653343433e-01
6.859156078680592739e-01 -2.672031841448259115e-01 -3.430626663282521083e-01 -8.834928049036352427e-01 6.292973676533453187e-02 -6.863481145956704665e-01 3.174423094538942891e-01 3.041174423614725342e-01
9.844637909921960528e-01 -7.577067464615161452e-01 -9.496987490193247172e-01 -2.504459595809360728e-02 6.579415909217887215e-01 4.210775379520113049e-01 2.513542500971017724e-01 -9.713161611715737109e-01
9.389400958711231482e-01 9.529753595736885075e-01 -9.586353267154512636e-03 6.574314899887958585e-01 -2.499223453583208077e-01 -9.982453155819861479e-01 -5.907800281316681890e-01 3.818296658882820438e-01
1.274016592880844456e-03 -4.146159121247845469e-01 1.581698990935831439e-02 -3.538838245582007769e-01 1.252564530141930810e-01 7.261998877710451605e-01 -4.254570308889735752e-01 -1.368414913484490292e-01
2.202647799227122061e-01 -4.017069090302534118e-01 2.284467605377222821e-01 -5.164976880761082967e-01 1.156756554647420110e-02 4.376306202910986709e-01 -5.047291434290903656e-01 7.919700814956653900e-01
-5.448764412024944548e-01 5.454028259284959823e-01 -3.125962995088356067e-01 1.582550558416140341e-02 8.328678028442546566e-01 -9.444821487616041900e-01 -8.081000923312697815e-01 4.522331402051493754e-01
5.834932038135611787e-01 6.360516938873210790e-01 5.706783272320889999e-01 6.618807992944213403e-01 6.203138667618923741e-02 3.529376084576172357e-01 -1.954944045299169542e-01 -7.507884308856951350e-01
-4.236223341474092408e-01 3.296629075956536425e-02 9.027166333821385891e-01 2.189538511887811900e-02 -5.493023688650877645e-02 1.885225408292841021e-01 -5.382210143043077988e-01 9.178657705673447520e-01
8.020465986741343034e-01 6.956150607226929683e-01 6.019681141103903066e-01 -4.109898845074020368e-01 -5.848703642689945248e-02 5.211781383248885735e-01 -9.205448929347643805e-01 -3.277609655503106456e-01
