3.305006380760033835e-03 5.930543987543537288e-01 9.736537668649898336e-01 5.001621131243914053e-01 -9.550021664682144529e-01 1.453321166728978042e-01 7.050216860169606914e-01 -2.217227163778558996e-01
3.414630649931615913e-02 -2.682084982005514817e-01 6.725294190220947321e-01 -8.741495636726599461e-01 -1.573013428703111671e-01 5.611433752725996094e-01 5.878867940821819182e-02 1.573766004614933767e-01
-8.483629941604460267e-01 -7.387048592433853589e-01 1.428905011845287287e-01 5.368231746778580060e-01 4.007830437838526549e-01 -9.052428269447350129e-01 -2.533992263801068123e-01 -5.140281780645834520e-01
-6.757080597889153495e-02 -4.890323947558128381e-01 4.295209411339691030e-01 6.981048705090695528e-01 -9.448632825965588289e-01 3.283956449749390050e-01 -9.770211702524065345e-01 4.900632324080000934e-02
-4.477670119845333918e-01 -2.720878199708489653e-01 5.579382853053995728e-01 -3.704651840671742136e-01 -4.630383111546991781e-01 -1.093391132443879421e-01 -3.485717523012337171e-01 1.632154374980785416e-01
5.662073779602734280e-01 5.089439705615024234e-01 -7.378229326428356050e-01 7.958030985383657274e-02 5.104832273035075918e-01 -1.870566636136423710e-01 -8.993935227599632043e-01 3.920429789467854143e-01
8.013071561885163341e-01 -7.134265669899129136e-01 4.850797922690111008e-01 -5.580774856027208575e-01 5.178523029777122311e-01 9.063755648286697664e-02 -6.920475348361263546e-01 3.290296276285777921e-01
8.816803492336531267e-01 9.514261580120850770e-01 -5.761779079154261130e-01 -7.203414487013453105e-01 -9.112073303632719501e-01 7.128935718906423968e-01 -8.647158642488204094e-01 5.007132344460127893e-01
8.460301444159505913e-01 -9.618680112444406571e-01 4.575941594494135067e-01 8.528266886183606399e-01 9.087182305489593936e-02 5.927635630416845380e-01 -1.062959297541099524e-02 9.434660249833832779e-01
3.394892952952941467e-01 -8.859303886582603482e-01 -4.434431409269419255e-01 -4.463632196861277990e-01 5.739828741210641905e-01 -3.121123516030321898e-01 -6.877187116272795997e-01 9.222032492202001386e-01
