-1.439792691734393948e-01 8.282263728024903404e-01 2.418485531538545619e-01 -9.995549481475456410e-01 2.533078145213814025e-01 -9.016383469393798311e-01 8.047243366938205966e-02 1.685515970347630788e-01
9.753937414227551450e-01 8.393470830355285184e-01 -6.920083923537332371e-01 -6.876634626995361543e-01 -1.366568653493882568e-01 3.285448785318874076e-01 3.888113102318124792e-01 -2.412179723250897911e-01
-9.488723578157154392e-02 9.933634819052228337e-01 2.955181125489563243e-01 2.616028175182361082e-02 4.817887402460319102e-02 8.438236299682930763e-01 -8.876903002238665241e-01 4.759899889242626969e-01
-3.129615943770833741e-01 4.576065764238754774e-01 5.869421695355578894e-01 -6.392480750745979101e-01 -7.689269425755078657e-01 -6.357748524946840174e-01 3.279123126976211111e-01 -6.619970608137588641e-01
-8.135161810566906571e-01 5.078696434428631168e-01 6.852547472349801438e-01 -3.858074555258432792e-01 -6.541876679968237074e-01 7.394314191607427311e-01 -3.817387426292899733e-01 1.292382618088858681e-01
8.522122292918385966e-01 -5.717166352553206821e-01 -7.806739952347112599e-01 9.294721369647684917e-01 -3.225760817733209773e-01 -2.448588657882111441e-02 -1.210159877242360515e-01 -6.940400249515525921e-01
-9.174970882228670188e-01 3.583780150157596101e-01 -4.537274198852523366e-01 -2.016641691140887982e-01 3.815389556637744928e-01 1.018186525616693316e-01 -8.733361892152380346e-01 -8.047928918165740964e-01
6.777671806414597988e-02 -1.871054672126764018e-01 4.317023388350944568e-01 8.191439575832895059e-01 9.948693639231218633e-01 8.806293025512592632e-01 -8.997842192167460063e-01 -3.885637066553906394e-01
-4.745777400244570732e-01 6.654675407592536285e-01 9.783308186966974684e-01 9.179938600391213122e-01 -3.778523140195015895e-01 -1.941898182128942718e-01 -7.966976137859429485e-01 2.590520344014763943e-01
2.314626675764785979e-01 1.539121596921368962e-01 7.309278048734342281e-01 -2.005510249388755550e-01 -6.614587346839622128e-01 -4.730193144054952725e-01 -9.186643875063003062e-01 5.192365230573936508e-01
