-9.311815787371802156e-01 -1.330371784726072093e-01 -5.167369036126145954e-01 4.270191434522159213e-01 9.427627824600666173e-01 8.170068848526024219e-02 7.715699885773306121e-01 -1.176566431992358552e-01
-9.003753268236935892e-01 3.148296929054597015e-01 3.530959243516322843e-01 5.805441133568560730e-01 2.658448848667507303e-01 -6.985316229695388568e-01 -1.309906460021588170e-01 6.569630324753621409e-01
4.649728676346642775e-01 -2.295843811975355475e-01 -4.870959408172521599e-01 3.602093596089894767e-02 7.075815975490304943e-01 3.944540926070179143e-01 -8.990455804755317359e-01 -9.464902922843130284e-01
5.325585484948758275e-01 5.596408578521483435e-01 -9.224894284726332661e-01 -2.180653729390675810e-01 -6.412907293609104720e-02 9.465692066519899583e-01 6.780930713101069873e-01 1.929612231624777685e-02
5.791934608939530715e-01 5.361335780244660398e-01 1.356410924481954439e-01 -5.007875947532434147e-01 2.767707282712210670e-01 -9.902356377730736625e-01 -9.708572015776850694e-01 6.774474977591435909e-01
3.606811875369395626e-01 -5.990788276755201203e-01 -3.354691414018089457e-01 -1.665543084181091427e-01 3.353959979405687353e-01 -1.470188959570610798e-01 5.883399705819554182e-01 2.942670131208569018e-02
-9.015360027834933287e-01 -5.875337215352594011e-01 3.069690971793619383e-01 -4.447484305983562258e-02 8.381158192093094428e-01 3.724361288958855098e-01 7.852160510271228855e-01 -2.672235057493212995e-01
-7.628670906482537539e-02 -6.214783688925034077e-01 -8.157237242616683925e-01 -3.591372098987413164e-01 -4.497299094198237146e-01 -9.335607241801868739e-01 2.863933378082814674e-01 4.805227706108183838e-02
-8.279463594619063116e-01 -3.269538451848905680e-01 -7.047744606760497632e-01 -4.245016589950976194e-01 -4.909531669587865466e-01 -2.184133257689828689e-01 8.340087655325310045e-01 -8.239142059482638114e-01
6.424407546157013815e-01 7.144041363479523010e-01 6.204122703817167572e-01 1.203352468247791407e+00 1.188568000472569164e+00 5.269758968964805002e-01 1.423486822475903413e+00 1.310863493631286181e+00
