-5.621293639904867412e-01 6.764997647126953506e-01 2.702230776965770520e-01 -4.988249751944855426e-01 -4.101703449202942497e-01 -5.840837967044385515e-01 3.545379039958218570e-02 1.393225479937090228e-01
-1.751236111735485768e-01 7.812294133757866632e-01 4.239111204832757274e-01 5.772548797602639059e-01 6.515801759078172495e-01 -6.898192265947309387e-01 4.153733086862128054e-01 -8.562745242645912747e-01
6.335642145531878988e-01 2.959323296888309862e-01 4.452887578965025739e-01 3.708095295662596769e-01 -8.040350334834676094e-01 -3.607383433254189864e-01 -5.516686167901374560e-02 -1.913176786851480404e-01
-6.829516513343991679e-01 -1.516092913429267774e-01 -2.262130379242499600e-03 -7.823643414993410872e-01 8.382687384061449087e-01 4.204484854564651819e-01 -5.592300095428437423e-02 1.571441849779797728e-01
2.528623243060197368e-01 3.962514102221708079e-01 2.146596798722366639e-01 2.111776217495420216e-01 2.381378633705204528e-01 2.260600487677359993e-01 -9.330325636265330846e-01 -4.441426110499557822e-01
-8.959534323213804718e-01 -3.008238555807452030e-02 1.245566479006761096e-01 1.387930809219819484e-01 -6.369255843826504560e-02 -6.134627102654388597e-01 9.885070603602130745e-02 1.953961384653579714e-01
-5.240013492500628089e-01 -1.628360770333494578e-01 -3.093956911660347142e-01 -6.699041842227793087e-01 -1.977081128663076282e-01 -1.731187024871572167e-01 4.984177799847073764e-01 -3.679847261997231112e-01
-8.139213976828783004e-01 -8.956284271049830270e-01 1.169011376655004764e-01 9.603624329678570604e-01 1.919440507259144724e-01 -9.462795904504217592e-01 5.524621943781826694e-02 3.796935444654510050e-01
-2.585886961617762658e-01 -9.613683311507936757e-02 -8.866569668743760069e-01 -6.211795378923228306e-01 2.453820234792747357e-01 -3.049554609237765668e-01 -5.137852404770111292e-01 9.841398263223277709e-03
9.431163896525019963e-01 1.184573691436091814e+00 8.617378012351818439e-01 1.147817411654647124e+00 5.263329583414328994e-01 8.912589816443151625e-01 1.419825836035934596e+00 7.795202097920587159e-01
