1.755321337472324217e-01 -2.641509675922619760e-01 8.813656176015092214e-01 -5.373494931559228416e-01 9.680029507730421034e-01 6.640123067697458747e-01 -9.753219984223611139e-01 2.851756293227707406e-01
9.950475495419162097e-01 7.278996327105646813e-01 -4.697556948151542233e-01 -5.839141778235252822e-01 -3.066081891440213258e-01 -2.997255965208782680e-01 -1.843692975445752058e-01 2.065002750990156954e-01
-6.373721723057179656e-01 5.440937659153890493e-01 9.777820999363600052e-01 -4.301027656622460338e-01 6.755358237558364287e-01 -3.903336920162305823e-01 -7.580993147363463969e-01 -4.094210547962682245e-01
8.738833937155972009e-01 -6.074672619174648069e-01 -7.259681379776949939e-03 -9.031597374587287952e-01 -8.046238298294567937e-01 6.957476126357682311e-01 -3.389871538535524920e-01 1.670367762639046738e-01
9.897657601332117139e-01 8.812271702881595559e-01 -3.494755035916432551e-01 -3.125172780962151009e-01 2.489312148022111426e-01 -7.976019118292436705e-01 5.291961896861563375e-02 -9.892212455794178183e-01
-8.777636654790128556e-01 8.063063974892457075e-01 5.215233792194775564e-01 7.543550162559342631e-01 -9.123438005241941706e-01 4.870706994236055909e-01 -6.031987289951066256e-01 -7.811179242563466296e-01
-1.547769340651885539e-01 -9.361897131540763972e-01 5.475315698665068620e-01 5.258371382672835104e-01 7.541839668034302502e-01 9.957955723755205213e-01 -7.885297715352113102e-02 6.185106979714298792e-01
-1.371502795202617087e-02 -9.602074450163717856e-01 6.047244168865608671e-01 9.116961256333124819e-01 -9.257710845160567192e-01 9.040630507522240400e-02 -5.072884611522308074e-01 6.500769354003688161e-01
8.621563706300172658e-01 -3.006055155766591547e-01 -6.690485876120182418e-01 -2.844749714975423061e-01 6.381458242388504676e-01 -8.247444986415151114e-01 -2.270446733084492408e-01 -2.451741239668043804e-01
1.337155745570993925e+00 8.008383254269920704e-01 6.549408611416253079e-01 9.489634809549115646e-01 5.551627085715677978e-01 6.903209725718892908e-01 6.105083378705423724e-01 1.157941516819491090e+00
