-5.834755076380560013e-02 -4.112275161094041120e-01 -2.105928848266507281e-01 -5.770971416807464394e-01 -3.998118703581703404e-01 -9.224703991613005805e-01 -5.696504833746063312e-02 -2.940947880891275901e-02
-7.081318716082873888e-01 4.492717905430252401e-01 -4.139833325688686561e-01 2.717609029068124293e-02 3.702071764867391757e-01 6.630336371045599808e-01 6.904718631158390796e-01 -5.867546148845177445e-01
-5.414260096190881555e-02 -7.722585984798635561e-01 -1.903707570554122874e-01 -2.288470737979790837e-01 6.909943100332158750e-01 4.460874553689597732e-02 -4.736312998401699392e-01 1.205259038671888661e-01
4.057141026556880803e-01 -2.771209441100694892e-01 -6.256679398466158393e-01 -5.207282517017406409e-01 -3.593880196803223015e-01 3.313613649518041271e-01 5.599475571831034060e-01 -2.167481280303968916e-01
-9.588713171853022743e-01 4.707915125228019360e-01 -4.145358346574685715e-01 1.464131617886057501e-01 -3.387257120473550209e-01 -7.977246823652588414e-01 9.429402796035646350e-01 1.026697207882150131e-01
5.880375800588508728e-01 1.607230954380742816e-01 6.060833030865699911e-01 7.336594282643462694e-01 2.261092998509210972e-01 -6.010023308258807262e-01 3.403134153852835908e-01 -5.766861751708740602e-01
7.080817235413812138e-01 9.084252098699705513e-01 9.904508589240104133e-01 -9.603988487708590149e-01 -9.388495056753143331e-02 7.101438050847039829e-01 4.078804929723491846e-01 2.479877693414256346e-01
9.965252814374361279e-01 7.773054782389119399e-01 -6.218272071460468897e-01 9.247403597208201376e-01 -3.622327161942309193e-01 4.414381772272035764e-01 -7.457545964240124281e-01 2.923655269256735245e-01
8.392625717065149704e-01 -5.072031213241479097e-01 -7.157759723748087222e-01 3.682215644660964404e-01 6.489019138550542465e-01 -8.645906857907696974e-01 -3.183665284258974104e-01 -1.235065973932245598e-01
9.571449880769593577e-01 6.581574289747893491e-01 5.265015760413582768e-01 -1.665078804047848138e-02 -6.109123381500454197e-01 1.932981656150722927e-02 5.240331380485834245e-01 8.185458770788547334e-01
