-7.148920013701269838e-01 -2.371652744963264059e-01 -7.582873163890269108e-01 5.864807328556915778e-01 -1.927164281590334483e-01 7.456001380004495527e-01 7.508388558005489877e-01 -2.027330421335564736e-01
2.118036958902980160e-02 2.239820435781449959e-01 6.378560012018297254e-01 6.590172383113879206e-02 1.839518801747914711e-01 -4.377658669040542794e-01 -6.070088802553676999e-01 5.815515031852533934e-01
9.304013650155908977e-01 -6.353334537496817536e-01 9.174743707764174694e-01 -1.132807444274450681e-01 -9.745623904492959344e-01 -9.881534980995034800e-01 5.728701870622514569e-01 -7.681928280392436026e-01
-8.516774406323683877e-01 -6.937854077076066606e-01 3.724458008079079008e-02 -5.290954688048834509e-01 3.736037455026712806e-01 9.397773012318286767e-01 2.459149205311670361e-01 -4.416954250916038660e-03
-9.693181518826097243e-01 -2.680856654112382387e-01 7.793223243085194429e-01 -8.431887559290154321e-01 7.479009182021556512e-02 1.401625231175729347e-01 -1.530304963100799220e-01 1.437776583199652514e-01
-8.689971842247328215e-01 9.922867419487548801e-01 7.449700718611884653e-02 9.077620248204349984e-01 3.710176768907396117e-01 7.878462817114175731e-01 -3.537028641135075979e-01 1.166799775377822534e-01
-4.831693224277295862e-01 -8.431662823585932554e-01 -5.644493785498303495e-01 -4.851770759785019038e-01 -2.246928248460635658e-01 -9.850181451340467298e-01 -4.856040695003107643e-01 -8.997530200298580194e-01
-8.698151914596101708e-01 3.936530199223424731e-01 1.540698225545995559e-01 -3.670565176800739682e-01 -9.624175598476369942e-01 4.818512371863163946e-01 -2.589907923109506793e-01 -9.729204499998806988e-01
3.231238627309120925e-01 -1.697199450365027840e-01 4.776584323936376997e-01 -1.455389747865984962e-01 -4.984225236670107861e-01 -7.662544966751865250e-01 7.311894817086233012e-01 -4.413330911547799218e-01
1.451222681598581143e+00 1.339291826143373054e+00 9.408746545033754849e-01 7.160634364900012594e-01 8.517731513942563559e-01 9.449170421807688847e-01 7.884973763515309431e-01 1.245747453456099496e+00
