2.048363411383422594e-01 5.495323230599180597e-02 -5.942809329645299954e-01 -7.684129237861905271e-01 1.218735105343116132e-02 -6.495660760275523415e-01 -2.657435074116314411e-01 2.443798999933972649e-01
3.138408747397898324e-01 -9.533012509082612329e-01 -6.816692429092892080e-01 2.818374627745623417e-01 -7.363807751876227936e-01 7.204433633633320344e-01 -5.511696523110476420e-01 -5.987101468949937999e-01
4.328332749875345442e-01 8.720237320831083494e-01 5.385210082577123192e-01 -5.347667502612056811e-01 5.981092669403076378e-02 -6.078517841570090230e-01 -7.177506141225642455e-01 4.007100088779802505e-01
-4.420655650020217653e-01 -9.431223381615458923e-01 -9.266848021676421521e-01 -1.105635049684732252e-01 -4.272044774825103364e-01 1.779773293418851488e-01 -7.792288397722748616e-01 5.964784022297406896e-01
-1.075455584423787858e-01 3.781748221603375981e-03 7.299846854864395773e-01 -4.577844241533823855e-01 -8.553992986348164518e-01 -5.254725836025038177e-01 -8.101494790765646492e-01 3.486899370944867016e-01
-8.566780388638959298e-01 -8.899220988396661092e-01 -4.448490298261065234e-01 -1.432079216470085736e-01 4.444750217620538901e-01 -6.749717084520547861e-01 6.925765315293512803e-01 -4.531801739605962887e-01
-6.801178690809230876e-01 7.483982298415408074e-01 -6.114644804761848462e-01 -3.232013435213401120e-01 -8.085495648485312437e-01 -2.600708739602441977e-01 7.840406904465946347e-01 4.227381797127645058e-01
-6.793520572170106409e-01 3.721919835673765942e-01 9.439959333085941040e-01 -9.914653027103821348e-01 6.589480862455778798e-01 9.451020406353007886e-01 7.695729604229408771e-01 -9.428599138773767763e-01
8.363049024827573508e-01 1.397856843470437482e-01 7.877201494842984708e-01 -2.297427500959765556e-01 8.961626835542957359e-01 4.360752924206701131e-02 9.973591671927997115e-01 -5.532404525495870917e-01
1.141747819736951275e+00 1.241068177112113480e+00 1.042979081279989284e+00 8.529941368328930462e-01 6.795723615121692651e-01 6.759252497733091447e-01 7.281851182781061693e-01 7.003370301840994294e-01
