-4.382644928412480212e-01 1.690071672666393354e-01 6.431122744774522282e-01 4.404946094184241101e-01 -9.510653246217315449e-02 -8.608332018185036461e-01 4.856032014029931787e-02 -5.628002913210918834e-01
5.851083306662121508e-01 -7.502412420459034781e-01 3.181376190716023178e-01 -6.061685920887831536e-01 -1.039576669255146690e-01 5.036885325019437865e-01 9.673658276519081500e-01 7.694068159746403346e-02
-3.487421558269754307e-01 -2.904148701680850930e-01 -7.325735631189820296e-01 9.344401641555890592e-01 6.132009624174461493e-01 -5.118051849635725237e-01 2.217656915711572196e-01 -1.518333910334166426e-01
-5.758514555690363856e-02 -2.268616462727530703e-01 -7.096195644549747605e-01 1.999582026924289213e-01 -6.759144296665775542e-02 -5.235897498185897447e-01 6.653130057588689805e-01 7.809754672608182346e-02
-7.804353376022401534e-01 2.469958692162999014e-01 8.520239565467657705e-02 1.244577696279052237e-01 -8.649105671618244617e-01 2.679024619359477999e-01 -3.740352764879690817e-01 -9.257123900192172350e-01
-3.676812341485462543e-01 9.538080424360522169e-01 -5.632778281641501739e-01 9.218228425841010765e-01 5.660976271032327478e-01 5.207964348752480710e-02 -3.938261305335033491e-01 3.685510849483519813e-02
-5.311380636087488227e-01 3.551248668681632470e-01 3.367171602836414035e-01 -4.696630325839095121e-01 -9.681052331940451783e-01 -1.640863380330919163e-01 -5.460379959261301153e-01 2.550702011560028737e-01
9.675304705405023409e-01 -4.685936343892316280e-01 3.028819673849199035e-01 -8.817526742023731323e-01 7.821662147533949838e-01 -5.593512963646189995e-01 -3.527096229500477076e-01 -7.918099428143434704e-01
6.802897669551271065e-01 -7.716818827415927728e-03 -5.500072884998408185e-01 2.761333378139170236e-01 -9.264514097276166371e-01 4.232618466593356388e-01 -3.695259418276926056e-01 8.246113127985237323e-01
-5.653353569102204101e-01 2.069090308557020030e-01 -7.928974666447661246e-01 6.050501239454852964e-01 -2.950979485333606878e-01 -9.349146484013659553e-01 -8.086463115161053317e-01 8.935382630504855594e-01
