-6.881781112944518330e-01 3.576763271085108276e-01 8.084707777418407293e-01 -6.181184456231003654e-01 -5.448757110602899800e-01 3.717151444301962648e-01 8.955583482005657903e-01 -1.029814052200446195e-01
7.644192166383823039e-01 -8.084520139493021063e-01 -2.151495169834993781e-02 4.644638116103745329e-01 6.119076000231247203e-01 9.841598209283817233e-01 3.117612014531094822e-01 2.959927363752377083e-01
-6.793842886998648911e-01 -7.775443160640200801e-01 -5.503986787160182192e-01 -3.055470078495490238e-01 4.010464192059370880e-02 1.127675300847259532e-01 8.575678216006055177e-01 -2.372728551920280093e-01
2.515951793160307037e-01 7.463509475540526239e-01 8.954466535131437865e-01 2.344195639098511919e-02 3.006422347995068023e-01 -3.243459435459625784e-01 1.152527569894146175e-01 -1.949066787374735821e-01
2.191308215533649406e-01 4.162188063677714212e-01 -8.582572109834660790e-01 5.261468743377610835e-01 7.261799738427894280e-01 6.213349512622332593e-01 7.862655156698779013e-01 2.656025950689129278e-01
-3.930392778486690997e-01 3.334079577229465130e-02 7.804711546081835039e-01 -2.963352634184517331e-01 8.379493915313107610e-01 -1.390074981836852963e-02 3.331018525964557497e-02 -1.546323621563781003e-01
4.530659240902930041e-01 7.247693769373193540e-01 2.753172319136358848e-01 -2.436606051304883724e-01 3.391548375001109950e-01 5.229153252968028465e-01 -9.336028643581149034e-01 4.395187688950719096e-01
-6.461079394759108308e-01 -1.836865078632892168e-01 3.900285486354193587e-02 6.935624828641429040e-01 8.514916393852356435e-02 -9.666752362137271959e-01 -6.223347720655041382e-01 7.586659914966811247e-01
-8.172070473550370195e-01 -9.944491894784339703e-01 -3.850718662436440898e-01 5.669141376121134002e-01 2.554258576319872187e-01 -7.516536905262416468e-01 8.751719358125200632e-01 4.684676453194700496e-01
9.330490655885140816e-01 1.065703042693590508e+00 6.458107041826685046e-01 5.950821373804701109e-01 1.485283733381163707e+00 1.021380648796678337e+00 1.278203862044173800e+00 8.431061877116095005e-01
