-1.453805815948718827e-01 -8.965359568137531987e-01 3.926866730070086575e-01 -8.564517184421878149e-01 4.420249086396554894e-01 -4.751018256442567367e-01 5.864982317988318705e-01 -8.513671481902052030e-02
9.595194767866230823e-01 4.352333994974850739e-01 5.159525625041876395e-01 -5.855196361532974958e-01 3.405908297551796249e-01 9.463601143771445123e-01 -4.373593504957982159e-01 6.828718170058833969e-01
9.214168123180734860e-01 7.139560364518993119e-02 -3.027738587828334715e-01 5.662453379500991257e-01 -4.171895772348876985e-01 -6.685792872102178652e-01 -1.316380179058007638e-01 1.124463301009885896e-01
-3.576323692234069096e-01 -6.827751032858413449e-01 6.432535692622527446e-01 2.642164349067275264e-01 6.685140793037782636e-01 5.139102444434318073e-01 -5.948332195882328755e-01 -9.773644634941418552e-01
2.990424121129939827e-01 9.307046485015642023e-01 -8.860578419523545968e-02 1.069950232378631405e-01 -8.849907226862334664e-01 -3.722837669824288209e-01 3.812738494029666025e-01 -7.760398901664955496e-01
4.590817035593002249e-01 -9.566493754621594459e-01 9.704669719767800018e-04 8.386763279541311622e-01 7.493837968258105775e-01 -5.566323915987638760e-01 5.323942816801014999e-01 -5.335736219416453707e-01
9.757474041243252572e-02 8.200709484405930283e-01 -4.124263123463083325e-01 -7.406834306979790394e-01 2.972983993350886145e-01 -8.694794415693714029e-01 7.705820160404532881e-01 3.433822196345281963e-01
2.305972517267713684e-01 4.926392357535624988e-02 -6.907892930004948528e-01 7.613776568064951622e-01 8.726113615263828560e-01 1.593383041008145096e-01 -3.831416352972516481e-01 -9.598119754232561363e-01
8.792817543586828322e-02 4.541101095493926820e-01 3.430090830462346752e-01 3.177562589886226974e-01 2.991846356083107672e-01 4.679795180243861985e-01 -6.589668975752247526e-01 5.840848743171687119e-01
1.486825437224799540e+00 8.062701584987659320e-01 1.486358396526599401e+00 1.363422562580840935e+00 7.915375251516397759e-01 6.146346781869864717e-01 1.175471626749846621e+00 6.801832960597524735e-01
