-9.211376665405768271e-02 -9.620561198168147143e-01 -3.464247656332111180e-01 3.553601936476713519e-01 -8.466072773779844685e-01 -1.936317660111792627e-01 -9.071958332529119762e-01 9.005916899720833868e-01
-9.998119964269143178e-01 9.833840627786472055e-01 -6.798588543617278823e-01 1.096922835789966300e-01 4.537054636385202677e-01 6.767620207143358879e-01 8.299682643759642708e-01 1.577976500654965086e-02
-8.456349689320299401e-01 7.586466552880346548e-01 -8.166135278677488785e-03 1.890130405351568843e-01 1.173229090631007221e-01 -3.868758981835715982e-01 8.774300408151285424e-01 -2.455471732528695661e-01
-7.953111323862758208e-01 -7.862752015829506114e-01 -2.342532907657139951e-01 7.955554742080845898e-01 -2.773824609825306098e-01 3.068901735577380663e-01 -8.986994824699185980e-01 8.186538913313159416e-01
-6.039141504903184909e-01 3.116990351978679019e-01 -2.005234964628712646e-01 -7.252976025881563427e-01 -5.217704818177326676e-01 -2.843502560625665865e-01 -8.271276993397738142e-01 -5.271513786944284075e-01
1.025031503663056398e-01 8.073689849856735545e-01 7.190472412127795199e-01 -2.216067448699154951e-02 -3.817750472847558640e-01 -8.965611869647875931e-01 8.323425341327190807e-01 -4.243670834257411428e-01
-4.602206400445003620e-01 2.218828845980003184e-01 9.357305328485265861e-02 -8.225464085316251950e-01 -1.728513585492827964e-01 7.890069306703950680e-02 4.991464670168437312e-01 6.197730748463710082e-01
-2.572034602468706854e-01 1.917824029699157773e-01 -2.240707467626901206e-01 -6.912839027794632774e-01 2.773223165957394709e-01 -7.838120856121308933e-01 -7.223034373160026611e-01 -9.611090243401516631e-01
2.378641750514272069e-01 -7.338281185972619358e-01 7.345252835289501903e-01 7.500235784264064343e-02 -9.204809661232211671e-01 -3.682399949760721825e-01 1.442117835683736082e-01 -4.025947633204034481e-01
5.002287282194334272e-01 8.241646914616516106e-01 1.065026609063965513e+00 7.897417529310515327e-01 9.156649772112127605e-01 6.057674299726781841e-01 1.385676043491823384e+00 1.479489771958359068e+00
