2.217404932527742289e-01 7.304656501789319467e-01 1.225335284443835882e-01 -7.931851935270011200e-01 3.790422014720922217e-01 -7.395795538089866561e-02 4.028206688501634325e-02 4.495233849622004563e-02
-1.360635367208029578e-02 2.031072034154695061e-01 -1.869803525831041924e-01 -8.160454678618243030e-01 2.305823732262135550e-01 -8.950839311737093240e-01 5.684279143215418273e-01 -7.508457401190862246e-01
-5.557228700621641426e-01 5.545358303859924121e-01 5.328903760483638674e-01 8.284080295161546648e-01 7.612242056046476524e-01 5.571525505324677052e-01 -1.592145479148481257e-01 4.459109898196431665e-01
6.224399862115594928e-01 -9.701915584641565005e-01 3.349660496557098632e-01 2.310298196752429423e-01 8.648023540249303309e-01 5.490691454141667371e-01 -7.042229420027190656e-03 -5.292732513443212383e-01
5.795531012298278384e-01 8.480785237976187219e-01 -5.834821716978222383e-01 -6.729530763952249472e-01 6.661916909794303177e-01 -2.974387863386749320e-01 -1.943889328887360435e-01 2.925682458657548057e-01
-5.973310691198123745e-01 -3.952304020960515363e-01 -4.712540040622894555e-01 4.892927113750402679e-01 5.113409988955648355e-01 6.558084704619904226e-01 8.570914983634254636e-01 -6.465409456554516154e-01
-2.159128270756465184e-01 9.739651052502251716e-01 -9.066651623839727669e-02 -2.068128135609104135e-01 7.780453971967187243e-01 4.438922115720345118e-02 2.739719943374188116e-01 8.299609506975207385e-01
-7.546629236196620294e-01 -9.826848731481669930e-01 5.236620244031486848e-01 -1.903649531485163138e-01 4.540487203959275853e-02 -7.074046780333278495e-01 1.099136739564743337e-01 -3.607911581536384915e-01
-1.572447635846518921e-01 -3.188575368724657633e-01 4.978313339979267838e-02 3.845375828860786438e-01 -6.725916670466853819e-01 -3.708280445419056548e-01 -8.766945376126153988e-01 1.586762403149595269e-01
1.057835563636418730e+00 7.563440469120042975e-01 1.486691486556804609e+00 9.103435064500118301e-01 1.049707707792805644e+00 5.817004839108441683e-01 1.262753854805833909e+00 6.695377652420958503e-01
