8.272333426292908243e-01 -5.063116945646892741e-01 -7.347747979791006134e-01 4.608082035756901895e-01 5.978161005292068619e-01 -6.039340008882747579e-01 -6.639625943980496103e-01 -3.226301535797047038e-01
6.714129283617991106e-01 -9.851393832624233404e-01 2.776385475747300546e-01 -2.347092894680300468e-01 2.075606067143620503e-01 -2.690383172178110183e-01 8.192130353989741653e-01 -4.788861437490607997e-01
3.513521774435306444e-01 3.888836974166913762e-01 5.168896045351429880e-01 -7.857570185353592862e-01 -1.279201548438033686e-01 6.137299502329329748e-02 5.783814540343654720e-01 8.982387892288818954e-01
-5.645569195326172185e-01 8.916471718894809495e-01 -4.025477853966659136e-01 3.910770072397782293e-01 3.889246200882490179e-01 -4.163133822726292621e-01 -6.110610977439103753e-01 2.525364395469131829e-01
5.227486879143585785e-01 -5.313136480902593828e-01 -2.441517161771828981e-01 -7.882371257657494468e-01 6.220229147188511831e-01 -6.930462790704716713e-01 -3.448790326471840029e-01 -3.122562044440915230e-01
-7.057008927206251947e-01 -8.108124773093179360e-01 -7.033717086301927157e-01 -3.849064074301500327e-01 -8.599728987451868978e-01 -7.928372208675891208e-01 1.342543879503816928e-01 -3.890301963907196736e-01
-9.765232890006132482e-01 -9.944660870410970688e-01 7.458614516130563921e-01 9.302403044585652037e-01 -6.817976332562261099e-01 5.129541625573212915e-01 1.119829966111731689e-01 1.952566269762123774e-02
6.527264408031814291e-01 6.120439701291617851e-01 -6.370889039599856307e-01 -6.559238081780272012e-03 8.692420613420221986e-01 -8.974981167177684682e-01 -7.293507328450414828e-01 2.589682047098300632e-01
-8.390017287569653259e-01 1.246964415349500754e-01 5.802601591330169839e-01 2.410312942976580164e-01 4.163666135899120047e-01 -8.721894090608375283e-01 -4.554159006882472216e-01 -8.662928851542450737e-02
-5.706104371540319242e-01 8.230826833055859826e-01 -4.476442354608118901e-01 -4.975233354463417523e-01 -6.290733672625448136e-01 7.030680209215411924e-01 -2.377148454940065658e-01 -4.434941296736796268e-01
