-9.953290972053765451e-01 2.998924110698619749e-01 4.398725478367930819e-01 -4.469593208181112942e-01 -8.270136594212662562e-01 6.004739970862194021e-02 8.925568771611691599e-01 -5.974557742129285032e-01
5.449501107404421951e-01 3.093751420109809303e-01 7.545871969458393114e-01 7.453334709711267880e-01 -8.454382458467284422e-01 2.283513032268547072e-01 3.521696325715066855e-01 -3.166423249318226496e-01
3.639129047938585160e-01 8.705603794665464079e-01 -5.478204441610050601e-01 7.804429188223820368e-01 6.596124462617658502e-01 6.779740115253549693e-01 -9.033976578346385455e-01 4.179593820408835647e-01
-3.147807917527409849e-01 -1.042370462171595680e-01 9.385637382139697671e-01 8.852290909044491229e-03 2.382711532823382772e-01 -5.324047164689993394e-02 -2.230761734981188127e-01 -3.364309749585814302e-01
-7.512406548483634428e-01 -2.014234416316098564e-01 -7.026758991556247835e-02 -2.001246748616583027e-01 -4.576657932621193137e-01 8.169197914861716647e-01 5.753355257277981138e-02 -6.983343827745098764e-01
-3.080644946073147761e-01 2.575186834089977506e-01 -1.053598603047012361e-02 3.470183654026888220e-01 -4.887070757291314127e-01 -3.979963841353817422e-01 -2.962677746794819544e-01 8.275041385585248932e-01
5.625802981795040569e-01 8.682014087305534034e-01 -9.482357207467204674e-01 -2.298769286021300484e-01 3.097745335459087812e-01 -9.394262446265972955e-01 6.963574843189408448e-01 5.682406135117965551e-01
-4.328714861016096371e-01 -3.922633784616302854e-02 -8.454262015601781144e-01 -4.726907836313931632e-02 -9.456836594248754224e-01 -8.600096701041273217e-01 5.551471065058350973e-01 -1.955943851773014330e-01
7.137551722673207699e-02 1.078071265914026799e-01 4.295219001750614218e-01 -6.319856463238031630e-01 3.183637975965507572e-01 -3.093689347626171759e-02 6.612167083956932423e-02 -2.591012551927929231e-01
4.126973679033660858e-01 -8.598821776529450567e-01 9.574213056161278157e-01 -2.820976069782732409e-02 8.034449921038580023e-01 6.051580970788841274e-01 7.635924061442682653e-01 -3.814198977546590097e-01
