-3.500689531973504298e-01 -1.054793502145594530e-01 1.724684981718376253e-01 -6.427691822998562454e-01 -8.316348031017144482e-01 3.481194505797673422e-01 -9.598829202147951545e-01 -5.732632813539801919e-01
5.618112188548047836e-01 -5.040131535812053531e-01 1.852486448885719561e-01 1.820128941996477234e-01 3.631578742225103351e-01 -5.570878754376527020e-01 -2.897713636336900489e-01 -5.304881378960786265e-01
9.777322461233246553e-01 -6.652207925055235727e-01 -6.104304328676790625e-02 3.551115666455189057e-01 -9.466796847670251314e-01 4.976532487963747364e-01 2.365534817023806635e-01 -3.081013346638392658e-01
-5.949522938563815977e-01 -6.066421717403076563e-01 -7.114326230679473007e-01 -3.158388204569817503e-01 -7.519194112242342243e-01 5.180505917701967444e-01 5.771456757055777320e-01 3.776442687555947586e-01
-5.893656099260113912e-01 5.078848347057507429e-01 5.025046575341549637e-01 9.941428766728310773e-01 7.392353163455078757e-01 -2.713335880295588698e-01 2.581880540917664835e-01 -7.092835887759503244e-01
1.328557843242250680e-01 8.126542741548949955e-01 4.270978498399191636e-02 5.473324728154005392e-01 -2.633466536351702914e-02 -4.384299664526456475e-01 -9.962013124434498934e-01 8.346886970938793837e-02
-1.492517105041155645e-01 5.208822171483706853e-01 -8.145406831427504102e-01 -9.920516975732309728e-01 -4.730419267372587555e-02 -9.409374750099332996e-01 5.936454702252449422e-01 -6.248825939568571908e-01
3.647411288407611529e-01 -6.971887057618868511e-01 9.076042386119125283e-01 2.962556222655174931e-01 -1.270895968636982509e-01 2.615669593954008665e-01 3.015640312713112614e-01 -5.329158592148599549e-01
-3.219416226876683496e-01 -5.396360344633870376e-01 -9.236696913284978550e-01 -3.194920127970721779e-01 9.925385917129883051e-01 -9.390884760503337425e-01 1.156074815123615540e-01 5.805777983239561735e-01
8.675128615893108464e-01 9.702111013838912168e-01 2.043310733816952052e-01 7.603238520996522531e-01 -5.732043363722190144e-01 -6.814476521887853355e-01 7.563025171146369185e-01 -7.335219406252613261e-01
