1.063183532020433031e-01 7.174728117414956863e-01 2.605250055842893708e-01 -8.412678471170751404e-01 1.367939932318957830e-01 8.850228018501111737e-01 -9.795032084653876314e-01 -3.434453064308300441e-01
5.299700513234495425e-02 5.184957608250706507e-01 -8.556953849907005250e-01 -9.930812154787020951e-01 -3.318339626921131824e-01 1.473238478468892332e-01 6.174686941163494147e-01 4.267671758247189029e-01
-9.032087287920500529e-01 2.899751610136016566e-01 -8.668751826808434036e-01 9.624058537272417446e-02 6.694508134617407347e-01 -3.231555534808236985e-01 5.614240202456479700e-01 -2.511427930246561413e-01
3.228166944893584578e-02 -6.287589631823862213e-01 2.513238635211245686e-02 -8.052782395640640800e-01 1.744054951178999335e-01 4.273785084980412652e-01 -7.208322246714573556e-01 1.101877880264638954e-01
2.263271371684567601e-01 -4.585446209627015435e-01 -2.648908950356518854e-01 6.250061648621705324e-01 -1.986710939532472242e-01 6.976692841267024825e-01 -8.159198622418168956e-01 3.742431684926286195e-01
-3.734077365627750389e-01 9.760670370295732035e-01 6.488837990960851787e-01 -5.686528970837128050e-01 7.719990323226748608e-01 -4.453100362574502480e-01 -7.810042347194168233e-01 -8.387426454201580839e-01
9.236125464303015509e-01 -9.176282732778080486e-01 -8.929803267825322521e-01 -8.827402486686468652e-01 -7.615681769655622269e-01 3.104840813089044804e-01 -3.392298506686686199e-01 -7.202996513661090727e-01
-4.417253718376223937e-02 -5.127684800771112883e-01 4.187763966969531015e-01 9.790857634108847130e-01 6.993528155843424798e-01 -7.956223754816180715e-01 -2.252733420834893696e-01 -2.292758227697562212e-01
1.257541575445439985e-01 1.572302097472477733e-02 -9.245949640601658359e-04 -8.935827308431896210e-01 -1.490704926354950999e-01 -3.729141727078995050e-01 5.418095064770189762e-01 -4.105018831783535660e-02
9.279668726183230021e-01 7.544547503025720303e-01 -3.482996630211925293e-01 8.699093634576224865e-01 1.368415514162433233e-01 -3.425603425574554883e-01 1.583683041368133537e-02 -7.554084911969871641e-01
