9.526233583951693173e-01 3.356008286793210615e-02 4.995650795272297273e-01 -3.408410327569737497e-01 -1.483384553345821200e-01 9.287308591340102115e-01 -9.083245610864620900e-02 5.298772339209880666e-01
3.494626549994133136e-01 1.807253949301637075e-01 -7.347303534294105098e-01 1.984477270636948454e-01 4.124913126290923326e-01 -8.406093847991109591e-01 -2.977451387428673435e-01 1.612661573765525880e-01
-8.914703972667463727e-01 -1.927194250872994452e-01 8.110681387630003236e-01 -9.036886795540102213e-01 -7.952366878212335788e-01 -7.572075779556950437e-01 -9.642002144769592498e-01 7.735817212855566893e-01
-1.730227296660657998e-01 6.572967204431148236e-01 -9.521289871263332039e-01 7.095868029878937833e-02 2.444926976931283136e-01 -8.410846409525587486e-01 -7.588113698633505155e-01 4.056141361183847049e-01
4.292893418791514648e-01 3.636648487689151388e-01 2.689860285226952641e-01 9.142327527918963082e-01 -8.488199330089702954e-01 9.920940304602754445e-02 -8.611980040252555924e-01 1.246989124051391951e-01
6.307718965185276083e-01 -7.306184362886132266e-01 -9.076195885059745727e-01 4.531722000666289496e-01 -1.523997304891588911e-01 -8.364096300785381910e-01 2.014208109592778850e-01 -9.896034347266602360e-02
7.076974299009552993e-02 2.219252334129722115e-01 2.262432243949850097e-01 -8.864533564975485280e-01 -8.967732630557834206e-02 -3.065247672739475071e-01 -5.603421792385701039e-01 2.647338419801246179e-01
3.571153837049050317e-01 -1.418180186244577534e-01 6.608491735876635964e-01 -7.442014293362249067e-01 -7.522518116533172261e-02 -6.102016131583298808e-02 8.739093741143069138e-01 -7.623537182156816527e-01
-9.640247216670527752e-01 -7.583746957277166523e-01 -6.240781264302692755e-01 4.528364638447524015e-03 -3.059143064130303014e-01 7.355048567423312367e-01 3.674555120850031553e-01 -3.554535127442428610e-01
1.105940790838856103e+00 1.163666040586648354e+00 1.471533482319833608e+00 1.048017112695533104e+00 6.552553933367550876e-01 5.279835385002837889e-01 8.657417245427456720e-01 1.360491685194489930e+00
