7.621563223832752421e-01 -6.461325787557992140e-01 7.115329301863695388e-01 2.572081097884948431e-01 1.149587106547498294e-01 -6.779069486004827283e-01 -1.548093216693378071e-01 -5.232148246350372123e-01
-6.365135794316802986e-01 -2.486876995324347472e-01 -9.423386422008350749e-02 -5.398735651161956639e-02 3.630743260145774531e-01 -7.048971344215024804e-01 2.162606132144644366e-01 8.928944542593253431e-01
-1.510637582757514696e-01 -6.556813902435956187e-01 2.786279827078397275e-02 -3.022771700181088317e-01 -2.558975305150861246e-01 -1.961719272330810782e-01 7.078744772706868638e-02 9.104525200183044564e-01
-7.748809294593839159e-01 -1.640261817790220622e-01 -7.191278648326735468e-01 -9.949352711399992444e-01 2.346036535254252264e-01 -3.134781683602361202e-01 -3.532323227305422808e-01 9.835562949958465140e-02
-9.788332873701823811e-01 5.506874497939437951e-01 -9.983315207096399302e-01 -8.179378286054463931e-01 -2.402794792584126427e-01 4.619356737376290045e-01 9.005718547539869334e-01 -1.746719412259849502e-01
6.273284173172981593e-01 -7.813553608286041285e-01 -2.360821571094502414e-01 7.041471276730755235e-01 -1.501963245279418491e-01 -8.909617541849448319e-01 7.636738139980958628e-01 3.371889717350933235e-01
-4.289158631996452531e-01 8.973602134215976633e-01 1.587059252690496969e-01 7.711051262340866685e-01 -1.853784882177786919e-01 3.070682394067436594e-01 3.849640262211646569e-01 -2.138541744511326392e-01
5.863860373892451072e-01 8.442430562159894958e-01 -3.577437949509314485e-01 -5.800181142305040893e-01 2.018543646221986343e-01 -4.022988097646402750e-01 -5.065666556225416617e-01 -9.756491638550672807e-01
-7.435698515070205961e-01 3.858985305246178665e-01 -2.535229163844741063e-01 -5.818903698603261621e-01 8.675115521264009644e-02 5.001044008477029124e-02 1.674024715788293705e-01 2.828407419991956218e-01
-9.752289360589008194e-01 -8.304284321253629919e-01 -6.196992097216695861e-01 4.976292066862348928e-01 -7.423001236841269002e-01 1.821174779303893487e-01 1.811516016740688517e-01 3.898722322306178434e-01
