-9.167224500681967481e-01 2.840436762529678916e-01 -8.306473720835905183e-01 5.289076567668242745e-01 1.461601781370318598e-01 -5.962630597088118822e-01 5.571095700300183751e-01 7.264647664121768322e-01
-1.459508977213141989e-02 4.643904556819202778e-01 -8.547690565202312740e-01 8.040900340058776408e-02 -3.709542660456364160e-01 7.018547308581104538e-01 -3.010976643770546524e-01 4.169484012393762651e-01
1.524980179868784536e-01 -5.914175010097924012e-01 3.038595529339460644e-01 -2.066559106497953824e-01 -5.377252406581332078e-01 -3.326889629083065181e-01 -5.113807855185004136e-01 9.768801521883929695e-01
4.858424564813927926e-01 -3.415124976708578952e-01 -1.460741364621387373e-01 7.034999607144023503e-01 4.624366916191713361e-01 1.787711641158162834e-02 -3.262518526120894435e-01 1.126757776613447337e-01
8.903816058409426137e-01 9.017877021693692097e-01 6.303480189125532096e-01 -9.460645360853083830e-01 -2.024165164218674207e-01 -1.856723084528379975e-01 -6.683210778096537741e-01 -1.016734117623396827e-02
-2.076334591902635474e-01 2.691038997345063244e-02 9.715342449781507739e-01 5.088746657350911029e-01 -3.745886377243836662e-01 8.992585663017160780e-01 -4.107345547943817010e-01 -9.214544537399598223e-01
9.146184237475913914e-01 4.241884678656004937e-01 1.182571354200230296e-01 6.449196301687418753e-01 6.856730527682164400e-02 4.515318593511268297e-01 9.376208416001194923e-01 -8.497967814961335797e-01
-4.725230455401385754e-01 -6.435128194432444548e-01 4.360640161690829686e-01 2.988185768447297885e-01 -7.389314622111573527e-01 3.408766416174173752e-01 7.176592604704898903e-01 8.299881337641035195e-01
-5.629930190153276115e-01 -1.332795245339997159e-01 6.081160384356398829e-01 9.408585510788531892e-01 8.486930776980723401e-01 -3.089440995943493196e-01 7.505260660666575045e-01 -5.288203602136196668e-01
-8.002406878587626782e-01 -5.370499459311088852e-01 8.790503475534079403e-01 8.934443982295865450e-01 5.314042088640973382e-01 -1.291128497136293518e-01 7.283907935015563329e-01 6.881436437326029498e-01
