-5.697396564264867180e-01 6.413589391395337902e-01 -9.110063595372970280e-01 9.120305393174394926e-01 6.564780661949292107e-01 2.042797958401145753e-01 2.647437550120561589e-01 -1.093516159029723767e-01
-5.066812331288192972e-01 -6.866979177895748965e-01 9.287491330073915918e-01 5.726942541551269805e-01 2.935606324007489221e-02 5.803582410888104004e-01 -9.552790829305968234e-01 4.045862993850479761e-01
6.354103144265166314e-02 7.433140979954955263e-02 -8.184777007595398501e-01 1.178097593592128955e-01 7.511045023492868289e-01 -5.068967930521324217e-01 3.923317355255351302e-01 3.069990764699790375e-01
7.318368378448862899e-01 2.661404439116104026e-01 3.823563138392089833e-01 3.601747863572906105e-01 -6.809096890244319411e-01 -8.045896561815601977e-01 4.890612543480299390e-01 -4.471568019862286469e-01
2.298543998204556349e-01 -3.532174065275528463e-02 -1.887814459506107490e-01 2.974943822177242847e-01 6.197356276304251121e-01 -2.301305874174097710e-03 -9.516253590085559377e-01 -2.869765750725707942e-01
5.199102995479962797e-01 3.320341059092257741e-01 3.665136886636184421e-01 -5.396894603990212147e-01 -5.884269262425689817e-02 -1.705479246816854477e-01 2.285009638343686866e-01 -4.551624722003297929e-01
-6.265612083383380604e-01 8.185212954089817750e-01 -6.927377395487550604e-01 1.108853913722813722e-01 -1.266570180861226191e-01 1.942526370892816434e-01 8.098960677675923758e-01 -2.355728064674078581e-02
-7.094253099057983292e-01 -4.812372151068109449e-01 -7.602937076706011155e-01 -8.368095736669678431e-01 9.948668089477823440e-01 6.157883291675103621e-03 1.367461234157196781e-01 8.672522350050737572e-01
7.677209939387779070e-01 9.471667272517134695e-01 -2.135947340560455654e-01 -7.822195164053120653e-01 3.707724365044395842e-01 -1.334403687056440191e-01 1.036597200368936100e-01 -3.005160138485347687e-01
2.800385365090438672e-01 -6.006376160961983679e-01 -9.384914820614527198e-01 1.255224016717626512e-01 8.121057708474261894e-01 8.776544608394707403e-01 -4.338996356265520937e-01 -3.214116967064093444e-01
