-2.290644746703693890e-01 -6.977681929761951896e-01 -8.683338625997840676e-01 1.345595066404876583e-01 -9.470745204856734212e-01 7.521195094413299920e-01 7.026102799542643940e-01 -5.574439208195018924e-01
6.261522843555191731e-01 -1.296480992386914721e-01 2.398771248871855999e-01 -1.459063848613073588e-02 1.613911596377097801e-01 -6.383723432747603344e-01 -1.294568373364068936e-01 -6.782480566304069924e-01
-6.908538807555355543e-01 -4.238855986682064092e-01 -9.800618657648896281e-02 -4.667506068575730804e-01 6.984366696304298294e-01 7.880478758023747865e-01 -1.172463962996594944e-02 9.548796805643353647e-01
4.376209858352129167e-01 3.700096920385642640e-02 -7.744662568020466153e-01 4.324173842118947952e-01 5.180586618302387425e-01 -3.416629884619126756e-02 -3.917149254126721658e-01 2.982645052974015609e-01
8.024471119278053788e-01 8.700045745800446539e-01 6.648405960872554310e-01 5.551527651565859589e-01 -7.867319634931835282e-01 8.390548129217283435e-01 2.881750428095042338e-02 8.645872120133124561e-02
-5.380519847958233903e-01 -5.618586673401759768e-01 2.455901716552748582e-01 -3.464892854141798928e-01 -2.425683538609826329e-01 -6.616649477660008216e-01 7.785618518273684785e-02 6.007817676590623268e-01
-9.074527261917331167e-01 1.294376536348977869e-01 -1.648357774197743986e-01 -8.033713588828885754e-01 4.786987200153347555e-01 3.684448822498203047e-01 -2.057397437037946641e-01 4.091922185106782184e-01
7.399579504651241368e-01 -3.010779443966149493e-02 6.484160889488939095e-01 -1.953431734044253076e-02 -2.173170915037574424e-01 6.322710891790548349e-01 8.021139595850581561e-01 -8.866511432446224639e-01
6.917835575128885583e-01 -2.654225025093133183e-01 8.035552403380341602e-01 -2.567661427096057380e-01 2.587191889752993301e-01 -2.887097107927243389e-01 2.459837129870514616e-01 -5.378326212583739441e-01
-6.217467184891964926e-01 3.582371707480809242e-01 -1.493708708935337359e-01 9.752585625010705694e-01 -5.255194807970282600e-01 7.799056478073058685e-01 -1.347964413492128699e-01 1.375534997781568958e-01
