-1.783154369322432764e-01 8.852611535585832581e-01 -5.932211444565955727e-01 -2.067845937428316461e-01 4.131300206349608484e-01 9.050770891650876671e-01 -5.832384763749924872e-01 -8.372162169228398731e-01
-5.032478337102308519e-01 -3.728988338477206010e-01 2.763208595571309267e-02 -7.034601864605496413e-01 8.928675504138858798e-01 4.018877694676932233e-01 -6.530225789371288947e-01 -3.279011396881705842e-01
4.710469733806506021e-01 8.443985496331078977e-01 -9.917391637927017722e-01 4.495326457625579142e-01 -6.454415718236525823e-01 -5.531558576143513761e-02 -8.999857376147590848e-02 2.677938857895822977e-01
-9.174930605556945729e-01 -6.780029633643427367e-01 -5.270631622428634255e-01 7.632710334466445978e-01 -3.584404663155480453e-01 7.079626342335916256e-01 9.124251194357937411e-01 6.233117397993492848e-01
6.913170544310252019e-01 -3.837396014451213144e-01 7.405706242064151734e-01 8.043324216696667861e-02 5.010960839042544190e-01 -1.931678293199110552e-01 1.591243130037951481e-01 1.427187400417695429e-02
5.549086798635980422e-01 -7.890642754123089464e-01 -8.820959691198568819e-01 -4.603936332691094258e-01 2.597330262743584584e-01 3.180283746201315598e-01 5.356405833913853165e-01 -8.830913896329526391e-01
-4.469630053903106415e-01 5.925628886636471471e-01 -2.698779095882499757e-01 -5.217761718300844009e-01 4.347083774508140319e-01 -6.930767574587144431e-01 -6.029969881670749210e-01 -4.768977953685937798e-02
-5.376602216758756825e-01 -7.804775876275436008e-01 2.954720052401629271e-01 2.875333856212758388e-01 4.303571743083440815e-01 -3.037550740752279488e-01 -9.845368436644219567e-01 -1.671231377386050987e-02
9.481657808664141207e-01 2.079063214659693237e-02 4.644609825563994487e-01 1.431589363238019441e-01 -3.819574385642754422e-01 3.991192844750859337e-01 7.021298230956682929e-01 -8.702717531005601526e-01
6.747466030734192710e-01 5.620621228760243060e-01 7.938636229344706585e-01 1.319263409218759175e+00 9.438336556226060159e-01 5.929035852161271825e-01 1.201746955162316999e+00 8.695370711067306191e-01
