2.585798326439643358e-01 2.753555868123458428e-01 1.860478597661101574e-01 6.738582077543064930e-01 -1.539211810719696150e-01 -6.848709022926180445e-02 -5.685545896228714202e-01 -5.568980484271159881e-01
-8.050527668963753936e-01 -9.867836320811234074e-01 -5.618671733068139051e-01 -7.111318177538290541e-01 -2.438165110045820150e-01 -8.204935841618199444e-01 -3.578085708107585639e-01 -9.078769263151169611e-01
3.093162946635201749e-01 6.027694753433257002e-01 1.425302240953947308e-01 -2.485653839961239342e-01 5.050686698028912236e-01 5.461483985658310836e-02 3.886600473787349408e-01 8.484397934653007400e-01
-9.087328488073294075e-01 8.298057885242333676e-01 -9.392443526156653011e-01 5.613372496174533488e-01 5.244841225886809344e-01 -5.744568669582550413e-01 9.516178427789216965e-01 -5.032507716451422031e-01
-8.858705601181038336e-01 -5.127252919100719897e-01 -7.424490904767100385e-01 -8.996965299499377622e-01 -8.340633832754511534e-01 4.011951821590336031e-01 -7.955680429331568604e-01 3.946004167304295596e-01
8.371660725556235860e-01 -6.833964414851525504e-01 4.809139404106141935e-01 -2.753416129284709246e-01 -7.310688939622986826e-01 4.685823796935004726e-01 3.318423660023017696e-01 -7.561211036738042512e-01
8.702055383257314425e-01 -4.360939208995695537e-02 1.842248358941460662e-01 -8.492125597215649524e-01 -4.020018755559398027e-01 -7.447597430984755906e-01 -1.530200216921879797e-01 7.669138370620531830e-01
4.631376286582573609e-01 9.191631638096069423e-01 1.714522454518063732e-02 -9.575810312195727203e-01 9.740013713594335432e-01 9.240545134174888986e-01 6.940916710400084622e-01 4.066849964190661915e-01
1.998806977178761990e-01 -6.082297235425422333e-01 -9.584085636841623845e-01 4.028810980820682897e-01 3.460538805385382499e-01 4.032576226666617636e-02 1.686937660834173514e-01 7.215373475662225644e-01
-4.856863781806532998e-01 -5.021144630689744481e-02 2.985222357894958822e-01 -7.582319336260883169e-01 9.645369078347465486e-01 6.398789771345780863e-02 -1.320169093902661128e-01 9.114293525436452104e-01
