5.819476916357675389e-01 4.069550669626731398e-01 9.504131402224769154e-02 5.570542641651692328e-01 -5.938449602556099549e-01 9.498517379139685968e-01 4.263400645014547852e-01 5.297807083210772650e-01
3.909222435624237768e-01 8.594835327848344697e-01 6.931544362813759630e-01 -2.728768084468404798e-01 2.843097262429346017e-01 4.939178042980230110e-02 -9.367351045839060752e-01 -8.737999412629569029e-01
1.136774545611038967e-01 -4.402403561225565198e-02 -6.367852947053032064e-01 -7.725271830801172523e-01 8.113083743007776238e-01 2.882573218625505973e-04 9.183397378003688161e-02 -2.970785676457918800e-01
7.077276407900503497e-01 9.833296370228987726e-01 -1.636135384907091428e-01 -8.051383657521329340e-01 -6.360788817440652387e-01 7.303250548306776668e-01 9.861602672035316708e-01 2.536924037007515231e-02
9.011134012133588111e-01 -3.358280356397325139e-01 -1.975803306117311919e-01 2.890929539874480536e-01 4.477098981840466063e-01 -4.111104182369069715e-01 -4.254945259837279448e-01 9.689449988298104444e-01
-9.916682443604203367e-01 8.983532826417444106e-01 2.086428094642152065e-01 -9.641255076134787050e-01 -4.482136615040444028e-02 7.587005136373170533e-01 9.512782484230495328e-01 7.950048874112274344e-01
7.600379018091381056e-01 -1.769692286593775865e-01 -8.616776873266616121e-01 2.260212904170677550e-01 -1.202814936046601169e-01 -9.989329743199530931e-01 -9.994310778385286920e-01 3.404193531312125209e-01
4.562287418710024856e-01 3.744262871821033567e-01 7.398768985610995053e-01 -4.834244099043689680e-01 6.625464426434479748e-02 -8.102521215012952194e-01 -1.867399372301323801e-01 6.773500862561117053e-01
-3.227356598568169588e-01 4.904425724402150522e-01 -6.980359557647222157e-01 -2.291775123965422711e-01 3.980584812272176531e-01 2.930976418633657321e-01 -1.698668745350986331e-01 5.790017026664391331e-01
1.189862627266591311e-02 5.043120875398576786e-01 -7.696331016858777296e-01 8.953755191257675161e-01 5.760763382166911306e-02 9.833651886566256994e-01 -2.870218951918146466e-01 -7.257151933184213810e-02
