-8.092676593638734595e-01 5.547074191535932286e-01 -5.908355765876043275e-01 3.552572170438337285e-01 2.278452335307408205e-01 8.300429376635687362e-02 -1.095208823168836165e-01 4.814642277133329706e-01
-9.956480613746969688e-01 -1.214387238698213523e-01 -8.752619583790790525e-01 -8.752788054459508249e-01 5.023607550909185981e-01 2.669726112079644498e-01 -4.030056388828058278e-01 2.046160302240600526e-01
-8.916644432092564188e-01 -5.794137420019784823e-01 3.830597010508496325e-02 5.232393702979212247e-01 -9.316233706765617573e-01 7.500853849126181139e-01 9.828685246473656267e-01 -4.528294516442716855e-01
-7.571353536424139108e-01 7.440486684809599627e-01 8.082999418023550930e-02 1.564675927312486614e-01 7.870906638577384040e-01 -7.968601250386435630e-01 -2.932198403477153104e-01 -3.265987953448268311e-01
6.762988329957191347e-01 3.176397935415882223e-01 -8.594155677346824174e-01 9.686146369556871694e-01 7.338029319059240496e-01 -7.075424011482520648e-01 -7.295020474155609058e-01 -4.999448849088148350e-01
5.051901498567286097e-01 8.248146927236930104e-01 -2.548693152456473765e-01 -1.385388150078858960e-01 7.873091988782499051e-01 5.082523232976610128e-01 6.987888801324011467e-01 6.936507771633477759e-01
3.046661750048238471e-01 1.468234672453447853e-01 -1.126939638175898928e-01 2.694756254442496335e-01 -7.470313160084320891e-01 8.918871576278963875e-01 -9.844203025477207269e-01 -4.749304894827104384e-01
3.549080580654324635e-01 5.290180498613874516e-01 6.099778261620183439e-01 2.125398579800590326e-01 5.111739292753969544e-01 6.783750627194526928e-01 -3.227346331555256409e-01 -9.987823669418312011e-01
-6.165108770575735697e-01 8.702315992014530988e-01 -5.206231184493437247e-01 -9.730044306798120157e-01 -7.153067889760444942e-01 -2.817435084430677250e-01 -9.235974346618200936e-01 -6.045432102453829337e-01
7.544762573570817921e-02 5.124930648592269655e-01 -1.316130079432009659e-02 -3.445175874984920394e-01 9.767901030876049440e-01 8.843934226261127574e-01 6.908649649593676667e-01 -6.284940762342841047e-01
