1.414820098094131673e-01 5.394999690028066119e-01 -8.858833791276270464e-01 -5.805249976411082091e-01 6.587189466009157890e-02 7.345559558690897273e-01 -4.984835120615871418e-01 2.230329459160029781e-01
3.179736491190605641e-01 -1.653263459792679857e-01 6.016927637887377056e-01 1.448384819742187801e-01 9.687351704500204441e-01 3.790354418825816474e-01 -6.213055176420809733e-01 -6.913542651669015715e-01
-5.619847238599873229e-01 2.862483599109257870e-01 1.940105717918350070e-01 -4.600029746242417783e-01 9.069891380667824965e-01 -5.586275434493470637e-01 8.347825555725683078e-01 -5.533235006725427674e-01
-9.604875490361040047e-01 1.552980545287969694e-01 -2.422512654470376781e-01 7.600492696033591677e-01 -9.942470605143143292e-01 -3.505195154087799025e-01 -7.627095337058609203e-02 8.590766044066544538e-01
4.180856485329096373e-01 -5.611040105955544810e-02 -7.222100145737824217e-01 7.624559278755798086e-01 -3.871132688606777617e-01 7.305255049829042502e-01 -3.657467508758560637e-01 -6.838550367528817286e-01
-1.342280993527673605e-01 5.219650867694580754e-02 4.336165583204703022e-01 4.316413899581150737e-01 -5.112968263915527167e-01 4.370432186251529405e-01 -1.724937118808478331e-01 -5.000612375657811359e-01
7.614674664564815565e-01 2.625347241455266989e-01 3.736324277543909833e-01 8.252903993688140982e-01 -7.674387461663418897e-01 1.880821406823329767e-01 5.293843018774342379e-01 3.761725180409558611e-02
2.639278135461742281e-01 -3.640468544832102804e-01 -2.949252823155106285e-01 -4.980050223864067593e-01 7.465012547174554314e-02 2.809118259484737479e-01 -7.151653408050282490e-01 -9.924222765337753493e-02
2.205817279429493905e-01 -7.185146285058068294e-01 -2.750530615612989394e-02 -5.511702837441516678e-01 2.140555155169368007e-01 1.641530709186254100e-01 -5.204284760289192846e-01 6.353727864548688320e-01
-9.295721087641513058e-01 -7.840681747398534629e-01 3.372651651627631697e-01 5.436308530652067539e-02 -7.879947354835405982e-01 -1.460338851185665199e-01 1.691354823298414356e-01 -2.384531319970468743e-01
