8.383114077219455673e-02 -4.011397116950603525e-01 8.139079594902316472e-01 -1.243970591111926982e-01 -5.972652979355230762e-02 -9.046376143412648840e-01 -7.354294687458260427e-01 -8.538327027668737301e-01
-4.506756396643905038e-01 -6.717003481110246366e-01 -4.113361408047857548e-01 -7.221171576217910726e-01 9.432349153092633998e-02 -3.344294154287801302e-01 -2.125914272157780616e-02 -3.799053821474087655e-01
-9.955519283683580412e-01 1.164277953711891911e-01 -8.889633382225612390e-01 1.008496260527340649e-01 5.180280616594474807e-01 1.433374177668660376e-01 7.436898210860110048e-02 1.310977184814565710e-01
-7.183781953310290902e-01 -1.126338534437101302e-01 5.377333081151294270e-01 5.690554065150754681e-01 -5.099116787585307176e-01 -7.865627060414899230e-01 3.200907950587799089e-01 -6.277084126647161089e-01
-1.034555098176597188e-01 8.507609121819683651e-01 -7.998295389584830772e-02 -9.555640195226393629e-01 -2.469591609587620251e-01 3.804159060577778639e-01 3.308129400230135353e-01 4.030790782335029743e-01
7.015870636252297121e-01 -6.300271964721650964e-01 -4.004320152392069065e-01 9.833705324580235274e-01 -9.580758357353771348e-01 -2.559492600566397602e-01 -9.593282239390978905e-01 1.742542415710868209e-01
3.474262977462412305e-01 1.846970106352845420e-01 4.817780099153523565e-02 9.248757148809496620e-01 -8.859678902536161083e-01 1.714198763368512957e-02 9.781242638287821478e-01 -7.266929328575824076e-01
4.572631393997066418e-01 3.542391212140993950e-01 4.088189048170054463e-02 2.529144031205148302e-01 -6.776857503187452281e-01 1.297195157727855097e-01 5.559713550724267872e-01 1.770941745324772221e-01
4.460346005388862167e-01 5.259075073741117379e-01 -2.898544376704192960e-01 9.017391003119710202e-01 -3.674861609983166577e-01 9.794557931278351504e-01 2.890733241564593659e-01 8.241152320257938424e-01
4.462218504464043889e-01 7.907103835667572689e-01 -4.116520005197947807e-01 -2.388061974316519898e-01 -3.000757506977345113e-01 -4.998483783325249341e-01 3.300306010123434941e-01 -7.354288361111693817e-01
