-5.100838184352995963e-01 4.241587214102744419e-01 3.381252894701010092e-01 6.468689632904176534e-01 3.241041505257835631e-02 3.609637576098518874e-01 -4.697151236837799892e-01 2.770559528347358302e-01
-7.204754661313448327e-01 2.716358121549711235e-02 -9.394662074074111580e-01 5.544468447007180334e-01 1.483017647010993478e-01 4.951314527845294133e-01 4.671155936052058255e-01 -2.205772111477957154e-01
-9.313084244527169986e-02 -5.844350199577508231e-01 -5.528716605750503277e-01 -9.118089776504689770e-01 -9.796404967962242250e-01 -5.719658737538617643e-01 4.770685061453983078e-01 -9.540764286881295853e-01
6.231836475630114780e-01 -4.298958418977698592e-01 9.478657247202804115e-01 5.033809969400928619e-01 -6.351923695376324730e-01 8.972226758594592511e-01 -2.895298451499528358e-01 9.540659526084973585e-01
6.277619542964194554e-01 -8.405012451097866322e-01 -6.940446028645492760e-01 -4.824207950329744143e-01 -4.753679232379530717e-01 -6.808861125591914032e-01 5.886778901211349169e-01 -5.698338505876043847e-02
-5.057485248782487286e-01 -6.638252605739898282e-01 -4.523276352748439866e-01 2.760046781363465485e-01 -6.131703198676330402e-02 -8.296998864421212261e-01 -1.157477414639629387e-02 -6.517742019088852423e-01
-4.785189334681008155e-01 -7.944289401439912357e-01 -4.430773060431631993e-01 -3.709497552258353981e-01 9.447374942492039462e-01 -6.608959685002546713e-01 5.437751096882210700e-01 5.981656251625373510e-01
-8.035079165393281819e-01 8.532016401883470991e-01 3.036822518152710870e-01 -1.135520408290811023e-01 8.672938915511778646e-01 -9.814591107131864778e-01 3.397882085023793408e-01 -7.389216603994728239e-01
6.040551668294515952e-01 -1.623826308717026823e-01 4.198079060336388224e-01 5.240551464855025543e-01 -3.922334798589972582e-01 8.413696223795281703e-01 -6.034214693187387457e-01 4.209844108940821172e-01
1.441520844246121147e+00 8.645767569936891883e-01 8.057141454143500470e-01 1.265418024084725923e+00 1.063999863496770448e+00 1.384777413628882847e+00 1.185159805736430982e+00 1.154954463678222520e+00
