7.016039807983684984e-01 -8.163171938941586880e-01 -8.882795027306775726e-01 9.898921036202699142e-01 -8.428364787802440361e-01 -6.829117660744481455e-01 -4.234668751685022325e-01 -7.653064245911753716e-01
-3.645412458470205230e-01 -6.259613758773421299e-01 -2.366172901722989330e-01 3.715632570148941216e-01 7.324735652033720346e-01 7.079977095813623222e-01 -4.554672493595692817e-01 -5.397876310093430163e-02
8.160820158641528543e-01 -8.461160183587068673e-01 7.066940698907853147e-01 7.522069703935423401e-01 9.564080540644794848e-01 -7.132921125013089725e-01 -2.802185694981829123e-01 7.641729200594582494e-03
-2.503932535253319269e-01 5.951839898583217714e-01 6.892950838906952704e-01 6.981442969188247361e-01 9.485441975064468068e-02 -7.291966927625894712e-01 7.703007445594516334e-01 -9.593331983551069975e-01
-2.409667570520865887e-01 5.156601763793740023e-01 -5.626876917203171846e-01 -1.820644247239238123e-01 -6.073020648350135886e-03 -1.041598952184212834e-01 -2.384776147722822426e-01 7.126539028664626851e-01
8.169455996889452010e-02 -5.109383963358582470e-02 5.986948035136232527e-01 -5.655983380141160755e-01 -2.330575616383827597e-01 -7.689838353289879525e-01 2.206810369092790935e-01 8.611025536753811327e-01
-9.432264303171700170e-01 6.992050729613545901e-01 -4.189924107924989372e-01 1.419422104180640964e-01 -3.406539388239311350e-01 -1.244434714099980077e-01 -1.042620581016719949e-01 -8.550574379307218642e-01
-7.603571598792597808e-01 -9.784367271420493228e-01 7.724070058364564950e-01 3.337695730875658295e-01 6.886675410053524349e-01 -2.322002297923102532e-01 7.031542691014065483e-01 -2.726006709631891844e-01
9.046181997229663097e-02 -1.597828608909286352e-01 -4.485653251482579762e-01 -6.227011640416730831e-01 -4.305549964788186745e-01 9.183820049376065775e-01 -9.457994837581220615e-01 1.672936082647891176e-01
-8.953198088963449930e-01 9.153384871257319588e-01 -8.893631241062476267e-01 -1.192461797701880322e-01 2.037213019526555868e-01 -7.586439096278321248e-01 7.489186921785713213e-01 -8.366199307775468164e-01
