-9.748230707578335874e-01 -6.886588400250164277e-01 -8.481369719471434365e-01 3.753353439820550363e-02 -4.008770987157428412e-01 -2.016935353196360747e-01 5.594642845310182633e-01 9.268479189974212495e-01
-9.866494448490619185e-01 9.547192547340543900e-01 9.012652258891995505e-01 -1.844988409457746226e-01 -8.785102043946284578e-01 -3.048202518047509191e-01 -9.142540521657465113e-01 7.579432939149688409e-01
-4.568393262027201640e-01 -5.162138681698240639e-01 2.928547777600500890e-01 -5.227821509217633889e-01 -4.043618673883244696e-01 -6.295873913816900647e-01 -6.068575079820317519e-01 3.717055155874218197e-01
1.973406306145513156e-01 -8.860219090253744767e-01 -3.520550994435915904e-01 1.272216805503378900e-01 -8.411428451434277420e-01 -1.778107611498254137e-01 9.336031470607637495e-01 -7.453580818877452163e-01
-7.668981862592889609e-01 -3.287475914062643056e-02 5.818730798178313179e-01 4.366513364889543780e-01 -8.941793339946890740e-02 -4.474172864384486914e-01 4.086849980443840735e-01 -5.919502487195291707e-01
6.546722116935810298e-01 3.434201102012852669e-01 9.216886308502680869e-01 8.702814700464471809e-01 7.616249689809140300e-02 -7.565927571118660211e-01 1.059254865881671392e-01 -4.114277081403061587e-02
-6.498074951950050249e-01 8.386748940346071546e-01 -9.146489612828823113e-03 -8.212972796082691485e-01 -5.432408769066026100e-01 7.781397323078573791e-01 9.561671259498123465e-01 -6.375897248221797931e-01
-7.740813501041075018e-01 8.565882711010079920e-01 -4.042757179379061760e-01 9.306993894625499308e-01 1.622748995168115105e-01 9.115948056851186365e-02 9.678515130268183775e-02 7.110743279551510199e-01
-4.761820930703462018e-01 -1.749053314260209380e-01 5.695485371625741422e-01 5.462025931523675215e-01 5.865796822076259076e-01 3.382709305600013483e-01 -7.098796593078886552e-01 8.527039238072804395e-01
1.323684500586071344e+00 9.745852177201367317e-01 1.173030508640426461e+00 8.643937343071711465e-01 1.036032812477231335e+00 1.249888626687721382e+00 7.414520466931341369e-01 1.452124827482576430e+00
