-6.144827580648306586e-01 3.837837033028979050e-02 -3.873333415473600994e-01 1.503908879160917866e-01 -9.250929901159965496e-02 2.778344331593332051e-01 -3.573032973350043218e-01 -6.987075206558102103e-02
-5.373584755439910765e-01 8.351925818008827385e-01 1.208774114307231695e-01 -4.323932077956595954e-01 3.931976597447570665e-01 -9.657613626686920583e-01 6.147097469306987971e-01 6.137802806702130631e-01
5.868754697756108918e-01 2.914721399500728172e-01 -4.490856723114204918e-01 1.728868640806582313e-01 9.900693203492325623e-01 -5.714154019787351935e-01 1.354223088424686416e-01 -7.094904542681665927e-01
7.892231214513614201e-01 -8.299993152463964741e-01 4.639039288890600687e-01 -4.167291837142017563e-01 -2.143826178974099772e-01 -4.870788527609803964e-02 3.314745050855374409e-01 8.317343717254315205e-01
3.053428307747905190e-01 -4.319454365193560186e-01 -8.975712820968204664e-01 -5.170220957744195989e-01 -1.500371654042778058e-01 8.784596829186592792e-01 2.723423048795432511e-01 -6.539288999940366942e-01
-7.511279087578710545e-01 -9.339094679749466721e-01 -9.778217272991420739e-01 -6.614735079519504790e-01 6.453398082934853619e-01 9.788907583985477778e-01 -7.483471848672826887e-01 9.759010045509415310e-01
-9.397638946078734623e-01 -1.434419732537293157e-01 -6.447846496443074837e-01 6.131649835959023243e-01 1.246124490398781148e-01 -8.495142035602840647e-01 -1.678974234626446904e-01 3.564473236276504142e-01
7.140639230312413321e-01 -7.718308073411990211e-01 7.937366766900999515e-02 6.957083987911378831e-01 8.789166572011555267e-01 -2.574616747672833217e-01 -4.997320930493664992e-01 -8.617805263159221685e-01
8.163252080925889054e-01 -9.173459787312043812e-01 4.048321575863182975e-01 1.115567082938839771e-01 7.277096246458563122e-01 -4.337468107063109368e-01 -4.901880208780506898e-02 -2.310368219787759525e-01
4.049395118910714686e-01 9.358896443824940015e-01 8.957470005012448944e-01 -9.042318447931330105e-01 8.655981938943861920e-01 4.148085179482969842e-01 7.941738468011649843e-01 9.182035825259713402e-01
