-1.785281100281368438e-01 8.916158969212339969e-01 2.356409322420878194e-01 -9.603134814410621001e-01 -1.447202857919620556e-01 9.825040200965047266e-01 -9.003673485125691656e-01 -1.818612886263228923e-01
6.003292207663024627e-01 -1.573555149179624024e-01 -6.027910235119704474e-02 2.220228558104921923e-01 -2.136785889848842324e-01 1.326940107039307204e-01 4.885842585169051233e-01 2.047794946899257340e-01
-2.387846347847344397e-01 -3.994506129615944534e-01 -4.283995076444038208e-01 -9.968943761681730020e-01 6.100995379205638169e-01 -4.601877174601818332e-01 -5.807289156756307857e-01 1.760120383667524990e-01
9.327535278331871016e-01 -1.486280826122017285e-01 -7.958062956952776101e-01 -1.502955278451310051e-01 -6.023282431095888789e-01 -4.315540117143144005e-01 -1.695505273504915866e-01 8.475356197712526907e-01
8.097935273854146576e-01 -5.539655170374222504e-01 -2.618480268816949508e-01 7.816930842920450928e-01 -4.311980240975623602e-01 5.182873032364418986e-01 -9.762665187994512550e-01 9.311604175419478935e-01
5.937545188208730451e-01 8.644545994688632717e-01 -4.585758920288569573e-01 -2.645556713820071959e-01 1.581809187205984735e-02 -1.550024669792147147e-01 -7.496674159660665637e-02 5.552923404971299437e-01
6.881974686701057831e-01 2.289264644155444284e-01 3.983242228084522552e-01 -2.957535793107493038e-01 -9.818953347480685601e-01 6.486989540025993595e-01 2.196264579056781407e-01 9.638653500761906745e-01
-1.536594115017653195e-02 9.484912896002819505e-01 3.430631042459577618e-01 9.031780602562822224e-02 -6.248332758395158670e-02 5.926370395740399033e-01 5.909920220648190448e-01 -7.833088078397325571e-01
5.603354630691872451e-01 -1.189552226806356305e-01 -5.805476479079956231e-01 -3.201061203253785514e-02 4.067960183471073243e-01 -7.899837927251953662e-01 9.639999241614987113e-01 -3.133054084768560621e-02
4.562180856787423355e-01 9.426800390578846667e-01 4.147878461616640866e-01 -1.582512229616761523e-01 -3.313798867417272476e-02 -6.463108945548614592e-01 9.713331294953424511e-01 8.842318265196160709e-01
