1.851602082097254520e-01 5.995974309035700944e-01 2.473147315643831057e-02 -7.340280238007470537e-01 -8.132636487619464560e-01 -2.204440617474814346e-01 -7.111023062475818612e-02 -7.838598662207016954e-01
-4.029367362051947676e-01 8.459875594852792613e-01 4.185541675153405805e-01 2.419949313671421187e-01 -3.375839090532009035e-01 -7.823695310075786669e-01 -2.086301314940228746e-01 3.938767512776770729e-01
-7.901691595921356281e-02 4.555181680237421205e-01 -9.857701590520666635e-01 -1.494046088162153119e-01 1.550336917028296568e-01 -8.940214668280770383e-01 4.037699752347339022e-01 1.476156575017251171e-01
3.867613484240899346e-01 9.712372806706504047e-01 -9.279738974598819023e-01 -1.683975479365793504e-01 5.408763685855784153e-01 -8.336272020235115932e-01 -5.328433378592138947e-01 -2.360260191103833449e-01
5.080371403888235271e-01 4.880782176659519411e-01 6.930220196689107492e-01 8.941788504013947758e-01 -4.967493635461892598e-01 1.258397225141218989e-01 -5.110572630562755236e-01 5.612635734000104293e-02
-6.528356641268806548e-02 8.599033071223016744e-01 6.891980455444657316e-01 7.905211511542578062e-01 -8.070836539456389680e-01 -6.511495270773557387e-01 -1.788786903588888144e-01 8.238764492670571649e-01
6.782285639561911328e-01 8.891301504727537885e-01 -4.219973372346714768e-01 -1.984256547578477914e-01 4.874657597364209227e-01 5.763703418996832806e-01 7.743464881605526262e-01 -4.434966994472144819e-02
-6.918649712810345243e-01 9.420770487908465274e-01 -5.803410823192596268e-01 9.497287545527781649e-01 4.581345234775406894e-01 2.523549655749670606e-01 -1.325582613494664663e-01 7.604287150495574465e-01
9.100881497597992364e-01 2.606207905108874900e-01 2.900065022720723640e-01 -8.369612800063868097e-01 9.399661086957680212e-01 2.713971683999500950e-01 8.609669481579609318e-01 5.206350954551310917e-01
1.350049921048404933e+00 1.252681469804314052e+00 1.221665073850843442e+00 6.982844656757565271e-01 9.501764219571058323e-01 1.205037848443288873e+00 1.453598062911001687e+00 1.319131344763810887e+00
