-6.762067529606337057e-01 -9.357654122293173060e-01 -2.247149256136318218e-01 -7.137644920422134831e-01 -5.309988132794261073e-01 -2.882402743656526933e-01 1.413839241520085110e-01 -7.106406424669440280e-01
6.081736848098295845e-01 -8.225942084650772479e-01 -2.268944170324789233e-01 -4.135403856897719166e-01 2.100752604519537936e-01 -6.924158291929944919e-01 -2.910678265096322548e-01 9.585994734360072655e-01
4.868970199438993340e-01 7.283390950791974738e-01 -7.265196681294026071e-01 -4.335303862345518677e-01 -4.166584242544124628e-02 -8.621160521231456819e-01 3.800192416669929685e-01 -7.653527188429565253e-01
-8.344634772418351165e-01 3.110641165445819922e-01 -1.116912928461109011e-01 6.517195641367192760e-01 -5.296870195893277344e-01 4.309778091007321343e-02 9.673666716397535392e-01 -9.962736094836182055e-01
1.375083309642792795e-01 7.789566048961142908e-01 -4.170810863629261789e-01 8.260624073098568054e-01 8.579282611892071753e-01 4.229530779458732237e-01 8.374451354701126782e-01 -3.535565666192352907e-02
6.371128387435167628e-01 -8.021563834995544262e-01 -7.770080993286598847e-01 -7.795744724802169401e-01 -7.616830507451777255e-01 -1.755905607519752110e-01 4.710757006819725756e-01 9.780046224229175245e-01
-2.574940259078133398e-01 -1.415441943939188540e-01 6.011332920834333571e-02 -6.862787385379083283e-01 9.522577848204083484e-01 -2.946582825953900642e-01 4.114761683492420552e-01 5.066792877570496234e-01
9.636469953368369534e-01 -6.203674835024102219e-01 8.324173099269605025e-02 -5.906136705437778911e-01 4.466054633388514272e-01 -6.708831899768408213e-02 -7.316856878978077461e-01 8.717321357958265349e-01
8.762326615814615138e-01 -5.578312064785293511e-01 -3.058990468250237793e-01 2.701651169913450445e-01 -6.714805596246646857e-01 1.220700168550483689e-01 6.930664581172376604e-01 -8.252686121248664630e-01
8.663824324176004898e-01 1.463167537237478832e+00 1.063065819181075566e+00 5.687632756307592352e-01 1.367820918365232785e+00 6.142186101444887525e-01 6.288736861627284291e-01 1.374740300811089000e+00
