-9.491887269556777973e-01 -8.885218370711258640e-01 -7.102616972628810199e-01 -6.098402301226883981e-01 -8.240125385874690345e-01 -3.193987839165024489e-01 -1.557380881139709405e-01 -3.457819975071352303e-02
-9.898251298872173809e-01 4.680154665664606473e-01 3.620845251612607729e-01 7.456490756605929082e-01 1.492759609184004521e-01 6.866731236636853808e-01 -3.708842175256936713e-01 8.143375546732767312e-02
-7.213034838228282730e-02 -7.009724430379158377e-01 -4.680867168083255869e-01 -6.163814348955405364e-01 3.492709941457106115e-01 -2.856972827148649419e-01 -5.399868782503138842e-01 -1.082622108399218241e-01
4.388124635213859204e-01 -5.666500607641977716e-01 5.972972396814191232e-01 2.824881878989591311e-01 5.615078878714179211e-01 6.824988768953390572e-01 7.304729448854283547e-01 5.158935367530717020e-01
4.399488353470701885e-01 7.914341341815698261e-01 5.168226385691974123e-01 2.565026494222029108e-01 9.653047361387248060e-01 -7.912069127806486968e-02 5.729350772859804763e-01 5.293747676129434421e-01
-8.674792150021004566e-02 3.416233794356726694e-01 -4.183743584980799124e-01 -1.052242228038067218e-01 3.958878864463748481e-01 9.972338048166531355e-01 6.552107739679411402e-01 2.668189916068073320e-01
-3.308977979253593382e-01 -8.683509365934869439e-01 8.165472441383216928e-01 4.653789791384843610e-02 5.298703360608658652e-01 -2.637669873156289757e-01 -2.045798238149116877e-01 2.584401493192407528e-01
8.588783383015601292e-01 6.145721347107335752e-01 3.632040415620436669e-01 8.111724339655845828e-01 -1.181572633765304303e-02 6.955606422017674983e-01 8.085516632597600228e-02 -2.526445092770319700e-01
-7.763390216008467792e-01 4.740220691105816453e-01 -9.459183393212666768e-01 5.311984024364462265e-01 7.542337755176031777e-01 -5.033355182051688637e-01 -3.781164168165660477e-01 4.396623270227024705e-01
-5.294819110952311281e-01 8.442076214366780462e-01 -6.657659830776281318e-01 -8.442528727807574462e-02 2.761491726383678014e-01 8.494978137801529883e-01 -6.235224519993096681e-01 9.117898859292885572e-01
