2.528667149380807722e-01 1.987734493176340766e-01 7.790111411579381251e-01 1.677801714806388400e-01 -8.077092357250363897e-01 -8.670319918512703339e-01 3.466711417103718329e-01 -4.758514808780627270e-01
-9.820302695307296936e-01 9.729831638794608217e-01 -8.038989172017705354e-01 6.864482659366610839e-01 -5.785268069008040470e-01 7.253122326728034253e-03 -6.312842594745480262e-01 -4.396452705437443598e-01
-6.175750054911450793e-01 -7.686377916298923196e-01 -4.737164158074484988e-01 -7.843446524069308534e-01 4.929073532326464502e-01 -4.451197488012386128e-01 8.990517264945359077e-01 -4.056164398128689896e-01
7.617608678048901627e-01 -2.927066269926450470e-01 8.311805784373507144e-01 2.188263347372505496e-01 -2.226592976657579825e-01 -3.946964512876769415e-01 3.599890881475455995e-01 1.997125196754976351e-01
2.962541789909522993e-01 -4.414966620672158282e-01 -1.262333818311132116e-01 -6.143165842410895916e-01 9.697651254086110395e-01 -9.532195908973484233e-01 7.505666172410372372e-01 5.568631584783148014e-01
-9.321544852558385497e-01 -2.959133607845017000e-01 -7.333369674245022729e-01 1.741188662404646870e-01 2.548631056997430200e-02 -9.683096556194792370e-01 -8.399105944709031046e-01 4.988839527899731063e-01
6.094518508684485525e-01 9.849594478643153295e-01 -3.370709979049182348e-01 4.779544449112618221e-01 5.748583150148305343e-01 -6.083248174852795565e-02 -1.974493283815013100e-01 5.884850643112053969e-01
-3.446114201465868554e-01 -8.381237788417554846e-01 -2.386897888916039712e-02 2.833064152773419053e-01 -3.679966425870893065e-01 -4.613115921319776991e-01 -7.161321687149733162e-01 9.538089571098469222e-01
6.655340056404397409e-01 -8.209715857197172895e-01 -4.468541676915220862e-01 -6.743195806331965247e-01 6.379576926595587061e-01 -7.493102458097853358e-01 -4.835529235700126716e-01 -7.660973162286612848e-01
1.361448879835387871e+00 7.408907345783407594e-01 7.759523351740033048e-01 1.473049851551887279e+00 1.180067571308887953e+00 5.632435488363081166e-01 7.493051664354911656e-01 8.028300010424369582e-01
