7.250564110887625091e-02 7.487899211166615387e-02 -1.563834245610902229e-01 7.368577935206033214e-01 -9.607560224663234116e-01 -6.260131092316427726e-01 1.665782226400946975e-02 7.549590563746286787e-01
7.914074024273580754e-01 -8.075266345050695627e-01 4.750173055529249844e-01 -5.135764371582838272e-01 7.627879037014297925e-01 8.242934780762574132e-01 -2.924370214581806238e-02 -5.183613686591717062e-01
-9.893781413649402889e-01 -6.763584380289444642e-01 4.722701781552207656e-01 4.234387369290033565e-01 1.989190771941995450e-02 -2.812264417238465875e-01 -6.355136875472400249e-03 3.847082945842992263e-01
3.756392469169511639e-01 7.831028047520416369e-01 3.626872247578107888e-01 8.478513237773088740e-01 -6.812695784632043505e-01 7.342628274352462903e-01 -4.295398298249346603e-01 -3.552813797997340650e-01
-7.589612907582865553e-01 -4.846829767032110325e-01 8.312575644609074832e-01 -6.178573228253418925e-01 4.686363968552242909e-01 -7.157198814679548438e-01 -9.000700982633353942e-01 4.211525411285603759e-01
9.708831430536906115e-01 -5.949772783964595302e-01 1.328439549810807030e-01 2.303954759605542080e-03 -8.148372436044335476e-01 -2.988471066390741004e-01 8.893612329462530219e-01 -5.705957941590118487e-01
9.669038577246591437e-02 5.329153134792106172e-01 -8.948899326086678929e-01 -8.878279156792139304e-01 -4.992959480049246057e-01 4.458170550753020045e-01 -1.005821073600197124e-01 -7.525749710570932560e-01
-9.998955470931027989e-01 9.651095807426173234e-01 1.000584487575784109e-02 3.064845426736182432e-01 -1.088550602345204066e-01 -5.028159399865781420e-01 1.442696763803235083e-01 5.520600031335178848e-01
-3.060638679129037421e-01 -3.268582323778417287e-01 4.164026518863934712e-01 2.876479859049667631e-01 6.831849727246530612e-02 -7.308445345354779299e-01 -4.587459653811176707e-02 2.879440573790359448e-01
8.241337788835139122e-01 1.215401466043278145e+00 1.284809288390954318e+00 1.118495818723963309e+00 9.918815115711163699e-01 9.451747778553700741e-01 5.154827455474211284e-01 5.855364121820955114e-01
