9.303183436173976251e-01 2.589180582703363154e-01 9.152579803614260268e-01 -7.375648106754237876e-01 -2.824553108603251594e-01 7.799665579343373345e-01 -1.700756499931701526e-01 9.826420552888848192e-03
1.647516681401932637e-01 -4.778740654251776299e-01 1.180658555466960191e-01 1.481751660733297005e-01 5.749570120376024107e-02 -4.204054284994140911e-01 -6.065775220427371828e-02 -4.194441283969099210e-01
4.727043664974326376e-01 -6.547940042473687772e-01 6.036050841726652294e-01 6.345327844644954585e-01 9.131935660156211831e-01 -3.004956506666507376e-01 8.713546381520802520e-01 -7.079266007713780340e-02
-8.415206816153419922e-01 1.913738245518947778e-02 8.792946602604461148e-01 -8.371472169933509289e-01 -9.056405175461506030e-01 2.132910515437929089e-01 9.761622949408155225e-01 -6.835368535866026551e-01
-2.607821864172112925e-01 -1.747565435586451166e-02 8.928474566062301054e-01 6.274774481425282602e-01 -4.983740740338467035e-01 -8.791165232674988950e-01 -1.075592975082926284e-01 2.191726942452432159e-01
6.891844198899876872e-03 -6.451442166113314780e-01 -7.757612112706069318e-01 -8.100537389072122174e-01 -6.496372769214422416e-01 3.549463248117521452e-01 -6.027917628190340160e-01 6.155777112515585792e-01
6.082890595508692044e-01 -5.917295898501611084e-01 4.343342458878343137e-01 -3.226172096353472352e-01 -3.392960184471838225e-01 7.822511432633676431e-01 -2.201813270205461581e-01 -3.836179959244316873e-01
6.870402694126080956e-01 -1.245294018562272953e-01 4.611210007022823465e-01 -3.996541860580249406e-01 7.233069471207347334e-01 9.938944825134108374e-01 -5.433689498481648616e-01 -4.509779021707307489e-01
2.836192919144497893e-03 -2.425856494552247611e-01 -9.362436520144115093e-01 -6.348993441705745866e-01 -2.426763688804500774e-01 -2.362758340332100637e-01 -9.946200573354433416e-01 -4.641446742253707569e-02
7.307788241191721657e-01 2.309686955088787741e-01 -7.791034415846480599e-01 7.175400662519362260e-01 -5.275511020903542736e-01 -8.259575100211049570e-01 -1.937257282174225104e-01 8.179297818100250694e-02
