-8.479384619594498851e-02 -1.018953952105001726e-01 1.078719626389494923e-01 2.969228020814482782e-01 -7.254221069022896984e-01 -9.744183339358789553e-01 1.952292929294232593e-01 -2.510248034789763771e-01
-2.976769620135732985e-02 3.960809619737410969e-01 -6.173320072552346272e-01 4.079241054925817345e-01 8.832625999699244002e-01 7.953937643222364073e-01 -1.365348737641927102e-01 6.343342835957583858e-01
8.619154686233809759e-01 3.178302826764518585e-01 -2.596035877594315977e-02 4.552697121155981907e-01 -9.468052994219373630e-01 -6.598180778869897622e-01 7.584167895573146190e-01 8.832983264357583408e-01
-6.991551498891233063e-01 7.924277895505635883e-01 -5.753184588160118462e-01 -2.896446116998505627e-01 7.171456378610636673e-01 -1.202916151480202256e-01 5.996587376591100416e-01 5.901908896135292792e-01
-5.551223489708125847e-01 -3.341422582324125035e-01 -7.442894500642798228e-01 -3.204371148639402200e-01 -7.546974456816855081e-01 -8.761898082520791498e-01 3.895958876811891347e-01 3.727821585382049552e-01
-2.952005447787617864e-01 7.474099046742301855e-01 5.273826126279734794e-01 -2.446808469674146558e-01 -9.315776852347579240e-01 6.709851926647698583e-01 9.291669534407200892e-01 1.634735938143869749e-01
-1.641403086159320956e-01 -8.401271706970097064e-01 9.849001743062035796e-01 8.748416705642683144e-01 9.811619196096250661e-01 -3.611024198721275447e-01 7.685406611531246934e-01 -6.051285473717418206e-01
-8.525567573620627115e-01 -6.818095357532134582e-01 -6.998213079887642962e-01 8.612526052492373019e-01 1.519011270329335694e-01 2.130774046445704784e-01 -6.858748569245500804e-01 -1.257584541799696698e-01
6.495645186729159803e-01 3.627328051214044891e-01 1.100955559172442921e-01 -7.736521578162265378e-01 3.919709949483096700e-02 -1.912809038671219319e-01 -8.137359464578699519e-01 -4.906731305212197469e-01
9.366396725324550587e-01 3.572113467180084712e-01 -2.747635148820095630e-01 8.870420348044918413e-01 -5.960248621342447706e-01 4.018614351146325703e-01 3.932308603415988202e-01 2.349698772976556160e-01
