-2.333965720325767990e-01 -2.671936624098361079e-01 -1.945771755861303021e-01 6.238688449921834245e-01 -6.095180527646844038e-01 -1.827297064501967050e-01 -7.411821754055574196e-01 2.238854775951970577e-01
-9.462670448823851110e-01 -7.654794765058263728e-01 -6.876084799636805744e-01 6.155703961677321256e-01 2.003953941248681758e-01 1.224595501698233502e-01 -8.243537924967176966e-01 -7.352964936573354038e-01
3.794813653582771451e-01 -2.160762274590783960e-01 -9.322068588025658187e-01 1.569475142245773114e-01 2.341660275955925741e-02 2.818201978693912757e-02 1.589573245642723620e-01 4.606782768118002913e-01
-8.461840864943919183e-01 7.748447341664082000e-01 2.265045158015508431e-01 1.735600332334155116e-01 9.798064136636850385e-01 -9.613895170023847303e-01 9.977385996577350369e-01 4.398528012959934674e-01
8.563828180791144273e-01 -8.465919752786241759e-01 1.592862597011190928e-01 3.790918367703999259e-02 1.570016872334185631e-01 3.084701379349623629e-01 -9.847105998299210405e-02 -2.780726350385025469e-01
3.674245106489777424e-01 -8.139374641635113150e-01 4.002312077173810767e-01 -4.887042327467854275e-01 -7.738864420738909011e-01 -7.291010777699555856e-01 -1.925083990167837378e-01 -9.202045042244013651e-01
6.405127674941994975e-01 2.705339197221401371e-01 -4.694222258111246937e-01 -6.872337983582137433e-01 -1.720527650035748035e-01 -8.096932025963421431e-01 7.842593377277522482e-01 -6.570412506521960960e-01
-6.830272751300237033e-02 6.194712467073961726e-01 -5.650770132380211752e-01 -3.649661728818620610e-01 -8.439501579712376245e-01 -3.980377134379466941e-01 -1.742285699670027554e-01 -1.545193513169047517e-01
-8.237101248870828396e-01 7.308370938123991412e-01 9.979544398423021434e-01 -7.649493607064472567e-01 -9.864867164577224568e-01 -8.961275242121389262e-01 7.028776322919694231e-02 -5.226448452751462082e-01
1.469007415154349072e+00 7.022338178717848489e-01 7.760776236070815459e-01 5.650957735084706224e-01 6.974372429552191388e-01 6.084866090569404085e-01 1.443671071758456659e+00 1.062126426704401050e+00
