4.571074340957235194e-01 -6.986716900633569427e-01 -2.426725863553198526e-01 -7.942973311314769358e-01 -3.704424022180317078e-01 -9.027098681589795781e-01 -7.810473408339111412e-01 -2.183888447920026010e-01
-4.143464972507873156e-01 6.367139175181226740e-01 9.877829855393651659e-01 2.966364421440521593e-01 -6.453032112745580307e-01 -9.195158902686715319e-01 -2.128114154417857229e-01 -2.918763565289286266e-01
-2.784744185880778655e-01 2.879606135608978601e-01 8.514965207659395130e-01 -8.598089629766594300e-01 -1.786648374069841338e-01 -4.637091778766762040e-01 -5.308334368941181047e-02 3.879263136861981209e-01
5.316751553646339445e-01 -5.371965439137806886e-01 8.304600423629777683e-01 7.936409132255450860e-01 6.947380906419406976e-01 8.456108962780453098e-01 8.182398916811330913e-01 -5.190805689173931814e-01
-5.032579871715887609e-01 9.013212281953539851e-01 3.219655174573419210e-01 -5.919248450203551393e-02 7.897208711355012678e-01 8.975937776320388473e-01 -4.288204764298131355e-01 -9.250066238319183398e-01
1.066364679029108142e-01 -4.968102227071935495e-02 -4.134016336661534563e-01 -9.680830275379432859e-01 7.474548731725312312e-01 -3.181670672552481260e-01 -5.501196196349700251e-02 -4.334248842693697590e-01
6.620123449534560667e-01 4.448115194151429641e-01 -9.062809077637834498e-02 -6.480505046395161894e-01 -5.961920332103516351e-01 9.304113024393427800e-01 -8.785538645291359749e-01 8.671073659109396203e-02
5.763743666316736292e-01 -7.055862935196526298e-01 -8.814884405902676523e-01 4.862797282968620571e-01 4.430838412881625832e-01 8.798408617885014049e-01 6.230354556302026836e-01 1.452915361247608672e-02
-9.672030278693086736e-01 9.260883410172242591e-01 6.151251369774461963e-01 9.343206345899708332e-01 2.583900985188321009e-01 -3.988306804393497718e-01 -5.746291797037519355e-01 2.499983874176208154e-01
7.187398281667429778e-01 5.477928235396456458e-02 -2.810902052505808157e-01 -3.096798097196666877e-01 8.268901856522470339e-02 -3.964394388472658459e-01 3.530212278655333602e-01 -6.091901625895963512e-01
