-6.652778831033594464e-01 2.341318640268545970e-01 -5.461821942393545459e-01 -1.338697553951011532e-01 -5.404227900407088114e-01 1.692807295077243257e-01 -7.550332169444335939e-01 -9.561987886668983361e-01
1.858076486117503645e-01 7.842125187914450457e-02 -3.233716409536249170e-01 8.670782373451779712e-02 -2.888141066290192960e-01 -5.482316147985399901e-01 -6.238299487147571654e-01 -3.677315090587509605e-01
-5.476865408428550630e-01 3.010665214996353090e-01 -4.664905539626749142e-01 -4.778573401787298280e-01 6.642259982304001831e-01 -5.586585584475551869e-01 -5.059090866081727977e-01 -9.317946082976606981e-01
-1.584709363395995219e-01 2.611118191386481158e-01 4.484698946233185435e-01 4.961081519211827384e-01 -7.460361242665913828e-02 -1.397248713698264755e-01 6.523610644632558131e-01 -2.570156226065793970e-01
-3.374069442843941058e-01 7.983522659891677531e-01 6.286703971553457837e-01 -5.649136272424597482e-01 9.662282334792005045e-02 5.366662594798465857e-01 4.438688155843584227e-03 7.065360542702521229e-01
-8.382131904783602927e-01 3.443299472890630764e-01 -6.956920224142311149e-01 -8.473766266410260872e-01 4.038236570803803716e-01 -2.498451261804759405e-01 -2.658422919726515232e-01 2.652814125306484083e-01
-8.554641684042743055e-01 -9.817541909130949040e-01 -2.542861797300748350e-01 -2.617925018595816944e-01 4.196916279948033068e-01 -9.049704263331797005e-01 1.896702858936012426e-01 -7.848001397069381824e-02
-7.426148351219352683e-02 -3.735968752647043090e-01 6.438056532156677392e-02 1.940480799238248899e-01 -2.161710682084097002e-01 1.102326446756276557e-01 7.170931764682353382e-01 3.148318405203056614e-01
9.771181996469728848e-01 5.624132717348322430e-01 -3.303255918950442904e-02 6.390635184596071827e-01 7.860046102736397700e-01 -7.632483092439470429e-01 -1.958940820477590439e-01 -2.916927077540476532e-01
9.823386264576553506e-01 5.613266366240323713e-01 5.381658185498126024e-01 8.837007938589840350e-01 1.232731278665011310e+00 5.997508807716479540e-01 5.517930262526982155e-01 8.111522481986996880e-01
