-7.904469390808341878e-01 2.962946102056103204e-01 -3.193525497352851517e-01 6.033246965546992246e-01 -4.177647973046034746e-01 2.191674993011851758e-01 8.906279194291304435e-01 9.865808737358576774e-01
9.816468574461334473e-01 1.232678230742181302e-01 3.284613702279701730e-01 -7.163702417527282318e-01 4.049822222423618001e-01 -5.257590615444529547e-01 -5.689145915777475970e-01 5.163901324239874580e-01
3.011131972804037549e-01 8.460196114533009570e-01 -2.309585591179998953e-01 -5.794981065582318625e-01 -7.204688913807240080e-01 5.350922954121843933e-01 -9.739411582917052446e-01 -4.290982127394338264e-02
-7.184769338319703103e-01 -2.635010206904331298e-02 6.724376839027581543e-01 7.841571599314898222e-01 -8.655592656054056366e-01 6.966908621734480000e-02 8.688850984031513125e-01 -9.863943309650864411e-01
-5.743713963509455844e-02 1.184136925115335526e-01 -2.694133375040999034e-01 -2.008593623468488687e-01 8.576379260291451256e-01 -4.724059025742439744e-01 8.875763279302038011e-01 -4.838122161425419954e-01
-2.194073729782139992e-01 8.468546211000591573e-01 9.904574783194024512e-01 5.075299507655575137e-01 9.124345869489103311e-01 -4.303959204747429546e-01 -7.989222509598952193e-01 -6.346858290062746821e-01
-5.168594130837151912e-01 -1.727070159782106984e-02 -1.092922118530148534e-01 -8.749799770060080473e-01 -8.756396137425022097e-01 2.779382909203762519e-01 -5.344905272709989941e-01 -7.307523822206511976e-01
5.085615209423919314e-01 -3.474765144379232673e-01 -3.012346200905173799e-01 -8.087570027084023394e-02 -8.076104887776405228e-01 -6.376825728504693647e-01 -8.960065195262651994e-01 -2.296440912615862473e-01
-5.936394193785154982e-02 9.065623782370590966e-01 -7.423780614528627808e-01 -4.268118926760482434e-01 4.533195357826680372e-02 8.190986357493890146e-01 1.803363996990741125e-01 1.503440920775565015e-01
1.315742515318009787e+00 1.249219153315735298e+00 7.026757816910816912e-01 5.373933812526562326e-01 7.038344753211129845e-01 1.353861343811088469e+00 1.442329344095868215e+00 1.303646309638362366e+00
