-7.055597050245159263e-01 -4.257347361598204927e-01 -9.041730419143889641e-01 8.677411019711442908e-01 -7.542776871678622541e-01 4.350600867829654828e-01 5.986990914650924811e-01 -2.109640928423557327e-01
-5.574940234203888956e-01 7.126572367743368996e-01 -4.537094086866007014e-01 -4.351295524690048655e-01 5.667013916183338829e-02 -2.777945439373716852e-01 1.945400563543759898e-01 -8.938537504542622969e-01
-2.454738965266178852e-01 -9.093834693653148893e-01 -5.447548903638770312e-01 -6.066906085963164053e-01 5.861101630906373483e-01 -7.141107548614773481e-01 4.995941403307957440e-01 -2.689664590319340576e-02
-6.791691504663450729e-01 3.165270461053768525e-01 5.172229967310728593e-01 2.302328152899941749e-01 -4.819490018660808062e-01 8.230288338952485017e-01 6.282936791168771684e-01 -9.150988311308658751e-01
6.832439297426797786e-01 -2.732481251774261377e-01 6.780016387224245822e-01 -1.680806782089554474e-01 3.073346142094730560e-01 -8.272210392419785396e-01 -7.972100152208458912e-01 -8.237118541550114692e-02
9.824371181222499860e-01 -8.380210150392233270e-01 -1.569124898777229937e-01 -6.313639142462246223e-01 7.869271046288695004e-02 -4.641422553225815761e-01 8.184083735065712517e-01 -9.387722348099212244e-01
1.702203628910468058e-01 -7.559907609878264712e-01 3.198750700207289022e-01 3.168943123702003817e-01 -4.796182254021768010e-01 7.853671564872926059e-01 5.167637210244659940e-01 6.123712241030911940e-01
-9.926443538112270648e-01 3.499787213199718749e-01 5.653773220391533627e-01 6.745834447902683273e-01 -1.982868215625959163e-01 -7.649814105327099600e-01 -8.917384604525417924e-01 -6.790918656822009236e-01
-5.911638259712272969e-01 6.188186245494544657e-01 -3.501267299959172075e-01 -1.594707818267966370e-01 -3.261909264250852925e-01 9.234890692069885887e-02 -4.935429040645789023e-01 -6.354429731368191892e-01
-4.017815208860620046e-02 1.576435344826268015e-01 -6.738137667751247228e-01 5.490118427937813461e-01 -2.156725350143440245e-01 -9.847302423465411625e-01 4.264296620509364644e-01 -6.747544807934546807e-01
