5.483600040489906569e-01 -8.257545243103603383e-01 -7.164719753004664682e-01 -8.612237111543656898e-01 -7.348966966473171603e-01 6.075891624685385572e-01 3.301240476473428220e-01 1.059863340579940694e-01
5.334233181319327777e-01 1.472568482525047351e-01 -2.616986893274433346e-01 -1.410606094622610662e-01 -5.557476370139877719e-01 -2.883100523598998155e-01 -8.533524871159343661e-01 -5.595259612695715479e-01
-9.676303866728741543e-01 -1.450861106617731267e-01 3.139323196511538683e-01 -2.695997287749640758e-01 3.577488144156519834e-01 7.207494243418333113e-02 2.296482094735046164e-01 -9.115701352622975762e-01
5.620535225528697776e-01 -9.289748937870632162e-01 1.023419853655151979e-01 4.531338822252728438e-01 -9.130814920765735199e-01 -3.509902718717183845e-02 9.531735421628235727e-01 1.278432394854951415e-01
-2.157399540478583955e-01 6.098308644957775027e-01 7.885759453745586622e-01 -1.473790441871705159e-01 1.185564066308453235e-02 1.997990143512888839e-01 2.906052950217721254e-01 -9.458300683687206334e-01
-8.848327703961493818e-01 8.284067149997893509e-01 -8.208710507020529068e-01 8.974511555241426741e-01 -1.385552417108362189e-01 -7.649750174155998117e-01 3.178665559686431052e-01 3.079906364968882926e-01
1.633660288253671045e-01 -4.076645203483237889e-01 -1.843229779829282933e-01 -6.826740684047141183e-01 9.096160991383717143e-01 -7.477921161351266388e-01 -8.077494623429104514e-02 -6.606166058477667136e-01
3.942146368131571599e-02 -6.071142233485644635e-01 9.332634373249617532e-01 7.050990732895723312e-03 -4.107212771780068827e-01 5.105435570865424211e-02 6.381835657173615672e-01 -7.790894779374086809e-01
-5.047642089284580802e-01 -3.638085380345585929e-01 7.926366170923326848e-01 -8.088672958332889795e-01 9.068708387047097474e-02 -4.210178609363415259e-01 3.136243974993888628e-01 -6.953627015415375645e-01
4.720791954589782513e-01 4.281284822249009636e-02 5.413930171287728577e-02 -3.376528954463418053e-01 1.731011238404511765e-02 -2.844978427826261314e-01 4.779406563057737589e-01 8.145653293493604341e-01
