-2.175125557517070263e-01 -6.320348460486993059e-01 -9.248965020104127355e-01 -2.367410288547457942e-01 -7.684608262686578595e-01 1.258589322590288884e-01 1.929416691210827928e-02 5.609023862892692502e-01
1.526375101584647176e-01 7.846529771855825786e-01 3.055823413022948909e-01 1.934879055169445028e-01 -8.007022550411582174e-01 -3.042408570189305550e-01 -6.513591198766821577e-04 8.194403245375732059e-01
-6.787540435258170302e-01 7.733977549678749952e-03 2.963600218272268716e-01 7.942751568352679481e-01 -5.406766005980241374e-01 -5.850907077903617637e-01 -2.716792431875296732e-01 4.263978210325145568e-01
1.103611984642067778e-01 -9.369623481075961546e-01 -1.235295608739406248e-01 -8.507235519916793720e-01 -1.067395812600400173e-01 3.084389764939396983e-01 1.215614256733814624e-01 8.792976723011414197e-01
5.961804157211816335e-01 2.293827418844132104e-01 -3.298605414077968589e-01 -8.298322830297912844e-01 7.880144758134322025e-02 4.233244273597638330e-01 -6.191823046175177758e-01 -9.677123541119132533e-01
-8.479249591281736720e-01 6.318340199010030744e-01 7.873308071677922459e-01 8.520501693464823667e-01 1.217171996203434414e-01 9.181458373298192477e-01 3.734960842521528601e-01 6.554825050471522196e-01
6.961858385155206275e-01 4.158435076891231486e-01 -6.618148020584881941e-01 5.258944248042556335e-01 3.367328816797370283e-01 -5.100300435641487162e-01 -3.279752040789511991e-01 -7.539222078500464885e-01
-1.622614444140966228e-01 -9.835310751732138090e-01 4.119598339925454322e-01 4.953367761140665682e-01 -3.020840427540671946e-01 2.651622513806763948e-01 7.325295104817564074e-01 2.451314381129892084e-01
-8.420827870255813696e-01 4.214447407820018920e-01 6.425501256345609313e-01 8.425295150244349607e-01 -2.658435902318596611e-01 -1.566942408623153149e-01 9.137221214187083440e-01 2.354315496331316204e-02
-8.132655489711200225e-01 -2.426229983431364978e-01 -6.569998463239223874e-01 -1.532987470457458645e-01 -9.704973371451968145e-01 9.419893856394290221e-01 4.026714719849608937e-01 -4.924491545722899932e-01
