9.733524269451538924e-01 3.727993006475081028e-01 -6.199717858249453872e-01 5.263909534840660598e-02 2.643570997094000230e-01 -2.587488297039270968e-01 -4.120543797735558567e-01 8.494108316357846800e-01
-2.739919996973707583e-01 8.283047313624265495e-01 2.111824977697027705e-01 -2.790740741067510022e-01 -1.117510100669449891e-02 1.148376559630297500e-01 -5.206383447755409399e-01 -5.134282614590301996e-01
-2.845320401748701045e-01 1.456773498256989097e-01 -3.583813522858825262e-01 -8.304262150339520865e-01 -4.547543882255540293e-01 -1.734091385440490463e-01 2.765186245021162836e-01 -6.079756499139343795e-02
-3.856033152588544954e-01 4.010024015289996857e-01 -7.183481627341934406e-01 5.891022367453313535e-01 -1.980454350625067139e-01 5.510304817678988165e-01 -8.455980923480279632e-01 3.431166438798900487e-01
-2.704116364199156131e-01 8.026844349974480153e-01 9.728622331860856676e-01 8.826718656161958165e-01 7.315936655296741975e-01 4.257692782419284505e-01 -2.854750132677166263e-01 5.295992874880237622e-01
-1.319317545376219591e-02 -6.175741730154271636e-01 5.885788215145471014e-01 -3.358094589590863155e-01 4.609234342480403868e-01 4.234863952501084494e-01 -2.662483438555052206e-01 -5.198712535109013544e-01
3.975187802218782540e-01 -1.485191557793319461e-02 3.188195388852299583e-01 -3.922158340237063001e-01 -2.791204564134128763e-01 5.625097488244759081e-01 3.560049515705581147e-01 9.770918750518831075e-02
4.497303643353611768e-01 5.615458784983822227e-01 -2.528833307925801854e-01 -2.646318720751297260e-01 8.148939543574662547e-01 -4.166264011411731083e-01 -5.458414315599844358e-01 -6.998581635694975933e-01
3.661029334194030316e-01 3.076188791066731820e-01 6.543290476562131364e-01 -2.126279072564374317e-01 9.271783426549264906e-01 6.182087959268569577e-01 6.863051195828926421e-01 8.710300329924258733e-02
1.431245401801170436e+00 6.626657193023065551e-01 6.618652811465606245e-01 8.111803677989987138e-01 9.498963902756684119e-01 1.365695122920829174e+00 6.164988859334687987e-01 1.300298216539116591e+00
