-8.016176320103451935e-02 -5.492629366639567579e-02 4.363000876465727984e-01 -7.537506562782381181e-01 4.995867295193980873e-01 9.592336887172401294e-01 -4.602253720102622569e-01 -9.360755529575661704e-01
5.439540130688731434e-01 -3.039621019281657510e-01 7.415155132444235520e-01 4.805561469282573217e-01 6.423730206868540904e-01 4.119914024773010386e-01 3.176855386203825127e-01 -9.977380834461280212e-01
4.382882878901295243e-01 -5.103215707220409847e-01 6.364535573945628855e-01 -8.561120149021990144e-01 8.766718645495028550e-01 7.654758733471767052e-01 1.111954696690038435e-01 -9.258474521351878206e-01
8.188199821187367444e-01 -4.476771037347468951e-01 -8.242279411262813937e-01 1.889758398646501636e-01 2.650425023922005074e-01 -9.223848405758696689e-01 3.695753301655280154e-01 2.257194063723941824e-01
-3.829328972420060762e-01 5.221302358301540547e-01 -2.371265573193179765e-01 -2.393445524011446057e-01 -1.265668189879725070e-01 -7.006807933609504602e-02 -6.180573347668487649e-01 6.303914656222882051e-01
5.642455945094306813e-01 1.321585015327506607e-01 3.617486908610723084e-02 8.156586921621067354e-02 5.348065732562834462e-02 -7.272294906565996975e-01 9.542594573180185336e-01 -4.806934363531749632e-01
-9.881850070949822484e-01 -2.994379318162545545e-01 -3.049015712258962285e-01 4.314679369765062056e-01 -3.725469962260463674e-02 -7.051138475994471744e-01 -2.671640847951506359e-02 -9.820965938050230104e-01
-4.039991354809631119e-01 -4.642922175997010736e-01 -5.431364119524146883e-01 -5.358210518696908675e-01 2.511656336964258607e-01 -1.126303367106324949e-01 -4.432665599946039592e-02 8.211623507262952870e-01
6.345224295029923134e-01 -4.922037642701002635e-01 6.750536197222305468e-01 -8.435521250060329379e-02 -5.111796279669929000e-01 -4.996137500399906450e-01 -3.082193999195614875e-01 8.438800057345330341e-01
6.106878316187609457e-01 5.253842810094759841e-01 -1.462120997464748662e-01 -3.309963196910172822e-01 8.109955654668243863e-01 -9.833212370826616144e-01 -7.887233972330487397e-02 -5.410610829842887881e-02
