-2.043219738144375075e-01 7.575411192278316275e-01 -8.508149487029315061e-01 -1.609078349676777986e-01 -7.299339341419064375e-01 5.254615780730083063e-01 9.343243994603089853e-01 5.125604725285735075e-01
-4.668311487279530603e-02 5.271822652866382519e-01 8.785978377835377273e-01 -2.812487877013718496e-01 -5.053752585093842509e-01 2.928155863490682354e-01 -3.690176536800768847e-01 2.724572292966431775e-01
-6.418362309903056229e-01 -9.385026211729496914e-01 -1.522149615876691175e-01 -6.383379172269547652e-01 6.266287700033827957e-01 5.109428580654860053e-01 -1.861018155906526417e-01 -7.918677722335023539e-01
3.366868788516204081e-01 -5.097504614286603175e-01 3.931365507347810428e-01 -7.006528369823383784e-02 -1.683530381316742375e-01 3.424918324938652781e-01 4.736043442682653648e-01 1.940795871614184875e-01
1.985305999098168073e-01 5.393499419370000325e-01 2.003525887174422149e-01 -4.001148311177542549e-01 8.077017876180672129e-01 -7.108005570968922715e-01 -9.249945739056979477e-01 7.015499348620770625e-01
-6.895426107261759530e-01 -3.557917065224431852e-01 7.766409218264482828e-01 9.172964485987236127e-01 -1.900430358239169060e-01 -3.185197137099762266e-01 -5.396598941724697340e-01 -1.408786558035497460e-01
-6.167398030857418334e-01 -2.702895331706962612e-01 -2.043925597758859958e-01 -1.618491541012136992e-01 -9.849261033212020067e-01 9.841932311392547206e-01 5.918620901745310636e-01 6.182812566834108292e-01
-6.558435437587644135e-01 7.667998085372367267e-01 -7.130739656169040597e-01 1.997890553390295754e-01 8.110567092693310443e-01 4.528065227984230390e-01 -5.426070018862882982e-01 -4.975570260297983438e-01
-3.669725772928051910e-01 -1.380683169851419922e-01 8.497183283277947030e-01 9.376440345124927855e-01 6.234995654294128720e-01 5.818431256060117018e-01 6.441792737299223415e-01 -7.259152484518485160e-01
6.278795746615877249e-01 4.507922714984287094e-01 3.725477865496065188e-01 2.235830698848955134e-01 -5.688258453805645765e-01 3.050288818839423932e-01 8.471371289143758698e-01 9.761040766199364782e-01
