-5.045956155181574587e-01 1.676330754881585339e-01 9.563892648697065457e-01 -5.098927303369462649e-01 9.834561344292369611e-02 -6.253251066468250574e-01 -3.720433513244247870e-02 5.710887205789001442e-01
-8.347625077976352781e-01 9.615055666929861466e-01 5.131878974904446888e-01 9.379685184095645223e-01 1.838301238037647334e-01 5.532257083381679763e-01 -4.783392658908369732e-01 4.912680719099677962e-01
-2.012301362840760444e-01 -6.177285645233541178e-01 3.657849386070166631e-01 9.687097445473429325e-01 -7.254611822892491624e-01 3.352486066114668262e-02 -6.840866278985777704e-01 6.501022371180016357e-01
3.018156846137558524e-01 -7.817967916139632045e-01 -3.728714488745976663e-01 -7.766803756359288435e-01 -2.930800017407602098e-01 -4.169158745140852940e-01 -2.222480551487844291e-01 -2.288328806371815460e-01
-4.706149965058825657e-01 5.688901336875904491e-01 -4.798788083834044649e-01 -7.176101628572102431e-01 6.488533431424139408e-01 -6.262321740581571206e-01 -1.865063646552533871e-01 -9.561336099395616461e-01
9.730517146327173350e-01 -3.833252764427896864e-01 -5.682283881619780708e-01 8.559082381892175739e-01 -8.432216048242853201e-01 1.655563373856636655e-01 5.621346032241731905e-01 4.360552473448666699e-01
6.908161195180566594e-01 6.780602844202814339e-01 4.197820808882868349e-01 1.115159489036887663e-02 -8.618995442073245083e-01 -1.748551415899186612e-01 1.707648945975173138e-01 6.317277383583677075e-01
-6.674959740376218420e-02 8.636668924792403335e-01 3.725654024694697863e-01 7.253185039058740458e-02 4.331259010414720834e-01 -5.896656093406009713e-01 -1.906144904479230018e-01 7.353554022174597637e-01
-6.525021390902208118e-02 -3.272906764993386286e-01 -3.737469967525259840e-01 2.172665079307558589e-01 -3.337583970895825480e-01 -8.272284337039459423e-02 -3.308803264917847820e-02 -7.845812883478933131e-01
5.768632930970409856e-01 7.275591408122692449e-01 1.139737460545894976e+00 7.906761594693393347e-01 1.195573803937385327e+00 1.236266014354328036e+00 1.287455722942101755e+00 5.067062436377273160e-01
