-3.775962578132261438e-01 -7.945496363233808257e-01 6.210294507554161569e-01 2.078881826127099153e-02 -3.551916778457675505e-01 -3.863808873643126418e-01 7.937624701426226892e-04 9.473879547094807840e-01
-8.527314842214439583e-01 7.903819790755886032e-01 1.621700038787956544e-01 -1.624690078987465203e-01 1.113341066007633717e-01 -4.299423429236146621e-01 -8.350366734896530474e-02 7.893139221853260334e-01
-6.406396909677880558e-02 -7.122956674517801900e-01 -9.790263308649727048e-01 -2.614123224639053333e-01 -8.852339143966863055e-01 -9.916127960068037428e-01 7.236004025011510965e-01 -7.517548710299786219e-01
2.670685785257198575e-02 1.575322184712109053e-01 -5.108460360792190791e-01 -8.287060494161804236e-01 -6.553776356054545893e-01 -1.852771452081483083e-01 -6.152882244934199107e-01 7.183166926645103700e-01
6.566647480942686688e-01 3.045248689444690626e-01 3.209666282505150292e-01 6.739569142149905989e-01 -6.564585327394463210e-01 2.819932319069198279e-01 -4.910635896482402618e-01 -8.186504986726395039e-02
6.917355919460370650e-01 2.561281586660260068e-01 -1.117883923826079595e-01 -1.287976030693624985e-01 1.531180829464526827e-01 9.308847680022367399e-01 -5.105417765284192555e-02 -3.157383602177077364e-01
-9.915116352090878049e-01 -1.997218820302930631e-01 9.803273314619713741e-01 6.992020295583094569e-01 -4.133751336014046540e-01 5.148628483746970907e-01 -9.427826284469511542e-01 -5.981292453646009921e-01
2.072904200626930482e-01 -1.404600697776783313e-01 5.774330279685675471e-01 9.940867955875112294e-01 -6.124409687026812765e-01 -5.982070379614286004e-01 -3.803070773211736366e-05 6.437229432783080352e-01
-3.264530739459037267e-01 5.020037762910307677e-01 2.331639798010107789e-01 -8.582897764536940866e-01 -4.666593396041527342e-01 2.031313198292927780e-02 -2.409952312605923019e-02 9.256775932165011156e-01
5.277427459259317333e-01 5.803867786600307443e-01 1.399094858691474652e+00 1.004216838748077212e+00 5.133000856765892461e-01 5.493754100810094299e-01 1.176302017592780080e+00 1.417268039718321937e+00
