1.877239110125472621e-01 3.069449354500264349e-04 4.449952208280216759e-02 -5.475961996158378309e-01 1.915449290053881093e-01 -1.830187926684061495e-01 -3.552311277240474130e-01 -1.980183188806883265e-01
-9.903149467432892372e-02 -8.730447787089654632e-01 -6.603674602312799014e-01 3.435738972196979990e-01 -7.776767258215528944e-01 -2.162088521592611112e-01 -5.113646743474180578e-01 -8.980003137091421284e-01
9.070200022093355408e-02 8.529310766578650504e-01 8.538129658678264011e-01 9.202656541107030463e-01 -5.326734531508645620e-01 -2.079710767784237468e-01 -6.046548445582100584e-01 5.844461832935512469e-01
-7.670209618707701793e-02 -4.419582689275711740e-01 4.434699050895181127e-01 -1.050286992859148505e-01 9.387368008657550611e-01 -8.887839867741074151e-01 7.940655040686583899e-01 -5.836505166462437888e-01
-7.635000941832543742e-01 9.495487175027630400e-01 -5.108671917379699057e-01 -8.066082309136497486e-01 -5.231100645573227848e-01 5.729256035346670384e-01 8.510949364444320153e-01 6.198169961188992882e-01
-8.842744324975690962e-01 -5.183999411105630895e-01 4.886781469858858529e-02 9.649714323696167995e-01 3.729904201027516297e-01 -9.396078239569525259e-01 5.257430834786067653e-01 -6.135775747915273026e-01
4.161357492799475644e-01 -6.152345599377355700e-01 8.899961810837098142e-02 -3.632670624910789847e-01 1.755965897852600488e-01 7.438312284328869595e-01 -8.430694433251857411e-01 4.596116391500741916e-01
3.762672732977969670e-01 4.929969663869657737e-01 9.665527391880803787e-01 -1.142435777072838832e-01 -5.051522248077544575e-02 6.689192747387693316e-01 8.445615964701493894e-01 -6.092760579989573433e-01
-1.566448455897053726e-01 4.461992745682212824e-01 -4.527971188988650919e-01 -7.656469012900057880e-01 -7.171949268708242009e-01 -2.600174539003268226e-01 -1.423662842967015063e-01 1.831178045319823422e-01
1.198467936642212184e+00 1.370521230996654349e+00 1.236463384351124351e+00 1.449925861705307906e+00 1.061296503234867572e+00 1.312827104292474178e+00 5.922090058209810159e-01 1.066786563232455576e+00
