-8.106202385051488601e-01 6.150838894112882205e-01 -7.731059101972326264e-01 8.224168889918057612e-01 -7.411535413530929706e-01 -2.986585061600255386e-02 1.968915936356605556e-01 6.827864202235292002e-01
9.095237788831465053e-01 8.650180283955029026e-01 5.443568938154281778e-01 -5.745396904708512942e-01 -1.666345578150552065e-02 -6.749471305760224027e-01 2.943109265812200448e-01 1.500182982895204020e-01
-6.784465999308328943e-01 -6.573474752311381231e-02 -4.913557001648594103e-02 -9.776363290694409791e-01 8.262181615138963764e-02 -4.389534109557891028e-01 -4.344747140872518010e-01 -2.936685721857490439e-01
8.296464960158251856e-01 -3.154046878956175970e-01 2.636115737377799917e-01 3.021263791909434282e-01 -3.966179512727812106e-01 -3.659100229103233737e-01 4.829383716472190891e-01 6.900426661702936393e-01
-5.481294337018363105e-01 6.211683835145624943e-01 -5.105770872716572928e-01 8.509129050722237242e-01 -1.192130009288094872e-01 3.427174758391493548e-02 4.288534429982473473e-01 -4.082222390846383941e-01
-8.199716767209819235e-01 3.170015501313858675e-01 -3.310670818337755339e-01 -9.027692952228867362e-01 -9.974705420224694308e-01 -1.944340766740448867e-01 -7.449573269412965715e-01 9.065422191025909182e-01
4.719435125580333512e-01 -4.495112444195563661e-01 -8.538043934413415137e-01 -5.836055978074947692e-01 2.352170111376408190e-01 2.609527327287455289e-01 9.532104078320544627e-01 -6.143077107290044747e-01
1.440287151420214240e-01 9.731409279525027323e-02 -4.469243331049745915e-01 -9.891394099848986876e-01 -6.961448254635382860e-01 2.702986613467157628e-01 -1.041002845417822176e-01 -1.970517630578632051e-01
-2.564726993426045265e-01 -6.821005635900112551e-01 -5.488023710118234977e-01 -3.473395404481216531e-02 6.355298416927277483e-01 9.960871565090396729e-01 4.305718519524304178e-02 -5.219755432776307380e-01
4.036249501188635680e-01 -5.598908036444030234e-01 6.102150878934129441e-01 3.678381853416701208e-01 6.700606266535571454e-01 6.470460947401144303e-01 -6.932473555200648896e-01 6.874440994304527042e-01
