3.321508538531059429e-02 6.057954987337821340e-01 3.942569804209785644e-01 -2.814505315503068594e-01 8.145198066087688815e-01 -2.171520326752103269e-01 -8.783890956978228637e-01 7.207957581093356048e-01
6.191971888492875387e-02 -3.113486058765269071e-01 -7.367872871209750762e-01 9.901618136850398599e-01 -1.130497131937666655e-01 2.489425224356573985e-01 -9.913961721575925701e-01 9.522579851340491341e-01
-1.105759588770862667e-01 2.716426010497781096e-01 9.782427866406824268e-01 -5.615559851855689288e-02 6.372074934813221070e-02 8.824571644629179978e-01 6.824811818917781991e-01 5.499082589209300931e-01
3.490476786315905855e-01 -9.626538282206202890e-01 -5.223472371355066812e-01 -3.626270323858036271e-01 7.965071335603675085e-01 -1.331166636745730880e-01 -7.638313056590366745e-01 -5.759431182042329400e-01
-5.661871130170048616e-01 3.004499210053399594e-01 4.739003544719495586e-01 7.008401511456048283e-01 -3.461740914235424960e-01 -6.042246066917142944e-01 -2.867403872551492761e-01 3.123045016093550785e-02
-5.750984803645766696e-01 6.980087633705092109e-01 -5.442481544357988810e-01 9.472845585376616917e-01 -8.233819337874188626e-01 -9.450651684641475647e-01 2.521352553834943500e-02 7.489764675509587022e-01
2.498578637991215601e-01 7.375626922121243378e-01 -3.059541785732067254e-02 -6.273697193480982648e-01 -8.200031862613865741e-01 -4.316371308781685734e-01 3.217913264395326767e-01 -4.882829853781598395e-01
-3.709490856309438644e-01 8.458185336140955357e-03 -1.093130218957820698e-01 -3.537623801766707210e-01 4.782421326817294371e-01 1.092936986171699765e-02 8.567924565811315674e-01 6.697670625933871413e-01
1.519882962098504375e-01 -8.940628769242673357e-01 1.130960009944237399e-02 -7.340333090881345779e-01 2.714278805082479540e-01 7.675927177218737629e-01 4.731759918161309031e-01 8.759362043729841396e-01
7.367280745367652539e-01 3.519324717394540780e-01 8.211855328790924613e-01 7.635182882161286599e-01 1.884905850658005200e-01 9.541923634218387740e-01 -7.292792927797151492e-01 1.519484582531747119e-01
