-9.182014132803431039e-01 -7.103081719412387418e-01 9.455173179752236479e-01 -5.479040055963069200e-02 -9.205148584677358414e-03 -8.059014270343725084e-01 9.877518329920587092e-02 -8.407143758298267766e-01
-3.041172489096237719e-01 3.674961859640561990e-01 -2.758256274616692760e-01 -2.046856009539514965e-01 9.574843034479207926e-01 -9.818419242717808526e-01 1.361471884022431578e-01 6.185287011032274407e-01
3.456108041189920321e-02 3.802655691287872841e-01 -4.101045472217634824e-02 -6.575039602598236055e-01 9.604487692363450346e-01 7.895613842788233860e-01 -9.677561837243893184e-01 -2.132898672121839034e-01
6.945433437888983708e-01 8.853444826566629899e-01 -4.856870227905636384e-01 7.412926434517974617e-01 4.285406543368093235e-01 -7.671450073365313482e-01 4.880836855762520354e-01 -1.973741913493727296e-01
5.896132618395153457e-01 -4.819523749415619562e-01 8.135170007111858226e-01 -7.905494562015265014e-01 8.091427124553220995e-01 9.627864772999168430e-01 -3.360146103792245320e-01 -7.370728984785073212e-01
-6.843804658867345125e-01 -2.497277841644780505e-01 1.271626867895603308e-01 -9.670436962611219656e-01 7.596779781632365669e-01 1.509336847862527975e-01 -4.146267276630042353e-01 -2.890210717818506581e-01
4.904915128850881878e-01 -6.987178016332933339e-01 -9.598823343092075522e-01 1.394773199322794088e-01 8.862878596143652921e-01 -6.859790865295714024e-01 4.034387298417978496e-01 4.175938710913136287e-01
7.730698273366936046e-01 5.625483086618643380e-01 1.354886103807462217e-01 4.894864283281143980e-01 8.935129209763781333e-01 -2.205883472469853945e-01 -9.314814589102229370e-01 -2.503539829994403387e-01
6.826513259164599390e-01 6.834094445650729099e-02 5.584346888053008939e-01 -9.617617328961798329e-01 -9.602170419917477329e-01 -3.606618353535906429e-02 1.210447663659246498e-01 9.888642529253997004e-01
1.336008396877423898e+00 1.095438996608982585e+00 5.002973468615380392e-01 6.973622361940554626e-01 6.728808987940926301e-01 6.945055944822949856e-01 9.865993150111571630e-01 1.218747895618557786e+00
