-6.588475116724417102e-01 4.607107247498558600e-01 -9.271638215943767136e-02 8.670837358703431530e-01 6.719172255037322294e-01 -8.464876243527854616e-01 7.521058177685515655e-01 -7.677141509180578360e-01
-6.669785441331688158e-01 2.356547365007157779e-01 7.281305399340993745e-01 -7.900400468423567357e-01 8.595706169931931484e-01 -4.552559514446972155e-01 9.263060302222814180e-02 3.613916786185722430e-02
-3.731051374633276296e-01 -2.144074751059217299e-01 -7.985401636368942846e-01 -9.480328813251108766e-01 -3.857395944539303567e-01 -2.200101218754360044e-01 -8.094401805595352606e-01 6.960714322295640244e-01
6.600613008385844971e-01 4.190901550537782239e-01 -9.732010754317039769e-01 8.092606304518823457e-02 3.214611476108610866e-01 -4.836730878084167795e-01 -4.362718943495893509e-01 -1.166845560545364258e-01
6.032627499895888423e-01 -7.769235780903169797e-01 -4.966571013757679065e-01 -6.332282149948851302e-01 1.897455724157819379e-01 -9.087507791224274101e-01 9.573276210372412276e-01 6.067941538274983504e-01
-4.999079976882208065e-01 -7.478455429464594406e-01 -1.711192049736407483e-01 4.191439936580259040e-01 8.516881009232994959e-01 9.775749154220696457e-01 -5.410569567793392931e-01 6.501899100587691382e-01
3.756630995924641336e-01 3.998284760564867479e-01 1.913677131856383884e-01 -9.107847519555991589e-01 7.652562368959647809e-01 9.710808794846592651e-01 3.244378385171058365e-01 -2.982753379983698050e-01
-2.058301775224600227e-01 -9.398957125024889336e-01 4.029813421905057425e-01 -1.657762017781450048e-01 -3.913504585060005869e-01 2.876385770936527031e-01 1.134906778489777057e-01 9.332683441260825052e-01
2.360593132742487832e-01 -8.178344920885520786e-01 -7.008297487871457676e-01 2.279210288681148278e-01 -4.428594532136764794e-01 -7.731942368791369091e-01 3.648701867701695800e-01 4.900901186403598953e-01
7.513017805985704456e-01 9.555019922834193657e-01 6.804055340742091174e-01 1.028275950235913339e+00 6.594222496457686766e-01 1.225043308079559523e+00 1.292375112265140791e+00 1.011721232255940350e+00
