-1.101565737565401992e-01 -2.463690296476039876e-01 -2.042811632382195430e-01 -3.977961739127751084e-01 3.117810570725381147e-01 -6.305338534114406368e-01 1.276367320711451203e-01 -1.982799494795595141e-01
4.290292197788971862e-01 5.013099002646532742e-01 -8.089222998967104949e-02 -8.640987744189185804e-01 -1.725074759989397855e-02 -5.835345514053846827e-01 5.007758243136848364e-01 5.322357420849623821e-01
-2.115857784257078045e-01 -5.929853348378213429e-01 -4.276775695284396051e-01 3.334130830006318824e-01 -2.768867170183089144e-01 4.766466488450191719e-01 3.884348119662743848e-01 7.168181719342663349e-01
6.712722526426628811e-01 5.743168621113281525e-02 -6.604807312440486022e-02 9.232875425708313433e-01 -3.325053040957151040e-01 8.367308532649593289e-01 2.367688938496548268e-01 -9.080782723257627698e-01
8.870348136042291998e-01 1.435487191086290970e-01 6.898326803630914217e-01 1.497499232756978049e-01 -5.014075531242450090e-01 -2.183632493330445179e-01 2.159373958641945812e-01 -4.729196873928782630e-01
2.508788197844371570e-01 -2.073135242889025953e-01 -9.383036581960357836e-02 -5.308751349863849445e-01 1.866230324870663537e-01 7.461197898639737591e-01 -1.497700768601999410e-01 -2.962998290603950924e-01
5.635828888139517989e-01 -8.879524108698593210e-01 4.978064048422650156e-01 -5.213373205738092153e-02 -7.780582509797360213e-01 -4.165430244034709073e-01 4.940634298145261116e-01 2.756166443232668239e-01
1.360932469785682830e-01 -9.294417659731584180e-01 -3.762113790761092424e-01 -8.017662761477681865e-01 1.940081195693517113e-01 6.148313741632562834e-01 1.279468125869207551e-01 -1.841601837073736370e-02
5.361506440066907686e-01 -7.161813844824400643e-01 -8.836589243657184678e-01 -4.121565354295062544e-01 -1.164809213777995289e-02 5.345794819321225688e-01 5.898664929532155821e-01 2.951970012172489000e-01
1.472194925191053994e+00 1.373288775655173710e+00 6.901475322984766958e-01 1.166231381800728384e+00 1.148393169754185816e+00 1.067427110792916078e+00 5.442663350188159388e-01 8.328543094956986081e-01
