5.203981996377573527e-01 -8.925754539422328104e-01 2.267588843593923986e-01 -2.055306312498150767e-02 -8.362095474576622944e-01 7.921087116841245557e-01 -5.817159808861058767e-01 7.535102459809861486e-01
-3.500936783353711945e-01 2.324207060978629169e-01 4.255914197370074259e-01 7.469888296831439511e-01 -2.679041657425240697e-01 5.879873893309133237e-01 -3.781615599367513791e-01 9.752815982953539908e-01
5.087016804462307640e-01 4.281217308843772162e-01 -8.090727370122996476e-02 -7.992960385444860538e-01 5.139131936631278208e-01 3.030188943416070035e-01 5.037606280479778320e-03 -8.010232203365954540e-01
-9.727879117281368337e-02 4.660618763276391796e-01 -2.726821085417274748e-01 9.623214586077597499e-01 -3.008880312871913265e-01 -4.179140674861798743e-01 -3.129904624678931935e-01 -4.078498056639254798e-01
-1.407822493104415873e-01 -4.688409480073161273e-01 9.711625017930263226e-01 8.935847700185188813e-01 -5.391049723818077677e-01 -7.136315292439707747e-01 -1.996424399193816868e-01 -1.165656136071164806e-01
5.848484736995245292e-01 4.320664792782002994e-01 -2.138909380275277883e-02 9.109201386362355546e-01 2.435239661325994120e-02 -3.376149571077269318e-01 6.073684134401771129e-01 -8.936567595402962194e-01
1.164102317664312825e-01 9.405244766141713786e-01 -3.699378985856027757e-01 7.036347676602419110e-01 -2.559104655654635962e-01 2.761158553465066223e-01 2.726243420989593602e-03 2.486073347040160808e-01
5.748921605688748215e-01 -3.081568523530571202e-01 1.253436258672602222e-02 9.610201632383175152e-01 8.674503140789175948e-01 1.216843444560284926e-01 -2.310610547073927989e-01 -2.408925353400788172e-01
2.941430445253181425e-01 -2.338136016423773000e-01 -8.648938107188985924e-01 -5.028801088133099118e-01 3.027773506562418948e-01 -6.432443101823923648e-01 9.824535823208220275e-01 -4.678593717683523501e-01
-8.683738577788124857e-01 1.949489782483773137e-01 -4.918066890225913923e-02 2.891800895723048992e-01 -7.306491236210841400e-01 -9.577961479882468598e-01 -1.713870283179472764e-01 5.213763370321744528e-01
