-5.777430912145100628e-01 4.975098144773486553e-01 -1.566007268136504482e-01 -1.532091310371179738e-01 -5.379118227193000479e-01 -7.856618137071724739e-02 -1.868559876226163485e-01 8.862760477741349341e-01
-6.251930861909060777e-01 -1.876518612898070426e-01 1.930979809992656726e-01 3.122805667851791256e-02 -5.176388556909143901e-01 1.627675964970405342e-01 5.504852832991842249e-01 9.511730488674523532e-01
-9.107778794204637318e-01 -2.239727740653201238e-01 8.927185066915606093e-01 -5.672435939715034792e-01 -3.234565657251802229e-01 -8.803370109381636333e-02 1.159242849763806316e-01 3.727644889561387842e-01
-2.894014154641468828e-01 -3.835976507375258304e-01 -6.420238745471205100e-01 -4.921244300138041261e-01 -5.746671678929446969e-01 -7.698142333405428861e-01 3.296805866713308220e-01 6.836661534385117811e-01
1.923444878500863986e-01 6.486232841200934018e-01 9.180555074005647409e-01 3.279638782191933721e-01 5.749330586305185786e-01 1.715029687078934995e-01 -5.131554806283677994e-01 -1.451976839734909763e-01
7.358831994907244489e-01 3.989023882313589286e-01 6.306740329151288016e-01 8.503824178947558821e-01 -9.108349611791750622e-01 7.833738355910764284e-01 -7.636635498337025485e-01 -9.886639326692157059e-01
1.113920981623977013e-01 -1.796939911375707855e-01 -1.734588244326016326e-01 -1.146672518062781254e-01 5.784972065455842305e-01 -9.837227158397769955e-01 -2.035381996331708798e-02 4.607298358010041284e-01
4.304704489735411421e-02 7.781079151865448740e-01 9.423846501844579393e-02 -4.749149642671091076e-01 5.992324890026732298e-01 -6.960162252070789535e-02 -6.524175065302053600e-01 8.300398249283302832e-02
6.075245044364820934e-01 3.785246620756210767e-01 6.526445596768597479e-01 2.643868257890809037e-01 -1.556091617369597113e-01 -6.665858982190853155e-02 -2.923125281947320797e-01 -3.680128857855982094e-01
1.066179083873700417e+00 6.705118417653588292e-01 7.328390393570271000e-01 1.379185388442705218e+00 6.259301617880530522e-01 1.063767902202490845e+00 8.940328545384822467e-01 1.467655483087526802e+00
