5.901044385051257279e-02 4.177118915592556991e-01 -3.514132754315770768e-01 -1.535490071258993616e-01 2.125109667724809359e-01 -2.399681995125164669e-01 1.680390522645596185e-01 -1.790926580246021693e-02
8.109793784095986613e-01 -8.777577468683808171e-01 5.764240501498409941e-01 -8.801402574213856855e-01 -6.160680010097341341e-01 5.024163362372227049e-01 -2.315038601246441896e-01 -5.788860649636351496e-03
4.174691611577345807e-01 -9.515070820435347354e-01 -1.420696285855616026e-01 -2.266703072384717021e-01 1.841444049823952600e-01 -7.599165499029167936e-01 2.825154757551180396e-01 -3.827417420939946968e-01
3.624098172605305646e-01 -8.837725937717433311e-01 -1.145357333867946803e-01 -5.103582750973154614e-01 3.852884780673215825e-01 -8.807667004346220185e-01 -9.584902367744696505e-01 4.138961117269668311e-01
-6.953252899448092439e-01 -2.474529216828309508e-01 1.632189173254374737e-01 2.008009073923859855e-01 -5.013575170955031357e-01 -2.115731750898866004e-01 5.831409582414670556e-01 1.368433058720268658e-01
-5.735529656051876479e-01 3.317924536989946827e-01 3.706271027297625142e-01 9.987211559864663801e-01 5.989385103040274494e-01 9.342176221988742757e-01 -4.426554752878524290e-01 -6.272660780285868043e-01
2.847426801129069318e-01 -6.845728140454618860e-01 -4.478797555154583332e-01 -1.803286404609276694e-01 8.362385471352580257e-01 -2.935248249667727904e-01 4.200411612619647794e-01 1.638650000238548454e-01
-8.997379020990641241e-01 -2.431956010135138957e-01 1.274858451994329567e-01 -9.077030645805006515e-01 6.506904646513465007e-01 4.584044606822776924e-01 7.243374742974733049e-01 -5.474630105343998299e-01
6.009557691878009145e-02 -3.482143440310210281e-01 8.430402277109729781e-01 -6.625464492552772811e-01 7.740663986547104969e-01 2.840208452422023910e-01 9.027267876838074301e-02 -2.032873792743001840e-01
1.255569378251978119e+00 1.163734081121674535e+00 6.436599276993608676e-01 6.172623228547505780e-01 6.084903424414449535e-01 9.464976795464813408e-01 5.883148385421198556e-01 5.507231358863530213e-01
