1.561034501182829715e-01 7.244883876534196077e-01 3.191598059936584519e-01 6.723657595489256344e-01 -4.594067193448394537e-01 -4.910651529585852160e-01 -3.226634118962061759e-01 -3.028651207363399767e-01
3.903565943379798675e-01 7.254233168064296855e-01 4.744843591233236513e-01 -6.890379716959851297e-01 4.503601177279124013e-01 7.364227489875483368e-01 4.496659450010374037e-01 6.453041364631266763e-01
-9.455291219422079507e-01 -7.679673932669845993e-01 4.992472758570938307e-01 4.944520915231600533e-01 3.402988176951686761e-01 3.509094907212704229e-01 -1.019106925638635364e-01 -6.033090405704031323e-01
7.790490931922013917e-01 7.416268968408765705e-01 -8.462845726246717160e-01 -5.457536194740035818e-01 -5.490572506718021106e-01 -6.775149888569820256e-01 8.177660577289562749e-01 -7.638387647336970510e-01
-2.894586483259280474e-01 2.162757349256188011e-01 -8.138104914695862835e-01 -4.016194355444393516e-01 -7.384098902165381340e-01 4.890311758502707828e-01 8.830293599442391450e-01 8.735327441574971541e-01
9.908566257923880904e-01 6.240289593404761970e-01 -3.184914325652861145e-01 5.938636986990464273e-01 -7.131721504139716394e-01 3.705059477073509022e-01 -8.115996280721828882e-01 9.079212800493356994e-01
7.202891886327296156e-01 7.991318885033604769e-01 -4.126026962385249686e-01 5.634108761285800959e-01 1.471647367736728107e-01 -6.204933470526954320e-01 -2.902841075076973976e-01 8.258907272241380326e-01
-1.466887279486246420e-01 -7.555707831849629574e-01 -7.866433634928353680e-01 -5.930136158995422679e-01 8.755141779086024201e-01 -6.409836963219421868e-01 -2.512299847685546261e-01 -1.604101402709343649e-01
-1.205645224992122344e-01 3.144609702843002008e-01 -3.187156036642326828e-01 -1.126886595683773695e-01 -2.751317782070215046e-01 -5.059824379212183310e-01 3.567480722754696743e-01 -8.214372611166236293e-01
1.103810191241227034e+00 1.103827231194481229e+00 1.047853484623971099e+00 1.371871589190348573e+00 1.029914847129537847e+00 9.821732224725820970e-01 5.573672562905019889e-01 7.628362326521639369e-01
