-9.321400324351631905e-01 7.752871109849064357e-01 -2.519439471044895296e-01 -1.421597105704552888e-02 -3.090883388583867131e-01 -6.265140531150250602e-01 7.480140985127754494e-01 7.327461488299640280e-01
9.707260361566192319e-01 3.352711055396748741e-01 -1.273986936592321761e-01 -9.271719265333431270e-01 4.445310949035179426e-01 -1.971414507878661571e-01 -2.692606111473920816e-01 3.898615915433982781e-01
-2.844435598688368483e-01 3.495513502930387428e-01 -4.995596182945369890e-01 -9.612057556154389726e-01 9.108425904541910256e-01 6.187421293900168262e-01 -3.917274115954105795e-02 8.160959029367591544e-01
-3.347334104119561449e-01 -3.917655916737481370e-01 6.649953234575822769e-02 -3.547641638420127030e-01 -8.546441269099498417e-01 9.675500862234940325e-01 1.217089885682021144e-01 -4.399733545353075037e-01
-4.069821724985449585e-01 -5.478872224993778239e-01 1.745049549344046547e-01 -7.324088483166302233e-01 9.367363445254266452e-01 7.589202179683569582e-01 -4.812446572261659394e-01 -9.533546026272121665e-02
-2.480685399436954874e-02 7.422980661079190412e-01 -4.443859125367282115e-01 -2.725805308615578681e-01 -9.293552646757539115e-01 6.790628052073719445e-01 9.384021526800745416e-01 -6.556223219979862016e-01
-5.531101938481810532e-01 9.704906121786720519e-01 -9.758744348020393922e-01 -8.232477160922260229e-01 3.449351172889072448e-01 -6.949281993875284780e-01 -5.253743245117008520e-01 8.791714932042915542e-02
8.657565527752668633e-01 -3.013562913236562668e-01 2.505325709535337619e-01 6.112295357670347595e-01 6.853754387438872886e-01 -7.829047822068415652e-01 8.349190811337714457e-02 2.481884347169145411e-01
1.763763909347948466e-01 2.635389320799783608e-01 1.141691344188553447e-01 5.644295646346479955e-01 -3.407620040965713137e-01 1.704093030470945624e-01 2.042542942920722027e-01 7.728792367506118755e-01
-8.053917141870021723e-01 7.879135705017954461e-01 5.161913476152977243e-01 3.817845428234309946e-01 -8.545982171104387071e-01 9.343671072004742229e-01 9.875555689031263462e-01 -1.771569814036133561e-01
