-2.793233888697617129e-01 3.829754210687750238e-01 -8.311239260997025369e-01 -4.268802190523359741e-01 7.395417184475152617e-01 2.963306456275760503e-01 -1.215575299745554894e-01 7.099731325241573909e-01
7.926711645929347405e-01 1.193942232173106355e-02 -8.417471269818310731e-01 -9.548012643681438316e-01 -5.622870903738097503e-02 2.817954267221161047e-01 -1.110870725296710937e-01 1.678269239806029489e-01
-6.551361883656459106e-02 7.526332106840594172e-02 -4.167322944153450948e-02 8.076989043008200309e-01 9.497341233347593725e-01 -2.680758664595721541e-01 2.044976910905158540e-01 -3.170570237770424793e-01
2.495016715174920297e-01 9.810144998533787408e-01 5.067470594374623438e-02 8.897314059451217894e-01 3.379539695649169673e-02 -8.278897006840812978e-03 5.235699729134393188e-01 1.472177350848007382e-01
-4.663935189932664205e-01 -4.081477727150049084e-01 -2.838088333584429801e-01 1.099611442675407780e-02 2.863963462215368683e-01 -8.444503340296143357e-01 9.775721154825489645e-01 2.019039458034839196e-01
-5.716468102939591400e-01 9.018402284723900930e-01 -3.996215525654436274e-01 4.116774573110992819e-02 8.131125684961919564e-01 8.707383995384110342e-02 8.252918120553824899e-01 1.546991142618567849e-01
2.803209476295898117e-01 4.607885678138932128e-01 -2.916506918430470385e-01 -8.840300183179066185e-01 1.355221385824905145e-01 -3.120512425964150349e-01 5.807557806410952317e-01 1.524076639781082321e-01
8.550317250832883964e-02 -1.761589441153581514e-01 7.136260742759683584e-01 -6.427057820425683410e-01 9.733774749987755825e-01 9.017956921520824398e-01 -3.662973918804746098e-01 -6.446382341215934897e-01
1.712846634635634135e-01 -5.024135039244006506e-01 2.219326594102737360e-01 -7.404105743419779895e-01 -1.020562205095554287e-01 -7.190959695598635459e-01 -7.694001018739093922e-02 -6.728009778555681386e-01
1.285428885115494468e+00 8.608359735186059680e-01 1.301463470564202751e+00 1.425377007946911911e+00 6.437542978178688591e-01 9.902398667752412287e-01 7.537932455336048276e-01 5.381595611297594894e-01
