9.597408118266077537e-01 4.880392294767459394e-01 -6.852480971094652151e-01 -4.794813054931996721e-01 6.397857536287530067e-01 -2.307004376918770916e-01 6.866001292431940239e-01 4.390045260669399596e-01
-9.529621945066788502e-01 6.387451435514521769e-01 7.946824620478225576e-01 -4.208452625045551176e-01 -4.771428718260528612e-03 2.380161525084394381e-01 -1.809439133066970129e-04 4.706766269336324360e-01
3.010839535496829811e-01 -6.880527978817130297e-02 2.719729598580347130e-01 -5.069494166928940615e-01 2.571224667477831627e-01 -8.434413686497332918e-02 -8.814660233936815192e-01 -7.437590320062854587e-01
7.430644389181768616e-01 6.882225612610026744e-01 -1.581458122174175251e-01 8.179152178024471365e-01 6.962058684002607745e-01 -6.749371146410072519e-01 8.839684631494293399e-01 -1.411364465577287231e-01
7.398077438887045165e-01 7.869553562479385533e-01 -1.290364365117142587e-01 -1.687384223111394466e-01 -3.935524183576057933e-01 -1.331784273075276026e-02 8.398444630608474792e-01 9.973458822517853317e-01
-8.214950152901541180e-01 4.543002299606064831e-01 -1.272519531322087172e-01 8.508138160282936457e-01 -7.834188275099307486e-01 8.206843803797885251e-01 -2.474612616344451510e-01 7.879340799821781260e-01
1.330256642306637538e-01 2.514291086264435204e-01 2.601318099421863206e-01 2.506154821133055322e-02 6.293050339721333319e-01 -7.404763011583510579e-01 8.393401121654731067e-01 -3.602834177577340924e-02
-3.366257336427567193e-01 2.735137667722484789e-01 -8.261109914995146131e-01 -9.467911990650414999e-01 -4.639018523571847297e-02 2.134475072864656653e-01 7.921342883200233054e-01 -4.986376444431304122e-01
-4.006762555684861837e-01 6.238979615971389503e-01 -1.663296675040435435e-01 9.697237958602056285e-01 -8.503622019262377929e-01 -5.189233385060392223e-01 2.904576048243054931e-01 -8.647534095612696703e-02
5.589128234095807057e-01 8.449839948978681292e-01 9.044171320230901534e-01 6.634228008554569067e-01 1.042411421013454742e+00 1.177488150715330750e+00 5.669146077722035937e-01 1.438245259113902996e+00
