4.216551516331001892e-02 -9.213925177834036973e-03 9.743588158676510513e-01 9.500479302404047921e-01 2.372215385109712749e-01 -5.595316415525068976e-01 -2.002843952581054854e-01 -5.245759023434048984e-01
-5.384996693874428697e-01 1.618219623945225116e-01 -6.501017983628614161e-01 -1.974216149858554203e-01 -6.086323699345823623e-01 -1.397309284397458828e-01 -4.021756668148570579e-01 1.951374984560487746e-01
-2.930212679382993013e-01 4.371261308102061260e-01 3.534217458005946000e-01 8.840336638329180374e-01 -4.281458901770329728e-01 3.330041646518910881e-01 9.511942584517889543e-01 9.714839891344915213e-01
-4.320673306018625315e-01 -2.817490418239110284e-01 -5.269446158243413780e-01 -7.538071498813840865e-01 -8.748180835039489622e-01 9.775296221594607093e-01 -1.310103625746785738e-01 -2.845485154679538997e-01
-2.379473477535665182e-01 5.275266449769375754e-01 5.175119820953768546e-01 5.632732546394714213e-01 2.111915249964764207e-01 7.396907385719309058e-01 -9.393188289722000928e-01 -9.431202019273485782e-01
4.861748387859745613e-01 -2.883441013055998425e-02 9.881450205031176992e-01 5.957635991813696741e-01 -2.218616733780296446e-01 3.919551709862587607e-01 -3.922914539225006436e-01 -7.242052844037749626e-01
9.677406066887073166e-01 5.993970506123094122e-01 -3.366605690660184891e-02 -6.731654263238564528e-01 7.318967562644038694e-01 8.809623888490738519e-01 -7.468269602030312981e-01 -8.898012162635839939e-01
-7.290121323778213647e-01 2.248501921041436979e-01 3.023564773132914052e-01 9.168742797979951842e-01 -9.434349536361139599e-01 -9.978057014311441097e-01 3.547400533672973033e-01 6.801878696247036782e-01
5.398730644133504786e-01 -1.648922387287510283e-01 -2.877591689678693498e-01 9.568431172337252821e-01 -3.655545764427470257e-01 9.515582104454261003e-01 -9.901296862725343928e-01 2.627684707029975808e-01
9.351457632625044258e-01 6.935614236718146142e-01 6.309177872855205038e-01 1.399133511786197381e+00 1.376339510965614465e+00 1.401361000425216830e+00 1.405437869680099983e+00 1.093105828226413445e+00
