3.681806283653386025e-01 -4.953934975040814592e-01 -6.952385583853495366e-01 -6.239559544627462095e-01 1.358023789393478786e-01 6.428124447341276859e-01 -8.684527698236466087e-01 6.510274800465598588e-02
-8.491769373869362258e-01 8.474820840821186696e-01 4.941305683874723798e-01 4.009196656535998216e-01 -2.891454273723370605e-02 3.552779390723148634e-01 -5.694085054127868695e-01 6.245600971910736376e-03
-2.749386168743939152e-02 -3.043957666642671533e-02 9.451673500459039090e-01 -4.171427850107245483e-01 -4.456108374603662270e-01 -7.754485488428124462e-01 7.802092996760674470e-01 7.272205460847414038e-01
3.226489448457150466e-01 -5.890035121477850133e-01 -8.283069566583964871e-01 -3.784775436960423622e-01 -4.515718295791308901e-01 2.546825544164308397e-01 7.267452294104150834e-01 6.656811660643657813e-01
2.580853632883359783e-01 6.626200111872202481e-01 -1.251947807376996291e-01 -5.266551777964634251e-01 -4.967460541460155810e-02 2.285549384526217587e-01 -5.436139125430732300e-01 -9.984350914387540854e-01
-5.537294826484704391e-01 9.650517873980881678e-01 -7.528080346502263875e-01 -4.875037229441807618e-01 3.696186959879261824e-01 -7.240774461621146685e-02 -7.839159471404184565e-01 3.351212720800791356e-01
-3.792756646096748785e-01 9.727875013844158314e-01 -4.094993753039342099e-01 7.210796531198895298e-01 -5.003291906129747613e-01 -9.417408802789559719e-01 -4.698940884553708397e-01 7.088313059201032384e-01
5.332303914197291661e-01 5.419572403499313129e-01 -9.903372798213216921e-01 -5.270421610615947383e-01 4.372948215228478208e-01 7.511360030079137218e-01 -8.624666694996154792e-01 -1.662774760941365670e-01
9.791247176833304255e-01 6.446426656476087480e-01 8.930682773807163688e-01 2.765481322206027048e-01 -2.836278312192022089e-01 -3.093233446075938087e-01 1.914260505670686285e-01 6.173813087573813974e-01
-4.079660544685170809e-01 -4.969804789756082641e-01 5.911235933241210105e-02 -3.462450303406707786e-01 -8.750513743784340548e-01 -5.650383985148088595e-01 -1.650783056788229786e-02 3.897936804107642317e-01
