-5.744002510011521068e-01 -5.874481858343605367e-02 7.951380399875129790e-01 3.633056863874710718e-01 1.459827113837155466e-01 -7.415512796952863361e-01 6.304758654473565649e-01 5.254858062259848417e-02
1.858008125048427051e-01 -1.984901467334636571e-01 3.073653506290554560e-01 4.812357207756210453e-01 5.335275818732436726e-01 9.165036711748464349e-01 4.488455693680579728e-01 4.017089007901593067e-01
7.606123804350719553e-01 -3.676211473064614488e-01 -5.135875888845813364e-01 -8.736079007179811118e-01 8.423414168101399646e-01 -4.043154716033721119e-01 2.227163753012959546e-01 9.998778833224581941e-01
-8.701609010152651091e-01 -9.602725973149150995e-01 -3.325690186137819637e-01 8.007450843057126733e-01 -5.680546119361922219e-01 7.298412226321482343e-01 -4.185980839323601987e-01 7.627897643707497455e-01
-2.214076047570556760e-02 3.497896254667298699e-01 5.496364275500031926e-01 3.687172746024824921e-01 8.472030242480828033e-01 9.047435518160558132e-01 -5.260773856680005522e-01 -1.784130704851929483e-01
6.488679613586691985e-01 -7.883483272624252081e-01 -9.996727264423743708e-01 8.951054424976663260e-01 -5.135101402673496462e-01 9.221116144316670038e-01 -6.431983442491933101e-01 -3.397181964549935707e-01
2.024974645227470837e-01 3.852788611972626232e-01 -4.671919519201954696e-01 -2.730101446208581528e-01 -8.814293611511081483e-01 3.894949800211000568e-01 -8.276835800022024348e-01 6.658067500018627349e-02
8.490357314193406335e-01 4.375131356510972847e-01 -4.335176438648160602e-01 -9.139430992112513863e-01 6.955755297678742899e-01 -8.309384247614719499e-01 9.238149406826992038e-01 -1.703814286628084762e-01
-8.912505360042910496e-02 -4.039126447121632602e-02 1.346604002747386897e-01 -9.114087705544997586e-01 -3.914587218589384854e-01 -6.695819769177928649e-01 -2.266839757783114528e-01 -7.755817900214583283e-01
-7.235125645427764596e-01 8.704425194463834003e-01 3.081645600260025653e-01 7.672339928339484416e-01 -5.338686649960129316e-01 -3.620728602097991189e-01 -8.870326101718788436e-01 8.640804472429375327e-01
