2.365479505205956290e-01 5.836057244588990223e-01 2.050200354162452498e-01 5.542893067171745791e-01 7.053461533719487253e-01 -1.008036142095078969e-01 2.123996171215447593e-01 -9.590932840904520251e-01
3.886053331433170221e-02 -2.934107635041807161e-01 8.663627646185323439e-01 -8.893053124914687135e-01 5.097588267205170887e-01 8.520555018372966138e-01 3.086778897432427282e-01 1.388094304638509691e-02
-4.805261265317049002e-01 -5.892285193811512833e-01 -2.099892007916648318e-02 8.713706209312073181e-01 -1.706296876406767637e-01 4.933046137149315058e-01 6.381068438362027528e-01 -3.104873531042846579e-01
-4.573964807069277327e-01 -2.053746404652965207e-01 -8.239107471541406991e-01 -2.269728666394379424e-01 1.416913597949163162e-01 -3.034769337211473683e-01 -8.792889110256554286e-01 -3.858024330192351137e-01
-2.086431241121249336e-01 -6.335497579717139782e-01 -3.951742769478574502e-01 8.790697935740245939e-01 2.658661933851929060e-01 2.055451994996402298e-01 -8.716789808767051451e-01 -1.432189857791965615e-01
9.442647194402784550e-01 -7.006723143718840419e-01 -7.703915085035011323e-01 8.954013104926621391e-01 4.036595572347905225e-01 6.141735030984869503e-01 6.687779045878721185e-01 -8.577213625928328256e-01
4.168074755592525715e-01 7.315222233261453599e-01 8.656752832791931862e-01 -9.059345205636981646e-01 -7.667603225279222556e-01 -3.125548636295463201e-01 -7.060541256927965748e-01 5.302306266609404517e-01
6.540376805752945444e-01 -1.737509845550100351e-02 9.725163113846102547e-01 9.736196142091255723e-01 4.815345528270578157e-01 -5.655389978881675273e-01 4.201750040544651732e-01 8.965290835373911360e-01
9.842045656069566828e-01 -8.569489327976287374e-01 3.292095006213155983e-01 2.909587720022102086e-01 1.476022385745068277e-01 -3.408474135473635869e-01 -1.157269459816883117e-01 -3.306391829753936307e-01
-5.003978867971807798e-01 1.271735053008615779e-01 -7.747227835150742870e-01 7.642989713434027443e-01 -6.445524045541859426e-01 7.115838983362696712e-01 9.269182301628802190e-01 2.635145665602234288e-01
