-3.428841461244755973e-01 7.469423903927847608e-01 -6.478137739312177512e-01 3.127677591837942916e-01 -5.097300801270590043e-01 -3.169724805132261292e-01 4.924257976843884332e-01 2.786784818403433839e-01
-1.465783363340442680e-01 -1.981552432757727189e-02 8.073040308204686433e-01 1.550682874463615857e-01 4.811223308088434791e-01 8.233711925605136095e-02 9.592313588703731408e-01 -6.366707161883531363e-01
9.570439634815954832e-01 9.916054134189347113e-01 3.097758107188270937e-01 8.105582674493054807e-01 3.799528697638059338e-01 -3.718804981770575946e-01 5.694609495592664050e-01 1.313368399782088858e-01
6.644809134861888733e-01 -2.366904357558219374e-01 7.199138254088406352e-01 -5.069067685380024280e-01 -5.201727315450455080e-01 6.861701929701893299e-01 -3.818947368130438669e-01 -1.668720944275947637e-01
-7.834415682046615981e-01 -8.134326330993713050e-02 -5.875542673647067282e-01 -5.740091414915180490e-01 8.197363814753571010e-01 -6.755048650546811029e-01 6.494707807017865431e-01 -2.551137337621487422e-01
-3.487057911105262420e-03 8.855754569841931545e-01 -7.069142932779515220e-01 -8.253289197350284212e-01 5.555725446288533043e-01 -5.579275776218106664e-01 9.294861000581260413e-01 8.646661702811375694e-01
5.019443901788525064e-01 5.231882150614775018e-01 -7.735408081873307307e-01 6.551225534141320583e-01 5.742191004321721692e-01 4.746964239202822178e-02 -9.277800324088918416e-01 7.852362625627844483e-01
6.916306379938428339e-01 -9.464078941900844200e-01 -1.026100465031909437e-01 5.185846158484610502e-01 9.607594516339146296e-02 2.901254620072335477e-01 3.226243733542595304e-01 5.554183527478271376e-01
-4.251883503152862342e-01 5.489620236484114013e-01 -9.969593133648761984e-01 -4.516823786998533929e-01 -3.871405141645116732e-01 -8.796220894975126381e-01 -9.819720770769653218e-01 9.260484823933363696e-01
4.591991172738363325e-02 3.683825002365859191e-02 -9.935326041323684354e-01 -7.807000107688566448e-01 -3.659602518683833239e-01 -2.972370437098850182e-01 -6.828562136168203622e-01 -3.702535114269092098e-01
