3.464844673686369170e-01 9.447999722706403869e-01 5.966453327256646677e-01 6.661957402262639327e-01 -1.407050029526035750e-02 -6.038227004844289869e-01 7.495679089596130051e-01 3.440716914355292921e-01
4.748013324969890814e-01 -9.518283965186828954e-01 -8.855064846364149034e-01 -4.064685978011366441e-01 -5.957052790949999288e-01 -3.160000036376346966e-01 7.183306631414072552e-01 1.978304031050743816e-01
-8.903270690643416696e-01 6.054753892824127348e-02 -9.967630137777283572e-02 -8.672464333358356203e-01 -9.470052538948978693e-01 -8.866162683208926865e-01 3.063669305375957830e-01 -8.987829317074513824e-02
-5.798550806769044996e-01 5.942021346327379661e-01 1.571937959247016181e-01 -9.327085083399286880e-01 4.253412065350630211e-01 5.861526230188074393e-02 -5.047479062619752987e-02 7.791425918182826038e-02
-3.370589468937397193e-01 -8.492942595914856341e-01 -7.241621309653054617e-01 4.314576868919408614e-01 -4.223992001622911552e-02 -6.709169933703031941e-01 -9.758891092742267848e-01 2.413936778959224760e-02
-1.360849147203584408e-01 3.383102053574922330e-01 -2.091072446729413947e-01 4.737035461935046321e-01 9.004010907141639652e-01 8.424392978049106695e-01 -8.012714644218779103e-01 -8.172536779047057109e-01
3.506005625321280128e-01 -8.851920244351103584e-01 -2.235766284308906560e-01 7.610270315798155494e-01 -2.908813600869952776e-01 5.794792709204652503e-01 -1.810690145655682315e-01 6.636304790004943222e-01
-3.808078066461459965e-01 8.905467944364091615e-01 -2.578843031347997083e-01 -5.525946616573005343e-01 6.665043459417892002e-01 2.515955121019031182e-01 -7.246212419531421478e-01 4.974382807103825410e-01
9.622073382967575306e-01 6.367382590404317977e-01 2.002144753589909509e-01 3.955057825667194216e-01 -5.389339390222411819e-01 5.819871290195306468e-01 1.679845075834056622e-01 1.287399732897571702e-01
6.711662359207370976e-01 1.365028519525390838e+00 5.136091485211567997e-01 6.485070256630475205e-01 1.407627222205364292e+00 1.290727710317162824e+00 1.019916944424767546e+00 1.119906275367904103e+00
