6.001084077527232274e-01 8.209342615587580383e-01 -9.692365273434289108e-01 -9.117490898944702327e-01 -3.392290365566057453e-01 -4.028237700856607262e-02 -3.743088051200611499e-01 -8.423702667880503814e-01
9.737652200045614492e-01 1.490076663978479043e-01 -1.476151422161744442e-01 -9.705230656141135004e-01 6.485366446128444373e-01 -1.924029987821003207e-01 7.297196271669914580e-03 5.987248111548992835e-01
-3.909997891681356030e-01 9.848757752668715337e-01 6.115190819618452345e-01 -3.089264734753744968e-01 4.198823188392435402e-01 -6.934575041589063904e-01 3.734935961573442320e-01 -4.657296707577283090e-01
5.000722269591122426e-01 -4.890577307710579635e-01 9.683617404136612983e-02 -2.488232787566346804e-01 -2.691062432257038672e-01 -5.049497880455204868e-01 -3.800567223316142496e-01 -1.128894719949760095e-01
-2.045624466027065047e-01 -5.834952227986018869e-01 7.459501268009649522e-02 6.468902146051618285e-01 5.210367249474752160e-01 -9.554071165557187495e-01 1.084908993780553388e-03 3.957458346488029743e-01
4.291593272810034776e-03 -5.823185801458041766e-02 6.510085392062321397e-01 -8.474296214859469156e-01 -7.202426413234992442e-01 1.550968266879713120e-01 6.178368020778950420e-01 -8.703669573775028034e-01
-5.803954603129568568e-01 -9.221602456640130008e-01 6.972059834859729577e-01 7.301168434316509526e-01 8.981606769754524322e-01 8.841558576501131750e-01 6.208812014662561385e-01 7.284204740961204294e-01
4.207121053463804827e-01 3.335908053923519745e-01 -5.553519061086151787e-01 -4.317834996369092071e-01 -9.669230319272432705e-01 7.438999594800415061e-01 -4.977307729057955932e-01 1.953115556758946436e-01
4.108184482819174921e-01 -6.502291289653359119e-01 -7.760133066159777826e-01 5.532085285192325230e-01 9.675016464831742713e-01 4.289071762829701484e-01 -2.804116538653311785e-02 -1.259507399605439559e-01
9.275889963660245430e-01 1.339289805454372928e+00 6.382980388574343023e-01 8.878712814376024109e-01 1.207028128607022133e+00 9.359566481485360745e-01 1.002985766091133879e+00 1.002912243067747955e+00
