-6.746274486390939629e-01 4.544317341769597007e-01 -2.578407106805913340e-01 3.360731198770237071e-01 -2.767762156057052003e-01 8.733991395020432869e-01 6.540320714253367029e-03 4.133804818521984448e-01
1.890256542389932015e-01 5.000326288052916457e-01 6.980352653049082257e-02 1.630915752600308188e-01 5.531738186947641189e-01 4.487832272737091177e-01 2.698249021955556604e-01 -8.300457830612262278e-02
3.645443672873667218e-01 -4.610506959307294483e-01 8.704544882814790885e-01 -4.572360097154937186e-01 1.520373185848178377e-01 -3.501187272915069482e-01 -4.236813603210858314e-01 8.422588498771446108e-01
5.132205202883022288e-01 4.584141091980820093e-02 2.927449383280811279e-01 1.887454078760457676e-01 -3.355531850044017883e-01 -7.778392608483473136e-01 8.138207799474761472e-02 2.257061768996564410e-01
8.747230359685806977e-01 -4.565190782646453282e-01 5.257076437413077397e-01 4.082252165766275809e-02 -4.144961443544052937e-01 -2.423631159310166705e-01 -5.577557300118010097e-01 -4.477650970984470291e-02
2.557283112068728936e-01 8.663236309493873577e-01 9.093410749840240559e-01 -6.824942478807165536e-01 -3.024810804309725487e-01 5.689060099726583886e-01 -2.925991032656021229e-01 7.697265616406496758e-01
-6.622291345532143048e-01 -9.655665379550604221e-01 -3.017847586742365973e-01 -2.688512553235944402e-02 2.470980184249753631e-01 -8.250228641302181920e-02 -3.469973191156392467e-01 -3.975666047410841841e-02
7.754760840413568168e-01 9.404374260017007714e-01 6.880633563676361586e-01 1.536590111125895053e-01 -9.281174758200800845e-01 -3.085246716317970872e-01 1.511823861738077479e-01 1.688921016309856693e-01
-1.477627249815420818e-01 9.657048162331998142e-01 9.859505445414169511e-01 2.278719094705454751e-01 -4.155531359814157444e-01 3.333534358494303351e-01 -6.300858695923472474e-02 3.386196779905117360e-01
9.328342443771577841e-01 1.204564511510185065e+00 7.670108484250772740e-01 6.994390632119670270e-01 6.046844391111310113e-01 6.374306818714833289e-01 5.612341325791564417e-01 8.126763510010558411e-01
