-9.689262625430024034e-01 5.780692780966378841e-02 6.996156462689500088e-01 9.844518578748453486e-01 2.302061687334007178e-01 7.406854104472964107e-01 9.982037061696302782e-01 4.260420085822200775e-01
2.296442622022751845e-01 -7.895824698215683224e-01 -5.307711418393683545e-01 -6.351797311334101970e-01 8.181995013694143282e-01 4.381136904673987864e-01 7.623318766997997376e-01 7.969369129204324498e-01
3.176598433626918183e-01 9.890899008342590726e-02 -8.574016653423945922e-01 7.043127364659018674e-02 4.615835695663705884e-01 8.621400605891587077e-01 -9.912180280584363956e-01 4.358297460752695862e-01
7.204790225742705445e-01 3.577433580545288372e-01 -9.665425648044252416e-01 6.674077417383172950e-02 -6.932728710757323221e-01 -7.036441220046780742e-01 4.119900684726980344e-01 -6.281575245146449049e-01
6.869347664722471603e-01 3.006411367957533276e-01 -3.472429867550608229e-02 4.430885986947823429e-01 -3.878549282011978239e-01 -9.171617482985945369e-01 -8.390651070911485654e-01 -5.581827986876013448e-01
1.375020370995143626e-01 4.324714405881082691e-01 1.692172383039189931e-01 2.394037113784079907e-01 -4.654349573209823898e-01 -6.689849980546709318e-01 9.993398198444896074e-01 -2.712379404724873933e-01
4.354175016150114708e-01 7.555403273021714661e-01 2.380922347529725869e-01 -4.524868250912597034e-01 -4.339645139570962318e-01 -1.060645290059247792e-01 7.580085805536196375e-01 6.663386890232803061e-02
-6.192730951513800708e-01 9.772556381253447721e-01 7.153566339827670539e-01 -1.827648560968559988e-01 8.945651730703350069e-01 -2.712179150630666946e-02 -6.437556618804509689e-01 8.385945584289875576e-01
6.821331149675844419e-01 -8.459091514644583309e-01 5.064671844517301125e-01 -2.720673543296647789e-01 6.926916290284781397e-01 -4.717954687892307319e-01 6.865629209094188390e-01 -1.448826203851272254e-02
8.021646293878139655e-01 1.076796375691193575e+00 7.084587326683150499e-01 8.489039080257019254e-01 1.017103083808587272e+00 1.260994219000526329e+00 5.850541796877657408e-01 8.156367314222181530e-01
