-6.169801852028438116e-01 -2.789394727483687220e-01 7.332683906416428421e-01 7.166597861997092700e-01 -4.322404998255524600e-01 4.430869773458616656e-01 -8.612552575105547614e-01 7.100109170634416600e-03
7.410141898000170979e-01 8.866494726389673176e-02 -3.706913255487176428e-01 -1.430104004950614183e-01 -4.519785539551750553e-01 1.950699610806130302e-01 5.328976460194094766e-01 -5.393270894570312279e-02
8.693716445551271654e-01 -6.751531786875861751e-01 2.516048596530364723e-01 5.001060528227785351e-01 -1.400471518606756227e-01 -9.931036690474992490e-02 5.939970058385719565e-01 -8.808142707670170157e-01
5.307183698708777264e-01 -7.333106790528061136e-01 4.519020817999575002e-01 -6.681975987573771647e-01 8.532001190786955291e-01 -4.555589389702450198e-01 -8.122526700703345259e-01 5.972485970439018743e-01
9.165746299568722222e-02 -9.594045586822028682e-01 -2.318066544711392396e-01 7.114169876155282957e-01 -6.522994255086917992e-01 3.259867000481557753e-01 -5.676608255997999120e-01 1.239561080245394908e-01
-4.265985254820767736e-01 7.017835904441527273e-01 -5.977834491713474030e-02 -8.628206634496202732e-01 -9.641373003183777435e-01 -1.579312448688880988e-01 8.393480282201826181e-01 2.109025296881268385e-01
6.813335337807011616e-01 -1.556281158548549204e-01 3.998682614813520164e-01 -5.201837175571877303e-02 9.976328007703803014e-01 -7.434520207099226674e-01 -7.390677809159733602e-01 6.534145777133022470e-01
-7.927170021991116755e-01 -1.482714290229261156e-01 6.902321464930973871e-01 -2.068447817731100535e-01 9.050488552520445928e-01 5.143621855342725979e-01 8.206706562085244183e-01 9.295315668830932410e-01
-6.766494158990890018e-01 7.920512572575539867e-01 5.986928547308252302e-01 -5.948551357506666193e-01 -1.203599968383217700e-02 2.825739677140817196e-01 2.306326253766399770e-01 6.050321551545205789e-01
-2.606273614371852343e-01 -6.911938593548503373e-01 -5.714528133127840803e-01 -2.139189819518105828e-01 -8.715581039625142079e-01 -1.496848017574747836e-02 4.173424370310594433e-01 -7.371302297936852543e-01
