-3.142606675084573808e-01 2.565723870424130304e-01 -8.244261149790939047e-01 3.623245913346186953e-01 -5.758761456094774189e-02 -8.460631820666000280e-01 -4.937269985442911402e-01 -6.696843780732000262e-01
5.403195734264414352e-01 -6.375506874782275180e-01 -9.872203608219818349e-01 -7.962083343597157192e-01 -6.705763629594019282e-01 2.558125869063376800e-01 9.761409118870290058e-01 9.375789396715090707e-01
1.553134879002910917e-01 -1.831419020284119625e-01 -5.531497230180626445e-02 -5.100450573482304684e-01 5.451200454654370198e-02 -6.938665105060750626e-01 3.955174300482782179e-01 -7.543112813207104583e-01
7.211239804952347399e-01 2.806543210269973887e-01 -6.836113690715619473e-01 7.602626112108112899e-02 -4.968877154277968611e-01 9.684948204242413983e-01 -2.046575674338872997e-01 1.377538968278857467e-03
4.466046788093267494e-01 9.416289601745149174e-01 -1.361736914913236340e-02 3.762573980682351049e-01 -4.406834460951223331e-01 7.072725035327076526e-01 6.246602714530324896e-02 6.773664232369540628e-01
9.260401615985280888e-01 6.294264706898828887e-01 -2.329835391227452757e-01 -4.180271554338350626e-01 -9.046435774696384158e-01 -2.256473736819475384e-02 -7.364107639112373871e-01 -1.389999159685710861e-01
4.285467841820933543e-03 -8.323524373056325754e-01 7.663830990804172405e-01 5.446358746045005805e-01 -6.764023301957455825e-01 3.918831341856143791e-01 -5.022477385209016543e-01 2.297231802530059763e-01
8.140251356244898595e-02 9.515525773980391122e-01 9.565933731797922057e-01 3.692211087977859130e-02 9.962358500143804196e-01 -1.065270279457826152e-01 -7.812909850986697879e-01 3.758395951013857594e-01
-3.484649024566692788e-01 9.043110277624857307e-01 -6.824464824939691088e-01 -9.797798690096175545e-01 7.729663880443844448e-01 -4.361408570623148684e-01 -3.769621478216069743e-01 -7.236618110417092353e-01
9.135276394412927825e-01 -6.679412484641811254e-01 9.557079957929004443e-02 -7.127106076543825441e-01 -2.471690929728349584e-01 8.573101010598156435e-01 -1.692371272403736526e-01 -5.932823688845869636e-01
