-3.568025104139953552e-01 -2.914872800597281266e-01 3.728957007473621132e-01 -6.851346231881245696e-01 3.250774761278569791e-01 -3.510215089571728786e-01 -6.595184182811881790e-01 -1.156988720271137083e-01
-2.674663868857019011e-01 9.025174941999256628e-01 9.170141923553145613e-01 8.117654180596336477e-01 -3.192544998648716437e-01 -2.740927990921648849e-02 -6.295150240058222657e-01 9.277539014629094805e-01
-2.388832779947480667e-01 -2.656721863708357834e-01 6.055348992793940788e-01 -5.019842535267022843e-01 -4.381873494046286677e-01 -4.058616080030152951e-02 6.696452820654623661e-01 -7.702045790132210357e-01
7.612176075056329427e-01 -9.170319768062089594e-01 -9.743744490059416119e-01 1.175681990688528522e-01 1.339120512978975164e-02 2.691899389061653824e-01 7.373185084810289780e-01 -7.686727727525051179e-01
1.037470356892737922e-01 -2.920886157494935187e-01 9.590897165678167191e-01 6.166659138679937424e-01 -4.592741242705349336e-01 -3.397792150707885650e-01 1.892727228443960019e-01 7.927814572677995830e-01
-4.308277943850371550e-01 1.918359147025139322e-01 8.499290915805188806e-01 -1.247313514120262923e-01 -1.230486427518964199e-01 6.483084521432864733e-01 2.993884246165940954e-01 5.367125180330236667e-01
7.255964120815041607e-01 -5.107873807980907177e-01 6.760467523305804249e-01 6.590245081438654839e-01 1.303063561605328768e-01 9.766247135877390573e-01 4.203913285974938407e-01 -7.034341399167076680e-02
-3.078681831004073111e-01 -2.293319940175546634e-01 4.766516740145465558e-01 -4.762130534411928018e-01 -6.783146185450485977e-01 -4.255751811465569023e-01 -5.380398678332476425e-01 5.717404816061202322e-01
-1.121574143490999820e-01 8.835156167290527662e-01 -1.303829706936865396e-01 -3.743800083962303127e-01 -2.280929966130529341e-01 4.720227168489739000e-01 2.340350906238726214e-01 9.965600021672154085e-01
8.610129192420680200e-01 8.246980034176228935e-01 1.036880772524525707e+00 1.131260435314305202e+00 1.058097194185234180e+00 1.292795183943582504e+00 1.347822495441145296e+00 8.633946852129253946e-01
