-3.237236621025147976e-01 -7.710580765853687346e-01 -6.175964474847681629e-01 6.931484887464360867e-01 4.193805072680376611e-01 -3.574961647515657592e-01 -8.016816059073890166e-01 2.397481451383232098e-02
7.621593316956245534e-01 4.632921790265864814e-03 -5.724485772136915784e-01 9.502864370787122983e-01 -5.611002847095079016e-01 -3.050086057319512101e-02 -3.774100654319034742e-01 9.228462481605732570e-01
-5.619989183454126014e-01 -7.758412378147145905e-01 1.997587935154199190e-01 -2.636868257361471013e-01 3.844393286083542804e-01 -4.261436669627938212e-01 -5.863298889889780874e-01 6.409829270492000131e-01
3.958448226254089874e-01 6.295616199721696393e-01 2.514835749772252882e-01 -3.925974397096054780e-02 -5.848561457344800818e-01 -4.091218808741223789e-01 1.282528032563245990e-01 3.269759767511881687e-01
8.061810145810643924e-02 -2.108914883423651521e-01 -2.508209269144399123e-01 5.390128335668906701e-01 -3.625361259318160556e-02 -3.434951557770113961e-01 3.680617806854296070e-01 7.933272965050501835e-01
-7.209873587843820264e-01 -7.446721820260893132e-01 6.743780938964671900e-01 -2.930496683998984331e-02 2.595443006479356551e-01 7.906837526978516273e-02 8.888983883401362363e-01 6.009326956194207536e-01
-9.134871352570217429e-01 -4.805931826424363340e-01 -4.615781082248446854e-01 8.286819603837876080e-01 5.945301645898126708e-01 4.419811581424910596e-01 3.454152032387431959e-01 3.281143261573256087e-01
5.078349724283299782e-01 -1.282478343851867209e-03 4.216449651785048047e-02 1.429653146190628110e-01 -6.971447467855811375e-01 -6.534097207482636449e-02 -8.173597843413129560e-01 9.899627855893562423e-01
2.270563018747560058e-01 3.559976406839715501e-01 2.109963283587772409e-01 -8.402447199472307116e-01 4.759399155411752069e-01 6.412552601262522245e-02 -9.761491649631468537e-01 -7.034806989357171858e-01
-4.438901519355904490e-01 -8.372206827789123729e-01 -6.594120603389890256e-01 3.077820372842907659e-01 -8.107179154081689543e-01 4.415570804262045623e-01 1.987016263219032464e-01 1.361159156910169976e-01
