-2.527466068706480939e-01 -9.914151121740948369e-01 -6.821343650009068504e-01 -8.007876695825268953e-01 -4.953552336204196660e-01 4.784771956837392537e-01 1.516077132232154234e-01 -1.422967642985777381e-01
6.795711064409188928e-01 -7.465416020455570845e-01 9.271561255171389959e-02 -5.142215717733253921e-01 -3.097390654795495468e-01 5.824538200152786782e-01 -9.840864237229112188e-01 6.741295212364222245e-01
7.495345312435524043e-01 9.131488703014551955e-01 5.695530401381718733e-01 -4.675130706370935751e-01 -1.322498462901973149e-01 2.173126318833460413e-01 -2.828672431646377383e-01 9.998770849625810975e-01
9.164783621144834136e-01 -4.405482099349611325e-02 9.907266018005795871e-01 6.479119387496274918e-01 -9.114459522690909754e-01 1.808746508743399595e-01 -8.970372355490272565e-01 9.943869539583927164e-03
-5.262929847682236151e-01 -6.861131796547934592e-01 -6.486212789575029891e-01 -7.893478509344875604e-01 1.140588934812807320e-01 8.764149678153896339e-01 -9.783692733409774522e-01 -1.701518423053705042e-01
2.150649052360824598e-01 -3.153864126650349764e-01 -9.380522469724095203e-04 -7.601619322693742298e-01 9.569113665171506966e-01 7.578849078056868471e-01 -1.105199724774250658e-01 -7.387029927065125179e-01
-9.180204503334008503e-01 -7.008763599911542741e-01 6.440611016409210077e-01 -8.033415620106771904e-01 -5.217748558405239656e-01 -1.956025068347946316e-01 -9.766082227057086840e-01 8.907487073843325387e-01
-6.809570512583971169e-01 8.149359584764637177e-01 7.287962098760225604e-01 -7.207783758486894232e-01 1.814851846071494634e-01 -5.819773221237072303e-01 -9.986353300843564540e-01 6.315395130107503974e-01
-5.100920324564151009e-02 -3.291010252952595305e-01 6.302881860095408406e-01 -8.867166395521739464e-01 -2.751863266436340716e-01 1.514617799094331030e-01 3.503170016044951929e-01 4.576133614293433904e-01
1.363595807711876384e+00 8.746772118918680894e-01 8.362267086386494519e-01 5.574353910319204131e-01 1.058323573202556211e+00 8.626911280261631010e-01 8.623325056496046193e-01 6.055306665663457988e-01
