3.092298532498993779e-02 -8.369547388484199768e-01 3.154926675260447677e-01 -5.740486863680853702e-01 3.057987594107114404e-01 -2.542091422862111649e-01 5.523583359580148677e-01 -2.835935063834813530e-01
-8.221924630794827937e-01 -7.731611592666414179e-01 -3.192506937337800110e-01 -4.727961001497809068e-01 -7.408752473477366873e-01 -9.169926338159271051e-01 -2.550854602718961583e-01 1.172992319201464628e-01
-3.669981723464204038e-01 -3.104871670353490654e-01 8.958388798651439888e-01 5.657448129901112566e-01 -8.089539549939552820e-01 1.689760410058016582e-01 -7.268711886120993171e-03 -8.996687678797703480e-01
-8.731056447304508250e-01 4.701339875520564870e-01 -3.253042147559275232e-01 4.880436657494686692e-01 -2.257986043771558204e-01 3.452671372475870637e-01 -6.406732831523054283e-01 -2.785321956469379856e-01
-3.270576991940525868e-01 -6.583507907082228883e-01 -3.252561274045628892e-01 1.624125376213654270e-01 -9.821629769306094992e-01 1.433175563251942730e-01 6.263489896673641866e-01 1.672396304015422164e-01
4.103594172129225726e-01 1.238567736210678394e-01 -9.396067501887452877e-01 5.218907307062217171e-01 -8.568325535655121339e-01 9.134269065063527204e-01 8.136652255937393274e-01 7.498445537410156625e-01
7.231459754312630217e-01 -2.367946958928057732e-02 -1.211648601932844294e-01 -9.908041694317202275e-01 3.367961481591499329e-01 8.026304508943538085e-01 -7.139859447915704038e-01 -4.350905193587142339e-01
8.053603412937182515e-01 4.988962090835693530e-01 -5.513429510116831800e-01 4.179536951083366869e-01 -4.431050114429364584e-01 2.085193051566671674e-01 6.755552540822291618e-01 9.139551993678571851e-01
-8.379533345037430969e-01 1.788600256801258226e-01 3.049599327801555404e-02 7.853894956630795843e-01 -1.192664700135066536e-01 -5.571290966093844776e-01 -2.530174016405610793e-01 1.192774690929627734e-01
-1.503392618644450174e-02 -8.027985127796264386e-01 -2.816798004352594198e-02 -8.101421918610642869e-01 -3.789832370396224448e-01 -4.643093774851838607e-01 -1.440389870527125638e-02 -8.555957068927007025e-01
