4.419869612331897013e-01 5.009668151762591837e-01 8.849006201856786102e-01 -8.136288777119209392e-01 2.180672831442684867e-01 -2.923414025343227252e-01 1.553619875215608293e-01 -7.541444745612995160e-01
5.712587929332175740e-01 -2.215728124579219305e-02 -6.978298799082636172e-01 4.545903786588478823e-01 -7.297045733532321332e-01 8.852400437016534340e-01 4.218648218055729426e-01 7.824642890993112054e-01
-1.680320641982224750e-01 -9.510290799970007036e-01 -3.484983333269666694e-01 -1.284242793661816151e-02 3.025578292985671158e-01 8.391347132270556841e-01 -5.820214055509362883e-01 -8.397043299518673898e-01
-7.969663212534576768e-01 1.198010133594678006e-01 -7.678140848681032082e-01 -6.077487638881151621e-01 6.436807932245391939e-02 7.094351479865819154e-01 2.504434370178050262e-01 7.479671713451980786e-01
-7.527592711650925583e-01 4.149262011920897830e-01 7.456380234160133735e-01 1.443718381356680069e-01 4.132822106865434719e-01 3.504976925474596605e-01 4.396468609554313733e-01 2.381164158790733953e-01
-7.310938910655253586e-01 3.348997309119539079e-01 4.380718084464800821e-01 8.980573252313606147e-02 6.391441521344809473e-02 -2.459282569858802781e-01 6.844939747053166990e-01 -3.860120509458457860e-01
8.942019968614900449e-01 7.192988209221007345e-02 8.519150245258999554e-02 -6.243272588365689213e-01 7.649445609466904994e-01 3.524794072101611331e-01 3.976519164100844606e-01 -1.757788695540998258e-01
5.658268947964615325e-01 6.986425536366305256e-01 6.570955379790419659e-01 9.261721770583706270e-01 -2.405476657509331151e-01 7.991027683867155673e-01 -1.291917592567324302e-01 4.049503028200294175e-01
-5.327190125866234638e-01 3.464815692778244749e-01 2.771915068673602711e-01 -6.095365462933428624e-01 1.388611276626072755e-01 -8.705341530202448386e-01 2.343751256220460988e-02 4.598625861929468428e-01
4.399739166640925792e-01 -7.229345991420088602e-02 -1.435381774928790044e-02 -4.561021434347669601e-01 7.667084269352897330e-01 3.016071613558144460e-01 7.272873986047623251e-01 7.185631028562013967e-01
