-9.786140873452120470e-01 -9.280398154745328476e-02 -7.745674880299651122e-01 -2.799251574905807782e-01 -4.088617213673435558e-01 8.381436968840758617e-01 -4.692590039742245978e-01 1.489662594721337108e-01
-8.710829720341080051e-01 -8.825076511906031485e-01 -1.642503011117237843e-01 7.785892105585956458e-01 2.472648477140428902e-01 -9.953498091211130383e-01 5.993127190413369831e-01 -5.134419473426321545e-02
-8.996532383792275045e-01 -3.031345426455844816e-02 9.986483922554851844e-01 3.551893438261355396e-01 -2.644107451241983764e-01 -7.700428553309717206e-01 8.056817663469382218e-01 -1.578380166748776237e-01
1.098526787471620914e-01 -9.465589060527204168e-01 -2.271023204419126973e-01 3.244610854685974211e-01 4.262368348692906483e-01 3.827137866313166104e-01 -1.989741689677753111e-01 -5.422571363540791278e-01
-1.583203055844029095e-02 -7.865889265912096029e-02 -6.355298561897027021e-02 9.904373635767942385e-01 -9.647594597668238681e-01 -1.358965336649771150e-01 1.307541120559547743e-01 -8.191763133932292718e-01
-2.153403854398927564e-01 8.969092693707914066e-01 6.891608455321440729e-03 -5.251556053041841476e-01 -2.921347756844279164e-01 6.044813577338159494e-01 -6.940863088723070451e-01 -2.731305053179196030e-01
3.764677082220413418e-01 2.442555512955313368e-02 -1.724930299809179779e-02 5.124294352114300288e-01 -2.799707444584753624e-01 9.352460069901615825e-01 -6.257296005542698492e-01 -4.829668599335910084e-01
-6.285913483678249314e-01 -7.590626266642053199e-01 4.424432481169719988e-01 5.499669800534985331e-01 5.568716605277512777e-02 4.259125212807517435e-01 -3.334011726404684239e-03 7.632012255593845218e-01
-8.553775881538698833e-01 1.204018302952825081e-01 3.508684242900175221e-01 8.128347809115161748e-01 -5.202578302165581370e-01 -5.077369531846835926e-01 2.553248315003833202e-01 4.956692619134135391e-01
-4.400875679887266134e-01 -6.194009756742291373e-02 5.161906698313030173e-01 -4.654939509159439215e-01 -2.034986710168049662e-01 -8.566480197923211914e-01 -6.379312278141764381e-01 -9.580895973904597351e-01
