4.496037719937295840e-01 3.784402498067573895e-01 9.788273796294955087e-01 1.716920596783739761e-01 8.379191539478942907e-01 -5.379849411535451154e-01 5.259497715163741205e-01 -9.233549436832635404e-01
7.678653085202968853e-01 6.657309795152772658e-01 1.007999332977151941e-01 2.538732575691204918e-01 9.213936840820169394e-02 -4.516853381390601996e-01 -4.316519794952076161e-01 9.879819941867282740e-01
-1.904476296863770735e-01 -4.239436231183479897e-02 1.544001082869925767e-01 2.633445939882927966e-01 3.017811392650446844e-01 -3.212368801887903746e-01 -5.632115147983862702e-01 4.210139929958864879e-01
6.412973587390857766e-02 -8.584986315866569573e-01 9.225317062129558821e-01 2.539506929836830018e-01 -8.388072880283570232e-01 -1.826762363517997478e-01 -6.480247996611181449e-01 2.174240534759528387e-01
-4.538201084201154423e-02 -6.172060673908918993e-02 1.050228013574139307e-01 5.676768468633413001e-01 -3.238005021938921146e-01 -8.207655171933292415e-02 2.731482233049671304e-01 -3.151683528188040651e-01
1.636974360609984025e-01 7.236427981894768546e-01 1.858475975827660331e-01 9.007543105629542968e-01 -7.484821326713846368e-01 9.735256952325117563e-01 5.069402438893839680e-01 5.624036889847126020e-01
-7.911957054309854964e-01 7.813061685544115953e-01 4.603320410253233241e-01 3.394906841390930019e-01 2.539929281103192604e-01 -7.033366335901307664e-01 3.931401857486611640e-01 4.110143080871244692e-01
-3.853975037561585548e-01 3.666550446348093573e-02 -2.036522372623039701e-02 4.824243525322129411e-01 -1.551069922956851421e-01 -5.706884821422768539e-01 2.241761806013018443e-01 -4.170295473251273144e-02
1.888183094973336917e-01 9.394456848725025733e-01 -6.672614842972501847e-01 -3.669740926501268152e-01 9.355284441117983629e-01 -4.978986398228939514e-01 3.043564376366907354e-01 1.963597034723112422e-01
4.536212267709718304e-01 -9.940986815266668053e-01 -3.609860789106418277e-01 -8.973301348128210897e-01 8.655766292027986530e-01 -2.694230981187948348e-01 7.307031774433228044e-01 9.568071662640045272e-01
