6.157018240920340002e-01 5.568220941489936404e-01 -8.899647914954020855e-01 -3.624870052344708604e-02 2.102926551282260359e-01 8.126786790458953025e-01 3.221246164226099218e-01 -7.022307192896519723e-01
-7.594711724335965197e-01 -4.451284585643600078e-01 9.865981601356565989e-02 8.104535640023438070e-01 -8.513196508455109779e-01 -7.403270915596651403e-01 9.076640666200295193e-01 5.998532515815777622e-01
-4.003933834640889255e-01 2.576530061383890402e-01 3.748782894726361281e-01 2.425634291784222185e-01 1.479720909892474623e-01 -5.740615776080153498e-01 -6.460482330251833272e-01 -7.130571197956612206e-01
6.137215043177202123e-01 6.481185903176049923e-01 2.184179661712357667e-01 2.073029226704319328e-01 6.417738838995652451e-01 8.438562810158956040e-02 -7.691807098770722106e-01 -3.239112762806413137e-01
-3.780359839985267811e-01 1.963088829625880827e-02 9.178525198683098463e-01 -8.395799625163808955e-01 5.503593319446473675e-01 -2.216882005119980015e-02 -2.318918175050832531e-02 7.160084687090768618e-01
-9.606039601205429435e-03 3.923567118983646296e-01 -8.362437984479371700e-01 6.485158268141848481e-01 -6.341080965604373176e-02 -3.236272948706198083e-01 9.540744603592055118e-01 -4.268651687919196025e-01
-8.098742209596481167e-01 7.128578612007612225e-01 9.818318229849707368e-01 -9.533204160375505776e-01 3.142120026039147973e-01 -6.116832581855760065e-01 7.441231002660442240e-01 -9.621536877727792092e-01
9.809323121378947796e-01 7.889280353085112996e-01 9.832815018862115508e-01 5.214606207044936159e-01 -5.758869218795492628e-02 -3.052017460280893602e-01 -3.870034357543239434e-01 8.558701413468834396e-01
9.983357083251394037e-01 -9.492718046457291337e-01 2.278694951404309776e-01 -1.662069618968846640e-01 4.299037860833603286e-01 1.191437562157033891e-01 -6.954579352179757201e-01 -3.974848696307029527e-01
3.595599450622375404e-01 -9.714449362932893184e-01 6.870685921511172634e-01 4.307363088557139008e-01 9.168389377729266876e-01 -5.212212368344328883e-01 7.922494837789750832e-02 -9.776496692636491570e-01
