-6.020671871277474274e-01 -5.218339267270486470e-01 8.109684817288418390e-01 1.266594124901712082e-01 -6.654460768826286898e-01 -1.571259349252169812e-01 -4.180903324642004648e-02 -8.017223930570154256e-01
-7.125478132611964277e-01 -1.219452871437642916e-01 9.397505647088693070e-01 7.715834884745089717e-01 -5.118715114336591654e-01 -9.392244788662109656e-01 -8.235579968947379648e-01 3.843931868551875297e-02
2.927934800814191441e-01 7.702206927408661308e-01 5.054436770823969027e-01 -7.495434359383272849e-01 8.686027086203387260e-01 -7.475629026421739542e-01 7.910539118316639584e-01 -1.645932082810450670e-01
-8.786473270019534709e-02 4.021399801882667990e-01 5.635824398002364788e-03 5.237946148638121802e-01 -1.656227117760578071e-01 5.371595884339499527e-01 1.143498812363810124e-01 -5.074425306729288820e-01
8.022877570127435742e-01 -2.956942561434345862e-01 2.369884140217639601e-01 8.435761663726899506e-01 6.045573890077535761e-01 5.443907569369623722e-01 -5.107177392748947220e-01 8.793728640509244077e-01
9.647395322051588451e-02 6.879332559890807275e-01 -9.867803434714539357e-02 -7.408250967436347256e-01 7.426629620293372369e-01 -8.017300391090280698e-01 -6.894867345422888150e-01 -2.925062449844266776e-01
7.090506121111628257e-01 -6.734683591777264056e-01 4.713014661648715631e-01 -2.344335810899493833e-01 2.233406192237001875e-01 1.438895092047796087e-01 -9.272974896442685022e-01 -3.522579577555080554e-01
-4.042716249716633570e-01 -3.662433363954151755e-01 -7.459713625611774646e-01 3.780732898718612844e-01 -9.711624939069585238e-02 6.236364296523282391e-01 -1.114847093596647021e-01 -3.065903115521169120e-01
-5.899328565625554521e-01 3.558300088757742063e-01 -7.266772620178623132e-01 7.562971130665951947e-02 -6.785506826494080990e-02 -1.350593646103799284e-01 -4.651506723181932923e-01 1.519338174867645996e-02
7.879747184862684328e-01 1.236891398125581576e+00 7.031332149559492706e-01 8.896203114788652222e-01 1.464794194449544396e+00 1.196481125697848702e+00 6.041503251464085400e-01 9.030427141232046928e-01
