3.752145799712265362e-01 -4.556062760658377009e-01 8.083928766144385936e-01 -6.071352944854295774e-01 -9.742016882565458502e-01 -7.218679816859896459e-01 1.472456118614215992e-01 3.962204040191816823e-01
5.244148451217380824e-01 3.027358692385471173e-01 5.792317872925079048e-01 -6.936515334851010017e-01 -2.639207439034871872e-01 -9.445899309843119873e-02 -6.362535822107051597e-01 -3.182079090267269095e-01
-5.728045720431551580e-02 -2.625148503924406018e-01 4.778600162453638944e-02 -2.356103179922448554e-01 9.315237987883580040e-01 6.566195197293906993e-01 -1.123411738668256277e-02 7.226842829282877911e-01
3.629719569841229898e-01 -3.788398235298058303e-01 -5.714429167863990244e-01 -6.717701862250766709e-01 3.904010181285106906e-01 -4.854814083949692272e-01 7.385588151160664694e-01 9.375033542385198260e-01
6.765731825662779642e-02 8.536368568798715639e-01 8.291345594312744538e-01 -7.539810170923533228e-01 -9.433892610135030665e-01 2.421825734376228390e-01 -5.397194825792430706e-01 -8.108027709929739313e-01
3.775669813379434192e-01 -3.410999594582961869e-01 5.164962718319969781e-01 9.874964468930347294e-02 5.064001189869857811e-01 7.920228889541203188e-02 -1.428589870380432281e-01 -1.018759582239676664e-01
4.377104442402963702e-01 7.784800008989747333e-01 3.097598530658132177e-01 -7.642973050994563700e-01 -4.604815554333649974e-01 -9.225562942429976765e-01 6.294888138864425109e-01 -5.089730218694674679e-01
5.576418473342070747e-01 -4.207480105441778750e-01 8.941116379408009518e-01 2.016283189619247906e-01 -8.006737187306165460e-01 -7.416208482187909290e-01 -6.818266533813126529e-01 -2.609233692586603315e-01
-1.843483582280516231e-01 -9.034411121910641551e-01 3.702801053442386081e-01 -7.647768251652440341e-01 7.668862211156983744e-01 -6.889038221849286270e-01 2.008270874398545569e-01 -2.852316204460247917e-04
1.374768185846513724e+00 1.400093336484664830e+00 6.220712684527690550e-01 1.058830945678631785e+00 1.405535749417863300e+00 9.191614606955531563e-01 5.798633266521069363e-01 9.132754798573590183e-01
