-8.978953476767603803e-02 -8.068616130440344758e-01 -5.609260401902653737e-01 -8.231504703832159819e-01 -6.838041826286844760e-01 3.109174073277043426e-02 -6.414871478085060197e-02 2.572993358619914961e-01
-8.866061788671424360e-01 6.280681964316912058e-01 4.600465017996664407e-01 -6.347247967169917793e-01 -7.590784147190119402e-01 -9.253475344289017190e-01 -1.562953022000053149e-01 6.765039896969271549e-01
-8.028557589130176364e-01 2.240767050442964425e-01 8.748477846413644787e-01 -4.858207159789416085e-01 -3.982760041529784800e-01 -1.201307872893007112e-01 -4.277512675614321136e-01 4.793173403481496564e-01
-4.383683536546871817e-01 5.158285410622536205e-01 -7.084692191735415534e-01 -7.357895314520421781e-01 2.552038334979014333e-01 -9.985604749288117254e-01 3.167457699015203687e-01 -5.067046301335873526e-01
-1.031677780063515737e-01 3.957421595602732545e-01 2.740581198266061058e-01 7.607492474018908712e-01 9.520051111490301921e-02 -7.760702700287778200e-01 -7.534293317854381389e-01 -2.106477446323595792e-01
-1.534741311457306079e-01 -2.783093806410990023e-01 -2.482611127554521513e-01 -5.980342289343689721e-01 3.407913033426286376e-01 7.568430790717832757e-01 7.712977265703941931e-01 8.958328836255331495e-01
2.506008030816595511e-01 -4.387722760197974026e-01 -9.041949199395662440e-01 9.733452929761947647e-01 9.347811894984121572e-01 3.000270889285159281e-01 6.011805011658604148e-01 6.622923912711236039e-01
7.229239316251201419e-01 -9.179529051815509266e-01 -1.874442425124667189e-01 -2.545684481139374178e-01 -2.731163933014468803e-01 -1.238853067454235291e-01 8.547920196311820096e-01 9.685800234217603055e-01
-6.809341004040443401e-01 7.454394821511520774e-01 2.099741785781170655e-01 8.936529406612350179e-01 9.390464701502583278e-01 8.370845964684296980e-01 3.575059928544843668e-01 -1.888840945348457812e-01
1.466963658131681392e+00 7.759339705912495777e-01 1.062509817755650010e+00 8.294053241083199079e-01 7.783484262002428045e-01 6.291246187063521678e-01 1.455400297125003073e+00 6.239178649656630382e-01
