4.867950292044416205e-01 2.196427212275515739e-01 7.217049096054146684e-01 2.497400410730079567e-01 -8.466271061638757089e-01 1.557532436633164430e-01 -9.927324382196258679e-01 -6.593228796271262127e-01
-2.203940035720559631e-01 1.381631852341327349e-01 -1.719529890727871102e-01 1.715068366363534658e-01 6.455491227017402522e-01 2.608173729642284666e-01 3.397775919319507842e-01 4.499178564792305490e-01
5.031333137464384375e-01 -5.390106804928753714e-01 8.315101553084924824e-02 -1.647306626336295654e-01 2.574294211201482163e-01 5.446590397334416522e-02 -9.905775741197320183e-01 5.364594771712833943e-01
4.097445249201818740e-01 4.506625562758113102e-01 1.915798697259123440e-01 -6.312573426205880800e-02 2.914229424298915294e-01 -5.851088833214168616e-03 4.157979233572755007e-01 6.437623195721038361e-01
2.602779961647740947e-01 4.505889328333458899e-01 -4.636594716938950977e-01 7.007798454443321390e-01 3.485918191911216990e-01 8.387093277761885624e-01 -1.036240390030391811e-01 9.889167277075745499e-01
3.173872253035237012e-01 -3.497082506060202878e-01 5.521342710532604059e-01 6.553116579489479676e-01 -7.055548713102033354e-01 2.868445456726780307e-01 -1.388503688865989627e-01 4.404372434986367768e-01
-1.794634766624936262e-01 -4.258321064016632462e-01 -7.785018680091189136e-01 5.085578476731362763e-01 6.631537692935569606e-01 1.080551188823783981e-01 7.399443889715338063e-01 3.350468221807691993e-01
-4.249427710496422872e-01 -3.474649574102233185e-01 8.016102123467891971e-01 3.620612943764871527e-01 3.076775396293969234e-01 -1.781275817570195930e-01 -6.469974845768013960e-01 1.324455398621007252e-01
-8.792876198938945898e-01 3.082179212742179875e-01 -8.237531632156243067e-01 -9.686317742131842490e-01 -3.278417787610006240e-01 2.318508858433854236e-02 -7.689037177231350384e-01 -4.405129593665457755e-01
1.207461463331897411e+00 1.253996945644148653e+00 5.274692876366645633e-01 1.463922486434840575e+00 6.726563974338894969e-01 6.132291645945989744e-01 7.627306194928932248e-01 1.161885201074988050e+00
