2.425818033784474803e-01 -9.111463693454828761e-01 1.843502895873885272e-01 -1.647566407329736915e-01 4.413173002383350418e-01 1.028383039883002947e-01 -8.316027689257623479e-01 1.873821593225435400e-01
9.634598842784463102e-01 -6.883756966277987388e-01 5.665287069648567986e-01 -7.325447754778180443e-01 -9.451280607291736580e-01 2.309199291618793115e-01 -4.888602353256903399e-01 -7.609882385367481294e-01
-8.295842647708775441e-01 3.989338635330543781e-01 3.680638809575063064e-01 3.346315405161495171e-01 7.441968537602412503e-01 1.907810090201418340e-01 -5.473731496830580578e-01 7.219587311504442884e-01
-1.611974441206502906e-01 -8.425333470468836516e-01 -4.730198334507618174e-01 -1.536164123659178316e-02 4.199917424103691843e-01 -2.539487714330836976e-01 -7.259896977982081001e-01 -7.198774167630490606e-01
-7.487310290834765514e-01 3.557102586314544457e-01 8.288945891215173667e-01 1.602050790444906614e-01 -5.374612599318329131e-02 -7.019152767537328863e-01 -7.309197392250161851e-01 -3.693358615218020891e-01
-5.113926256931975445e-01 1.663429028738327986e-02 9.472474271519233380e-01 3.482899311745391024e-02 8.683571633234259401e-01 -5.451461022578949489e-01 2.735875728542258578e-02 -6.571792772075830680e-01
-1.883193294644855964e-01 -6.612510626441954198e-01 5.843107329878229894e-01 -2.590999760174861333e-01 6.079152172092818773e-01 3.953675882604485992e-01 -7.103359540851565956e-01 -1.666651493166564357e-01
-7.635827172364553217e-01 2.716797677904454478e-01 -3.633160727027358039e-01 8.261417852382264559e-01 -9.250704246472094550e-01 8.276362308663021139e-02 -3.015880158128363409e-01 -4.021498237593246206e-01
-5.074055393830156913e-01 5.375726128845537133e-02 -3.847436162598394382e-01 -8.636906380499140834e-01 -6.799443063527750297e-01 4.891302406239894651e-01 7.018814050791797321e-01 -9.610156123707196407e-01
1.185745115620943979e+00 9.472971800528724451e-01 1.471507819294156638e+00 5.869495255604472161e-01 7.666422771780910805e-01 7.264848436254932595e-01 6.045684079145668965e-01 1.038605342379755658e+00
