2.750984169990788875e-01 -1.226859084458349347e-01 -2.523652436750536410e-01 2.841728615799956614e-01 -6.789316667786657877e-01 -3.710168721445761264e-01 3.510451762379460661e-01 -7.465796709214080895e-01
5.983631221424912106e-01 -9.881329936717606621e-01 3.916827004847236449e-01 4.530093609370897667e-01 8.247773327049661152e-01 7.355085085627002250e-01 3.409300791226255178e-01 -3.136238555374684100e-01
-8.146722462705471290e-01 5.495382960837416064e-01 1.743009763864364903e-01 4.686399477111182765e-01 -3.299388682751702717e-03 -3.705751197875606362e-01 5.446961191790433698e-01 -4.073133001226802996e-02
9.035047885326632500e-01 -6.448403537336337976e-01 3.624970431264218362e-02 9.025786299248235167e-01 9.264318875376442719e-02 8.813370413066026199e-01 -3.895148622090911505e-01 -5.097894083928418141e-01
9.929979437784253182e-01 -1.281928742373648067e-01 3.701944046584990655e-01 -2.205401796571930806e-01 -7.554958629409158632e-01 2.862188690051326034e-02 -4.263016305179638810e-01 3.762056425946003202e-02
-4.663248359976457369e-01 6.749975813387254497e-01 6.668248350229677435e-01 -7.886221126256078851e-01 -9.080859675919950025e-01 -5.343962550055065819e-01 -3.591260064635497518e-01 9.002266851927556157e-01
9.721326975609787535e-01 3.935588821714164354e-02 -4.346809064670240641e-01 6.857481169105243968e-01 -5.548062634070263233e-01 5.880546023196073779e-01 -5.533090689968229725e-01 -4.356541179847013279e-01
9.531851399231934252e-01 -7.454163927631836106e-01 9.554179794923025604e-01 -7.263997865437221702e-01 4.868597485709023065e-01 -2.600388496378636116e-01 -1.220208833152176542e-01 7.534574514852958593e-01
-6.986866649097946969e-01 3.841152546816584135e-01 8.661450350135837528e-01 -1.371972251308162249e-01 3.551452399201608934e-01 2.570155850831856714e-01 6.382486213064808567e-01 -7.700045932321126774e-01
5.190373363544216190e-01 -5.614348501778720912e-01 5.036400717832754115e-01 -1.743418375481218252e-01 4.577985144893541580e-01 -5.438678858311862818e-01 -4.325150387301273103e-01 -7.333715231375144139e-01
