2.467995064920718296e-01 -4.118258893321136149e-01 -6.933135553752405311e-01 -2.820652128471061726e-01 -5.774100958939825112e-01 6.678593233728877809e-01 1.599044140052074958e-02 -1.686716704383395271e-01
8.982598665657481884e-01 6.394525959053951603e-01 -3.522250852207582383e-01 7.698087140523357519e-02 6.917475526879202086e-01 -1.343662405072525434e-01 -7.999423533867491276e-01 5.305753818825131862e-01
2.829229985465038233e-01 6.014396519897082793e-01 -3.380510908313016927e-01 6.275500368789603822e-01 6.856560773922271146e-01 7.996489547261071973e-01 3.478336209919821176e-01 9.458537768815058477e-01
9.068866936792123745e-01 -5.968345629072104863e-01 2.989760325434849264e-01 5.117098537736139985e-01 5.427956904800601556e-01 -5.853584979237373975e-01 3.826439368401663987e-01 5.114914251114150989e-01
-3.047408916110359023e-01 -3.776657781438812478e-01 1.200820137141676014e-01 -8.164760673894466692e-01 -6.513725812144617322e-01 -5.969477111118748347e-01 9.887703675821590821e-02 2.925769403119882206e-02
-6.112188876647686175e-01 5.988220032523881020e-01 7.565280186819525188e-01 -5.141801280265692053e-01 2.573257458164235345e-01 3.278482171997409989e-01 1.354193492889581574e-01 -9.758184291269247357e-01
-8.729625849645830105e-01 1.764920631488899883e-01 9.107721904521068890e-01 4.352608582564567730e-01 -9.216116018176423452e-01 8.216734222844579438e-01 8.922901437216834708e-01 -1.092717025940190823e-01
5.002963912023805637e-01 -7.120423435085243558e-01 8.117960481611528056e-01 1.619578156341319186e-01 8.485077775416283163e-01 4.331235378987112750e-01 7.045991180008375210e-01 -3.151142378691524915e-01
8.339707559493447775e-02 -3.959203683161802712e-01 -1.555682272911860231e-01 2.231516909143103078e-01 -2.379233116018819594e-02 -1.883185999248617737e-01 -9.638128952588684850e-01 -5.504988824791445801e-02
7.818406560309096864e-01 1.342842416109870651e+00 1.367747311390905995e+00 7.296838261259868119e-01 1.045074731694446424e+00 6.560711570044536201e-01 6.508720822069522516e-01 1.252409121405533954e+00
