-6.368365097014749843e-01 2.120900247524373228e-01 -4.471773591946233140e-01 -6.275578356460660423e-01 6.108538444790418964e-01 8.163289902923291930e-01 5.913136879939198121e-01 -3.025721384784663126e-01
4.736667460853543066e-01 -5.382607459381543169e-01 -2.935935974134287196e-01 5.122806845144440846e-01 1.009087318754930962e-01 -8.912662217074236448e-01 4.152861946999175657e-01 7.653115665607794771e-01
-8.464106388480707732e-01 2.864071997340547071e-01 9.912937823489713640e-01 1.342156470239563859e-01 -7.478450259021582891e-01 -1.578825559148160362e-01 -4.807655007126658830e-01 2.861197881441268631e-01
8.209234573758046327e-01 -5.768891121042967196e-01 2.358195649786734016e-01 -1.182252931988447830e-01 2.908474761526802510e-01 -1.597170777138887665e-01 2.159867378785278458e-01 2.017490113930624496e-01
6.923806665400160654e-01 -1.626972946994029723e-01 4.265601210574461177e-01 -6.220557598087264051e-01 -5.652227515016550186e-01 -2.247041949056864940e-01 9.354490848232741573e-01 -8.167653816897346708e-01
3.967326927909715639e-01 -5.061060581829770477e-01 -4.022017991772957046e-01 -9.359791378092017222e-01 -1.313373478114443493e-02 2.943941102159624013e-01 -3.081288281783312044e-02 -9.012619132449801729e-01
-2.983552854062629933e-01 -3.319998148348792810e-01 -7.691164846246523190e-02 -7.119597508175909972e-01 5.651572342255852810e-01 -2.261075981872842089e-01 8.794005737175634163e-01 -4.823065213578361377e-01
-2.951102444569477790e-01 -1.853746714617481306e-01 -2.130113519104408493e-01 9.173091598507441269e-01 7.096932318301949483e-01 -2.916859104130844482e-01 6.746552764886293296e-01 4.264301194827258001e-02
8.527865683305269062e-01 7.786460394131491380e-01 8.761241199052640649e-01 1.673557223891390944e-01 2.522080761394218662e-02 9.646182534187399682e-01 -4.253917694537732164e-01 -6.103331679485777261e-01
6.149360516785962183e-01 8.301934917431226246e-01 4.909711117037085515e-03 -3.580448295428624306e-01 -2.672582167391190922e-01 -7.035918088705683804e-01 -9.508374834705104472e-01 5.835520783549299484e-01
