-7.773169336676533092e-02 7.273247452857116713e-01 1.483548067171351903e-01 5.990514480226520888e-01 -2.810381588608055203e-01 -2.559707185983943756e-01 3.121061578924686497e-01 -9.575828759140145863e-01
8.507981924264960139e-01 3.951229500312567477e-01 7.673826721807526230e-01 5.876634733006664835e-01 9.841592978169040329e-01 -8.426261897949762769e-01 -8.478401226374288058e-02 8.784320135505399030e-01
-6.494455092032835886e-02 -5.350951290213312728e-01 8.743820980053338410e-01 5.530478790852479953e-01 -8.888246213624229064e-02 -3.781106106852583082e-01 -1.775927774175580787e-01 4.803171287076726248e-01
-1.258517844060738078e-01 5.138765696969178620e-01 -3.380824683351368876e-01 9.085380273366341353e-01 8.071375796405162450e-01 3.005596806117971642e-01 -4.237702896426462917e-01 -1.620446003757582965e-01
-7.974293248563091296e-02 -1.545553369369501162e-01 1.069612636397694327e-01 9.426213773357889902e-01 -2.134024811737067484e-01 2.054908365838179485e-01 5.274140927957653435e-01 8.896373535218118356e-01
-7.803409571870019157e-01 4.827159267387877151e-01 9.852826653510908805e-01 2.634438708403474827e-01 3.142806369800150712e-01 -1.960916352565462706e-01 -9.740635231319736409e-01 5.706412347227367565e-01
7.356275441998139097e-01 -1.010612704423219377e-02 8.999436443254771323e-01 -7.242708892260592002e-01 -3.336703000651224382e-01 6.817819691609023902e-01 -8.636490851041445094e-01 3.744525396919733407e-01
5.927558734810511876e-01 -1.017908998537773169e-01 -1.487292085788587404e-01 5.248092772995820443e-01 9.709531994254139153e-01 -4.744541907839481265e-01 2.223873388182839861e-02 -8.472754434255509448e-01
8.300344189342787615e-01 4.030025944829462858e-02 -5.188529740115255251e-02 4.554311227072769253e-01 2.489048837097955769e-01 -8.264003305557254819e-02 -7.577339992892042631e-01 -2.005755259039749827e-01
6.369777278566117751e-01 6.980353744067864241e-01 -2.427356440233339185e-01 2.951404018608074775e-01 -2.811248775061148120e-01 -5.599456710152685979e-01 6.473839295894454615e-01 9.509199114779098849e-02
