3.481614801032688611e-01 8.806060845749663635e-02 7.987014426626453112e-01 -4.927857555817010127e-01 -7.122564121327077391e-01 9.985511962211826020e-01 9.089902803613001403e-01 8.406591023608833702e-02
7.739083583858372695e-01 4.129831353797921434e-01 -9.712977303523357975e-01 -6.873663028153307319e-01 8.627746084253873349e-03 -3.104549171526913565e-01 -2.058911899834889869e-01 2.937505579406340939e-01
3.570963306668983872e-01 -1.666619279305026069e-02 -8.856131290929687427e-01 -6.539901935530729737e-01 -9.342368789866140055e-02 -6.686544754911722954e-01 -4.085461163230941217e-02 3.947213708452168568e-02
-4.528773368612122319e-01 2.967003502297824724e-01 3.412200118638890611e-01 2.492247662572544264e-01 -3.889986974042918266e-01 5.312266441619111212e-01 -3.555748696224116934e-01 -5.690225123738861246e-01
-3.756548848584273514e-02 -6.813382345350722513e-01 6.904628296889923078e-01 3.624291149713099180e-01 6.626775971259819542e-01 3.896302157284796674e-01 1.184944547107327217e-01 -1.505537691357980989e-01
8.584285027007576563e-01 -3.153524821081554741e-02 -8.809520280484104404e-01 3.015077002286365992e-01 4.432591918608304038e-01 -5.327861148975916450e-01 2.576457477490026182e-01 -4.719655814716636755e-01
-1.889663433966661810e-01 9.499860677540359344e-01 -1.050133935924888462e-01 -7.482890632835470512e-02 9.251184908867202683e-01 -7.818269984572490117e-02 -3.268460114580948872e-01 9.347925710044970860e-01
6.899949853921139020e-01 -9.867188617232192094e-02 -3.948631309666583711e-01 -7.265397243478024514e-01 7.120400682942484849e-01 -1.435277453849186369e-01 -3.617290034245328467e-01 -9.048299625763123188e-02
1.883444397977389606e-01 -6.566135359001503691e-01 1.191840434146498318e-01 3.571967889544473973e-01 -6.032001294517965739e-01 -3.765395379196201375e-02 -4.250688229441910160e-01 -7.160223239453511468e-02
-8.193782109232523592e-01 3.147107771465362802e-02 -4.730501665270099299e-01 4.786729248126575520e-02 1.441540645122820763e-01 -2.961311197980640575e-01 -4.336712271885614367e-01 9.491243079612443623e-02
