-8.647542638559873041e-01 5.793724924382737118e-01 -5.503832920441040777e-01 -1.326709051226906411e-01 -2.435196065819706934e-01 5.005808910947389112e-01 -9.147769231041147364e-01 -1.260417255570376316e-01
-5.417363562114605458e-01 7.301990938057476566e-01 3.614043612261557126e-01 3.347848105428383736e-01 9.234014702019921472e-02 7.053731297133063460e-01 7.694264617557302621e-01 9.073279998285701531e-01
4.511827904004588330e-01 4.798838317716420665e-01 -1.189098378928210575e-01 4.474538454284426869e-01 6.963826413110589808e-01 5.080953786093718172e-01 8.395372056470791211e-01 -3.845795059844996366e-01
-5.597775118117833681e-01 -8.506869986440721565e-01 1.965387031369500992e-01 6.314131545515508925e-01 3.429411714741448236e-01 4.289837599395656120e-01 -3.333111726812647557e-01 1.463018732741752093e-01
3.701749541477867833e-01 7.617540994817115774e-01 3.640542088223113204e-01 4.866835934319815316e-01 4.020394089512271396e-01 -2.587521783129900221e-01 -7.457972451632879363e-01 -7.545539535458876124e-01
9.454680149481724527e-01 8.921356446890666980e-01 6.784210222834998749e-01 -1.980324413371583603e-01 -2.600491193491250019e-01 -8.614962857344643510e-02 5.362775469979645937e-01 -3.363415161623277694e-01
5.067965148105491036e-01 9.148478319483461796e-01 5.043869051275060578e-01 5.325303884702856649e-01 5.565659040986881134e-01 -5.227319819483142727e-01 1.074710359831709816e-01 -3.316966571446815504e-01
-7.711010710229369014e-01 1.616108988553603965e-01 5.774232894691624374e-01 7.083652927460579729e-01 -7.495439409605890724e-01 -4.997154208291232358e-01 2.755459842867573617e-01 -5.301925356920240695e-01
-2.223496165817933079e-01 -2.783303527594003235e-01 -8.446790892306188514e-01 -3.096321064011751112e-01 -9.975724454508279049e-01 9.274111053878106858e-01 4.483353036183550522e-01 1.758790432044410323e-02
1.302368375971851400e+00 1.301491208265239230e+00 7.437436092770066676e-01 1.440837987041554635e+00 1.329109000334397273e+00 6.893284366694040211e-01 6.913065206276072239e-01 5.209495262685707173e-01
