9.176795950680050051e-01 1.421962568591850218e-01 8.727568070916014165e-02 -2.019074049608908794e-01 7.485053370732548395e-01 8.699933558194239414e-01 3.180676016904626646e-01 -9.560361994546240361e-01
9.030155628701619364e-02 5.926617034632000180e-01 9.919407722527862070e-01 6.387362171722124060e-01 -9.164267442920974727e-01 9.092982299422593950e-01 9.606143777184354970e-01 -6.708196801329724401e-01
2.570118278230844044e-01 7.978701494538895655e-01 -4.617812066627577927e-01 -2.225144412311887976e-01 -6.329453297509641807e-01 -4.478229355054508254e-01 2.272057336070385514e-01 5.838176304271560646e-01
8.309893386248106140e-01 8.107591281599628719e-01 -3.932350559591071271e-01 4.147149333676658500e-02 -2.399287572534731794e-01 -5.589639277455673572e-01 -7.817300279427517040e-01 9.894986507856409208e-01
-5.259635424253892300e-01 -1.390804358475858926e-01 7.390910643263093327e-02 5.300005738188706683e-01 6.872900067005729419e-01 -6.898460843783988938e-01 -7.327441658036346617e-01 5.921743788513522677e-01
-2.243359298732361395e-02 -5.221800429693039813e-01 9.696917472260468962e-01 6.191535663799172529e-01 9.867244837896027576e-03 -3.188468471234893187e-01 2.596179232196884623e-01 2.825733875097864445e-01
-7.486431871498708812e-01 7.117591711073587568e-01 9.429002294721426924e-01 -9.876941250589652554e-01 -5.876982140928099785e-01 -4.284265952453671922e-01 9.466634422084090339e-01 8.925494760567764807e-02
8.144979288535811879e-01 3.130342290732772703e-01 -7.096552102312763122e-01 9.766896186661948587e-01 -3.560783120436272764e-01 -4.806663931623147423e-01 6.543925558132843712e-01 -1.498590250108449151e-01
-5.554053345448435319e-01 -5.837891715980547680e-01 9.817295231701212987e-01 -5.182768784082507629e-01 -5.945469804340193232e-01 -1.854100565963345826e-01 -3.324756456334698740e-02 -9.724991356110190832e-01
-4.271545423465299418e-01 7.718908838986047183e-01 7.438313091959667389e-01 7.891735496851852716e-01 -9.608266335008761594e-01 -4.138256550391463673e-01 8.427917522213459467e-01 -3.180986235534448703e-01
