-2.834340676652242763e-01 -1.928426604473165717e-01 2.990435276108380780e-01 -1.806161225169167217e-02 4.300445955356608785e-01 3.227799185362603129e-01 -2.847983726401051019e-01 3.264982759552079727e-01
4.271529866909840045e-02 -3.482585823604686937e-01 8.346646289365733384e-01 -2.357341133628347851e-01 -2.395041661359618157e-01 3.606392437189209765e-01 -1.345610516122328626e-01 -5.737432632430712331e-01
8.512791321050741100e-01 -1.636089717280460043e-01 -8.089404952587053721e-02 1.224374918377277854e-01 -4.994407430885303700e-01 -7.938552705343915328e-02 -5.130284765027992577e-01 -4.254498896448026812e-01
-3.572952062661982620e-01 7.062919380930177127e-01 -2.473027652421795342e-01 -9.138270576009022150e-03 -3.595529757931221759e-01 -2.800874679252389754e-01 -7.507451132347928713e-01 -6.556604694307321957e-01
-5.631963121754461898e-01 -1.372851005597157670e-01 -9.791410441968442235e-01 1.848236259651976354e-01 7.827039836026821185e-01 -5.542885702295468064e-01 1.265096353695749354e-01 -2.883919785565565164e-01
5.148158301429743844e-01 -4.336025195616315386e-01 7.725307738641058464e-01 2.590694172266765349e-01 -9.675595713658300401e-01 1.724497627057368643e-01 4.591992324442391027e-01 -9.092716607471758028e-01
-2.124534899186660830e-01 -5.578036947570912396e-01 -3.459901038300818854e-01 -4.073704907254589447e-01 -7.269776208877216650e-01 -6.622401886524780235e-01 -2.311922670487855935e-01 -3.728118250859964178e-01
9.136156390657754756e-01 9.857219347821448707e-01 -1.613487407969311782e-01 -9.547104473244383271e-01 1.441267874046723296e-01 -2.227503101257737317e-01 -3.353038246350239504e-01 -3.426066397683815712e-01
-9.049930145601801090e-01 8.786203399154632887e-01 -2.887234008641499372e-01 7.707120125847419789e-01 7.446455802820499681e-01 1.305629292192156399e-02 -9.447739627895612724e-01 -2.521076986951500398e-01
-5.264744968929970792e-01 -9.192760583348433823e-01 -4.828780580357967533e-01 2.442356141557320282e-01 8.308173194551262686e-01 2.266021489621805607e-01 6.898834128155000300e-01 1.045290421058333585e-01
