1.415490064602988873e-01 3.443185224935632061e-01 -9.416854192107959598e-02 4.465968771658901382e-01 7.452751357322529024e-02 -9.747470290503135182e-02 -4.490637696207495644e-01 6.454967580067914046e-01
1.141372311936732498e-01 5.375065431121988091e-01 8.749222479704517053e-01 -1.229797255740294748e-01 -9.409024199992195303e-01 3.139197184067172852e-01 2.001568902715338272e-01 7.018882663610614969e-01
-9.952366362071243255e-01 2.089060525134667223e-01 6.738683820756199427e-01 -7.365427253847782740e-01 1.620344320716806674e-01 6.626518943005199613e-01 -7.496820158869177408e-01 -1.891358934861235852e-01
3.838661364492430561e-01 6.584142830950161507e-01 6.622738067304088094e-01 -4.054705005320162758e-01 1.912488489460510976e-01 -9.731062827913450342e-01 5.570755052847777833e-01 9.555850986055660634e-01
6.088574897012364318e-01 6.815527194937807121e-01 -7.406538223792549225e-01 -9.186474296280924268e-01 5.810207493006100954e-01 8.967155358342471239e-01 -1.667625760394673140e-01 -7.220085885426086314e-01
-1.672831182714105136e-01 -2.420735795958652847e-01 5.333001439726066106e-01 4.545847753311835771e-01 -9.108500235356455921e-01 5.614622996010627531e-01 3.340569964397657188e-01 -3.167280528503189085e-01
1.040018187132887295e-01 -6.893069351089322616e-01 6.383208619148406093e-01 -2.639223618123041071e-01 4.137314078995915079e-01 -8.572490044121257036e-01 7.904558989606997876e-01 -1.636996880399670395e-01
-7.642107434457716675e-01 -1.978459740912974496e-01 4.592631967185059061e-01 -7.767722405600667734e-01 8.544292840960201474e-01 -3.689304916376863197e-01 -4.209590671511644899e-01 7.150288652375174081e-01
7.614885247037339600e-01 -4.329397779351602527e-01 6.142626203612795432e-01 8.210218869272862818e-01 9.575767304979432293e-01 7.798702999587669993e-01 -8.968888047882401793e-01 -9.251081464892687567e-01
8.763257906626444882e-01 8.715815537896103304e-01 1.095917759703315397e-01 -5.463682668492249039e-01 -8.424897015149819257e-01 -2.605190661023495391e-01 8.487913927022820992e-01 -7.226788398943688740e-01
