7.265680847774715900e-01 9.126900180447721223e-01 1.676644011709911286e-01 -3.082569770005190168e-01 3.874185276942820888e-01 -8.254511875651435737e-01 9.100114688435418930e-01 8.870886566076778834e-01
-8.478705777345252326e-01 7.233893496614740570e-03 5.870621425178086383e-01 2.088358377644996544e-01 -6.378045681639270548e-01 -1.042867779022405017e-03 -6.037239919196579763e-04 8.269595597553418553e-01
7.866859746175225432e-02 -1.900860350293318568e-01 -2.825415992483337746e-01 -4.674014630815859217e-01 -2.207208422171531570e-01 -5.965285260764985331e-01 -2.171175895311308057e-01 3.190072399460797126e-01
1.325506790444592742e-01 -2.580829415582290842e-01 -3.644256249847781515e-01 5.263248379765210760e-01 5.173681933301563785e-01 5.437734661926558744e-01 8.954570064916489436e-02 8.685368676302551716e-01
-9.558571789475163172e-01 2.913108863109490354e-01 8.025088182622246435e-01 -3.061363997163011330e-01 -2.046618348151667544e-01 -9.556764987140433654e-01 2.846361987854399977e-01 4.907481806985234396e-01
2.691504400173043710e-01 8.805578262295878922e-01 8.689636970029819274e-01 -7.855537785223374314e-01 1.040334604723296419e-01 -4.008668225642282312e-01 3.212790771823883507e-01 1.641645025865881014e-01
9.184194285015696568e-01 -4.425928928051985345e-01 -1.046423595899632630e-01 1.928241079429713345e-01 3.091148097299156738e-01 9.151966618238607243e-01 8.316660162213997953e-01 -8.226524164594988253e-01
-4.741567913318724958e-01 -3.196834119872722368e-01 4.604953269331057975e-01 -5.164565528572500064e-01 -5.558200875276635422e-01 -8.650012799699928756e-01 -1.626507209120420239e-01 -3.598000098063653951e-01
1.733262090974563296e-01 -8.884924756945153934e-01 -6.673720955476032390e-01 7.715940674472576699e-01 -2.560412378536303102e-01 1.314357361518134759e-01 8.655525173403519901e-01 6.378936241339372426e-01
9.695831063942763617e-01 4.919528263276813362e-01 6.648950631502819064e-01 -6.790917820048303355e-01 7.981048969468140797e-02 1.676269672660883892e-01 4.072914998705721157e-01 9.943126991734874132e-02
