7.382357297996209322e-01 -6.249954173730682960e-01 -8.983247485748167005e-01 9.533355868502744190e-01 3.922754659714400294e-01 -8.522565939292250370e-01 -5.501568158963632271e-02 5.075152771172370958e-01
-9.053764246532189919e-01 7.086678092482112667e-01 5.808224437379916338e-01 -4.721102424668501829e-01 -1.417684529633731483e-01 7.460695022648795582e-01 4.815695587668373800e-01 -6.092972135494054697e-01
8.690867175310099668e-01 -7.606627076210992211e-01 4.745659641651498450e-01 -6.005780175324999526e-01 -7.425691955673505706e-01 -8.527084747368018913e-01 -6.616106107655590485e-01 -7.314172923768051948e-01
7.684292406058166325e-01 -1.572947596381542024e-01 4.106007651807013215e-01 -2.320398025276995124e-01 7.171688248736765026e-01 1.411642081485124933e-01 -8.179387436874521189e-01 -5.321793000742651714e-01
3.966688887279699038e-01 5.084415485091802189e-01 -5.284019406103586114e-01 6.463178130543925093e-01 -2.788308695102008627e-01 -1.375131011127521674e-01 5.163287116732335758e-01 2.919802868056904366e-01
-6.376828089807138333e-01 3.634880551211816524e-02 -3.565847552364065365e-02 1.113483248713120766e-02 2.199147252049462598e-01 9.210739660951652308e-01 -3.015941277219180705e-02 -1.144014881654669136e-01
-3.450228019278096525e-01 6.524338890429564053e-01 9.800527782627970197e-01 6.679018497662949638e-01 -8.139642046836705891e-01 -4.217912747738765677e-01 8.983815897903735248e-02 -9.198155660544686807e-01
1.454555256869625168e-01 -9.669292382071434933e-01 8.244180147381154899e-01 3.590207336036277397e-01 2.822932793591594880e-01 -1.905767186182962813e-01 -9.580526988048720938e-02 5.615920789171822136e-01
-3.261435803484968865e-02 7.649465061430686941e-01 2.809236494533602357e-01 -6.299793545952903084e-01 -6.436990331990164460e-01 -2.603552520616785326e-01 4.603610983278418889e-01 -6.221691735734422579e-01
1.173027642568307716e+00 7.329977695735008236e-01 1.364384711012707641e+00 1.472105103793569514e+00 1.222876960009658731e+00 9.998844705543971090e-01 1.029891968405416636e+00 1.422170110811732391e+00
