-6.972401545891704355e-01 3.553856859617179342e-01 3.858498763338658044e-01 5.137899089763597882e-01 3.361414270843998686e-01 8.948503604820656765e-01 -9.968983814799667886e-01 -2.164524194907333499e-01
8.928648741113762721e-01 9.233075805819384030e-01 9.109510966874212468e-01 -4.111762304405166546e-01 9.861203666144311430e-01 -7.593287374408825841e-01 8.166247619912168076e-01 1.669833115352563624e-01
-2.753072909333680318e-01 4.011694635060636394e-01 -2.255721804627075500e-02 8.232194892025912480e-01 9.263938568246521399e-02 6.074202026242143670e-01 2.505028224020775518e-01 3.253324328073621263e-01
-9.037160428639177123e-01 -2.379429892900695176e-01 -9.477483547987406443e-01 5.457676965890276843e-01 4.089822666464635326e-01 -6.572271849509954134e-01 -4.034221226081082801e-01 -8.296870307119830201e-01
-5.233428177750398813e-01 3.472773663060959581e-01 -5.375307639431201601e-01 9.809838684390830288e-01 3.613940205724226473e-01 -7.720586855383726466e-01 6.747093592156336861e-01 4.451345740188750177e-01
-7.534736433567186253e-01 -2.831733319751039701e-01 -6.517380688050100623e-01 -1.283790320044708722e-02 -8.935439749092275452e-01 7.785011473225853518e-01 8.391856292369161974e-01 1.579884703392921974e-01
7.510038823162041854e-01 5.447770722284472900e-01 -6.583368430140859040e-01 3.063257334825306710e-01 3.498155767479471656e-02 -6.463127215319615093e-01 7.966219377365453269e-01 -3.939338371301561725e-01
-4.464551914484484740e-01 -3.085452524813163677e-01 5.579046608139262009e-01 4.113196676806865071e-01 -8.710711865095819295e-01 5.392044414096039961e-01 -3.532544598181697193e-01 1.631982143257306728e-01
7.849482237996063816e-02 -1.918004304475449118e-01 -1.899634247521055919e-01 6.118927167822407753e-01 -7.367047589727115930e-01 -9.609864606384868058e-01 7.734310582438090886e-01 -4.871057760714252449e-01
-6.107712953478203755e-01 9.190668119367515487e-01 -1.367219360884563972e-01 -5.627211889298178171e-02 -5.015902834669772048e-01 -3.654053913521071451e-01 -6.181177558656820725e-01 5.170368241504053053e-01
