6.496772158657238005e-01 2.689874655718331731e-01 8.631418800499677246e-01 7.853699521264725369e-01 -8.492904204783160438e-01 -4.668982994752228777e-01 -1.610570067170926656e-01 -2.788424138401042196e-01
-4.398321108901457333e-01 5.717754233426313171e-01 -2.050936100457501077e-01 -4.497647488525851056e-01 2.315044082234529732e-02 2.346008380207031951e-01 -9.098296422431593200e-01 1.549141485121228179e-01
3.564451246204731749e-01 -8.044926478972036499e-01 -9.293624985117532322e-01 1.724976636675326080e-01 7.618997728021468241e-01 5.487100239440889649e-01 1.444075999931953014e-01 7.647926949383971884e-01
-9.156561379065950579e-01 -4.943030215373254155e-01 3.557254602205983662e-01 7.113672084676077034e-01 -5.122835749048382237e-01 -3.030968445725383820e-01 -2.259656291239600101e-01 -6.927521491461647862e-01
6.741746673352049246e-01 -4.264601312732108074e-01 -3.647644635980851202e-01 -8.330899434334071429e-02 -7.819026118649907708e-01 -1.462204025599678214e-01 5.445371747235252524e-01 1.468143880612278185e-01
-6.894792421287661011e-01 -5.527749514859074953e-01 -2.358377196454808367e-01 -8.204854368147107557e-02 5.025510241522190835e-01 3.849088125481969769e-02 9.114927818251292724e-01 6.979393198189378644e-01
-8.299378880425933858e-01 6.680047164544711258e-02 -6.549821493164047492e-01 5.950415071010184409e-01 -6.268034089405640774e-01 -4.398623815187814312e-01 -4.283527128695365782e-01 2.306501750222529346e-01
1.010553418276964877e-01 2.824982229128771838e-01 4.784134441970426810e-01 -9.778759381489656732e-01 5.350646227804511934e-01 -8.271735663909307590e-02 7.119276011455006881e-01 1.809618508686963168e-01
-7.129737527607220571e-01 -9.580635399549120024e-03 3.385455143817450718e-02 -7.049295441770617732e-01 4.653563373341671472e-01 -8.207293875321264309e-02 -7.606970502353371799e-01 1.618347264553070541e-01
7.927426743195336023e-01 6.077769539892292627e-01 6.081589365158839300e-01 7.039356003172569931e-01 8.374860935035632892e-01 -2.102094227473418897e-01 -3.716799213721397876e-01 4.172775482075392617e-01
