-2.216885436750153371e-01 -8.700523267308502007e-02 -3.539029575237806480e-01 6.041999543002423145e-01 -1.626227141106415530e-01 -5.378458028327082197e-01 2.614561476823573649e-01 1.671156283738894910e-01
-2.483988315715508488e-01 -8.616752622996606270e-01 3.762623920173413516e-01 4.411753727506662059e-01 -5.664607066928786239e-01 -1.736668576420870025e-01 2.874997949169160183e-01 -4.090368028547237689e-01
7.944854848534712577e-01 4.486427706898326040e-01 6.183871553450324132e-01 -3.084555659522432158e-01 -3.008525787192066758e-01 5.666054849444928099e-01 -9.606519185501192215e-01 3.857807659665299926e-01
-1.664318225554659580e-01 -6.717748634361369042e-01 6.637021180170645795e-01 1.729784019796314354e-01 -8.669163442203755565e-01 -4.324387476785016560e-01 -5.343188604805679809e-01 -7.628212861470620165e-01
9.636603926252769181e-01 8.481001199595568085e-01 6.782492533250032984e-01 -6.796255461392026742e-01 1.803066330110552062e-01 -3.935343791399008584e-01 9.543351107133137834e-01 4.415108769144950873e-01
-1.014130560985024854e-01 9.349724194339836814e-01 4.856555927992667332e-01 7.894552156611369664e-01 -9.347649327292413268e-01 7.769041086720140932e-01 4.340230080906193333e-01 -7.416162354547362057e-02
9.884000737661584601e-01 -7.383235953779627714e-01 3.697500144289682655e-01 -5.266240916685525075e-01 9.571018073800634518e-01 -8.211172192795674896e-01 1.525022608129156243e-01 -8.796816832985667745e-01
-7.132246750415169867e-01 2.388964164376257138e-01 3.412762950233894088e-01 8.329137619201607556e-01 2.541269249954656306e-01 8.272958512772192741e-01 6.674418922041165381e-01 4.714232850886033166e-01
6.874087321736153111e-01 1.601226007854461564e-01 -7.696675266598629328e-02 -3.978135146197623317e-01 7.422993894736595877e-02 -3.799504470902015374e-01 5.467698501940980726e-01 -3.294702999348715355e-01
7.011797618936390641e-01 7.422426851816760207e-01 7.278846190673829986e-01 6.694862773367206144e-01 7.475444017828296595e-01 1.177611002803512719e+00 1.474353011964447457e+00 1.109162577682744288e+00
