9.824151418931248436e-01 -7.148519575090739320e-01 -5.912762326468454788e-01 -5.473319664718727662e-01 -9.174752562927315225e-01 1.055122546214297685e-01 8.771946374730159590e-01 7.716509109530462762e-01
6.628299539764546111e-01 -4.980295461514760991e-01 6.246655608882241140e-01 1.976331385766039173e-01 -4.792735517678421431e-01 9.491033434183777651e-01 -7.589521167320174566e-01 -2.269244221492054958e-01
3.012616260657698941e-01 9.319361212009478201e-01 9.726650856837162351e-01 -9.790320167964736697e-01 7.654384510085374682e-01 5.218642453018698113e-01 -1.552581928552294599e-01 5.649833699817190524e-01
-4.972604575817340944e-01 3.835012935536448175e-01 7.555518804805194666e-01 -3.920261940731066819e-01 6.305062587615459790e-01 3.309539730333879159e-01 3.408718771259646729e-01 -5.250047221903706429e-01
-2.772578213378229517e-01 -9.888382761908325325e-01 3.029669977904061451e-01 -6.192183207843313664e-01 6.281639951761821550e-01 -5.787105105852965448e-01 6.693723504118991308e-01 4.491333324066300037e-01
-2.774101206867556346e-01 -3.369106309607277083e-01 7.374927864907121489e-02 -8.049263820375476275e-01 6.249956438849624263e-02 -6.826188702448274803e-01 8.572476485976023852e-01 -2.038909737796217314e-01
8.430242168754105148e-01 5.448224173944327120e-02 2.115619715406216184e-01 8.329615931842710985e-01 -5.406503952737209406e-01 -7.925131385117600846e-01 -5.209569599386054684e-01 5.475473695333399338e-01
-7.837059767003353716e-01 -5.796249937921873485e-01 5.335449586323066651e-01 -6.519839661818178644e-01 -8.863463382224705533e-01 -4.466855923857500077e-01 -9.075700541226841001e-01 6.965549614452046789e-01
-6.281710802377891145e-01 4.659794028146868605e-02 3.799914606593051136e-01 7.032568918299555438e-01 -2.372550720315709238e-01 -1.807011759661372174e-01 5.224886516253783864e-01 -8.510036364495776606e-01
-1.710204707907412303e-01 3.653979996300527056e-01 8.051597312687364116e-01 7.366313052963326946e-01 6.012944777224749071e-01 3.927615620905862137e-01 -8.370772341665122518e-02 -7.653687925293573002e-02
