2.007825902518309835e-01 -5.759750173967583819e-01 3.998902519945251033e-01 2.164492350404776388e-01 -5.763688080513185152e-01 7.586033103173144276e-01 -4.935169748189462968e-01 5.281809409116200449e-01
-4.794656873526670360e-02 -6.030813965190939818e-02 -4.670285390265918046e-01 6.768866196747787001e-01 -7.382624834928483981e-01 -5.747392001867170919e-01 -5.861653747767179290e-01 -7.926038299114392949e-01
-1.403957206750796605e-01 6.569636401018574823e-02 3.471971493811245590e-01 8.886880143089803674e-01 -1.456997302209794842e-01 -7.881787086475289250e-01 -2.523496029598251145e-01 4.598600746524399430e-01
-1.153227225373352205e-01 -2.912775497318362827e-01 6.608966898077650587e-01 2.052934246507680527e-01 1.342822965494163689e-01 8.079519774549095423e-01 -8.830583172625052768e-01 5.562097203171278981e-01
2.675309741556519683e-01 1.878979176042629984e-01 -1.159364151223696293e-01 8.920053821043443243e-01 9.079807886439748010e-01 6.915144209403616404e-01 -4.230963696881082647e-01 -2.994933719824468543e-01
-6.124973036969889595e-01 -6.408755733665962850e-01 1.117104227121932247e-01 -3.254532158122860341e-01 1.723054085358219911e-01 3.566391521822742661e-01 9.869606200796281481e-01 8.727849528130915413e-01
-9.132792604555026728e-01 -5.107405828040572082e-01 9.045263375041350251e-01 -2.143347828879398342e-01 9.622126046049113146e-01 7.101007421020071320e-01 -6.261272223534539716e-01 5.874724547871290614e-01
4.576769157940219213e-01 -5.709425519604640620e-01 1.253666946020757234e-01 -5.159605252595020897e-01 -3.822939643219152028e-01 -4.160208173476493965e-01 -7.593628799996439138e-01 8.478900479761319886e-01
4.469691126436101669e-01 3.019229897100390581e-01 5.202810016357741763e-01 -7.556224694257023256e-01 7.809405771892599102e-01 -3.004895056959044908e-01 9.371478863967295236e-01 -4.663662353937330085e-01
5.220484145496145922e-01 1.007508836274833675e+00 1.236773519936348542e+00 8.990929444978461582e-01 1.322159782606628031e+00 1.363869047289207437e+00 8.709356487118066203e-01 9.827327114994238721e-01
