-7.987329349673835122e-01 5.641475562230970908e-01 1.383265010110781290e-01 -2.883512780652190965e-01 -9.703453358109361826e-01 -9.493941578079276855e-01 -9.359696132486723386e-01 -6.279284735937984419e-01
-5.959742106326988420e-01 8.906673385923988828e-01 2.237417675502988423e-01 -6.546372376080089595e-02 -6.659698995218124029e-01 2.103798876387921180e-01 9.158047934002051527e-01 9.443483608803338036e-02
-4.874164453366096605e-01 2.216303474287264486e-01 -6.256734258018301631e-01 -3.704455465983600426e-01 -8.477692262694851433e-01 -9.270522719944083168e-01 -9.491095928189345887e-01 9.992365231701059169e-01
-1.386533684969890601e-01 2.175352888254420414e-01 -2.125127456287796424e-01 -7.426381046473875536e-01 -2.184054246052036241e-01 2.603962768094432167e-01 -8.496295977723107296e-01 -4.433521117134506806e-01
-2.937769072134963633e-01 -1.028760353209929868e-01 4.236579703051637225e-01 7.498981136506539524e-01 2.035448451233758949e-01 -9.702406920840140891e-01 2.677313807916394950e-01 -4.369625322970540626e-01
1.964349801014915187e-01 -7.311474442079684000e-01 2.891160184867229699e-01 3.244718573231808456e-01 6.145349313768442290e-01 1.579841901273377758e-01 -5.478937558758869564e-01 -4.164674469422400271e-01
-5.430642358278618964e-01 3.757153270089632624e-01 2.874284043992514359e-01 5.262458510267731260e-01 -3.945136289517467976e-01 7.806973734657940422e-01 -7.818490300078850819e-01 3.376900999918006629e-01
6.395112470366670632e-01 7.902306518939756774e-01 -3.736379244437795233e-01 2.440014750585304260e-01 4.755897716527870411e-01 9.682121439834314724e-01 4.378905750276129716e-01 -8.733322624105916976e-01
1.071223412563666599e-01 -3.131795066192966104e-01 3.471917305343761306e-01 -4.024034115587382665e-01 4.546135521216987385e-01 6.607655138132648709e-01 -9.807828288846052178e-01 -9.744091058376624925e-01
1.462141159916118482e+00 5.778995396928762185e-01 6.078973324224049568e-01 1.024920298916117911e+00 1.332588127341318263e+00 1.097976541990242971e+00 5.096857861611483465e-01 1.274642316991902558e+00
