-9.319405776804337016e-01 4.626589250958250688e-01 -5.497078418129339727e-01 -6.828245766237313052e-01 2.079629105942497613e-01 6.172378875955342181e-02 -7.501586521663028417e-01 1.953125525138061924e-01
-6.399452789532464880e-01 -5.419143324752027091e-01 -9.271905462592089364e-01 -4.039743589410786928e-01 -5.355183193808958908e-01 -2.297047267260097225e-01 6.576403963424033439e-01 -4.775573434586681820e-01
3.615979575842069860e-01 -4.383929093229570473e-01 6.952194294082492121e-02 7.067546401223407937e-01 -1.056964451112281100e-01 3.056356791271335194e-01 9.126634413384284716e-01 -4.546042088557966654e-01
3.128134160106035289e-01 -4.809550555937318617e-01 -4.026919995395308316e-01 -6.165507131989713674e-01 -2.269600213907709829e-01 -4.972504108146102997e-01 3.663935496669679104e-01 5.078794738331475767e-01
2.370248562170385043e-02 9.734901809193741151e-02 -3.329151364860389872e-01 -2.680912276776930003e-01 2.576182957769967974e-01 9.270165684005131634e-01 5.301317986876052935e-01 9.596589177166279239e-01
8.311737872640139191e-01 -1.687154505290269224e-01 7.354884596283890463e-01 -5.256402986840180702e-01 -9.495252034438634858e-01 -5.279866000898816303e-01 2.939124997346165280e-02 7.523559949180107509e-01
5.362032061406329930e-01 -4.726398517576968494e-02 6.612050549344266059e-01 -8.351380402672845538e-01 5.853423955873080509e-01 -7.610904641806526261e-01 -4.531688984054880187e-01 -8.179020212126073552e-01
-5.266144161696699744e-01 1.331308868005276480e-01 -2.977127500631093771e-01 -9.173240633924240051e-01 -8.074006516850957826e-01 -9.101189612513835847e-01 9.245069263271399329e-02 8.107223016192157683e-01
3.703601219654162335e-02 -3.234007304637092073e-01 7.607126113741000673e-01 4.238691721840597282e-01 8.236779161853953202e-01 3.286762012958643897e-01 -9.385389149781748763e-01 -1.739708446449941270e-01
6.018770660187759969e-01 2.312842465324436159e-01 2.401471027500092781e-01 3.616841137444875010e-01 2.613139662326562362e-01 -8.526488313378477457e-01 -8.344026566688034219e-01 -5.399569376538517762e-01
