2.637686436850223970e-01 -3.452345499044384702e-01 3.757580819291035379e-01 3.157449874298521308e-01 -1.954607558521384014e-01 2.263447110208127722e-01 -8.300321854283405631e-01 9.637879911636342278e-01
-6.676554719689808959e-01 -4.743395710592521741e-01 -1.708209506280682355e-01 3.597744975466052875e-01 5.908183087661607047e-01 -9.266697375044783414e-01 5.639734186093861013e-01 -9.432516992927648669e-01
-3.908016604309150210e-02 -4.579747418188608865e-01 -2.712795850682538923e-01 1.012864157437196599e-01 -2.847012987900114922e-01 9.277857745331801187e-01 -3.652507212138393911e-01 8.627437081303490629e-02
5.200972463313000560e-01 -8.997026776688605842e-01 8.968829830285669491e-01 -1.265344531241197057e-01 -5.341527254006634973e-01 -7.520360209362175752e-02 -4.425704951258828679e-01 -7.005733642550315832e-01
-3.343419643391458695e-01 7.492193544366057001e-01 -8.108004360753628958e-01 -2.383833080837458596e-01 7.438539232281520253e-01 -7.807442699667381802e-01 -9.664408312755428110e-01 8.606730518554122078e-01
-5.608749825591681226e-01 -2.855258962233830911e-01 -5.836966618470709189e-01 -8.646783666239199473e-01 -6.474437112041953046e-01 -1.845078401237869592e-01 -4.221346829923786625e-01 3.986034220293843688e-02
-1.100355674796891225e-01 -4.393506088722034519e-01 9.212507114075891845e-01 -4.216240976983358646e-01 1.049424734041717322e-01 -7.311194318451108565e-02 -4.136150371499316414e-01 4.127046498668915930e-01
6.927175461087970998e-01 -6.031846120432795555e-01 7.105768916845223160e-02 6.617233515575660086e-01 9.628722149071244907e-01 -9.560414727092125808e-01 -7.158441244165654194e-01 -7.555056230590733168e-01
9.059560208556907135e-01 3.953753250002594033e-01 -1.439019219263879545e-01 5.816812254304888352e-01 3.143696542182183862e-01 9.362517232497100661e-01 -2.162103792709253458e-01 2.856588796639487615e-01
-5.749000212759880490e-01 8.818660981280765920e-01 -2.522865852868307890e-01 6.402678632902196743e-01 -6.832036637353440245e-01 2.351696803452074658e-01 -6.629660320944812391e-01 -4.218936527904626477e-01
