-5.688229581630797060e-01 -4.283366622958855174e-01 5.599986505307987805e-01 -7.965300646124158224e-01 -1.892424213460373039e-01 1.861679006067991082e-01 4.455490568782567440e-01 6.043357447489297041e-01
1.322707629353274683e-01 7.748095224866549113e-01 5.376445712925768117e-01 5.942111131872440666e-02 7.966421324154868699e-01 2.696212848979175902e-01 2.898771642512114610e-01 7.554913513052294860e-01
-2.144779670822709594e-01 -5.995972109383451709e-02 -2.501069673248341729e-01 9.074708601990502110e-01 -1.965206749671073450e-01 6.064382067379670005e-01 6.708577972671323497e-01 1.998777307749675103e-01
7.530927692698858866e-01 -3.365053927744001694e-01 8.751265506463861144e-01 -4.497162138707024859e-01 -1.761410996065320145e-01 5.421785959909191099e-01 -9.846585442644384401e-02 9.333835274073656318e-01
9.410833183441693617e-01 -4.178101211547851079e-01 -6.944537101956305136e-03 -1.115061407254624992e-01 6.715236055818758487e-01 8.530969170927495959e-01 9.844681850689327440e-01 -9.020189115862664586e-01
-9.750216540392755427e-01 -6.665929283146558859e-01 -6.794506784118552467e-01 6.687756887502145364e-01 6.850585479164932323e-01 -2.757047497062066199e-01 8.226410955271825642e-01 3.429212564623109749e-01
-4.374312324585960532e-01 2.354168379839691738e-01 8.375060226858936918e-01 -3.090349130045511039e-01 -5.304745968101480802e-01 -3.888116407328963131e-01 -7.394035519713555438e-01 -2.442157230790802380e-01
-5.886701691076354770e-01 -8.834494740141110025e-01 -2.078692855896602243e-01 -2.251639595247694192e-01 4.333634741584673211e-01 -9.740240398686295098e-01 -6.764356769169754813e-03 -5.049701597663966979e-01
7.616375617765533956e-01 -5.052337039738972191e-01 -9.089854160991470700e-01 -7.091056894286495993e-01 2.318616821450727450e-01 -6.774062869366093143e-01 6.351077935085771564e-01 8.866149911159659780e-02
-7.587937027197968476e-01 8.288271754767673194e-02 -4.090836407997131552e-01 -9.446990164786301936e-01 -4.259483608462939497e-01 -7.258487410472738155e-01 4.437389834218510298e-01 5.933349192406471850e-01
