-6.260548823478313540e-01 -4.887742793734046742e-01 9.188059372836410166e-01 -2.903264119657578135e-03 4.325181377950018113e-01 9.009994585211624774e-01 -4.874546502047729657e-01 2.030079590132625178e-01
5.036263000746152851e-01 3.771629162890695053e-01 -6.370343999762746456e-01 6.324671594450861356e-01 6.251074258596034383e-01 -7.677249929061178424e-01 2.106612435303230058e-01 7.817362056177104002e-01
-3.440824704909428711e-01 -6.907906867830262421e-01 9.426443781723292670e-01 1.937577032616428774e-01 5.043047511015972262e-01 -5.123002255431399199e-01 1.801517406925534637e-02 3.786112032001964778e-02
3.332836244604426845e-01 -9.816031189658021017e-01 9.724158334784895885e-01 -9.145731627789657203e-01 1.293985500273242550e-02 -9.913884422729239976e-01 -5.887714739128817598e-01 3.466619899451905962e-01
6.852307817589389227e-01 -9.868902974597286715e-01 7.741424142507005168e-01 -6.445492819200204782e-01 -7.635602222284387786e-01 -1.116648038413750044e-01 -1.186841504701088290e-01 1.968644139249917657e-01
6.620316377128450114e-01 -7.890863025429644129e-01 4.147383842947085508e-01 5.345037108173278373e-01 9.809952548457547827e-01 5.699736461231461604e-01 9.263693787540763225e-01 -3.295040269498799024e-01
4.331351326422139270e-01 4.648718105557061442e-01 4.061925570451550005e-01 -3.802819110317134932e-01 -4.625336685503165235e-01 -3.266231698122745719e-01 7.327321803329565064e-01 2.875506142015369360e-01
-5.609652962083007122e-01 -8.514896620258061155e-01 3.847226471108180501e-01 -5.894651995364081909e-01 -4.771372342024198243e-01 -8.991550618644739146e-02 -4.886222293761333102e-01 5.420005014768765061e-01
-2.384204432691729991e-01 -9.868099640618597235e-01 -5.967805599436917241e-01 -6.958807070417096785e-01 5.982809292034898530e-01 -5.608823742524291500e-01 4.865789607918775683e-01 7.702066961668994072e-01
5.076939223194680828e-01 1.295644790349292919e+00 5.224251210006798374e-01 1.281441349175924449e+00 7.122103877652654624e-01 1.293005481679187607e+00 9.027650081133005155e-01 1.094126287987020163e+00
