4.390094104685426935e-01 -6.513852659010022084e-01 -3.224854210101537610e-01 -3.185469521020212191e-02 -8.713879963894333169e-01 5.723441612269863921e-01 -3.951110944861133678e-01 8.523822203966251454e-01
6.475670870197351991e-01 5.563155942267148379e-01 3.723512363456207286e-01 -3.036626321850617316e-01 5.653379588028899505e-01 9.415461732530356898e-01 -5.259474243554069783e-01 8.196005151151983803e-01
1.801081561065172032e-01 -4.135692041814604814e-01 9.591111000645551332e-01 3.672349421608833708e-01 3.386931332807079364e-01 8.342909671128051485e-02 -9.046054280696969041e-01 3.660159481885050248e-02
-5.118115564955219021e-01 6.389456199590735075e-01 -7.417033393636052185e-01 -3.228399940268500412e-01 6.124395965307072309e-01 -5.663747096053066699e-01 -4.279979600716801169e-01 3.038868783010362229e-02
4.990522788376647867e-01 -1.636877091909552107e-01 -1.278020426335317872e-01 -4.410900638419175124e-01 5.964817561549884406e-01 -1.954398429817614247e-01 8.084223049657506266e-01 -1.241149245985320171e-01
2.415751638992433836e-01 -7.525667087849385872e-01 1.276716457535995719e-01 -6.888673187725122826e-01 -5.748347940499531905e-01 1.455335417680245769e-01 -4.612958106261566549e-02 -8.577356983552602010e-01
-5.983218106947831849e-01 -9.803772214848640587e-01 5.919468320434821962e-01 -3.315879937376637887e-01 -1.630777102558291780e-01 3.287960223307346830e-01 -6.880322217198096002e-01 3.994292506384249375e-01
-3.759493846913066761e-01 8.755933114467020495e-01 2.197609204673982575e-01 1.185030374582303203e-01 4.914197975849901034e-01 -2.029346419450637207e-01 6.274795923822698018e-01 -9.621115450949004888e-01
-2.537239845834315943e-02 9.747175230129165868e-01 -1.424539294488649244e-01 1.159910702128466031e-01 -2.886543765359659286e-01 -3.754236904316676782e-01 5.050646470933453092e-01 9.094495284454704453e-01
-2.979871392485200499e-01 -5.125184822166868326e-01 -2.935046914273549135e-01 -1.096982996963975499e-01 8.951491460536078471e-01 1.272115969422968895e-01 2.057988571363744690e-01 -4.987181359380414847e-01
