-6.828297542642469686e-01 -8.324842832625165556e-01 -6.860121419176694602e-01 -4.586034897364064111e-01 -2.182769798542469886e-01 7.828374382009537502e-01 3.225506477684336737e-01 -9.670632490097696987e-03
-3.239482986796216046e-02 5.084032292169589073e-01 7.364197502854108457e-02 -4.241707515269603768e-01 -6.377288670007681404e-01 -1.359286690547198972e-01 -5.870581163257957424e-01 -3.083061209752953058e-01
2.060630802871099565e-01 -5.716799100074887452e-01 -1.460207125945311990e-01 1.125758714744182765e-01 -7.455531793747758318e-01 4.694297692754805240e-01 -2.993266725574545983e-01 -5.715869804086453065e-01
5.099767119721940745e-01 -7.879509928337424807e-01 8.365972870372051506e-01 -2.437457436389849352e-01 2.213410984362866873e-01 -3.723754542186430427e-02 -5.510121725887233701e-01 8.661002484323732098e-02
6.444004490906827254e-01 9.817653492905136225e-01 -6.755019012240843779e-01 -9.441336086299279007e-01 6.681942173452268818e-01 7.514704150740176836e-01 8.792232231036756218e-03 5.156857502978344776e-01
6.246801616221311360e-01 2.748850195970240495e-01 -7.893916836926386793e-01 -9.944306185727354030e-01 -9.566539082244549519e-01 -8.388213540684361647e-01 9.115892708165682645e-01 -8.558517564201093553e-01
-6.388822872613217907e-01 -3.204397166689110232e-01 -6.059161248237507902e-01 -1.673525433760050252e-01 6.929748443035634864e-01 -6.888479087468590834e-03 5.074802756802858639e-01 2.958957416828833509e-02
-4.953905724115708065e-01 -8.019769892614954099e-01 6.093943830215535762e-01 3.789090449435796870e-01 -1.522605028503967173e-01 4.491541989074077090e-01 5.052232157153482284e-01 -2.950727660302343569e-01
3.504359491297550644e-01 -8.418889494258263717e-02 8.073081386726868036e-01 3.778477569203442243e-02 6.472346331903853223e-01 8.486140336360745717e-01 9.529206787699529002e-03 2.661789031662593619e-01
4.013495877521471300e-01 -5.795538477702939506e-01 6.261615009726326786e-01 -5.309795633260401271e-01 1.941018561977172485e-01 5.226042040280272083e-01 4.994625421019351919e-01 2.280862400668466350e-01
