2.949411241597756916e-01 6.442353471731081527e-01 -4.199432683776251896e-01 9.431756537005520080e-01 -4.393075522726566096e-01 -5.503825557297994386e-01 -5.142242697397760853e-01 -8.506638191353086409e-01
3.323833753398910407e-01 3.373608461543642356e-02 -9.401095983779559351e-01 -2.297007762101930251e-01 2.396483525024863948e-01 -6.128761355393774757e-02 -9.136216753975459071e-01 5.592965197819554923e-02
5.243523051207854557e-01 7.920752464600315790e-01 -1.099223272033047483e-01 8.682055141519202657e-01 8.518784425697674134e-01 8.116737938169571454e-01 -1.006490641868231783e-01 2.440673330034712762e-01
8.315878257767470583e-01 8.258115994680721439e-01 -6.506210245648005319e-01 8.792350904276831081e-01 3.289082868972235119e-01 -8.075938123228414423e-01 2.678255322896021529e-01 -4.883701137721627727e-01
7.861122884472939720e-01 -6.633631637981243223e-01 -3.981609778635530894e-01 -3.337531858637270421e-01 -5.624010980876947841e-01 6.845872191018596009e-01 -8.729360015354863389e-01 -8.430370276702423560e-01
4.761986675988854056e-01 -9.852838414086786401e-01 -2.969868587389909997e-01 -2.211024167488930825e-01 2.058032235209292793e-01 -4.552307106374449130e-01 7.123499340564369842e-01 -1.766171050300733292e-01
2.818763378919963980e-01 -4.056593849335885515e-01 -7.586177936472850991e-01 -3.674071437425832087e-01 -9.553893386457052994e-01 9.130754985493898523e-01 7.831377681147597691e-01 5.628159074000598228e-01
-1.656347956177954828e-01 -4.885966522479205931e-01 -2.389487214733776455e-01 -4.020430489362423199e-01 -9.174870063719435809e-01 -8.636693595663997858e-01 -6.407244058033756406e-01 -2.015711018074948235e-01
9.628095584145337504e-01 -6.419471911901237782e-01 -7.046242471214663183e-01 -3.183003651952007740e-01 9.278691657794644332e-01 4.040633744793924453e-01 -2.337700212805720046e-01 3.990492209892517739e-01
3.024932478333353103e-03 1.614628634132970753e-01 -1.073188742096222725e-01 -3.695345538805261398e-02 -4.162467653565469217e-01 1.525287594372997102e-01 -3.275734608792140179e-01 3.487291351576846665e-01
