-4.769520886569282858e-01 -2.836785543863560299e-01 2.331258208950941491e-01 1.811848715878714433e-01 4.461333798793003513e-01 3.899824502095516898e-01 7.849245748558124625e-01 -9.324041338050903516e-01
-6.461641161082163354e-01 7.342472416471697017e-01 -9.925231748876097715e-01 1.574872193993965830e-01 -7.012773972006258738e-02 2.474901785439986845e-01 7.262485617715122022e-01 -2.666587742329831201e-01
4.918699876760674883e-01 -1.678794255711721917e-01 -1.732800439662618430e-03 -9.305840080491505351e-01 2.531043876509151414e-01 6.717569601376298660e-01 -2.352862306457346175e-01 6.311463723653760738e-01
7.974075524416230909e-01 9.880866357112900733e-01 -7.624186443025422477e-01 2.670637441603123108e-01 -7.623377183809592061e-01 -7.806755526990283300e-03 9.315208612597158933e-03 2.314870773353947531e-01
2.468918314291086435e-01 8.398886438072217242e-01 -7.112244188410818957e-01 8.549135696161727083e-01 2.694766371799708349e-01 -3.187331833148336901e-01 -2.416387187881696708e-01 -6.772410749151580589e-01
-8.912936234126938029e-01 -4.295214304834460428e-01 -4.623323816028495070e-01 -5.575942745642987752e-01 3.872398174614688493e-02 3.296529774512853006e-01 -7.090072761594976569e-01 -9.409683854277564041e-01
5.262819290081002244e-01 8.406571579197890109e-01 -8.392012360891198952e-02 6.929700230699908925e-01 6.171398513022356980e-01 -5.840645236853854172e-01 1.862477353013982651e-01 7.532647995710344269e-01
5.552815819005605391e-01 2.366694270926719135e-01 6.045461945819317062e-01 -4.504866681930168593e-01 6.422221450178489111e-01 -7.434827249966091678e-02 -2.657902241878342675e-01 -4.733222299494468377e-01
-7.474324869578417019e-01 -2.767655657541174818e-01 5.727366534610387472e-01 -8.207825313282466340e-01 -5.528873223969026363e-01 7.981646939960587162e-01 3.443688193465328506e-01 1.422598169391176004e-01
7.139279115458900815e-01 8.024495563558908806e-01 6.096740027364980774e-01 8.314985970055800424e-01 5.031089362020602085e-01 7.084427787997013004e-01 7.951366466545384259e-01 9.002000920123980343e-01
