-4.073041407944570924e-01 -2.278476443563854925e-01 8.270558110448673617e-01 -8.747864763017352274e-01 -2.009752134542308610e-01 -5.860278393407403197e-01 4.700921468355407917e-01 2.101547576934410522e-01
-8.239956654041622475e-01 3.685721323821062878e-01 1.882267204015888318e-01 -7.055634546888303049e-01 9.695781222395807308e-01 8.704730226218124756e-01 1.308051160918426437e-01 9.858634292706900393e-01
-5.427643146717935352e-01 -4.385748818503634183e-01 -4.275850196168546891e-01 -2.257451632174551914e-01 -7.583334226317117732e-02 3.306940778162938965e-01 6.082904412679253081e-01 -7.220191886834923523e-01
6.757570851192649108e-01 -7.185598094381091538e-01 8.880525305347275467e-01 3.860324171830580298e-01 -6.295475820586293736e-02 7.964222876982334220e-01 3.421305240104632883e-01 -1.703515034408658035e-01
-5.870830161309559259e-02 8.925485325048596597e-01 -1.595189663604354990e-01 -2.674956348082235813e-01 4.860407956172354549e-01 -9.334672814430855503e-01 -1.509764597636662486e-01 3.784010043748569085e-01
4.381024391242787086e-01 -3.814166920199835165e-01 2.658275715591975619e-01 5.947321833849916750e-02 -6.395493894452142225e-01 -3.116021735730978293e-01 1.996826296566625025e-01 -8.472906501895083320e-01
-2.383410603155589058e-02 6.888972491359284245e-01 2.428339157236467649e-01 6.397758872254213358e-01 -3.352490299889954173e-02 8.398123224403601927e-01 -2.343665143478739221e-01 5.304983786029386916e-01
-8.526068080694133577e-01 6.623036366033074884e-01 9.360713850274147152e-01 5.547545862272351691e-02 3.961651177187386352e-02 3.260105226653646771e-01 4.697724770107245540e-01 -1.493904116776860747e-01
2.147370216536295118e-01 -8.034530024998900455e-01 -1.028026453783654759e-01 -1.108235967905093489e-01 -4.432093334598523615e-01 3.038991436172564509e-01 7.353857804530004039e-01 2.052902795981672579e-01
6.179090962077501414e-01 8.159689215440592003e-01 6.504298185792727338e-01 8.913225065324850149e-01 1.358583902920996067e+00 7.000883296139464029e-01 5.293802174552807438e-01 8.073584093968272368e-01
