6.192897026614692102e-01 7.463649319764176226e-02 1.198511367192578447e-01 -8.260124860231949917e-01 -9.548398643292437260e-01 -5.301354418843835514e-01 5.518473834479613593e-01 2.149152016087312322e-01
2.873405023882893428e-01 8.077493366087629134e-02 -2.304001819601955159e-01 3.818392678328064171e-02 -8.721772068829451996e-01 6.077461285321739126e-01 1.493674931968393960e-01 3.805241273124608803e-01
9.658116107160052977e-02 9.511806978966066417e-01 6.729733439095944014e-01 5.465155857443269038e-01 1.174216897226720846e-02 -4.218397542894614105e-02 2.058168745855009085e-01 -8.391819260220312326e-01
-7.779098439483873584e-01 7.190702012134932986e-01 2.136043597114083425e-01 -7.466131302429874772e-01 -6.402471054345431067e-01 2.552121589121709722e-01 3.789364304032083464e-01 -8.002503432529000094e-01
-9.228988369826669480e-01 9.363471514475560920e-01 -1.252884555304647485e-01 -3.227088115561547177e-01 -6.768058254007474073e-01 -9.714126793412551919e-01 6.409615820152840815e-01 -2.974748500352268898e-01
2.364581397130158802e-01 -5.343096551402302108e-01 6.829857312500113853e-01 -3.888175130686046810e-01 7.073110604715799887e-01 1.707834497392253237e-01 8.623565661245411462e-01 -1.457398587115172894e-01
5.626550349018590857e-01 6.519767566796466074e-01 2.848862055156056172e-01 -3.764589252849186440e-01 1.676459001622498945e-01 -2.824161116708516772e-01 3.530660371932474728e-01 6.681876315575596692e-03
-5.070789901385128751e-01 -2.543135460280057103e-01 -5.732223186310465568e-01 3.658453741543876703e-01 -5.886181127537117863e-01 3.741669522617043775e-01 -4.357558026423378195e-01 4.371038101818560673e-01
-9.470339323305609902e-01 -8.280197724761868550e-01 6.634678187569773566e-01 2.594673922329315818e-01 -9.057675383489456333e-01 1.370352356590687215e-02 2.837039529760003731e-01 6.188453444862753727e-01
1.359147737651460908e+00 1.208353148934304677e+00 5.432996802898932831e-01 1.485989983261768455e+00 8.938072582806307897e-01 8.690081902687195603e-01 7.648217761075867260e-01 1.189983152024974178e+00
