-3.821247775565856930e-01 -4.996606298875128083e-01 1.268118333586343294e-01 -4.988109934388234024e-01 1.794428351398262844e-01 -8.556141594834234532e-01 3.078532920377252680e-02 1.051794936513794632e-02
2.803290607471513596e-01 -9.032283619531034091e-02 -7.135534388166528963e-01 -3.559637656568110931e-01 3.678479615491903054e-01 9.436752514394703972e-01 -6.675093301179362282e-01 -6.497106716157972084e-01
1.851543438382274864e-02 -8.303838008453239272e-01 3.494559541522992419e-01 -1.902725930974602520e-01 -5.750628612327957079e-02 -4.778969023919557024e-01 -7.130931606184509608e-01 -7.965750287875470459e-01
-9.872444150361099346e-01 4.092784356137797452e-01 7.909411734223281698e-01 -6.031437304473059591e-01 -4.237916295204158246e-02 -3.628451196255761957e-01 7.584838249594365589e-01 -1.390779429076003382e-01
5.035416220426156553e-01 3.063823654847779299e-01 4.346554018563195676e-01 5.425886975241269727e-01 -9.099005727388209674e-01 -1.392063334033899480e-02 8.000769972834078647e-01 -8.641860634874864999e-02
-2.576782647238511359e-01 8.391399818510825170e-02 -4.753544566635499180e-01 -9.067920595994098942e-01 1.157008683260720705e-01 -4.259124419403235162e-01 -9.863130471594514503e-01 -2.525391173123721078e-01
-8.451707553044420784e-01 4.132606687657442990e-01 -5.422000311543162532e-02 -6.177324689565544258e-01 4.444203627499438980e-01 -7.463803563590825085e-01 -1.725590276379345145e-01 4.437604018769438774e-01
-2.015781670166689743e-01 -7.726832961110210451e-01 -7.881450719919314007e-01 -5.356878131806750432e-01 5.365162994274710329e-01 -4.789397964477923875e-01 -1.236851639240965639e-02 -1.537596649525392323e-01
-7.825612566448401086e-01 2.963339134766167504e-01 7.229550036718879191e-02 8.177153894632185338e-01 5.315677744401521299e-01 2.224096854430581693e-01 -2.444581024732483954e-02 7.423205824364937921e-01
9.815411658004102868e-02 4.130273145927751965e-01 -1.157985322247203630e-01 -9.657873708691944170e-01 -8.128848327199513779e-01 -5.454281325051457685e-02 8.329331534797599357e-01 4.786558458786294157e-01
